105,1990,191,45,28.24,28.13,0,0,4.258,11.71
105,1990,191,100,28.28,28.1,0,0,3.84,11.84
105,1990,191,115,28.32,28.06,0,0,3.894,11.83
105,1990,191,130,28.34,28.02,0,0,4.035,11.82
105,1990,191,145,28.37,28.01,0,0,4.043,11.82
105,1990,191,200,28.37,27.94,0,0,4.275,11.82
105,1990,191,215,28.37,27.89,0,0,4.486,11.81
105,1990,191,230,28.36,27.81,0,0,4.799,11.81
105,1990,191,245,28.33,27.73,0,0,4.84,11.81
105,1990,191,300,28.3,27.65,0,0,4.753,11.82
105,1990,191,315,28.26,27.56,0,0,4.723,11.81
105,1990,191,330,28.21,27.48,0,0,4.638,11.81
105,1990,191,345,28.16,27.38,0,0,4.473,11.81
105,1990,191,400,28.1,27.29,0,0,4.359,11.81
105,1990,191,415,28.04,27.21,0,0,4.328,11.8
105,1990,191,430,27.97,27.12,0,0,4.184,11.8
105,1990,191,445,27.91,27.02,0,0,4.068,11.8
105,1990,191,500,27.84,26.91,0,0,4.019,11.8
105,1990,191,515,27.77,26.8,0,0,4.002,11.79
105,1990,191,530,27.69,26.71,0,0,3.928,11.79
105,1990,191,545,27.62,26.63,0,0,3.901,11.79
105,1990,191,600,27.54,26.55,0,0,3.903,11.78
105,1990,191,615,27.46,26.45,0,0,3.863,11.78
105,1990,191,630,27.38,26.37,0,0,3.849,11.78
105,1990,191,645,27.3,26.27,0,0,3.619,11.77
105,1990,191,700,27.23,26.19,0,0,3.612,11.77
105,1990,191,715,27.15,26.14,0,0,3.875,11.77
105,1990,191,730,27.08,26.07,0,0,3.698,11.77
105,1990,191,745,27.02,26.02,0,0,3.455,11.76
105,1990,191,800,26.95,25.96,0,0,3.205,11.76
105,1990,191,815,26.89,25.9,0,0,3.222,11.76
105,1990,191,830,26.83,25.87,0,0,3.052,11.76
105,1990,191,845,26.78,25.79,0,0,2.846,11.75
105,1990,191,900,26.72,25.75,0,0,2.736,11.75
105,1990,191,915,26.66,25.7,0,0,2.648,11.75
105,1990,191,930,26.61,25.64,0,0,2.585,11.75
105,1990,191,945,26.55,25.58,0,0,2.526,11.75
105,1990,191,1000,26.49,25.52,0,0,2.473,11.74
105,1990,191,1015,26.44,25.51,0,0,2.415,11.74
105,1990,191,1030,26.38,25.41,0,0,2.36,11.74
105,1990,191,1045,26.32,25.37,0,0,2.31,11.73
105,1990,191,1100,26.28,25.34,0,0,2.267,11.73
105,1990,191,1115,26.23,25.28,0,0,2.255,11.73
105,1990,191,1130,26.18,25.27,0,0,2.214,11.73
105,1990,191,1145,26.15,25.28,0,0,2.183,11.72
105,1990,191,1200,26.13,25.29,0,0,2.16,11.72
105,1990,191,1215,26.14,25.46,0,0,2.147,11.73
105,1990,191,1230,26.22,25.66,0,0,2.135,11.73
105,1990,191,1245,26.27,25.77,0,0,2.12,11.74
105,1990,191,1300,26.35,25.97,0,0,2.087,11.75
105,1990,191,1315,26.42,26.1,0,0,2.061,11.76
105,1990,191,1330,26.49,26.17,0,0,2.039,11.77
105,1990,191,1345,26.52,26.19,0,0,2.019,11.77
105,1990,191,1400,26.54,26.21,0,0,2.008,11.77
105,1990,191,1415,26.58,26.26,0,0,2.008,11.78
105,1990,191,1430,26.65,26.37,0,0,2.007,11.78
105,1990,191,1445,26.74,26.5,0,0,1.996,11.79
105,1990,191,1500,26.81,26.6,0,0,2.007,11.8
105,1990,191,1515,26.93,26.76,0,0,2.16,11.8
105,1990,191,1530,27.01,26.85,0,0,2.336,11.81
105,1990,191,1545,27.14,27.26,0,0,2.365,11.84
105,1990,191,1600,27.25,27.23,0,0,2.379,11.83
105,1990,191,1615,27.35,27.32,0,0,2.401,11.82
105,1990,191,1630,27.47,27.45,0,0,2.391,11.83
105,1990,191,1645,27.58,27.58,0,0,2.408,11.83
105,1990,191,1700,27.7,27.66,0,0,2.415,11.84
105,1990,191,1715,27.78,27.71,0,0,2.446,11.86
105,1990,191,1730,27.86,27.85,0,0,2.46,11.87
105,1990,191,1745,28,28,0,0,2.737,11.87
105,1990,191,1800,28.22,28.33,0,0,2.737,11.88
105,1990,191,1815,28.35,28.42,0,0,2.823,11.88
105,1990,191,1830,29,29.67,0,0,2.805,11
105,1990,191,1845,35.43,32.95,0,0,1.719,11.08
105,1990,191,1900,40.33,33.78,0,0,.868,11.09
105,1990,191,1915,41.41,33.63,0,0,.588,11.1
105,1990,191,1930,40.12,32.24,0,0,.489,11.1
105,1990,191,1945,40.69,-6999,0,0,-6999,11.57
105,1990,191,2000,38.66,33.89,0,0,-6999,12.02
105,1990,191,2015,37.6,33.4,0,0,.461,12.03
105,1990,191,2030,36.85,33.21,0,0,.461,12.02
105,1990,191,2045,36.35,33.16,0,0,.458,12.02
105,1990,191,2100,35.98,33.01,0,0,.452,12.03
105,1990,191,2115,35.68,33,0,0,.451,12.03
105,1990,191,2130,35.43,32.8,0,0,.448,12.03
105,1990,191,2145,35.25,32.8,0,0,.445,12.03
105,1990,191,2200,35.14,32.34,0,0,.441,12.03
105,1990,191,2215,35.01,31.84,0,0,.438,12.02
105,1990,191,2230,34.81,31.33,0,0,.435,12.02
105,1990,191,2245,34.57,30.3,0,0,.433,12.02
105,1990,191,2300,34.25,29.56,0,0,.432,12.01
105,1990,191,2315,33.85,29.26,0,0,.43,12
105,1990,191,2330,33.4,28.89,0,0,.429,12
105,1990,191,2345,32.94,28.43,0,0,.427,12
105,1990,192,0,32.5,28.41,0,0,.425,11.99
105,1990,192,15,32.1,28.31,0,0,.423,11.99
105,1990,192,30,31.74,28.15,0,0,.421,11.99
105,1990,192,45,31.41,27.9,0,0,.419,11.99
105,1990,192,100,31.11,27.57,0,0,.417,11.99
105,1990,192,115,30.81,27.09,0,0,.415,11.99
105,1990,192,130,30.51,26.88,0,0,.414,11.98
105,1990,192,145,30.18,26.49,0,0,.413,11.98
105,1990,192,200,29.82,26.1,0,0,.412,11.98
105,1990,192,215,29.44,25.6,0,0,.41,11.98
105,1990,192,230,29.04,25.59,0,0,.409,11.97
105,1990,192,245,28.67,25.17,0,0,.408,11.97
105,1990,192,300,28.31,24.91,0,0,.406,11.96
105,1990,192,315,27.97,24.62,0,0,.404,11.96
105,1990,192,330,27.65,24.49,0,0,.404,11.95
105,1990,192,345,27.37,24.51,0,0,.402,11.95
105,1990,192,400,27.14,24.5,0,0,.401,11.95
105,1990,192,415,26.94,24.35,0,0,.4,11.94
105,1990,192,430,26.75,24.43,0,0,.399,11.94
105,1990,192,445,26.59,24.36,0,0,.399,11.94
105,1990,192,500,26.44,24.22,0,0,.399,11.94
105,1990,192,515,26.3,24.14,0,0,.398,11.94
105,1990,192,530,26.16,23.94,0,0,.398,11.94
105,1990,192,545,26.02,23.75,0,0,.398,11.93
105,1990,192,600,25.91,23.84,0,0,.397,11.92
105,1990,192,615,25.82,23.86,0,0,.397,11.92
105,1990,192,630,25.75,24.02,0,0,.395,11.92
105,1990,192,645,25.72,24.1,0,0,.394,11.92
105,1990,192,700,25.72,24.19,0,0,.393,11.92
105,1990,192,715,25.74,24.26,0,0,.393,11.91
105,1990,192,730,25.76,24.26,0,0,.392,11.92
105,1990,192,745,25.78,24.24,0,0,.391,11.93
105,1990,192,800,25.78,24.22,0,0,.39,11.92
105,1990,192,815,25.77,24.21,0,0,.388,11.93
105,1990,192,830,25.76,24.22,0,0,.388,11.93
105,1990,192,845,25.75,24.21,0,0,.387,11.93
105,1990,192,900,25.74,24.1,0,0,.386,11.93
105,1990,192,915,25.71,24,0,0,.385,11.93
105,1990,192,930,25.67,24.05,0,0,.383,11.93
105,1990,192,945,25.63,23.97,0,0,.383,11.93
105,1990,192,1000,25.58,24,0,0,.382,11.93
105,1990,192,1015,25.55,24.08,0,0,.38,11.92
105,1990,192,1030,25.53,24.02,0,0,.379,11.92
105,1990,192,1045,25.51,24.05,0,0,.378,11.92
105,1990,192,1100,25.49,23.94,0,0,.378,11.92
105,1990,192,1115,25.44,23.92,0,0,.377,11.93
105,1990,192,1130,25.39,23.85,0,0,.375,11.93
105,1990,192,1145,25.35,24.06,0,0,.374,11.92
105,1990,192,1200,25.35,24.28,0,0,.374,11.92
105,1990,192,1215,25.41,24.67,0,0,.373,11.93
105,1990,192,1230,25.5,24.89,0,0,.372,11.93
105,1990,192,1245,25.63,25.26,0,0,.371,11.94
105,1990,192,1300,25.81,25.63,0,0,.369,11.94
105,1990,192,1315,26.03,25.75,0,0,.368,11.95
105,1990,192,1330,26.25,26.3,0,0,.367,11.96
105,1990,192,1345,26.5,26.91,0,0,.366,11.96
105,1990,192,1400,26.8,26.89,0,0,.365,11.98
105,1990,192,1415,27.09,27.14,0,0,.364,11.98
105,1990,192,1430,27.37,27.3,0,0,.363,11.99
105,1990,192,1445,27.62,27.43,0,0,.362,11.99
105,1990,192,1500,27.86,27.66,0,0,.361,11.99
105,1990,192,1515,28.1,27.63,0,0,.36,11.99
105,1990,192,1530,28.32,28.19,0,0,.359,11.99
105,1990,192,1545,28.58,28.66,0,0,.358,12
105,1990,192,1600,28.9,29.32,0,0,.357,12
105,1990,192,1615,29.27,29.22,0,0,.356,12.01
105,1990,192,1630,29.6,30.84,0,0,.355,12.01
105,1990,192,1645,29.97,31.21,0,0,.354,12.02
105,1990,192,1700,30.35,31.11,0,0,.353,12.02
105,1990,192,1715,30.69,31.6,0,0,.353,12.02
105,1990,192,1730,31.04,32.91,0,0,.352,12.03
105,1990,192,1745,31.48,34.08,0,0,.35,12.03
105,1990,192,1800,32.01,33.25,0,0,.35,12.04
105,1990,192,1815,32.42,33,0,0,.35,12.04
105,1990,192,1830,32.77,34.23,0,0,.349,12.04
105,1990,192,1845,33.12,33.46,0,0,.349,12.04
105,1990,192,1900,33.4,33.03,0,0,.347,12.04
105,1990,192,1915,33.58,32.75,0,0,.347,12.03
105,1990,192,1930,33.7,32.89,0,0,.346,12.03
105,1990,192,1945,33.79,32.11,0,0,.345,12.03
105,1990,192,2000,33.78,29.75,0,0,.345,12.02
105,1990,192,2015,33.42,28.81,0,0,.345,12.01
105,1990,192,2030,32.92,27.82,0,0,.345,12
105,1990,192,2045,32.37,26.3,0,0,.345,11.99
105,1990,192,2100,31.68,25.84,0,0,.363,11.96
105,1990,192,2115,30.95,26.3,0,0,.372,11.93
105,1990,192,2130,30.43,27.11,0,0,.372,11.95
105,1990,192,2145,30.26,28.07,0,0,.372,11.96
105,1990,192,2200,30.32,27.88,0,0,.372,11.98
105,1990,192,2215,30.38,28.74,0,0,.372,11.99
105,1990,192,2230,30.45,27.27,0,0,.372,11.99
105,1990,192,2245,30.37,26.9,0,0,.372,11.98
105,1990,192,2300,30.16,26.98,0,0,.372,11.98
105,1990,192,2315,29.96,26.64,0,0,.372,11.97
105,1990,192,2330,29.78,26.21,0,0,.372,11.97
105,1990,192,2345,29.57,26.17,0,0,.372,11.96
105,1990,193,0,29.37,25.89,0,0,.371,11.96
105,1990,193,15,29.17,25.65,0,0,.371,11.96
105,1990,193,30,28.95,25.31,0,0,.371,11.95
105,1990,193,45,28.7,25.04,0,0,.371,11.94
105,1990,193,100,28.45,24.95,0,0,.371,11.94
105,1990,193,115,28.24,25,0,0,.37,11.94
105,1990,193,130,28.06,24.98,0,0,.369,11.95
105,1990,193,145,27.93,25.06,0,0,.369,11.95
105,1990,193,200,27.8,24.81,0,0,.368,11.95
105,1990,193,215,27.66,24.64,0,0,.367,11.95
105,1990,193,230,27.52,24.54,0,0,.366,11.95
105,1990,193,245,27.38,24.6,0,0,.365,11.95
105,1990,193,300,27.25,24.52,0,0,.364,11.94
105,1990,193,315,27.13,24.47,0,0,.363,11.94
105,1990,193,330,27.01,24.44,0,0,.363,11.94
105,1990,193,345,26.88,24.43,0,0,.362,11.94
105,1990,193,400,26.78,24.38,0,0,.361,11.95
105,1990,193,415,26.71,24.51,0,0,.36,11.95
105,1990,193,430,26.66,24.42,0,0,.359,11.95
105,1990,193,445,26.61,24.45,0,0,.359,11.95
105,1990,193,500,26.57,24.4,0,0,.358,11.95
105,1990,193,515,26.52,24.28,0,0,.358,11.95
105,1990,193,530,26.45,24.21,0,0,.358,11.95
105,1990,193,545,26.36,24.14,0,0,.356,11.94
105,1990,193,600,26.25,24.02,0,0,.356,11.94
105,1990,193,615,26.15,24.08,0,0,.356,11.94
105,1990,193,630,26.06,23.92,0,0,.355,11.94
105,1990,193,645,25.96,23.79,0,0,.355,11.94
105,1990,193,700,25.84,23.73,0,0,.354,11.94
105,1990,193,715,25.72,23.71,0,0,.355,11.94
105,1990,193,730,25.61,23.66,0,0,.354,11.94
105,1990,193,745,25.51,23.56,0,0,.352,11.94
105,1990,193,800,25.42,23.7,0,0,.353,11.93
105,1990,193,815,25.36,23.8,0,0,.353,11.93
105,1990,193,830,25.32,23.78,0,0,.352,11.93
105,1990,193,845,25.28,23.57,0,0,.351,11.93
105,1990,193,900,25.23,23.54,0,0,.351,11.93
105,1990,193,915,25.16,23.62,0,0,.35,11.93
105,1990,193,930,25.12,23.81,0,0,.349,11.93
105,1990,193,945,25.11,23.92,0,0,.35,11.93
105,1990,193,1000,25.15,23.98,0,0,.349,11.93
105,1990,193,1015,25.2,23.96,0,0,.348,11.93
105,1990,193,1030,25.24,23.95,0,0,.347,11.93
105,1990,193,1045,25.29,23.97,0,0,.348,11.93
105,1990,193,1100,25.33,24.03,0,0,.346,11.94
105,1990,193,1115,25.36,23.92,0,0,.346,11.93
105,1990,193,1130,25.38,23.96,0,0,.346,11.93
105,1990,193,1145,25.39,23.95,0,0,.344,11.93
105,1990,193,1200,25.4,23.98,0,0,.344,11.94
105,1990,193,1215,25.42,24.02,0,0,.344,11.93
105,1990,193,1230,25.45,24.99,0,0,.343,11.93
105,1990,193,1245,25.58,25.66,0,0,.341,11.95
105,1990,193,1300,25.8,25.8,0,0,.341,11.96
105,1990,193,1315,26.04,25.97,0,0,.34,11.97
105,1990,193,1330,26.29,25.88,0,0,.34,11.97
105,1990,193,1345,26.51,26.48,0,0,.339,11.98
105,1990,193,1400,26.76,26.33,0,0,.338,11.98
105,1990,193,1415,27,26.12,0,0,.339,11.98
105,1990,193,1430,27.17,26.73,0,0,.338,11.99
105,1990,193,1445,27.38,27.79,0,0,.336,11.99
105,1990,193,1500,27.68,28.35,0,0,.336,11.99
105,1990,193,1515,28.05,30.1,0,0,.334,12
105,1990,193,1530,28.57,29.98,0,0,.333,12.01
105,1990,193,1545,29.06,30.08,0,0,.333,12.01
105,1990,193,1600,29.51,30.59,0,0,.331,12.02
105,1990,193,1615,29.93,30.47,0,0,.331,12.02
105,1990,193,1630,30.31,31.05,0,0,.33,12.02
105,1990,193,1645,30.68,32.06,0,0,.329,12.02
105,1990,193,1700,31.07,32,0,0,.329,12.03
105,1990,193,1715,31.48,32.45,0,0,.328,12.03
105,1990,193,1730,31.89,32.32,0,0,.328,12.03
105,1990,193,1745,32.19,32.74,0,0,.327,12.03
105,1990,193,1800,32.46,33.05,0,0,.326,12.03
105,1990,193,1815,32.74,33.14,0,0,.325,12.03
105,1990,193,1830,33.05,33.48,0,0,.324,12.04
105,1990,193,1845,33.39,33.86,0,0,.324,12.04
105,1990,193,1900,33.71,34.54,0,0,.322,12.04
105,1990,193,1915,34.04,34.56,0,0,.322,12.04
105,1990,193,1930,34.37,34.54,0,0,.321,12.04
105,1990,193,1945,34.64,34.39,0,0,.32,12.04
105,1990,193,2000,34.86,33.54,0,0,.32,12.04
105,1990,193,2015,34.94,32.96,0,0,.319,12.04
105,1990,193,2030,34.87,33.36,0,0,.319,12.03
105,1990,193,2045,34.82,33.22,0,0,.317,12.04
105,1990,193,2100,34.74,32.78,0,0,.317,12.03
105,1990,193,2115,34.58,32.46,0,0,.317,12.03
105,1990,193,2130,34.43,31.75,0,0,.317,12.03
105,1990,193,2145,34.22,30.93,0,0,.317,12.02
105,1990,193,2200,33.99,30.81,0,0,.317,12.02
105,1990,193,2215,33.77,30.62,0,0,.317,12.02
105,1990,193,2230,33.59,30.3,0,0,.317,12.02
105,1990,193,2245,33.44,30.37,0,0,.315,12.02
105,1990,193,2300,33.29,30.28,0,0,.315,12.02
105,1990,193,2315,33.12,30.2,0,0,.315,12.01
105,1990,193,2330,32.96,30.03,0,0,.316,12.01
105,1990,193,2345,32.78,29.58,0,0,.316,12.01
105,1990,194,0,32.57,29.14,0,0,.316,12.01
105,1990,194,15,32.39,29.4,0,0,.315,12.01
105,1990,194,30,32.24,29.22,0,0,.315,12.01
105,1990,194,45,32.07,28.88,0,0,.315,12.01
105,1990,194,100,31.83,28.23,0,0,.315,12
105,1990,194,115,31.56,27.54,0,0,.315,12
105,1990,194,130,31.23,27.32,0,0,.315,11.99
105,1990,194,145,30.89,27.04,0,0,.315,11.98
105,1990,194,200,30.55,26.55,0,0,.315,11.98
105,1990,194,215,30.22,26.4,0,0,.315,11.97
105,1990,194,230,29.91,26.32,0,0,.315,11.97
105,1990,194,245,29.6,25.83,0,0,.315,11.97
105,1990,194,300,29.31,25.66,0,0,.315,11.97
105,1990,194,315,29.04,25.58,0,0,.315,11.97
105,1990,194,330,28.8,25.59,0,0,.315,11.96
105,1990,194,345,28.57,25.58,0,0,.315,11.96
105,1990,194,400,28.35,25.55,0,0,.315,11.96
105,1990,194,415,28.13,25.25,0,0,.315,11.96
105,1990,194,430,27.92,24.99,0,0,.315,11.95
105,1990,194,445,27.69,24.52,0,0,.315,11.94
105,1990,194,500,27.42,23.86,0,0,.315,11.94
105,1990,194,515,27.15,23.73,0,0,.315,11.94
105,1990,194,530,26.87,23.6,0,0,.315,11.94
105,1990,194,545,26.64,23.65,0,0,.314,11.93
105,1990,194,600,26.45,23.61,0,0,.315,11.93
105,1990,194,615,26.31,23.45,0,0,.315,11.92
105,1990,194,630,26.18,23.34,0,0,.315,11.92
105,1990,194,645,26.05,23.27,0,0,.314,11.92
105,1990,194,700,25.93,23.44,0,0,.314,11.93
105,1990,194,715,25.84,23.38,0,0,.314,11.92
105,1990,194,730,25.76,23.46,0,0,.314,11.93
105,1990,194,745,25.69,23.45,0,0,.314,11.93
105,1990,194,800,25.62,23.56,0,0,.315,11.93
105,1990,194,815,25.56,23.46,0,0,.314,11.93
105,1990,194,830,25.5,23.42,0,0,.315,11.93
105,1990,194,845,25.44,23.37,0,0,.314,11.93
105,1990,194,900,25.4,23.43,0,0,.314,11.92
105,1990,194,915,25.37,23.43,0,0,.314,11.92
105,1990,194,930,25.34,23.3,0,0,.315,11.92
105,1990,194,945,25.29,23.26,0,0,.314,11.92
105,1990,194,1000,25.23,23.18,0,0,.314,11.92
105,1990,194,1015,25.18,23.01,0,0,.314,11.92
105,1990,194,1030,25.1,22.92,0,0,.315,11.91
105,1990,194,1045,25,22.74,0,0,.315,11.91
105,1990,194,1100,24.88,22.38,0,0,.314,11.91
105,1990,194,1115,24.73,22.33,0,0,.315,11.9
105,1990,194,1130,24.58,22.26,0,0,.315,11.9
105,1990,194,1145,24.45,22.24,0,0,.314,11.9
105,1990,194,1200,24.34,22.49,0,0,.315,11.9
105,1990,194,1215,24.28,22.9,0,0,.315,11.9
105,1990,194,1230,24.3,23.48,0,0,.314,11.91
105,1990,194,1245,24.38,24.1,0,0,.315,11.92
105,1990,194,1300,24.53,24.23,0,0,.315,11.93
105,1990,194,1315,24.7,24.4,0,0,.315,11.94
105,1990,194,1330,24.87,24.94,0,0,.315,11.94
105,1990,194,1345,25.06,25.18,0,0,.314,11.95
105,1990,194,1400,25.26,25.62,0,0,.313,11.96
105,1990,194,1415,25.49,25.55,0,0,.313,11.97
105,1990,194,1430,25.71,25.82,0,0,.313,11.96
105,1990,194,1445,25.94,26.41,0,0,.312,11.95
105,1990,194,1500,26.21,26.78,0,0,.312,11.95
105,1990,194,1515,26.5,26.91,0,0,.311,11.95
105,1990,194,1530,26.79,27.07,0,0,.31,11.95
105,1990,194,1545,27.06,27.85,0,0,.31,11.97
105,1990,194,1600,27.39,28.15,0,0,.309,11.98
105,1990,194,1615,27.74,28.1,0,0,.309,11.98
105,1990,194,1630,28.07,28.63,0,0,.308,11.97
105,1990,194,1645,28.39,28.86,0,0,.308,11.98
105,1990,194,1700,28.7,29.24,0,0,.307,11.98
105,1990,194,1715,29.01,29.55,0,0,.306,11.98
105,1990,194,1730,29.33,30.01,0,0,.305,11.99
105,1990,194,1745,29.67,30.28,0,0,.305,11.99
105,1990,194,1800,30,30.18,0,0,.304,12
105,1990,194,1815,30.33,30.51,0,0,.304,12
105,1990,194,1830,30.64,30.66,0,0,.303,11.99
105,1990,194,1845,30.89,30.5,0,0,.303,12
105,1990,194,1900,31.1,29.5,0,0,.301,12
105,1990,194,1915,31.2,30.48,0,0,.301,12
105,1990,194,1930,31.34,30.48,0,0,.3,12
105,1990,194,1945,31.52,30.73,0,0,.298,12.01
105,1990,194,2000,31.75,30.75,0,0,.298,12
105,1990,194,2015,31.95,30.23,0,0,.298,12.01
105,1990,194,2030,32.03,30.33,0,0,.297,12
105,1990,194,2045,32.08,29.64,0,0,.296,12
105,1990,194,2100,32.05,29.3,0,0,.296,12
105,1990,194,2115,31.98,29.79,0,0,.295,12
105,1990,194,2130,33.14,29.96,0,0,.293,12.01
105,1990,194,2145,33.32,30.36,0,0,.292,12.01
105,1990,194,2200,32.84,30.28,0,0,.291,12.01
105,1990,194,2215,32.63,30.04,0,0,.291,12.01
105,1990,194,2230,32.5,30,0,0,.291,12.01
105,1990,194,2245,32.38,28.17,0,0,.291,12
105,1990,194,2300,32.15,27.26,0,0,.291,11.99
105,1990,194,2315,31.77,27.06,0,0,.291,11.98
105,1990,194,2330,31.34,26.81,0,0,.29,11.98
105,1990,194,2345,30.89,26.32,0,0,.291,11.97
105,2015,191,1830,30.23,26.34,0,0,.29,11.97
105,2015,191,1845,29.74,26.01,0,0,.29,11.96
105,2015,191,1900,29.47,25.83,0,0,.29,11.96
105,2015,191,1915,29.18,25.79,0,0,.29,11.96
105,2015,191,1930,28.92,25.65,0,0,.29,11.96
105,2015,191,1945,28.67,25.63,0,0,.29,11.96
105,2015,191,2000,28.44,25.32,0,0,.29,11.96
105,2015,191,2015,28.21,24.94,0,0,.29,11.96
105,2015,191,2030,27.97,24.68,0,0,.29,11.95
105,2015,191,2045,27.71,24.62,0,0,.29,11.95
105,2015,191,2100,27.44,24.32,0,0,.29,11.95
105,2015,191,2115,27.19,24.28,0,0,.29,11.95
105,2015,191,2130,26.96,24.09,0,0,.29,11.95
105,2015,191,2145,26.78,23.83,0,0,.29,11.95
105,2015,191,2200,26.59,23.88,0,0,.29,11.95
105,2015,191,2215,26.41,23.27,0,0,.289,11.94
105,2015,191,2230,26.22,23.26,0,0,.29,11.94
105,2015,191,2245,26.04,23.45,0,0,.29,11.94
105,2015,191,2300,25.91,23.19,0,0,.289,11.94
105,2015,191,2315,25.82,23.38,0,0,.29,11.93
105,2015,191,2330,25.74,23.26,0,0,.289,11.94
105,2015,191,2345,25.7,23.21,0,0,.289,11.94
105,2015,192,0,25.66,23.26,0,0,.29,11.94
105,2015,192,15,25.61,23.21,0,0,.289,11.94
105,2015,192,30,25.56,23.04,0,0,.29,11.94
105,2015,192,45,25.51,23.25,0,0,.289,11.94
105,2015,192,100,25.46,23.19,0,0,.289,11.94
105,2015,192,115,25.4,23.07,0,0,.289,11.94
105,2015,192,130,25.36,23.11,0,0,.289,11.94
105,2015,192,145,25.33,23.14,0,0,.289,11.94
105,2015,192,200,25.3,23.04,0,0,.288,11.94
105,2015,192,215,25.25,22.86,0,0,.288,11.94
105,2015,192,230,25.17,22.77,0,0,.288,11.94
105,2015,192,245,25.12,22.96,0,0,.288,11.94
105,2015,192,300,25.08,22.77,0,0,.288,11.94
105,2015,192,315,25.04,22.91,0,0,.288,11.94
105,2015,192,330,25.01,22.76,0,0,.288,11.94
105,2015,192,345,24.97,22.56,0,0,.288,11.94
105,2015,192,400,24.93,22.58,0,0,.288,11.94
105,2015,192,415,24.88,22.71,0,0,.287,11.94
105,2015,192,430,24.86,22.67,0,0,.286,11.94
105,2015,192,445,24.84,22.71,0,0,.286,11.93
105,2015,192,500,24.82,22.8,0,0,.286,11.94
105,2015,192,515,24.8,22.62,0,0,.287,11.94
105,2015,192,530,24.78,22.76,0,0,.286,11.94
105,2015,192,545,24.76,22.8,0,0,.286,11.94
105,2015,192,600,24.73,22.78,0,0,.286,11.92
105,2015,192,615,24.71,22.89,0,0,.286,11.92
105,2015,192,630,24.69,23.04,0,0,.286,11.93
105,2015,192,645,24.69,23.25,0,0,.286,11.94
105,2015,192,700,24.71,23.05,0,0,.286,11.94
105,2015,192,715,24.72,23.18,0,0,.286,11.94
105,2015,192,730,24.74,23.32,0,0,.286,11.94
105,2015,192,745,24.74,23.24,0,0,.286,11.93
105,2015,192,800,24.75,22.93,0,0,.286,11.93
105,2015,192,815,24.73,22.71,0,0,.285,11.93
105,2015,192,830,24.7,22.52,0,0,.285,11.93
105,2015,192,845,24.65,22.62,0,0,.285,11.92
105,2015,192,900,24.6,22.46,0,0,.286,11.91
105,2015,192,915,24.55,22.68,0,0,.285,11.91
105,2015,192,930,24.57,23.41,0,0,.286,11.92
105,2015,192,945,24.68,23.92,0,0,.285,11.93
105,2015,192,1000,24.84,24.09,0,0,.285,11.93
105,2015,192,1015,25.04,25.96,0,0,.285,11.94
105,2015,192,1030,25.31,26.2,0,0,.285,11.96
105,2015,192,1045,25.63,26.28,0,0,.285,11.96
105,2015,192,1100,25.94,28.32,0,0,.283,11.98
105,2015,192,1115,26.35,27.22,0,0,.282,11.99
105,2015,192,1130,26.73,28.96,0,0,.282,11.99
105,2015,192,1145,27.11,29.61,0,0,.282,12
105,2015,192,1200,27.5,30.24,0,0,.28,12.01
105,2015,192,1215,27.94,30.88,0,0,.28,12.02
105,2015,192,1230,28.44,31.05,0,0,.279,12.02
105,2015,192,1245,28.9,31.43,0,0,.278,12.03
105,2015,192,1300,29.34,31.48,0,0,.277,12.03
105,2015,192,1315,29.74,31.3,0,0,.276,12.03
105,2015,192,1330,30.11,31.42,0,0,.276,12.03
105,2015,192,1345,30.41,31.34,0,0,.275,12.02
105,2015,192,1400,30.64,31.25,0,0,.274,12.02
105,2015,192,1415,30.86,31.5,0,0,.273,12.02
105,2015,192,1430,31.06,30.77,0,0,.273,12.02
105,2015,192,1445,31.21,31.4,0,0,.271,12.02
105,2015,192,1500,31.34,31.58,0,0,.271,12.02
105,2015,192,1515,31.47,32.28,0,0,.27,12.03
105,2015,192,1530,31.63,31.81,0,0,.269,12.03
105,2015,192,1545,31.76,31.95,0,0,.268,12.03
105,2015,192,1600,31.85,31.51,0,0,.268,12.03
105,2015,192,1615,31.91,31.44,0,0,.268,12.03
105,2015,192,1630,31.97,31.03,0,0,.267,12.02
105,2015,192,1645,32.01,30.96,0,0,.266,12.02
105,2015,192,1700,32,30.77,0,0,.265,12.02
105,2015,192,1715,31.94,28.5,0,0,.265,12.02
105,2015,192,1730,31.7,27.69,0,0,.265,12
105,2015,192,1745,31.31,27.29,0,0,.265,11.99
105,2015,192,1800,30.89,26.53,0,0,.265,11.98
105,2015,192,1815,30.48,26.7,0,0,.265,11.98
105,2015,192,1830,30.09,26.16,0,0,.265,11.97
105,2015,192,1845,29.7,25.6,0,0,.265,11.97
105,2015,192,1900,29.32,25.5,0,0,.265,11.96
105,2015,192,1915,28.97,25.05,0,0,.265,11.95
105,2015,192,1930,28.63,24.98,0,0,.265,11.95
105,2015,192,1945,28.3,24.7,0,0,.265,11.96
105,2015,192,2000,27.99,24.5,0,0,.265,11.95
105,2015,192,2015,27.67,23.93,0,0,.265,11.95
105,2015,192,2030,27.32,23.51,0,0,.265,11.95
105,2015,192,2045,26.99,23.07,0,0,.265,11.94
105,2015,192,2100,26.6,22.79,0,0,.265,11.93
105,2015,192,2115,26.17,22.36,0,0,.265,11.92
105,2015,192,2130,25.75,22.41,0,0,.265,11.92
105,2015,192,2145,25.38,22.22,0,0,.265,11.91
105,2015,192,2200,25.03,21.82,0,0,.265,11.91
105,2015,192,2215,24.69,21.6,0,0,.265,11.9
105,2015,192,2230,24.41,21.47,0,0,.265,11.89
105,2015,192,2245,24.16,21.36,0,0,.265,11.89
105,2015,192,2300,23.92,21.25,0,0,.265,11.89
105,2015,192,2315,23.74,21.15,0,0,.265,11.89
105,2015,192,2330,23.56,21.14,0,0,.265,11.89
105,2015,192,2345,23.4,21.23,0,0,.265,11.88
105,2015,193,0,23.26,20.56,0,0,.265,11.88
105,2015,193,15,23.08,20.81,0,0,.265,11.87
105,2015,193,30,22.95,20.3,0,0,.265,11.87
105,2015,193,45,22.76,20.46,0,0,.265,11.87
105,2015,193,100,22.55,19.93,0,0,.265,11.86
105,2015,193,115,22.33,20.34,0,0,.265,11.86
105,2015,193,130,22.16,20.58,0,0,.265,11.86
105,2015,193,145,22.09,20.37,0,0,.265,11.86
105,2015,193,200,22.02,20.55,0,0,.265,11.86
105,2015,193,215,22.01,20.44,0,0,.265,11.86
105,2015,193,230,21.98,20.48,0,0,.265,11.86
105,2015,193,245,21.94,20.42,0,0,.265,11.86
105,2015,193,300,21.87,20.58,0,0,.265,11.86
105,2015,193,315,21.82,19.9,0,0,.265,11.86
105,2015,193,330,21.73,20.38,0,0,.265,11.86
105,2015,193,345,21.65,20.38,0,0,.275,11.86
105,2015,193,400,21.61,20.22,0,0,.335,11.86
105,2015,193,415,21.59,20.23,0,0,.387,11.85
105,2015,193,430,21.56,20.32,0,0,.412,11.85
105,2015,193,445,21.56,20.2,0,0,.428,11.85
105,2015,193,500,21.55,20,0,0,.444,11.85
105,2015,193,515,21.48,19.87,0,0,.449,11.85
105,2015,193,530,21.4,19.99,0,0,.449,11.84
105,2015,193,545,21.34,19.89,0,0,.449,11.84
105,2015,193,600,21.28,19.94,0,0,.449,11.83
105,2015,193,615,21.25,20,0,0,.449,11.83
105,2015,193,630,21.23,20.3,0,0,.449,11.84
105,2015,193,645,21.23,20.85,0,0,.448,11.85
105,2015,193,700,21.3,21.65,0,0,.448,11.86
105,2015,193,715,21.44,21.82,0,0,.445,11.88
105,2015,193,730,21.65,21.74,0,0,.441,11.89
105,2015,193,745,21.91,22.88,0,0,.438,11.89
105,2015,193,800,22.22,24.42,0,0,.433,11.91
105,2015,193,815,22.59,24.71,0,0,.43,11.94
105,2015,193,830,22.99,25.49,0,0,.427,11.96
105,2015,193,845,23.44,25.99,0,0,.424,11.98
105,2015,193,900,24.01,27.14,0,0,.42,11.99
105,2015,193,915,24.66,28.16,0,0,.417,12
105,2015,193,930,25.32,29.01,0,0,.414,12
105,2015,193,945,25.94,28.74,0,0,.411,12.01
105,2015,193,1000,26.5,28.25,0,0,.409,12.01
105,2015,193,1015,26.97,28.3,0,0,.407,12.01
105,2015,193,1030,27.43,30.01,0,0,.404,12.01
105,2015,193,1045,27.93,30.27,0,0,.401,12.02
105,2015,193,1100,28.37,30.57,0,0,.399,12.02
105,2015,193,1115,28.81,30.78,0,0,.396,12.02
105,2015,193,1130,29.27,30.68,0,0,.394,12.02
105,2015,193,1145,29.69,31.42,0,0,.392,12.02
105,2015,193,1200,30.03,32.37,0,0,.389,12.03
105,2015,193,1215,30.4,31.34,0,0,.388,12.03
105,2015,193,1230,30.72,32.54,0,0,.386,12.03
105,2015,193,1245,31.03,32.48,0,0,.384,12.03
105,2015,193,1300,31.31,31.4,0,0,.382,12.03
105,2015,193,1315,31.53,31.04,0,0,.38,12.03
105,2015,193,1330,31.74,31.58,0,0,.378,12.02
105,2015,193,1345,31.92,30.44,0,0,.376,12.03
105,2015,193,1400,32.04,31.3,0,0,.375,12.02
105,2015,193,1415,32.14,30.44,0,0,.373,12.02
105,2015,193,1430,32.17,30.14,0,0,.371,12.02
105,2015,193,1445,32.16,31.19,0,0,.37,12.01
105,2015,193,1500,32.24,32.91,0,0,.366,12.02
105,2015,193,1515,32.4,31.99,0,0,.366,12.03
105,2015,193,1530,32.52,32.43,0,0,.364,12.03
105,2015,193,1545,32.66,32.66,0,0,.362,12.03
105,2015,193,1600,32.8,31.69,0,0,.361,12.03
105,2015,193,1615,32.85,33.02,0,0,.359,12.03
105,2015,193,1630,32.92,32.58,0,0,.358,12.03
105,2015,193,1645,32.93,30.89,0,0,.357,12.03
105,2015,193,1700,32.75,29.43,0,0,.357,12.02
105,2015,193,1715,32.47,28.34,0,0,.357,12.01
105,2015,193,1730,32.15,27.95,0,0,.356,12
105,2015,193,1745,31.76,27.56,0,0,.356,12
105,2015,193,1800,31.34,26.85,0,0,.356,11.99
105,2015,193,1815,30.89,26.77,0,0,.355,11.99
105,2015,193,1830,30.5,26.33,0,0,.355,11.99
105,2015,193,1845,30.15,26.12,0,0,.354,11.98
105,2015,193,1900,29.82,25.75,0,0,.353,11.98
105,2015,193,1915,29.51,25.38,0,0,.353,11.97
105,2015,193,1930,29.21,25.06,0,0,.352,11.97
105,2015,193,1945,28.92,25.08,0,0,.352,11.97
105,2015,193,2000,28.63,24.98,0,0,.351,11.97
105,2015,193,2015,28.37,24.64,0,0,.351,11.96
105,2015,193,2030,28.09,24.39,0,0,.35,11.96
105,2015,193,2045,27.81,24.11,0,0,.35,11.95
105,2015,193,2100,27.49,23.65,0,0,.35,11.95
105,2015,193,2115,27.18,23.3,0,0,.349,11.94
105,2015,193,2130,26.88,23.06,0,0,.348,11.93
105,2015,193,2145,26.59,22.9,0,0,.348,11.92
105,2015,193,2200,26.34,22.8,0,0,.348,11.92
105,2015,193,2215,26.05,22.62,0,0,.346,11.92
105,2015,193,2230,25.78,22.46,0,0,.346,11.92
105,2015,193,2245,25.53,22.32,0,0,.346,11.92
105,2015,193,2300,25.34,21.89,0,0,.345,11.91
105,2015,193,2315,25.15,21.7,0,0,.344,11.9
105,2015,193,2330,24.97,21.71,0,0,.344,11.89
105,2015,193,2345,24.81,21.87,0,0,.343,11.89
105,2015,194,0,24.66,21.86,0,0,.342,11.89
105,2015,194,15,24.53,22.04,0,0,.342,11.9
105,2015,194,30,24.41,21.83,0,0,.341,11.91
105,2015,194,45,24.3,21.78,0,0,.341,11.91
105,2015,194,100,24.2,21.82,0,0,.34,11.91
105,2015,194,115,24.12,21.68,0,0,.34,11.91
105,2015,194,130,24.07,21.84,0,0,.339,11.91
105,2015,194,145,24.03,21.79,0,0,.339,11.91
105,2015,194,200,23.98,21.85,0,0,.338,11.92
105,2015,194,215,23.93,21.81,0,0,.337,11.91
105,2015,194,230,23.86,21.83,0,0,.337,11.92
105,2015,194,245,23.81,21.67,0,0,.337,11.92
105,2015,194,300,23.74,21.36,0,0,.337,11.91
105,2015,194,315,23.65,21.21,0,0,.336,11.91
105,2015,194,330,23.58,21.18,0,0,.336,11.9
105,2015,194,345,23.46,21.13,0,0,.336,11.9
105,2015,194,400,23.35,21.23,0,0,.335,11.9
105,2015,194,415,23.25,21.06,0,0,.335,11.9
105,2015,194,430,23.17,21.17,0,0,.335,11.9
105,2015,194,445,23.09,21.06,0,0,.341,11.9
105,2015,194,500,23.02,21.1,0,0,.362,11.9
105,2015,194,515,22.94,20.9,0,0,.386,11.9
105,2015,194,530,22.84,20.69,0,0,.405,11.89
105,2015,194,545,22.75,20.79,0,0,.422,11.89
105,2015,194,600,22.69,20.92,0,0,.434,11.89
105,2015,194,615,22.62,20.75,0,0,.44,11.89
105,2015,194,630,22.58,20.86,0,0,.441,11.88
105,2015,194,645,22.6,21.18,0,0,.441,11.88
105,2015,194,700,22.66,21.85,0,0,.441,11.89
105,2015,194,715,22.77,21.81,0,0,.441,11.89
105,2015,194,730,22.93,22.35,0,0,.441,11.9
105,2015,194,745,23.11,23.21,0,0,.441,11.91
105,2015,194,800,23.37,24.51,0,0,.441,11.92
105,2015,194,815,23.72,25.36,0,0,.439,11.94
105,2015,194,830,24.18,27.03,0,0,.434,11.96
105,2015,194,845,24.77,26.62,0,0,.431,11.98
105,2015,194,900,25.33,26.25,0,0,.43,11.99
105,2015,194,915,25.74,26.39,0,0,.428,11.99
105,2015,194,930,26.07,26.4,0,0,.426,11.99
105,2015,194,945,26.34,26.54,0,0,.423,11.99
105,2015,194,1000,26.62,26.72,0,0,.42,11.99
105,2015,194,1015,26.94,26.99,0,0,.418,11.99
105,2015,194,1030,27.23,27.36,0,0,.415,11.99
105,2015,194,1045,27.46,27.25,0,0,.413,12
105,2015,194,1100,27.67,27.19,0,0,.411,11.99
105,2015,194,1115,27.84,27.91,0,0,.409,12
105,2015,194,1130,27.97,27.45,0,0,.407,12
105,2015,194,1145,28.1,27.07,0,0,.405,12
105,2015,194,1200,28.23,26.37,0,0,.404,12
105,2015,194,1215,28.26,26.04,0,0,.402,11.99
105,2015,194,1230,28.23,26.11,0,0,.4,11.99
105,2015,194,1245,28.18,26,0,0,.399,11.98
105,2015,194,1300,28.17,26.87,0,0,.396,11.98
105,2015,194,1315,28.24,27.8,0,0,.394,11.99
105,2015,194,1330,28.35,27.75,0,0,.392,11.99
105,2015,194,1345,28.45,27.78,0,0,.39,12
105,2015,194,1400,28.53,28.6,0,0,.389,12
105,2015,194,1415,28.64,29.16,0,0,.387,12
105,2015,194,1430,28.8,28.86,0,0,.385,12.01
105,2015,194,1445,28.98,29.56,0,0,.383,12.01
105,2015,194,1500,29.23,30.02,0,0,.38,12.01
105,2015,194,1515,29.53,29.56,0,0,.38,12.02
105,2015,194,1530,29.71,28.57,0,0,.378,12.01
105,2015,194,1545,29.74,27.94,0,0,.377,12
105,2015,194,1600,29.69,27.55,0,0,.376,12
105,2015,194,1615,29.6,26.19,0,0,.376,11.99
105,2015,194,1630,29.34,23.67,0,0,.376,11.97
105,2015,194,1645,28.87,24.2,0,0,.376,11.94
105,2015,194,1700,28.46,26.14,0,0,.373,11.94
105,2015,194,1715,28.3,25.39,0,0,.372,11.95
105,2015,194,1730,28.16,24.33,0,0,.372,11.94
105,2015,194,1745,27.99,24,0,0,.372,11.93
105,2015,194,1800,27.82,25.2,0,0,.37,11.93
105,2015,194,1815,27.75,25.06,0,0,.369,11.94
105,2015,194,1830,27.66,24.4,0,0,.369,11.93
105,2015,194,1845,27.5,24.29,0,0,.369,11.93
105,2015,194,1900,27.3,24.24,0,0,.367,11.93
105,2015,194,1915,27.1,24.24,0,0,.367,11.94
105,2015,194,1930,26.92,24.37,0,0,.366,11.94
105,2015,194,1945,26.8,24.25,0,0,.365,11.94
105,2015,194,2000,26.7,24.2,0,0,.364,11.94
105,2015,194,2015,26.6,24.17,0,0,.363,11.95
105,2015,194,2030,26.51,23.79,0,0,.362,11.94
105,2015,194,2045,26.41,23.67,0,0,.362,11.94
105,2015,194,2100,26.32,23.61,0,0,.361,11.93
105,2015,194,2115,26.27,23.6,0,0,.36,11.93
105,2015,194,2130,26.23,23.58,0,0,.359,11.93
105,2015,194,2145,26.18,23.7,0,0,.358,11.93
105,2015,194,2200,26.11,23.96,0,0,.358,11.93
105,2015,194,2215,26.01,24.03,0,0,.357,11.93
105,2015,194,2230,25.95,24.06,0,0,.356,11.94
105,2015,194,2245,25.96,23.52,0,0,.355,11.93
105,2015,194,2300,25.94,23.55,0,0,.355,11.92
105,2015,194,2315,25.92,24.07,0,0,.355,11.91
105,2015,194,2330,25.92,24.05,0,0,.353,11.91
105,2015,194,2345,25.94,24.02,0,0,.353,11.91
105,2015,195,0,25.96,23.84,0,0,.352,11.92
105,2015,195,15,25.96,24.23,0,0,.351,11.92
105,2015,195,30,25.97,24,0,0,.351,11.93
105,2015,195,45,25.97,24.11,0,0,.35,11.93
105,2015,195,100,25.98,23.97,0,0,.35,11.93
105,2015,195,115,25.97,24.43,0,0,.349,11.94
105,2015,195,130,26.01,24.42,0,0,.348,11.94
105,2015,195,145,26.05,24.5,0,0,.347,11.94
105,2015,195,200,26.08,24.29,0,0,.347,11.95
105,2015,195,215,26.09,23.85,0,0,.346,11.95
105,2015,195,230,26.08,23.82,0,0,.347,11.96
105,2015,195,245,26.03,23.7,0,0,.381,11.96
105,2015,195,300,25.92,23.76,0,0,.453,11.95
105,2015,195,315,25.8,23.34,0,0,.532,11.95
105,2015,195,330,25.67,23.28,0,0,.61,11.95
105,2015,195,345,25.56,23.4,0,0,.712,11.95
105,2015,195,400,25.42,23.39,0,0,.832,11.95
105,2015,195,415,25.16,23.37,0,0,.956,11.95
105,2015,195,430,24.99,23.56,0,0,1.034,11.95
105,2015,195,445,24.91,23.5,0,0,1.037,11.95
105,2015,195,500,24.84,23.49,0,0,1.003,11.95
105,2015,195,515,24.78,23.47,0,0,.963,11.95
105,2015,195,530,24.71,23.65,0,0,.93,11.95
105,2015,195,545,24.64,23.78,0,0,.919,11.95
105,2015,195,600,24.57,23.9,0,0,.918,11.95
105,2015,195,615,24.51,23.92,0,0,.905,11.95
105,2015,195,630,24.45,24.05,0,0,.877,11.96
105,2015,195,645,24.41,24.01,0,0,.841,11.96
105,2015,195,700,24.38,24.52,0,0,.803,11.96
105,2015,195,715,24.4,24.83,0,0,.768,11.96
105,2015,195,730,24.45,24.82,0,0,.736,11.97
105,2015,195,745,24.51,25.61,0,0,.705,11.97
105,2015,195,800,24.58,26.06,0,0,.681,11.97
105,2015,195,815,24.73,26.03,0,0,.66,11.98
105,2015,195,830,24.94,26.06,0,0,.639,11.98
105,2015,195,845,25.17,26.87,0,0,.62,11.99
105,2015,195,900,25.42,27.52,0,0,.602,11.99
105,2015,195,915,25.75,29.22,0,0,.586,12
105,2015,195,930,26.21,28.79,0,0,.57,12.01
105,2015,195,945,26.75,29.72,0,0,.558,12.02
105,2015,195,1000,27.28,29.01,0,0,.547,12.02
105,2015,195,1015,27.79,29.47,0,0,.537,12.02
105,2015,195,1030,28.23,29.23,0,0,.527,12.02
105,2015,195,1045,28.61,30.35,0,0,.518,12.02
105,2015,195,1100,28.99,31.26,0,0,.509,12.02
105,2015,195,1115,29.3,30.33,0,0,.502,12.02
105,2015,195,1130,29.47,29.91,0,0,.494,12.02
105,2015,195,1145,29.64,31.1,0,0,.487,12.02
105,2015,195,1200,29.97,31.2,0,0,.481,12.02
105,2015,195,1215,30.34,31.08,0,0,.476,12.02
105,2015,195,1230,30.66,31.27,0,0,.47,12.03
105,2015,195,1245,30.89,31.77,0,0,.466,12.03
105,2015,195,1300,31.16,31.42,0,0,.462,12.03
105,2015,195,1315,31.4,29.98,0,0,.459,12.02
105,2015,195,1330,31.42,29.96,0,0,.456,12.02
105,2015,195,1345,31.39,30.1,0,0,.452,12.02
105,2015,195,1400,31.41,31.15,0,0,.448,12.02
105,2015,195,1415,31.55,31.53,0,0,.445,12.02
105,2015,195,1430,31.8,32.12,0,0,.441,12.02
105,2015,195,1445,32.04,31.85,0,0,.438,12.03
105,2015,195,1500,32.24,31.7,0,0,.435,12.03
105,2015,195,1515,32.41,32.61,0,0,.431,12.03
105,2015,195,1530,32.6,32.61,0,0,.429,12.03
105,2015,195,1545,32.82,32.48,0,0,.425,12.03
105,2015,195,1600,33.01,32.28,0,0,.423,12.03
105,2015,195,1615,33.15,33.19,0,0,.421,12.03
105,2015,195,1630,33.25,31.91,0,0,.419,12.03
105,2015,195,1645,33.26,31.79,0,0,.417,12.03
105,2015,195,1700,33.17,31.02,0,0,.415,12.03
105,2015,195,1715,33.04,29.93,0,0,.414,12.02
105,2015,195,1730,32.8,29.08,0,0,.414,12.01
105,2015,195,1745,32.49,28.76,0,0,.414,12.01
105,2015,195,1800,32.19,28.51,0,0,.414,12.01
105,2015,195,1815,31.88,28.23,0,0,.413,12
105,2015,195,1830,31.55,27.87,0,0,.413,12
105,2015,195,1845,31.21,27.38,0,0,.412,11.99
105,2015,195,1900,30.87,27.21,0,0,.41,11.99
105,2015,195,1915,30.53,26.86,0,0,.41,11.99
105,2015,195,1930,30.23,26.79,0,0,.408,11.99
105,2015,195,1945,29.95,26.65,0,0,.406,11.99
105,2015,195,2000,29.68,26.44,0,0,.405,11.99
105,2015,195,2015,29.4,26.17,0,0,.404,11.98
105,2015,195,2030,29.13,25.93,0,0,.403,11.98
105,2015,195,2045,28.87,25.53,0,0,.402,11.97
105,2015,195,2100,28.59,25.33,0,0,.4,11.97
105,2015,195,2115,28.32,25.18,0,0,.399,11.97
105,2015,195,2130,28.05,24.63,0,0,.397,11.96
105,2015,195,2145,27.76,24.63,0,0,.396,11.95
105,2015,195,2200,27.49,24.41,0,0,.395,11.95
105,2015,195,2215,27.28,24.25,0,0,.394,11.95
105,2015,195,2230,27.07,24.03,0,0,.393,11.95
105,2015,195,2245,26.86,24.11,0,0,.391,11.95
105,2015,195,2300,26.68,24.2,0,0,.39,11.95
105,2015,195,2315,26.53,24.03,0,0,.389,11.95
105,2015,195,2330,26.4,24.05,0,0,.387,11.95
105,2015,195,2345,26.3,24.01,0,0,.387,11.95
105,2015,196,0,26.21,24.2,0,0,.386,11.95
105,2015,196,15,26.13,23.99,0,0,.384,11.95
105,2015,196,30,26.06,24.03,0,0,.383,11.96
105,2015,196,45,26,24.08,0,0,.382,11.96
105,2015,196,100,25.97,24.27,0,0,.38,11.97
105,2015,196,115,25.97,24.16,0,0,.38,11.97
105,2015,196,130,25.97,24.09,0,0,.378,11.97
105,2015,196,145,25.99,24.04,0,0,.377,11.97
105,2015,196,200,26.01,24.29,0,0,.376,11.97
105,2015,196,215,25.98,24.23,0,0,.375,11.97
105,2015,196,230,25.95,24.15,0,0,.373,11.96
105,2015,196,245,25.93,24,0,0,.373,11.95
105,2015,196,300,25.93,23.75,0,0,.373,11.94
105,2015,196,315,25.86,23.22,0,0,.372,11.91
105,2015,196,330,25.71,22.82,0,0,.371,11.91
105,2015,196,345,25.51,22.51,0,0,.371,11.92
105,2015,196,400,25.27,22.24,0,0,.37,11.92
105,2015,196,415,25.02,21.87,0,0,.37,11.92
105,2015,196,430,24.74,21.6,0,0,.371,11.91
105,2015,196,445,24.48,21.41,0,0,.37,11.91
105,2015,196,500,24.23,21.34,0,0,.377,11.91
105,2015,196,515,24,21.17,0,0,.419,11.91
105,2015,196,530,23.8,21.05,0,0,.466,11.9
105,2015,196,545,23.63,21.05,0,0,.504,11.9
105,2015,196,600,23.49,21.05,0,0,.541,11.89
105,2015,196,615,23.37,21.04,0,0,.568,11.89
105,2015,196,630,23.27,21.15,0,0,.59,11.89
105,2015,196,645,23.19,22.1,0,0,.601,11.9
105,2015,196,700,23.23,23.24,0,0,.601,11.91
105,2015,196,715,23.39,23.82,0,0,.601,11.92
105,2015,196,730,23.66,24.61,0,0,.591,11.94
105,2015,196,745,24,25.32,0,0,.58,11.96
105,2015,196,800,24.38,25.78,0,0,.567,11.97
105,2015,196,815,24.8,26.36,0,0,.556,11.98
105,2015,196,830,25.25,26.92,0,0,.546,11.99
105,2015,196,845,25.71,27.07,0,0,.537,11.99
105,2015,196,900,26.15,27.46,0,0,.528,11.99
105,2015,196,915,26.56,27.62,0,0,.52,11.98
105,2015,196,930,26.96,28.64,0,0,.512,11.99
105,2015,196,945,27.4,28.54,0,0,.504,11.99
105,2015,196,1000,27.83,29.41,0,0,.498,11.99
105,2015,196,1015,28.29,30.01,0,0,.49,12
105,2015,196,1030,28.79,28.97,0,0,.485,12.01
105,2015,196,1045,29.1,27.9,0,0,.48,12
105,2015,196,1100,29.21,28.15,0,0,.475,11.99
105,2015,196,1115,29.26,28.11,0,0,.471,11.99
105,2015,196,1130,29.34,29.46,0,0,.466,11.99
105,2015,196,1145,29.56,30.53,0,0,.461,12
105,2015,196,1200,29.87,28.8,0,0,.458,12
105,2015,196,1215,30.05,29.31,0,0,.453,12
105,2015,196,1230,30.17,28.23,0,0,.451,11.99
105,2015,196,1245,30.22,29.19,0,0,.448,11.99
105,2015,196,1300,30.34,29.54,0,0,.444,11.99
105,2015,196,1315,30.5,28.87,0,0,.442,11.99
105,2015,196,1330,30.55,27.76,0,0,.439,11.98
105,2015,196,1345,30.45,27.42,0,0,.436,11.99
105,2015,196,1400,30.28,26.77,0,0,.434,11.97
105,2015,196,1415,30.07,27.43,0,0,.432,11.96
105,2015,196,1430,29.94,28.03,0,0,.429,11.97
105,2015,196,1445,29.92,28.03,0,0,.427,11.96
105,2015,196,1500,29.95,28.53,0,0,.424,11.96
105,2015,196,1515,30.02,28.55,0,0,.422,11.97
105,2015,196,1530,30.12,29.63,0,0,.419,11.98
105,2015,196,1545,30.32,30.58,0,0,.417,12
105,2015,196,1600,30.61,29.74,0,0,.415,12.01
105,2015,196,1615,30.79,30.96,0,0,.412,12.01
105,2015,196,1630,30.99,31.29,0,0,.41,12.02
105,2015,196,1645,31.19,30.49,0,0,.408,12.02
105,2015,196,1700,31.34,30.69,0,0,.405,12.02
105,2015,196,1715,31.5,29.31,0,0,.404,12.02
105,2015,196,1730,31.51,28.68,0,0,.404,12.01
105,2015,196,1745,31.39,28.06,0,0,.403,12.01
105,2015,196,1800,31.19,27.71,0,0,.402,12
105,2015,196,1815,30.95,27.36,0,0,.401,12
105,2015,196,1830,30.71,27.14,0,0,.399,12
105,2015,196,1845,30.5,27.64,0,0,.398,11.99
105,2015,196,1900,30.31,27.74,0,0,.397,12
105,2015,196,1915,30.11,27.45,0,0,.395,12
105,2015,196,1930,29.92,27.16,0,0,.394,11.99
105,2015,196,1945,29.74,26.87,0,0,.394,11.99
105,2015,196,2000,29.55,26.24,0,0,.392,11.99
105,2015,196,2015,29.34,26.24,0,0,.392,11.98
105,2015,196,2030,29.14,26.14,0,0,.39,11.96
105,2015,196,2045,28.95,25.77,0,0,.389,11.95
105,2015,196,2100,28.73,25.39,0,0,.388,11.94
105,2015,196,2115,28.48,24.95,0,0,.387,11.92
105,2015,196,2130,28.19,24.59,0,0,.386,11.91
105,2015,196,2145,27.88,24.28,0,0,.385,11.91
105,2015,196,2200,27.57,24.06,0,0,.384,11.9
105,2015,196,2215,27.29,24.05,0,0,.383,11.88
105,2015,196,2230,27.04,23.85,0,0,.382,11.87
105,2015,196,2245,26.81,23.41,0,0,.381,11.86
105,2015,196,2300,26.56,23.13,0,0,.38,11.86
105,2015,196,2315,26.3,22.91,0,0,.38,11.85
105,2015,196,2330,26.04,22.69,0,0,.378,11.85
105,2015,196,2345,25.8,22.38,0,0,.377,11.85
105,2015,197,0,25.54,22.15,0,0,.376,11.84
105,2015,197,15,25.29,21.93,0,0,.376,11.82
105,2015,197,30,25.03,21.7,0,0,.375,11.81
105,2015,197,45,24.78,21.52,0,0,.374,11.8
105,2015,197,100,24.53,21.2,0,0,.373,11.79
105,2015,197,115,24.28,21.03,0,0,.373,11.8
105,2015,197,130,24.04,20.88,0,0,.372,11.79
105,2015,197,145,23.82,20.86,0,0,.371,11.79
105,2015,197,200,23.64,20.79,0,0,.369,11.79
105,2015,197,215,23.48,20.61,0,0,.369,11.78
105,2015,197,230,23.32,20.46,0,0,.368,11.78
105,2015,197,245,23.16,20.55,0,0,.367,11.76
105,2015,197,300,23.04,20.7,0,0,.366,11.79
105,2015,197,315,22.97,20.7,0,0,.366,11.8
105,2015,197,330,22.92,20.62,0,0,.365,11.79
105,2015,197,345,22.85,20.52,0,0,.365,11.77
105,2015,197,400,22.78,20.32,0,0,.364,11.78
105,2015,197,415,22.69,20.02,0,0,.363,11.79
105,2015,197,430,22.57,19.94,0,0,.362,11.8
105,2015,197,445,22.45,19.89,0,0,.362,11.79
105,2015,197,500,22.33,19.83,0,0,.361,11.77
105,2015,197,515,22.22,19.75,0,0,.361,11.76
105,2015,197,530,22.12,19.72,0,0,.359,11.75
105,2015,197,545,22.03,19.37,0,0,.359,11.76
105,2015,197,600,21.91,18.95,0,0,.358,11.76
105,2015,197,615,21.75,18.66,0,0,.357,11.78
105,2015,197,630,21.56,18.65,0,0,.357,11.8
105,2015,197,645,21.39,18.82,0,0,.357,11.81
105,2015,197,700,21.27,19.27,0,0,.356,11.78
105,2015,197,715,21.2,19.95,0,0,.354,11.77
105,2015,197,730,21.21,20.84,0,0,.354,11.79
105,2015,197,745,21.32,21.19,0,0,.354,11.82
105,2015,197,800,21.49,21.53,0,0,.352,11.82
105,2015,197,815,21.69,22.22,0,0,.351,11.84
105,2015,197,830,21.96,23.1,0,0,.349,11.87
105,2015,197,845,22.3,23.61,0,0,.348,11.9
105,2015,197,900,22.68,24.19,0,0,.346,11.91
105,2015,197,915,23.07,24.45,0,0,.346,11.92
105,2015,197,930,23.46,24.78,0,0,.345,11.92
105,2015,197,945,23.84,25.13,0,0,.345,11.93
105,2015,197,1000,24.22,25.83,0,0,.344,11.95
105,2015,197,1015,24.6,25.25,0,0,.343,11.94
105,2015,197,1030,24.94,26.47,0,0,.341,11.95
105,2015,197,1045,25.32,27.19,0,0,.341,11.97
105,2015,197,1100,25.72,26.66,0,0,.34,11.98
105,2015,197,1115,26.07,27.59,0,0,.339,11.98
105,2015,197,1130,26.42,27.88,0,0,.338,11.99
105,2015,197,1145,26.79,27.6,0,0,.337,11.99
105,2015,197,1200,27.12,28.02,0,0,.336,11.99
105,2015,197,1215,27.46,28.65,0,0,.335,12
105,2015,197,1230,27.78,28.95,0,0,.334,12
105,2015,197,1245,28.1,28.89,0,0,.333,12
105,2015,197,1300,28.4,29.22,0,0,.332,12.01
105,2015,197,1315,28.68,29.58,0,0,.331,12.01
105,2015,197,1330,28.95,29.3,0,0,.331,12.02
105,2015,197,1345,29.17,29.43,0,0,.329,12.01
105,2015,197,1400,29.37,29.96,0,0,.328,12.02
105,2015,197,1415,29.57,29.32,0,0,.326,12.02
105,2015,197,1430,29.7,29.17,0,0,.326,12.01
105,2015,197,1445,29.79,29.22,0,0,.325,12.01
105,2015,197,1500,29.87,29.22,0,0,.324,12.01
105,2015,197,1515,29.92,29.1,0,0,.323,12.01
105,2015,197,1530,29.93,29.22,0,0,.322,12.01
105,2015,197,1545,29.92,28.98,0,0,.322,12.01
105,2015,197,1600,29.91,29.02,0,0,.321,12.01
105,2015,197,1615,29.9,28.79,0,0,.32,12
105,2015,197,1630,29.84,29.15,0,0,.319,12.01
105,2015,197,1645,29.77,28.06,0,0,.319,12
105,2015,197,1700,29.68,28.12,0,0,.318,12
105,2015,197,1715,29.58,26.51,0,0,.318,12
105,2015,197,1730,29.36,25.55,0,0,.318,11.98
105,2015,197,1745,29,24.91,0,0,.318,11.96
105,2015,197,1800,28.58,24.69,0,0,.318,11.95
105,2015,197,1815,28.17,24.43,0,0,.317,11.94
105,2015,197,1830,27.77,24.04,0,0,.317,11.93
105,2015,197,1845,27.4,23.96,0,0,.318,11.92
105,2015,197,1900,27.07,23.79,0,0,.318,11.92
105,2015,197,1915,26.77,23.38,0,0,.318,11.93
105,2015,197,1930,26.47,23.17,0,0,.318,11.93
105,2015,197,1945,26.16,22.75,0,0,.317,11.92
105,2015,197,2000,25.87,22.4,0,0,.318,11.91
105,2015,197,2015,25.56,21.86,0,0,.318,11.91
105,2015,197,2030,25.22,21.65,0,0,.317,11.92
105,2015,197,2045,24.86,21.32,0,0,.317,11.91
105,2015,197,2100,24.48,20.54,0,0,.317,11.9
105,2015,197,2115,24.1,20.37,0,0,.317,11.89
105,2015,197,2130,23.77,20.44,0,0,.317,11.88
105,2015,197,2145,23.48,20,0,0,.317,11.87
105,2015,197,2200,23.17,20.01,0,0,.316,11.87
105,2015,197,2215,22.9,19.51,0,0,.316,11.87
105,2015,197,2230,22.64,19.42,0,0,.316,11.86
105,2015,197,2245,22.39,19.16,0,0,.317,11.86
105,2015,197,2300,22.17,18.9,0,0,.316,11.85
105,2015,197,2315,21.99,18.91,0,0,.317,11.85
105,2015,197,2330,21.8,18.77,0,0,.316,11.84
105,2015,197,2345,21.61,18.67,0,0,.316,11.84
105,2015,198,0,21.42,18.64,0,0,.316,11.84
105,2015,198,15,21.23,18.28,0,0,.315,11.84
105,2015,198,30,21.06,18.26,0,0,.315,11.83
105,2015,198,45,20.9,18.4,0,0,.315,11.83
105,2015,198,100,20.81,18.76,0,0,.315,11.82
105,2015,198,115,20.8,18.87,0,0,.315,11.83
105,2015,198,130,20.81,19.17,0,0,.314,11.83
105,2015,198,145,20.85,19.23,0,0,.314,11.83
105,2015,198,200,20.91,19.37,0,0,.313,11.83
105,2015,198,215,20.98,19.5,0,0,.313,11.83
105,2015,198,230,21.04,19.59,0,0,.313,11.83
105,2015,198,245,21.11,19.84,0,0,.313,11.84
105,2015,198,300,21.2,19.9,0,0,.313,11.85
105,2015,198,315,21.32,19.88,0,0,.312,11.85
105,2015,198,330,21.43,19.87,0,0,.312,11.84
105,2015,198,345,21.52,19.93,0,0,.311,11.85
105,2015,198,400,21.57,20.02,0,0,.311,11.86
105,2015,198,415,21.55,19.9,0,0,.325,11.86
105,2015,198,430,21.5,19.8,0,0,.409,11.87
105,2015,198,445,21.45,19.66,0,0,.536,11.87
105,2015,198,500,21.44,19.61,0,0,.667,11.86
105,2015,198,515,21.41,19.53,0,0,.816,11.86
105,2015,198,530,21.21,19.51,0,0,.992,11.85
105,2015,198,545,21.05,19.52,0,0,1.146,11.85
105,2015,198,600,20.93,19.53,0,0,1.243,11.85
105,2015,198,615,20.81,19.48,0,0,1.282,11.85
105,2015,198,630,20.69,19.62,0,0,1.284,11.84
105,2015,198,645,20.56,19.82,0,0,1.28,11.84
105,2015,198,700,20.45,20.46,0,0,1.272,11.85
105,2015,198,715,20.4,21.27,0,0,1.271,11.86
105,2015,198,730,20.45,22.54,0,0,1.27,11.88
105,2015,198,745,20.62,23.53,0,0,1.251,11.91
105,2015,198,800,20.92,23.94,0,0,1.222,11.94
105,2015,198,815,21.32,25.63,0,0,1.177,11.96
105,2015,198,830,21.8,26.09,0,0,1.131,11.98
105,2015,198,845,22.37,26.5,0,0,1.082,11.99
105,2015,198,900,22.99,27.29,0,0,1.036,12
105,2015,198,915,23.64,28.27,0,0,.989,12
105,2015,198,930,24.32,28.04,0,0,.949,12.01
105,2015,198,945,24.98,27.11,0,0,.912,12.01
105,2015,198,1000,25.51,27.12,0,0,.875,12.01
105,2015,198,1015,25.94,28.2,0,0,.837,12.01
105,2015,198,1030,26.4,27.83,0,0,.804,12
105,2015,198,1045,26.86,26.78,0,0,.773,12
105,2015,198,1100,27.19,25.98,0,0,.744,11.99
105,2015,198,1115,27.36,26.53,0,0,.716,11.99
105,2015,198,1130,27.46,27.37,0,0,.687,11.99
105,2015,198,1145,27.61,27.72,0,0,.664,11.99
105,2015,198,1200,27.81,26.82,0,0,.643,11.99