,26.21,26.78,0,0,.312,11.95
105,1990,194,1515,26.5,26.91,0,0,.311,11.95
105,1990,194,1530,26.79,27.07,0,0,.31,11.95
105,1990,194,1545,27.06,27.85,0,0,.31,11.97
105,1990,194,1600,27.39,28.15,0,0,.309,11.98
105,1990,194,1615,27.74,28.1,0,0,.309,11.98
105,1990,194,1630,28.07,28.63,0,0,.308,11.97
105,1990,194,1645,28.39,28.86,0,0,.308,11.98
105,1990,194,1700,28.7,29.24,0,0,.307,11.98
105,1990,194,1715,29.01,29.55,0,0,.306,11.98
105,1990,194,1730,29.33,30.01,0,0,.305,11.99
105,1990,194,1745,29.67,30.28,0,0,.305,11.99
105,1990,194,1800,30,30.18,0,0,.304,12
105,1990,194,1815,30.33,30.51,0,0,.304,12
105,1990,194,1830,30.64,30.66,0,0,.303,11.99
105,1990,194,1845,30.89,30.5,0,0,.303,12
105,1990,194,1900,31.1,29.5,0,0,.301,12
105,1990,194,1915,31.2,30.48,0,0,.301,12
105,1990,194,1930,31.34,30.48,0,0,.3,12
105,1990,194,1945,31.52,30.73,0,0,.298,12.01
105,1990,194,2000,31.75,30.75,0,0,.298,12
105,1990,194,2015,31.95,30.23,0,0,.298,12.01
105,1990,194,2030,32.03,30.33,0,0,.297,12
105,1990,194,2045,32.08,29.64,0,0,.296,12
105,1990,194,2100,32.05,29.3,0,0,.296,12
105,1990,194,2115,31.98,29.79,0,0,.295,12
105,1990,194,2130,33.14,29.96,0,0,.293,12.01
105,1990,194,2145,33.32,30.36,0,0,.292,12.01
105,1990,194,2200,32.84,30.28,0,0,.291,12.01
105,1990,194,2215,32.63,30.04,0,0,.291,12.01
105,1990,194,2230,32.5,30,0,0,.291,12.01
105,1990,194,2245,32.38,28.17,0,0,.291,12
105,1990,194,2300,32.15,27.26,0,0,.291,11.99
105,1990,194,2315,31.77,27.06,0,0,.291,11.98
105,1990,194,2330,31.34,26.81,0,0,.29,11.98
105,1990,194,2345,30.89,26.32,0,0,.291,11.97
105,2015,191,1830,30.23,26.34,0,0,.29,11.97
105,2015,191,1845,29.74,26.01,0,0,.29,11.96
105,2015,191,1900,29.47,25.83,0,0,.29,11.96
105,2015,191,1915,29.18,25.79,0,0,.29,11.96
105,2015,191,1930,28.92,25.65,0,0,.29,11.96
105,2015,191,1945,28.67,25.63,0,0,.29,11.96
105,2015,191,2000,28.44,25.32,0,0,.29,11.96
105,2015,191,2015,28.21,24.94,0,0,.29,11.96
105,2015,191,2030,27.97,24.68,0,0,.29,11.95
105,2015,191,2045,27.71,24.62,0,0,.29,11.95
105,2015,191,2100,27.44,24.32,0,0,.29,11.95
105,2015,191,2115,27.19,24.28,0,0,.29,11.95
105,2015,191,2130,26.96,24.09,0,0,.29,11.95
105,2015,191,2145,26.78,23.83,0,0,.29,11.95
105,2015,191,2200,26.59,23.88,0,0,.29,11.95
105,2015,191,2215,26.41,23.27,0,0,.289,11.94
105,2015,191,2230,26.22,23.26,0,0,.29,11.94
105,2015,191,2245,26.04,23.45,0,0,.29,11.94
105,2015,191,2300,25.91,23.19,0,0,.289,11.94
105,2015,191,2315,25.82,23.38,0,0,.29,11.93
105,2015,191,2330,25.74,23.26,0,0,.289,11.94
105,2015,191,2345,25.7,23.21,0,0,.289,11.94
105,2015,192,0,25.66,23.26,0,0,.29,11.94
105,2015,192,15,25.61,23.21,0,0,.289,11.94
105,2015,192,30,25.56,23.04,0,0,.29,11.94
105,2015,192,45,25.51,23.25,0,0,.289,11.94
105,2015,192,100,25.46,23.19,0,0,.289,11.94
105,2015,192,115,25.4,23.07,0,0,.289,11.94
105,2015,192,130,25.36,23.11,0,0,.289,11.94
105,2015,192,145,25.33,23.14,0,0,.289,11.94
105,2015,192,200,25.3,23.04,0,0,.288,11.94
105,2015,192,215,25.25,22.86,0,0,.288,11.94
105,2015,192,230,25.17,22.77,0,0,.288,11.94
105,2015,192,245,25.12,22.96,0,0,.288,11.94
105,2015,192,300,25.08,22.77,0,0,.288,11.94
105,2015,192,315,25.04,22.91,0,0,.288,11.94
105,2015,192,330,25.01,22.76,0,0,.288,11.94
105,2015,192,345,24.97,22.56,0,0,.288,11.94
105,2015,192,400,24.93,22.58,0,0,.288,11.94
105,2015,192,415,24.88,22.71,0,0,.287,11.94
105,2015,192,430,24.86,22.67,0,0,.286,11.94
105,2015,192,445,24.84,22.71,0,0,.286,11.93
105,2015,192,500,24.82,22.8,0,0,.286,11.94
105,2015,192,515,24.8,22.62,0,0,.287,11.94
105,2015,192,530,24.78,22.76,0,0,.286,11.94
105,2015,192,545,24.76,22.8,0,0,.286,11.94
105,2015,192,600,24.73,22.78,0,0,.286,11.92
105,2015,192,615,24.71,22.89,0,0,.286,11.92
105,2015,192,630,24.69,23.04,0,0,.286,11.93
105,2015,192,645,24.69,23.25,0,0,.286,11.94
105,2015,192,700,24.71,23.05,0,0,.286,11.94
105,2015,192,715,24.72,23.18,0,0,.286,11.94
105,2015,192,730,24.74,23.32,0,0,.286,11.94
105,2015,192,745,24.74,23.24,0,0,.286,11.93
105,2015,192,800,24.75,22.93,0,0,.286,11.93
105,2015,192,815,24.73,22.71,0,0,.285,11.93
105,2015,192,830,24.7,22.52,0,0,.285,11.93
105,2015,192,845,24.65,22.62,0,0,.285,11.92
105,2015,192,900,24.6,22.46,0,0,.286,11.91
105,2015,192,915,24.55,22.68,0,0,.285,11.91
105,2015,192,930,24.57,23.41,0,0,.286,11.92
105,2015,192,945,24.68,23.92,0,0,.285,11.93
105,2015,192,1000,24.84,24.09,0,0,.285,11.93
105,2015,192,1015,25.04,25.96,0,0,.285,11.94
105,2015,192,1030,25.31,26.2,0,0,.285,11.96
105,2015,192,1045,25.63,26.28,0,0,.285,11.96
105,2015,192,1100,25.94,28.32,0,0,.283,11.98
105,2015,192,1115,26.35,27.22,0,0,.282,11.99
105,2015,192,1130,26.73,28.96,0,0,.282,11.99
105,2015,192,1145,27.11,29.61,0,0,.282,12
105,2015,192,1200,27.5,30.24,0,0,.28,12.01
105,2015,192,1215,27.94,30.88,0,0,.28,12.02
105,2015,192,1230,28.44,31.05,0,0,.279,12.02
105,2015,192,1245,28.9,31.43,0,0,.278,12.03
105,2015,192,1300,29.34,31.48,0,0,.277,12.03
105,2015,192,1315,29.74,31.3,0,0,.276,12.03
105,2015,192,1330,30.11,31.42,0,0,.276,12.03
105,2015,192,1345,30.41,31.34,0,0,.275,12.02
105,2015,192,1400,30.64,31.25,0,0,.274,12.02
105,2015,192,1415,30.86,31.5,0,0,.273,12.02
105,2015,192,1430,31.06,30.77,0,0,.273,12.02
105,2015,192,1445,31.21,31.4,0,0,.271,12.02
105,2015,192,1500,31.34,31.58,0,0,.271,12.02
105,2015,192,1515,31.47,32.28,0,0,.27,12.03
105,2015,192,1530,31.63,31.81,0,0,.269,12.03
105,2015,192,1545,31.76,31.95,0,0,.268,12.03
105,2015,192,1600,31.85,31.51,0,0,.268,12.03
105,2015,192,1615,31.91,31.44,0,0,.268,12.03
105,2015,192,1630,31.97,31.03,0,0,.267,12.02
105,2015,192,1645,32.01,30.96,0,0,.266,12.02
105,2015,192,1700,32,30.77,0,0,.265,12.02
105,2015,192,1715,31.94,28.5,0,0,.265,12.02
105,2015,192,1730,31.7,27.69,0,0,.265,12
105,2015,192,1745,31.31,27.29,0,0,.265,11.99
105,2015,192,1800,30.89,26.53,0,0,.265,11.98
105,2015,192,1815,30.48,26.7,0,0,.265,11.98
105,2015,192,1830,30.09,26.16,0,0,.265,11.97
105,2015,192,1845,29.7,25.6,0,0,.265,11.97
105,2015,192,1900,29.32,25.5,0,0,.265,11.96
105,2015,192,1915,28.97,25.05,0,0,.265,11.95
105,2015,192,1930,28.63,24.98,0,0,.265,11.95
105,2015,192,1945,28.3,24.7,0,0,.265,11.96
105,2015,192,2000,27.99,24.5,0,0,.265,11.95
105,2015,192,2015,27.67,23.93,0,0,.265,11.95
105,2015,192,2030,27.32,23.51,0,0,.265,11.95
105,2015,192,2045,26.99,23.07,0,0,.265,11.94
105,2015,192,2100,26.6,22.79,0,0,.265,11.93
105,2015,192,2115,26.17,22.36,0,0,.265,11.92
105,2015,192,2130,25.75,22.41,0,0,.265,11.92
105,2015,192,2145,25.38,22.22,0,0,.265,11.91
105,2015,192,2200,25.03,21.82,0,0,.265,11.91
105,2015,192,2215,24.69,21.6,0,0,.265,11.9
105,2015,192,2230,24.41,21.47,0,0,.265,11.89
105,2015,192,2245,24.16,21.36,0,0,.265,11.89
105,2015,192,2300,23.92,21.25,0,0,.265,11.89
105,2015,192,2315,23.74,21.15,0,0,.265,11.89
105,2015,192,2330,23.56,21.14,0,0,.265,11.89
105,2015,192,2345,23.4,21.23,0,0,.265,11.88
105,2015,193,0,23.26,20.56,0,0,.265,11.88
105,2015,193,15,23.08,20.81,0,0,.265,11.87
105,2015,193,30,22.95,20.3,0,0,.265,11.87
105,2015,193,45,22.76,20.46,0,0,.265,11.87
105,2015,193,100,22.55,19.93,0,0,.265,11.86
105,2015,193,115,22.33,20.34,0,0,.265,11.86
105,2015,193,130,22.16,20.58,0,0,.265,11.86
105,2015,193,145,22.09,20.37,0,0,.265,11.86
105,2015,193,200,22.02,20.55,0,0,.265,11.86
105,2015,193,215,22.01,20.44,0,0,.265,11.86
105,2015,193,230,21.98,20.48,0,0,.265,11.86
105,2015,193,245,21.94,20.42,0,0,.265,11.86
105,2015,193,300,21.87,20.58,0,0,.265,11.86
105,2015,193,315,21.82,19.9,0,0,.265,11.86
105,2015,193,330,21.73,20.38,0,0,.265,11.86
105,2015,193,345,21.65,20.38,0,0,.275,11.86
105,2015,193,400,21.61,20.22,0,0,.335,11.86
105,2015,193,415,21.59,20.23,0,0,.387,11.85
105,2015,193,430,21.56,20.32,0,0,.412,11.85
105,2015,193,445,21.56,20.2,0,0,.428,11.85
105,2015,193,500,21.55,20,0,0,.444,11.85
105,2015,193,515,21.48,19.87,0,0,.449,11.85
105,2015,193,530,21.4,19.99,0,0,.449,11.84
105,2015,193,545,21.34,19.89,0,0,.449,11.84
105,2015,193,600,21.28,19.94,0,0,.449,11.83
105,2015,193,615,21.25,20,0,0,.449,11.83
105,2015,193,630,21.23,20.3,0,0,.449,11.84
105,2015,193,645,21.23,20.85,0,0,.448,11.85
105,2015,193,700,21.3,21.65,0,0,.448,11.86
105,2015,193,715,21.44,21.82,0,0,.445,11.88
105,2015,193,730,21.65,21.74,0,0,.441,11.89
105,2015,193,745,21.91,22.88,0,0,.438,11.89
105,2015,193,800,22.22,24.42,0,0,.433,11.91
105,2015,193,815,22.59,24.71,0,0,.43,11.94
105,2015,193,830,22.99,25.49,0,0,.427,11.96
105,2015,193,845,23.44,25.99,0,0,.424,11.98
105,2015,193,900,24.01,27.14,0,0,.42,11.99
105,2015,193,915,24.66,28.16,0,0,.417,12
105,2015,193,930,25.32,29.01,0,0,.414,12
105,2015,193,945,25.94,28.74,0,0,.411,12.01
105,2015,193,1000,26.5,28.25,0,0,.409,12.01
105,2015,193,1015,26.97,28.3,0,0,.407,12.01
105,2015,193,1030,27.43,30.01,0,0,.404,12.01
105,2015,193,1045,27.93,30.27,0,0,.401,12.02
105,2015,193,1100,28.37,30.57,0,0,.399,12.02
105,2015,193,1115,28.81,30.78,0,0,.396,12.02
105,2015,193,1130,29.27,30.68,0,0,.394,12.02
105,2015,193,1145,29.69,31.42,0,0,.392,12.02
105,2015,193,1200,30.03,32.37,0,0,.389,12.03
105,2015,193,1215,30.4,31.34,0,0,.388,12.03
105,2015,193,1230,30.72,32.54,0,0,.386,12.03
105,2015,193,1245,31.03,32.48,0,0,.384,12.03
105,2015,193,1300,31.31,31.4,0,0,.382,12.03
105,2015,193,1315,31.53,31.04,0,0,.38,12.03
105,2015,193,1330,31.74,31.58,0,0,.378,12.02
105,2015,193,1345,31.92,30.44,0,0,.376,12.03
105,2015,193,1400,32.04,31.3,0,0,.375,12.02
105,2015,193,1415,32.14,30.44,0,0,.373,12.02
105,2015,193,1430,32.17,30.14,0,0,.371,12.02
105,2015,193,1445,32.16,31.19,0,0,.37,12.01
105,2015,193,1500,32.24,32.91,0,0,.366,12.02
105,2015,193,1515,32.4,31.99,0,0,.366,12.03
105,2015,193,1530,32.52,32.43,0,0,.364,12.03
105,2015,193,1545,32.66,32.66,0,0,.362,12.03
105,2015,193,1600,32.8,31.69,0,0,.361,12.03
105,2015,193,1615,32.85,33.02,0,0,.359,12.03
105,2015,193,1630,32.92,32.58,0,0,.358,12.03
105,2015,193,1645,32.93,30.89,0,0,.357,12.03
105,2015,193,1700,32.75,29.43,0,0,.357,12.02
105,2015,193,1715,32.47,28.34,0,0,.357,12.01
105,2015,193,1730,32.15,27.95,0,0,.356,12
105,2015,193,1745,31.76,27.56,0,0,.356,12
105,2015,193,1800,31.34,26.85,0,0,.356,11.99
105,2015,193,1815,30.89,26.77,0,0,.355,11.99
105,2015,193,1830,30.5,26.33,0,0,.355,11.99
105,2015,193,1845,30.15,26.12,0,0,.354,11.98
105,2015,193,1900,29.82,25.75,0,0,.353,11.98
105,2015,193,1915,29.51,25.38,0,0,.353,11.97
105,2015,193,1930,29.21,25.06,0,0,.352,11.97
105,2015,193,1945,28.92,25.08,0,0,.352,11.97
105,2015,193,2000,28.63,24.98,0,0,.351,11.97
105,2015,193,2015,28.37,24.64,0,0,.351,11.96
105,2015,193,2030,28.09,24.39,0,0,.35,11.96
105,2015,193,2045,27.81,24.11,0,0,.35,11.95
105,2015,193,2100,27.49,23.65,0,0,.35,11.95
105,2015,193,2115,27.18,23.3,0,0,.349,11.94
105,2015,193,2130,26.88,23.06,0,0,.348,11.93
105,2015,193,2145,26.59,22.9,0,0,.348,11.92
105,2015,193,2200,26.34,22.8,0,0,.348,11.92
105,2015,193,2215,26.05,22.62,0,0,.346,11.92
105,2015,193,2230,25.78,22.46,0,0,.346,11.92
105,2015,193,2245,25.53,22.32,0,0,.346,11.92
105,2015,193,2300,25.34,21.89,0,0,.345,11.91
105,2015,193,2315,25.15,21.7,0,0,.344,11.9
105,2015,193,2330,24.97,21.71,0,0,.344,11.89
105,2015,193,2345,24.81,21.87,0,0,.343,11.89
105,2015,194,0,24.66,21.86,0,0,.342,11.89
105,2015,194,15,24.53,22.04,0,0,.342,11.9
105,2015,194,30,24.41,21.83,0,0,.341,11.91
105,2015,194,45,24.3,21.78,0,0,.341,11.91
105,2015,194,100,24.2,21.82,0,0,.34,11.91
105,2015,194,115,24.12,21.68,0,0,.34,11.91
105,2015,194,130,24.07,21.84,0,0,.339,11.91
105,2015,194,145,24.03,21.79,0,0,.339,11.91
105,2015,194,200,23.98,21.85,0,0,.338,11.92
105,2015,194,215,23.93,21.81,0,0,.337,11.91
105,2015,194,230,23.86,21.83,0,0,.337,11.92
105,2015,194,245,23.81,21.67,0,0,.337,11.92
105,2015,194,300,23.74,21.36,0,0,.337,11.91
105,2015,194,315,23.65,21.21,0,0,.336,11.91
105,2015,194,330,23.58,21.18,0,0,.336,11.9
105,2015,194,345,23.46,21.13,0,0,.336,11.9
105,2015,194,400,23.35,21.23,0,0,.335,11.9
105,2015,194,415,23.25,21.06,0,0,.335,11.9
105,2015,194,430,23.17,21.17,0,0,.335,11.9
105,2015,194,445,23.09,21.06,0,0,.341,11.9
105,2015,194,500,23.02,21.1,0,0,.362,11.9
105,2015,194,515,22.94,20.9,0,0,.386,11.9
105,2015,194,530,22.84,20.69,0,0,.405,11.89
105,2015,194,545,22.75,20.79,0,0,.422,11.89
105,2015,194,600,22.69,20.92,0,0,.434,11.89
105,2015,194,615,22.62,20.75,0,0,.44,11.89
105,2015,194,630,22.58,20.86,0,0,.441,11.88
105,2015,194,645,22.6,21.18,0,0,.441,11.88
105,2015,194,700,22.66,21.85,0,0,.441,11.89
105,2015,194,715,22.77,21.81,0,0,.441,11.89
105,2015,194,730,22.93,22.35,0,0,.441,11.9
105,2015,194,745,23.11,23.21,0,0,.441,11.91
105,2015,194,800,23.37,24.51,0,0,.441,11.92
105,2015,194,815,23.72,25.36,0,0,.439,11.94
105,2015,194,830,24.18,27.03,0,0,.434,11.96
105,2015,194,845,24.77,26.62,0,0,.431,11.98
105,2015,194,900,25.33,26.25,0,0,.43,11.99
105,2015,194,915,25.74,26.39,0,0,.428,11.99
105,2015,194,930,26.07,26.4,0,0,.426,11.99
105,2015,194,945,26.34,26.54,0,0,.423,11.99
105,2015,194,1000,26.62,26.72,0,0,.42,11.99
105,2015,194,1015,26.94,26.99,0,0,.418,11.99
105,2015,194,1030,27.23,27.36,0,0,.415,11.99
105,2015,194,1045,27.46,27.25,0,0,.413,12
105,2015,194,1100,27.67,27.19,0,0,.411,11.99
105,2015,194,1115,27.84,27.91,0,0,.409,12
105,2015,194,1130,27.97,27.45,0,0,.407,12
105,2015,194,1145,28.1,27.07,0,0,.405,12
105,2015,194,1200,28.23,26.37,0,0,.404,12
105,2015,194,1215,28.26,26.04,0,0,.402,11.99
105,2015,194,1230,28.23,26.11,0,0,.4,11.99
105,2015,194,1245,28.18,26,0,0,.399,11.98
105,2015,194,1300,28.17,26.87,0,0,.396,11.98
105,2015,194,1315,28.24,27.8,0,0,.394,11.99
105,2015,194,1330,28.35,27.75,0,0,.392,11.99
105,2015,194,1345,28.45,27.78,0,0,.39,12
105,2015,194,1400,28.53,28.6,0,0,.389,12
105,2015,194,1415,28.64,29.16,0,0,.387,12
105,2015,194,1430,28.8,28.86,0,0,.385,12.01
105,2015,194,1445,28.98,29.56,0,0,.383,12.01
105,2015,194,1500,29.23,30.02,0,0,.38,12.01
105,2015,194,1515,29.53,29.56,0,0,.38,12.02
105,2015,194,1530,29.71,28.57,0,0,.378,12.01
105,2015,194,1545,29.74,27.94,0,0,.377,12
105,2015,194,1600,29.69,27.55,0,0,.376,12
105,2015,194,1615,29.6,26.19,0,0,.376,11.99
105,2015,194,1630,29.34,23.67,0,0,.376,11.97
105,2015,194,1645,28.87,24.2,0,0,.376,11.94
105,2015,194,1700,28.46,26.14,0,0,.373,11.94
105,2015,194,1715,28.3,25.39,0,0,.372,11.95
105,2015,194,1730,28.16,24.33,0,0,.372,11.94
105,2015,194,1745,27.99,24,0,0,.372,11.93
105,2015,194,1800,27.82,25.2,0,0,.37,11.93
105,2015,194,1815,27.75,25.06,0,0,.369,11.94
105,2015,194,1830,27.66,24.4,0,0,.369,11.93
105,2015,194,1845,27.5,24.29,0,0,.369,11.93
105,2015,194,1900,27.3,24.24,0,0,.367,11.93
105,2015,194,1915,27.1,24.24,0,0,.367,11.94
105,2015,194,1930,26.92,24.37,0,0,.366,11.94
105,2015,194,1945,26.8,24.25,0,0,.365,11.94
105,2015,194,2000,26.7,24.2,0,0,.364,11.94
105,2015,194,2015,26.6,24.17,0,0,.363,11.95
105,2015,194,2030,26.51,23.79,0,0,.362,11.94
105,2015,194,2045,26.41,23.67,0,0,.362,11.94
105,2015,194,2100,26.32,23.61,0,0,.361,11.93
105,2015,194,2115,26.27,23.6,0,0,.36,11.93
105,2015,194,2130,26.23,23.58,0,0,.359,11.93
105,2015,194,2145,26.18,23.7,0,0,.358,11.93
105,2015,194,2200,26.11,23.96,0,0,.358,11.93
105,2015,194,2215,26.01,24.03,0,0,.357,11.93
105,2015,194,2230,25.95,24.06,0,0,.356,11.94
105,2015,194,2245,25.96,23.52,0,0,.355,11.93
105,2015,194,2300,25.94,23.55,0,0,.355,11.92
105,2015,194,2315,25.92,24.07,0,0,.355,11.91
105,2015,194,2330,25.92,24.05,0,0,.353,11.91
105,2015,194,2345,25.94,24.02,0,0,.353,11.91
105,2015,195,0,25.96,23.84,0,0,.352,11.92
105,2015,195,15,25.96,24.23,0,0,.351,11.92
105,2015,195,30,25.97,24,0,0,.351,11.93
105,2015,195,45,25.97,24.11,0,0,.35,11.93
105,2015,195,100,25.98,23.97,0,0,.35,11.93
105,2015,195,115,25.97,24.43,0,0,.349,11.94
105,2015,195,130,26.01,24.42,0,0,.348,11.94
105,2015,195,145,26.05,24.5,0,0,.347,11.94
105,2015,195,200,26.08,24.29,0,0,.347,11.95
105,2015,195,215,26.09,23.85,0,0,.346,11.95
105,2015,195,230,26.08,23.82,0,0,.347,11.96
105,2015,195,245,26.03,23.7,0,0,.381,11.96
105,2015,195,300,25.92,23.76,0,0,.453,11.95
105,2015,195,315,25.8,23.34,0,0,.532,11.95
105,2015,195,330,25.67,23.28,0,0,.61,11.95
105,2015,195,345,25.56,23.4,0,0,.712,11.95
105,2015,195,400,25.42,23.39,0,0,.832,11.95
105,2015,195,415,25.16,23.37,0,0,.956,11.95
105,2015,195,430,24.99,23.56,0,0,1.034,11.95
105,2015,195,445,24.91,23.5,0,0,1.037,11.95
105,2015,195,500,24.84,23.49,0,0,1.003,11.95
105,2015,195,515,24.78,23.47,0,0,.963,11.95
105,2015,195,530,24.71,23.65,0,0,.93,11.95
105,2015,195,545,24.64,23.78,0,0,.919,11.95
105,2015,195,600,24.57,23.9,0,0,.918,11.95
105,2015,195,615,24.51,23.92,0,0,.905,11.95
105,2015,195,630,24.45,24.05,0,0,.877,11.96
105,2015,195,645,24.41,24.01,0,0,.841,11.96
105,2015,195,700,24.38,24.52,0,0,.803,11.96
105,2015,195,715,24.4,24.83,0,0,.768,11.96
105,2015,195,730,24.45,24.82,0,0,.736,11.97
105,2015,195,745,24.51,25.61,0,0,.705,11.97
105,2015,195,800,24.58,26.06,0,0,.681,11.97
105,2015,195,815,24.73,26.03,0,0,.66,11.98
105,2015,195,830,24.94,26.06,0,0,.639,11.98
105,2015,195,845,25.17,26.87,0,0,.62,11.99
105,2015,195,900,25.42,27.52,0,0,.602,11.99
105,2015,195,915,25.75,29.22,0,0,.586,12
105,2015,195,930,26.21,28.79,0,0,.57,12.01
105,2015,195,945,26.75,29.72,0,0,.558,12.02
105,2015,195,1000,27.28,29.01,0,0,.547,12.02
105,2015,195,1015,27.79,29.47,0,0,.537,12.02
105,2015,195,1030,28.23,29.23,0,0,.527,12.02
105,2015,195,1045,28.61,30.35,0,0,.518,12.02
105,2015,195,1100,28.99,31.26,0,0,.509,12.02
105,2015,195,1115,29.3,30.33,0,0,.502,12.02
105,2015,195,1130,29.47,29.91,0,0,.494,12.02
105,2015,195,1145,29.64,31.1,0,0,.487,12.02
105,2015,195,1200,29.97,31.2,0,0,.481,12.02
105,2015,195,1215,30.34,31.08,0,0,.476,12.02
105,2015,195,1230,30.66,31.27,0,0,.47,12.03
105,2015,195,1245,30.89,31.77,0,0,.466,12.03
105,2015,195,1300,31.16,31.42,0,0,.462,12.03
105,2015,195,1315,31.4,29.98,0,0,.459,12.02
105,2015,195,1330,31.42,29.96,0,0,.456,12.02
105,2015,195,1345,31.39,30.1,0,0,.452,12.02
105,2015,195,1400,31.41,31.15,0,0,.448,12.02
105,2015,195,1415,31.55,31.53,0,0,.445,12.02
105,2015,195,1430,31.8,32.12,0,0,.441,12.02
105,2015,195,1445,32.04,31.85,0,0,.438,12.03
105,2015,195,1500,32.24,31.7,0,0,.435,12.03
105,2015,195,1515,32.41,32.61,0,0,.431,12.03
105,2015,195,1530,32.6,32.61,0,0,.429,12.03
105,2015,195,1545,32.82,32.48,0,0,.425,12.03
105,2015,195,1600,33.01,32.28,0,0,.423,12.03
105,2015,195,1615,33.15,33.19,0,0,.421,12.03
105,2015,195,1630,33.25,31.91,0,0,.419,12.03
105,2015,195,1645,33.26,31.79,0,0,.417,12.03
105,2015,195,1700,33.17,31.02,0,0,.415,12.03
105,2015,195,1715,33.04,29.93,0,0,.414,12.02
105,2015,195,1730,32.8,29.08,0,0,.414,12.01
105,2015,195,1745,32.49,28.76,0,0,.414,12.01
105,2015,195,1800,32.19,28.51,0,0,.414,12.01
105,2015,195,1815,31.88,28.23,0,0,.413,12
105,2015,195,1830,31.55,27.87,0,0,.413,12
105,2015,195,1845,31.21,27.38,0,0,.412,11.99
105,2015,195,1900,30.87,27.21,0,0,.41,11.99
105,2015,195,1915,30.53,26.86,0,0,.41,11.99
105,2015,195,1930,30.23,26.79,0,0,.408,11.99
105,2015,195,1945,29.95,26.65,0,0,.406,11.99
105,2015,195,2000,29.68,26.44,0,0,.405,11.99
105,2015,195,2015,29.4,26.17,0,0,.404,11.98
105,2015,195,2030,29.13,25.93,0,0,.403,11.98
105,2015,195,2045,28.87,25.53,0,0,.402,11.97
105,2015,195,2100,28.59,25.33,0,0,.4,11.97
105,2015,195,2115,28.32,25.18,0,0,.399,11.97
105,2015,195,2130,28.05,24.63,0,0,.397,11.96
105,2015,195,2145,27.76,24.63,0,0,.396,11.95
105,2015,195,2200,27.49,24.41,0,0,.395,11.95
105,2015,195,2215,27.28,24.25,0,0,.394,11.95
105,2015,195,2230,27.07,24.03,0,0,.393,11.95
105,2015,195,2245,26.86,24.11,0,0,.391,11.95
105,2015,195,2300,26.68,24.2,0,0,.39,11.95
105,2015,195,2315,26.53,24.03,0,0,.389,11.95
105,2015,195,2330,26.4,24.05,0,0,.387,11.95
105,2015,195,2345,26.3,24.01,0,0,.387,11.95
105,2015,196,0,26.21,24.2,0,0,.386,11.95
105,2015,196,15,26.13,23.99,0,0,.384,11.95
105,2015,196,30,26.06,24.03,0,0,.383,11.96
105,2015,196,45,26,24.08,0,0,.382,11.96
105,2015,196,100,25.97,24.27,0,0,.38,11.97
105,2015,196,115,25.97,24.16,0,0,.38,11.97
105,2015,196,130,25.97,24.09,0,0,.378,11.97
105,2015,196,145,25.99,24.04,0,0,.377,11.97
105,2015,196,200,26.01,24.29,0,0,.376,11.97
105,2015,196,215,25.98,24.23,0,0,.375,11.97
105,2015,196,230,25.95,24.15,0,0,.373,11.96
105,2015,196,245,25.93,24,0,0,.373,11.95
105,2015,196,300,25.93,23.75,0,0,.373,11.94
105,2015,196,315,25.86,23.22,0,0,.372,11.91
105,2015,196,330,25.71,22.82,0,0,.371,11.91
105,2015,196,345,25.51,22.51,0,0,.371,11.92
105,2015,196,400,25.27,22.24,0,0,.37,11.92
105,2015,196,415,25.02,21.87,0,0,.37,11.92
105,2015,196,430,24.74,21.6,0,0,.371,11.91
105,2015,196,445,24.48,21.41,0,0,.37,11.91
105,2015,196,500,24.23,21.34,0,0,.377,11.91
105,2015,196,515,24,21.17,0,0,.419,11.91
105,2015,196,530,23.8,21.05,0,0,.466,11.9
105,2015,196,545,23.63,21.05,0,0,.504,11.9
105,2015,196,600,23.49,21.05,0,0,.541,11.89
105,2015,196,615,23.37,21.04,0,0,.568,11.89
105,2015,196,630,23.27,21.15,0,0,.59,11.89
105,2015,196,645,23.19,22.1,0,0,.601,11.9
105,2015,196,700,23.23,23.24,0,0,.601,11.91
105,2015,196,715,23.39,23.82,0,0,.601,11.92
105,2015,196,730,23.66,24.61,0,0,.591,11.94
105,2015,196,745,24,25.32,0,0,.58,11.96
105,2015,196,800,24.38,25.78,0,0,.567,11.97
105,2015,196,815,24.8,26.36,0,0,.556,11.98
105,2015,196,830,25.25,26.92,0,0,.546,11.99
105,2015,196,845,25.71,27.07,0,0,.537,11.99
105,2015,196,900,26.15,27.46,0,0,.528,11.99
105,2015,196,915,26.56,27.62,0,0,.52,11.98
105,2015,196,930,26.96,28.64,0,0,.512,11.99
105,2015,196,945,27.4,28.54,0,0,.504,11.99
105,2015,196,1000,27.83,29.41,0,0,.498,11.99
105,2015,196,1015,28.29,30.01,0,0,.49,12
105,2015,196,1030,28.79,28.97,0,0,.485,12.01
105,2015,196,1045,29.1,27.9,0,0,.48,12
105,2015,196,1100,29.21,28.15,0,0,.475,11.99
105,2015,196,1115,29.26,28.11,0,0,.471,11.99
105,2015,196,1130,29.34,29.46,0,0,.466,11.99
105,2015,196,1145,29.56,30.53,0,0,.461,12
105,2015,196,1200,29.87,28.8,0,0,.458,12
105,2015,196,1215,30.05,29.31,0,0,.453,12
105,2015,196,1230,30.17,28.23,0,0,.451,11.99
105,2015,196,1245,30.22,29.19,0,0,.448,11.99
105,2015,196,1300,30.34,29.54,0,0,.444,11.99
105,2015,196,1315,30.5,28.87,0,0,.442,11.99
105,2015,196,1330,30.55,27.76,0,0,.439,11.98
105,2015,196,1345,30.45,27.42,0,0,.436,11.99
105,2015,196,1400,30.28,26.77,0,0,.434,11.97
105,2015,196,1415,30.07,27.43,0,0,.432,11.96
105,2015,196,1430,29.94,28.03,0,0,.429,11.97
105,2015,196,1445,29.92,28.03,0,0,.427,11.96
105,2015,196,1500,29.95,28.53,0,0,.424,11.96
105,2015,196,1515,30.02,28.55,0,0,.422,11.97
105,2015,196,1530,30.12,29.63,0,0,.419,11.98
105,2015,196,1545,30.32,30.58,0,0,.417,12
105,2015,196,1600,30.61,29.74,0,0,.415,12.01
105,2015,196,1615,30.79,30.96,0,0,.412,12.01
105,2015,196,1630,30.99,31.29,0,0,.41,12.02
105,2015,196,1645,31.19,30.49,0,0,.408,12.02
105,2015,196,1700,31.34,30.69,0,0,.405,12.02
105,2015,196,1715,31.5,29.31,0,0,.404,12.02
105,2015,196,1730,31.51,28.68,0,0,.404,12.01
105,2015,196,1745,31.39,28.06,0,0,.403,12.01
105,2015,196,1800,31.19,27.71,0,0,.402,12
105,2015,196,1815,30.95,27.36,0,0,.401,12
105,2015,196,1830,30.71,27.14,0,0,.399,12
105,2015,196,1845,30.5,27.64,0,0,.398,11.99
105,2015,196,1900,30.31,27.74,0,0,.397,12
105,2015,196,1915,30.11,27.45,0,0,.395,12
105,2015,196,1930,29.92,27.16,0,0,.394,11.99
105,2015,196,1945,29.74,26.87,0,0,.394,11.99
105,2015,196,2000,29.55,26.24,0,0,.392,11.99
105,2015,196,2015,29.34,26.24,0,0,.392,11.98
105,2015,196,2030,29.14,26.14,0,0,.39,11.96
105,2015,196,2045,28.95,25.77,0,0,.389,11.95
105,2015,196,2100,28.73,25.39,0,0,.388,11.94
105,2015,196,2115,28.48,24.95,0,0,.387,11.92
105,2015,196,2130,28.19,24.59,0,0,.386,11.91
105,2015,196,2145,27.88,24.28,0,0,.385,11.91
105,2015,196,2200,27.57,24.06,0,0,.384,11.9
105,2015,196,2215,27.29,24.05,0,0,.383,11.88
105,2015,196,2230,27.04,23.85,0,0,.382,11.87
105,2015,196,2245,26.81,23.41,0,0,.381,11.86
105,2015,196,2300,26.56,23.13,0,0,.38,11.86
105,2015,196,2315,26.3,22.91,0,0,.38,11.85
105,2015,196,2330,26.04,22.69,0,0,.378,11.85
105,2015,196,2345,25.8,22.38,0,0,.377,11.85
105,2015,197,0,25.54,22.15,0,0,.376,11.84
105,2015,197,15,25.29,21.93,0,0,.376,11.82
105,2015,197,30,25.03,21.7,0,0,.375,11.81
105,2015,197,45,24.78,21.52,0,0,.374,11.8
105,2015,197,100,24.53,21.2,0,0,.373,11.79
105,2015,197,115,24.28,21.03,0,0,.373,11.8
105,2015,197,130,24.04,20.88,0,0,.372,11.79
105,2015,197,145,23.82,20.86,0,0,.371,11.79
105,2015,197,200,23.64,20.79,0,0,.369,11.79
105,2015,197,215,23.48,20.61,0,0,.369,11.78
105,2015,197,230,23.32,20.46,0,0,.368,11.78
105,2015,197,245,23.16,20.55,0,0,.367,11.76
105,2015,197,300,23.04,20.7,0,0,.366,11.79
105,2015,197,315,22.97,20.7,0,0,.366,11.8
105,2015,197,330,22.92,20.62,0,0,.365,11.79
105,2015,197,345,22.85,20.52,0,0,.365,11.77
105,2015,197,400,22.78,20.32,0,0,.364,11.78
105,2015,197,415,22.69,20.02,0,0,.363,11.79
105,2015,197,430,22.57,19.94,0,0,.362,11.8
105,2015,197,445,22.45,19.89,0,0,.362,11.79
105,2015,197,500,22.33,19.83,0,0,.361,11.77
105,2015,197,515,22.22,19.75,0,0,.361,11.76
105,2015,197,530,22.12,19.72,0,0,.359,11.75
105,2015,197,545,22.03,19.37,0,0,.359,11.76
105,2015,197,600,21.91,18.95,0,0,.358,11.76
105,2015,197,615,21.75,18.66,0,0,.357,11.78
105,2015,197,630,21.56,18.65,0,0,.357,11.8
105,2015,197,645,21.39,18.82,0,0,.357,11.81
105,2015,197,700,21.27,19.27,0,0,.356,11.78
105,2015,197,715,21.2,19.95,0,0,.354,11.77
105,2015,197,730,21.21,20.84,0,0,.354,11.79
105,2015,197,745,21.32,21.19,0,0,.354,11.82
105,2015,197,800,21.49,21.53,0,0,.352,11.82
105,2015,197,815,21.69,22.22,0,0,.351,11.84
105,2015,197,830,21.96,23.1,0,0,.349,11.87
105,2015,197,845,22.3,23.61,0,0,.348,11.9
105,2015,197,900,22.68,24.19,0,0,.346,11.91
105,2015,197,915,23.07,24.45,0,0,.346,11.92
105,2015,197,930,23.46,24.78,0,0,.345,11.92
105,2015,197,945,23.84,25.13,0,0,.345,11.93
105,2015,197,1000,24.22,25.83,0,0,.344,11.95
105,2015,197,1015,24.6,25.25,0,0,.343,11.94
105,2015,197,1030,24.94,26.47,0,0,.341,11.95
105,2015,197,1045,25.32,27.19,0,0,.341,11.97
105,2015,197,1100,25.72,26.66,0,0,.34,11.98
105,2015,197,1115,26.07,27.59,0,0,.339,11.98
105,2015,197,1130,26.42,27.88,0,0,.338,11.99
105,2015,197,1145,26.79,27.6,0,0,.337,11.99
105,2015,197,1200,27.12,28.02,0,0,.336,11.99
105,2015,197,1215,27.46,28.65,0,0,.335,12
105,2015,197,1230,27.78,28.95,0,0,.334,12
105,2015,197,1245,28.1,28.89,0,0,.333,12
105,2015,197,1300,28.4,29.22,0,0,.332,12.01
105,2015,197,1315,28.68,29.58,0,0,.331,12.01
105,2015,197,1330,28.95,29.3,0,0,.331,12.02
105,2015,197,1345,29.17,29.43,0,0,.329,12.01
105,2015,197,1400,29.37,29.96,0,0,.328,12.02
105,2015,197,1415,29.57,29.32,0,0,.326,12.02
105,2015,197,1430,29.7,29.17,0,0,.326,12.01
105,2015,197,1445,29.79,29.22,0,0,.325,12.01
105,2015,197,1500,29.87,29.22,0,0,.324,12.01
105,2015,197,1515,29.92,29.1,0,0,.323,12.01
105,2015,197,1530,29.93,29.22,0,0,.322,12.01
105,2015,197,1545,29.92,28.98,0,0,.322,12.01
105,2015,197,1600,29.91,29.02,0,0,.321,12.01
105,2015,197,1615,29.9,28.79,0,0,.32,12
105,2015,197,1630,29.84,29.15,0,0,.319,12.01
105,2015,197,1645,29.77,28.06,0,0,.319,12
105,2015,197,1700,29.68,28.12,0,0,.318,12
105,2015,197,1715,29.58,26.51,0,0,.318,12
105,2015,197,1730,29.36,25.55,0,0,.318,11.98
105,2015,197,1745,29,24.91,0,0,.318,11.96
105,2015,197,1800,28.58,24.69,0,0,.318,11.95
105,2015,197,1815,28.17,24.43,0,0,.317,11.94
105,2015,197,1830,27.77,24.04,0,0,.317,11.93
105,2015,197,1845,27.4,23.96,0,0,.318,11.92
105,2015,197,1900,27.07,23.79,0,0,.318,11.92
105,2015,197,1915,26.77,23.38,0,0,.318,11.93
105,2015,197,1930,26.47,23.17,0,0,.318,11.93
105,2015,197,1945,26.16,22.75,0,0,.317,11.92
105,2015,197,2000,25.87,22.4,0,0,.318,11.91
105,2015,197,2015,25.56,21.86,0,0,.318,11.91
105,2015,197,2030,25.22,21.65,0,0,.317,11.92
105,2015,197,2045,24.86,21.32,0,0,.317,11.91
105,2015,197,2100,24.48,20.54,0,0,.317,11.9
105,2015,197,2115,24.1,20.37,0,0,.317,11.89
105,2015,197,2130,23.77,20.44,0,0,.317,11.88
105,2015,197,2145,23.48,20,0,0,.317,11.87
105,2015,197,2200,23.17,20.01,0,0,.316,11.87
105,2015,197,2215,22.9,19.51,0,0,.316,11.87
105,2015,197,2230,22.64,19.42,0,0,.316,11.86
105,2015,197,2245,22.39,19.16,0,0,.317,11.86
105,2015,197,2300,22.17,18.9,0,0,.316,11.85
105,2015,197,2315,21.99,18.91,0,0,.317,11.85
105,2015,197,2330,21.8,18.77,0,0,.316,11.84
105,2015,197,2345,21.61,18.67,0,0,.316,11.84
105,2015,198,0,21.42,18.64,0,0,.316,11.84
105,2015,198,15,21.23,18.28,0,0,.315,11.84
105,2015,198,30,21.06,18.26,0,0,.315,11.83
105,2015,198,45,20.9,18.4,0,0,.315,11.83
105,2015,198,100,20.81,18.76,0,0,.315,11.82
105,2015,198,115,20.8,18.87,0,0,.315,11.83
105,2015,198,130,20.81,19.17,0,0,.314,11.83
105,2015,198,145,20.85,19.23,0,0,.314,11.83
105,2015,198,200,20.91,19.37,0,0,.313,11.83
105,2015,198,215,20.98,19.5,0,0,.313,11.83
105,2015,198,230,21.04,19.59,0,0,.313,11.83
105,2015,198,245,21.11,19.84,0,0,.313,11.84
105,2015,198,300,21.2,19.9,0,0,.313,11.85
105,2015,198,315,21.32,19.88,0,0,.312,11.85
105,2015,198,330,21.43,19.87,0,0,.312,11.84
105,2015,198,345,21.52,19.93,0,0,.311,11.85
105,2015,198,400,21.57,20.02,0,0,.311,11.86
105,2015,198,415,21.55,19.9,0,0,.325,11.86
105,2015,198,430,21.5,19.8,0,0,.409,11.87
105,2015,198,445,21.45,19.66,0,0,.536,11.87
105,2015,198,500,21.44,19.61,0,0,.667,11.86
105,2015,198,515,21.41,19.53,0,0,.816,11.86
105,2015,198,530,21.21,19.51,0,0,.992,11.85
105,2015,198,545,21.05,19.52,0,0,1.146,11.85
105,2015,198,600,20.93,19.53,0,0,1.243,11.85
105,2015,198,615,20.81,19.48,0,0,1.282,11.85
105,2015,198,630,20.69,19.62,0,0,1.284,11.84
105,2015,198,645,20.56,19.82,0,0,1.28,11.84
105,2015,198,700,20.45,20.46,0,0,1.272,11.85
105,2015,198,715,20.4,21.27,0,0,1.271,11.86
105,2015,198,730,20.45,22.54,0,0,1.27,11.88
105,2015,198,745,20.62,23.53,0,0,1.251,11.91
105,2015,198,800,20.92,23.94,0,0,1.222,11.94
105,2015,198,815,21.32,25.63,0,0,1.177,11.96
105,2015,198,830,21.8,26.09,0,0,1.131,11.98
105,2015,198,845,22.37,26.5,0,0,1.082,11.99
105,2015,198,900,22.99,27.29,0,0,1.036,12
105,2015,198,915,23.64,28.27,0,0,.989,12
105,2015,198,930,24.32,28.04,0,0,.949,12.01
105,2015,198,945,24.98,27.11,0,0,.912,12.01
105,2015,198,1000,25.51,27.12,0,0,.875,12.01
105,2015,198,1015,25.94,28.2,0,0,.837,12.01
105,2015,198,1030,26.4,27.83,0,0,.804,12
105,2015,198,1045,26.86,26.78,0,0,.773,12
105,2015,198,1100,27.19,25.98,0,0,.744,11.99
105,2015,198,1115,27.36,26.53,0,0,.716,11.99
105,2015,198,1130,27.46,27.37,0,0,.687,11.99
105,2015,198,1145,27.61,27.72,0,0,.664,11.99
105,2015,198,1200,27.81,26.82,0,0,.643,11.99
105,2015,198,1215,27.97,27.11,0,0,.622,11.99
105,2015,198,1230,28.12,27.32,0,0,.604,11.99
105,2015,198,1245,28.06,27.32,0,0,.589,11.98
105,2015,198,1300,28.12,28.49,0,0,.574,11.98
105,2015,198,1315,28.36,28.99,0,0,.56,11.99
105,2015,198,1330,28.67,29.34,0,0,.549,12
105,2015,198,1345,28.97,29.47,0,0,.539,12
105,2015,198,1400,29.26,29.09,0,0,.531,12
105,2015,198,1415,29.5,29.2,0,0,.521,12
105,2015,198,1430,29.69,28.77,0,0,.514,12
105,2015,198,1445,29.79,28.69,0,0,.505,12
105,2015,198,1500,29.87,29.03,0,0,.498,12
105,2015,198,1515,29.95,28.62,0,0,.491,12
105,2015,198,1530,29.99,28.58,0,0,.485,12
105,2015,198,1545,30,28.92,0,0,.48,12
105,2015,198,1600,30.02,28.71,0,0,.476,12
105,2015,198,1615,30.04,28.79,0,0,.471,12
105,2015,198,1630,30.06,28.26,0,0,.468,12
105,2015,198,1645,30.06,28.74,0,0,.464,12
105,2015,198,1700,30.07,28.02,0,0,.462,12
105,2015,198,1715,30.02,27.85,0,0,.461,12
105,2015,198,1730,29.93,27.79,0,0,.462,12
105,2015,198,1745,29.87,27.74,0,0,.462,12
105,2015,198,1800,29.81,27.71,0,0,.466,12
105,2015,198,1815,29.75,27.39,0,0,.482,11.99
105,2015,198,1830,29.69,27.47,0,0,.504,12
105,2015,198,1845,29.63,27.25,0,0,.532,12
105,2015,198,1900,29.55,26.97,0,0,.559,11.99
105,2015,198,1915,29.43,26.23,0,0,.579,11.99
105,2015,198,1930,29.22,25.64,0,0,.588,11.98
105,2015,198,1945,28.96,25.57,0,0,.589,11.97
105,2015,198,2000,28.72,25.53,0,0,.588,11.96
105,2015,198,2015,28.51,25.33,0,0,.586,11.96
105,2015,198,2030,28.34,25.41,0,0,.579,11.95
105,2015,198,2045,28.2,25.27,0,0,.57,11.95
105,2015,198,2100,28.07,25.11,0,0,.56,11.94
105,2015,198,2115,27.93,24.81,0,0,.552,11.94
105,2015,198,2130,27.78,24.59,0,0,.544,11.94
105,2015,198,2145,27.63,24.13,0,0,.536,11.94
105,2015,198,2200,27.46,23.88,0,0,.528,11.94
105,2015,198,2215,27.26,23.86,0,0,.52,11.94
105,2015,198,2230,27.06,23.79,0,0,.512,11.94
105,2015,198,2245,26.9,23.95,0,0,.506,11.93
105,2015,198,2300,26.82,24.22,0,0,.5,11.93
105,2015,198,2315,26.78,24.58,0,0,.494,11.93
105,2015,198,2330,26.79,24.42,0,0,.488,11.93
105,2015,198,2345,26.8,24.45,0,0,.483,11.94
105,2015,199,0,26.78,24.22,0,0,.479,11.94
105,2015,199,15,26.75,24.4,0,0,.474,11.94
105,2015,199,30,26.72,24.15,0,0,.47,11.94
105,2015,199,45,26.69,24.19,0,0,.467,11.95
105,2015,199,100,26.65,24.05,0,0,.462,11.95
105,2015,199,115,26.6,24.09,0,0,.46,11.95
105,2015,199,130,26.57,24.02,0,0,.456,11.95
105,2015,199,145,26.54,24.05,0,0,.454,11.94
105,2015,199,200,26.51,24.09,0,0,.45,11.94
105,2015,199,215,26.48,24.06,0,0,.447,11.94
105,2015,199,230,26.46,23.97,0,0,.445,11.94
105,2015,199,245,26.43,23.91,0,0,.443,11.94
105,2015,199,300,26.41,24.04,0,0,.44,11.94
105,2015,199,315,26.38,23.98,0,0,.437,11.94
105,2015,199,330,26.35,23.94,0,0,.435,11.94
105,2015,199,345,26.32,23.84,0,0,.433,11.94
105,2015,199,400,26.29,23.71,0,0,.431,11.94
105,2015,199,415,26.25,23.65,0,0,.429,11.95
105,2015,199,430,26.2,23.94,0,0,.427,11.95
105,2015,199,445,26.16,23.69,0,0,.426,11.95
105,2015,199,500,26.12,23.82,0,0,.426,11.96
105,2015,199,515,26.08,23.66,0,0,.426,11.96
105,2015,199,530,26.04,23.59,0,0,.426,11.96
105,2015,199,545,25.99,23.46,0,0,.432,11.95
105,2015,199,600,25.9,23.28,0,0,.468,11.94
105,2015,199,615,25.8,23.28,0,0,.538,11.94
105,2015,199,630,25.69,23.26,0,0,.633,11.94
105,2015,199,645,25.6,23.18,0,0,.736,11.95
105,2015,199,700,25.53,23.43,0,0,.829,11.95
105,2015,199,715,25.5,23.75,0,0,.897,11.95
105,2015,199,730,25.51,23.68,0,0,.938,11.95
105,2015,199,745,25.79,25.13,0,0,.961,11.96
105,2015,199,800,26.77,26.31,0,0,.965,11.97
105,2015,199,815,28.12,26.1,0,0,.96,11.98
105,2015,199,830,29.5,26.93,0,0,.932,11.99
105,2015,199,845,30.82,27.97,0,0,.899,11.99
105,2015,199,900,32.1,28.45,0,0,.865,12
105,2015,199,915,33.32,29.16,0,0,.831,12.01
105,2015,199,930,34.5,29.55,0,0,.8,12.01
105,2015,199,945,35.6,29.65,0,0,.772,12.01
105,2015,199,1000,36.57,28.67,0,0,.747,12.02
105,2015,199,1015,37.34,27.48,0,0,.722,12.01
105,2015,199,1030,37.84,27.28,0,0,.698,12
105,2015,199,1045,38.16,27.37,0,0,.676,12
105,2015,199,1100,38.41,27.27,0,0,.655,12
105,2015,199,1115,38.63,28.42,0,0,.636,12
105,2015,199,1130,38.94,29.5,0,0,.616,12.01
105,2015,199,1145,39.37,28.81,0,0,.601,12.01
105,2015,199,1200,39.8,30.23,0,0,.586,12.01
105,2015,199,1215,40.22,30.64,0,0,.571,12.01
105,2015,199,1230,40.75,30.94,0,0,.56,12.01
105,2015,199,1245,41.29,31.39,0,0,.548,12.02
105,2015,199,1300,41.83,31.07,0,0,.54,12.02
105,2015,199,1315,42.23,30.53,0,0,.532,12.02
105,2015,199,1330,42.54,30.54,0,0,.524,12.02
105,2015,199,1345,42.79,31.04,0,0,.516,12.02
105,2015,199,1400,43.07,31.88,0,0,.509,12.02
105,2015,199,1415,43.4,32.43,0,0,.5,12.02
105,2015,199,1430,43.79,33.39,0,0,.493,12.03
105,2015,199,1445,44.23,33.53,0,0,.488,12.03
105,2015,199,1500,44.67,33.51,0,0,.482,12.04
105,2015,199,1515,45.07,34.32,0,0,.476,12.04
105,2015,199,1530,45.47,33.93,0,0,.472,12.04
105,2015,199,1545,45.79,33.61,0,0,.468,12.04
105,2015,199,1600,46.01,32.2,0,0,.465,12.04
105,2015,199,1615,46.11,33.03,0,0,.461,12.03
105,2015,199,1630,46.19,33.36,0,0,.457,12.03
105,2015,199,1645,46.3,33.58,0,0,.454,12.04
105,2015,199,1700,46.43,32.97,0,0,.45,12.04
105,2015,199,1715,46.5,30.97,0,0,.449,12.03
105,2015,199,1730,46.39,30.18,0,0,.448,12.02
105,2015,199,1745,46.09,29.55,0,0,.446,12.02
105,2015,199,1800,45.69,29.14,0,0,.444,12.01
105,2015,199,1815,45.24,28.91,0,0,.442,12.01
105,2015,199,1830,44.78,28.59,0,0,.44,12.01
105,2015,199,1845,44.33,28.63,0,0,.438,12
105,2015,199,1900,43.91,28.46,0,0,.435,12
105,2015,199,1915,43.51,28.37,0,0,.434,12
105,2015,199,1930,43.14,28.17,0,0,.433,12
105,2015,199,1945,42.79,27.81,0,0,.434,12
105,2015,199,2000,42.45,27.68,0,0,.433,12
105,2015,199,2015,42.12,27.46,0,0,.433,11.99
105,2015,199,2030,41.79,26.92,0,0,.433,11.99
105,2015,199,2045,41.44,26.43,0,0,.433,11.98
105,2015,199,2100,41.09,26.14,0,0,.433,11.98
105,2015,199,2115,40.72,25.81,0,0,.434,11.98
105,2015,199,2130,40.37,25.62,0,0,.433,11.98
105,2015,199,2145,40.06,25.64,0,0,.433,11.98
105,2015,199,2200,39.77,25.39,0,0,.433,11.97
105,2015,199,2215,39.5,25.4,0,0,.432,11.97
105,2015,199,2230,39.25,25.36,0,0,.431,11.98
105,2015,199,2245,39.05,25.4,0,0,.429,11.97
105,2015,199,2300,38.87,25.4,0,0,.428,11.98
105,2015,199,2315,38.72,25.28,0,0,.427,11.98
105,2015,199,2330,38.57,25.14,0,0,.425,11.98
105,2015,199,2345,38.43,24.92,0,0,.423,11.98
105,2015,200,0,38.3,24.96,0,0,.422,11.98
105,2015,200,15,38.18,25.1,0,0,.42,11.98
105,2015,200,30,38.07,25.06,0,0,.419,11.98
105,2015,200,45,37.97,24.89,0,0,.417,11.98
105,2015,200,100,37.87,24.8,0,0,.416,11.98
105,2015,200,115,37.78,24.83,0,0,.415,11.98
105,2015,200,130,37.7,24.89,0,0,.413,11.98
105,2015,200,145,37.64,25.01,0,0,.411,11.97
105,2015,200,200,37.58,24.85,0,0,.41,11.97
105,2015,200,215,37.53,24.75,0,0,.409,11.97
105,2015,200,230,37.48,24.83,0,0,.407,11.97
105,2015,200,245,37.42,24.69,0,0,.407,11.97
105,2015,200,300,37.37,24.85,0,0,.405,11.97
105,2015,200,315,37.34,24.74,0,0,.404,11.97
105,2015,200,330,37.31,24.82,0,0,.402,11.97
105,2015,200,345,37.28,24.75,0,0,.401,11.96
105,2015,200,400,37.23,24.57,0,0,.4,11.97
105,2015,200,415,37.18,24.58,0,0,.399,11.97
105,2015,200,430,37.13,24.53,0,0,.398,11.97
105,2015,200,445,37.07,24.51,0,0,.397,11.97
105,2015,200,500,37.02,24.47,0,0,.395,11.97
105,2015,200,515,36.97,24.48,0,0,.394,11.97
105,2015,200,530,36.94,24.55,0,0,.393,11.97
105,2015,200,545,36.92,24.76,0,0,.392,11.96
105,2015,200,600,36.9,24.62,0,0,.392,11.96
105,2015,200,615,36.86,24.51,0,0,.39,11.97
105,2015,200,630,36.82,24.67,0,0,.389,11.97
105,2015,200,645,36.82,25.21,0,0,.388,11.97
105,2015,200,700,36.87,26.22,0,0,.387,11.98
105,2015,200,715,37.03,27.11,0,0,.387,11.98
105,2015,200,730,37.29,27.58,0,0,.387,11.99
105,2015,200,745,37.65,28.49,0,0,.386,12
105,2015,200,800,38.09,28.52,0,0,.387,12.01
105,2015,200,815,38.56,29.28,0,0,.387,12.01
105,2015,200,830,39.05,30.49,0,0,.387,12.02
105,2015,200,845,39.64,31.43,0,0,.388,12.03
105,2015,200,900,40.3,32.3,0,0,.39,12.03
105,2015,200,915,41.02,33.13,0,0,.401,12.04
105,2015,200,930,41.78,33.26,0,0,.411,12.05
105,2015,200,945,42.53,34.09,0,0,.419,12.05
105,2015,200,1000,43.27,35.1,0,0,.422,12.05
105,2015,200,1015,43.99,34.57,0,0,.422,12.05
105,2015,200,1030,44.69,36.33,0,0,.423,12.05
105,2015,200,1045,45.4,36.15,0,0,.423,12.06
105,2015,200,1100,46.12,36.79,0,0,.423,12.06
105,2015,200,1115,46.76,35.76,0,0,.423,12.06
105,2015,200,1130,47.23,36.77,0,0,.423,12.06
105,2015,200,1145,47.63,34.38,0,0,.423,12.05
105,2015,200,1200,47.88,35.94,0,0,.423,12.05
105,2015,200,1215,48.11,35.93,0,0,.423,12.05
105,2015,200,1230,48.3,35.27,0,0,.423,12.05
105,2015,200,1245,48.46,35.16,0,0,.422,12.05
105,2015,200,1300,48.55,35.95,0,0,.422,12.05
105,2015,200,1315,48.7,36.78,0,0,.422,12.05
105,2015,200,1330,48.92,35.39,0,0,.421,12.05
105,2015,200,1345,49.09,34.73,0,0,.421,12.04
105,2015,200,1400,49.11,35.7,0,0,.418,12.05
105,2015,200,1415,49.12,35.76,0,0,.415,12.04
105,2015,200,1430,49.15,35.77,0,0,.413,12.05
105,2015,200,1445,49.21,35.87,0,0,.411,12.05
105,2015,200,1500,49.27,35.56,0,0,.41,12.04
105,2015,200,1515,49.31,35.88,0,0,.407,12.05
105,2015,200,1530,49.35,35.96,0,0,.406,12.05
105,2015,200,1545,49.38,35.78,0,0,.404,12.05
105,2015,200,1600,49.42,35.39,0,0,.402,12.05
105,2015,200,1615,49.39,34.85,0,0,.401,12.05
105,2015,200,1630,49.32,34.7,0,0,.4,12.04
105,2015,200,1645,49.24,34.78,0,0,.398,12.04
105,2015,200,1700,49.14,34.76,0,0,.396,12.04
105,2015,200,1715,49.04,33.17,0,0,.395,12.04
105,2015,200,1730,48.88,32.54,0,0,.395,12.03
105,2015,200,1745,48.58,31.95,0,0,.395,12.03
105,2015,200,1800,48.2,31.5,0,0,.395,12.02
105,2015,200,1815,47.78,31.44,0,0,.394,12.02
105,2015,200,1830,47.38,31.41,0,0,.393,12.02
105,2015,200,1845,46.97,30.89,0,0,.392,12.02
105,2015,200,1900,46.55,30.47,0,0,.392,12.02
105,2015,200,1915,46.12,30.03,0,0,.39,12.02
105,2015,200,1930,45.68,29.88,0,0,.39,12.02
105,2015,200,1945,45.26,29.63,0,0,.388,12.01
105,2015,200,2000,44.84,29.4,0,0,.388,12.01
105,2015,200,2015,44.43,28.76,0,0,.387,12.01
105,2015,200,2030,44,28.67,0,0,.386,12.01
105,2015,200,2045,43.59,28.24,0,0,.385,12.01
105,2015,200,2100,43.19,28.09,0,0,.385,12
105,2015,200,2115,42.81,27.76,0,0,.384,12
105,2015,200,2130,42.45,27.56,0,0,.383,12
105,2015,200,2145,42.1,27.49,0,0,.382,12
105,2015,200,2200,41.79,27.31,0,0,.381,12
105,2015,200,2215,41.5,27.25,0,0,.38,12
105,2015,200,2230,41.23,27.4,0,0,.38,12
105,2015,200,2245,41,27,0,0,.379,12
105,2015,200,2300,40.78,27.02,0,0,.377,12
105,2015,200,2315,40.59,26.75,0,0,.377,12
105,2015,200,2330,40.41,26.64,0,0,.376,12
105,2015,200,2345,40.23,26.35,0,0,.375,12
105,2015,201,0,40.08,26.33,0,0,.375,12
105,2015,201,15,39.91,26.31,0,0,.374,11.99
105,2015,201,30,39.76,26.2,0,0,.374,11.99
105,2015,201,45,39.62,26.39,0,0,.373,11.99
105,2015,201,100,39.51,26.34,0,0,.372,11.99
105,2015,201,115,39.42,26.34,0,0,.371,11.99
105,2015,201,130,39.35,26.36,0,0,.371,11.99
105,2015,201,145,39.29,26.44,0,0,.37,11.99
105,2015,201,200,39.24,26.3,0,0,.369,11.99
105,2015,201,215,39.17,26.47,0,0,.368,11.99
105,2015,201,230,39.1,26.07,0,0,.367,11.99
105,2015,201,245,39.02,25.85,0,0,.367,11.99
105,2015,201,300,38.93,25.5,0,0,.366,11.99
105,2015,201,315,38.85,25.78,0,0,.366,11.99
105,2015,201,330,38.76,25.78,0,0,.365,11.98
105,2015,201,345,38.68,25.67,0,0,.364,11.99
105,2015,201,400,38.62,25.69,0,0,.363,11.99
105,2015,201,415,38.58,25.71,0,0,.363,11.99
105,2015,201,430,38.56,25.79,0,0,.363,11.99
105,2015,201,445,38.55,25.68,0,0,.361,11.99
105,2015,201,500,38.54,25.7,0,0,.362,11.99
105,2015,201,515,38.53,25.73,0,0,.36,11.99
105,2015,201,530,38.52,25.79,0,0,.359,11.99
105,2015,201,545,38.52,25.81,0,0,.359,11.99
105,2015,201,600,38.52,25.8,0,0,.359,11.99
105,2015,201,615,38.52,25.84,0,0,.358,11.99
105,2015,201,630,38.5,25.83,0,0,.358,11.99
105,2015,201,645,38.46,26.12,0,0,.358,11.99
105,2015,201,700,38.45,26.32,0,0,.357,11.99
105,2015,201,715,38.47,26.53,0,0,.356,11.99
105,2015,201,730,38.52,26.77,0,0,.356,11.99
105,2015,201,745,38.62,28.56,0,0,.355,12
105,2015,201,800,38.86,29.74,0,0,.354,12
105,2015,201,815,39.27,29.27,0,0,.352,12.01
105,2015,201,830,39.72,28.58,0,0,.352,12.01
105,2015,201,845,40.06,28.65,0,0,.352,12.01
105,2015,201,900,40.3,30.75,0,0,.352,12.02
105,2015,201,915,40.69,31.73,0,0,.35,12.02
105,2015,201,930,41.24,32.61,0,0,.35,12.03
105,2015,201,945,41.89,33.21,0,0,.35,12.03
105,2015,201,1000,42.6,33.49,0,0,.35,12.04
105,2015,201,1015,43.3,34.1,0,0,.35,12.04
105,2015,201,1030,43.89,34.14,0,0,.35,12.04
105,2015,201,1045,44.45,34.44,0,0,.35,12.04
105,2015,201,1100,45,34.86,0,0,.35,12.04
105,2015,201,1115,45.45,35.22,0,0,.35,12.04
105,2015,201,1130,45.83,35.75,0,0,.35,12.04
105,2015,201,1145,46.27,35.02,0,0,.349,12.05
105,2015,201,1200,46.7,36.34,0,0,.348,12.05
105,2015,201,1215,47.14,36.67,0,0,.347,12.05
105,2015,201,1230,47.59,35.92,0,0,.346,12.05
105,2015,201,1245,47.9,36.18,0,0,.346,12.05
105,2015,201,1300,48.23,35.92,0,0,.346,12.05
105,2015,201,1315,48.53,35.78,0,0,.346,12.05
105,2015,201,1330,48.78,36.1,0,0,.346,12.05
105,2015,201,1345,48.97,36.29,0,0,.345,12.05
105,2015,201,1400,49.13,36.39,0,0,.344,12.06
105,2015,201,1415,49.27,35.88,0,0,.344,12.06
105,2015,201,1430,49.39,34.88,0,0,.344,12.05
105,2015,201,1445,49.45,34.84,0,0,.343,12.05
105,2015,201,1500,49.45,34.28,0,0,.343,12.05
105,2015,201,1515,49.37,34.63,0,0,.342,12.04
105,2015,201,1530,49.25,33.41,0,0,.341,12.04
105,2015,201,1545,49.07,34.39,0,0,.341,12.04
105,2015,201,1600,48.9,35.15,0,0,.339,12.04
105,2015,201,1615,48.77,35.08,0,0,.338,12.05
105,2015,201,1630,48.68,34.8,0,0,.337,12.05
105,2015,201,1645,48.61,34.34,0,0,.335,12.04
105,2015,201,1700,48.61,33.63,0,0,.335,12.04
105,2015,201,1715,48.6,32.41,0,0,.335,12.04
105,2015,201,1730,48.47,32.09,0,0,.335,12.04
105,2015,201,1745,48.23,31.64,0,0,.335,12.03
105,2015,201,1800,47.93,31.43,0,0,.334,12.03
105,2015,201,1815,47.6,31.12,0,0,.334,12.02
105,2015,201,1830,47.25,30.76,0,0,.334,12.02
105,2015,201,1845,46.89,30.5,0,0,.334,12.02
105,2015,201,1900,46.54,30.17,0,0,.334,12.02
105,2015,201,1915,46.18,30,0,0,.334,12.02
105,2015,201,1930,45.84,29.94,0,0,.334,12.02
105,2015,201,1945,45.53,29.7,0,0,.334,12.02
105,2015,201,2000,45.21,29.26,0,0,.334,12.01
105,2015,201,2015,44.89,29.17,0,0,.334,12.01
105,2015,201,2030,44.58,28.88,0,0,.334,12.01
105,2015,201,2045,44.27,28.5,0,0,.334,12.01
105,2015,201,2100,43.96,28.26,0,0,.334,12.01
105,2015,201,2115,43.66,28.02,0,0,.334,12.01
105,2015,201,2130,43.34,27.71,0,0,.334,12
105,2015,201,2145,43.04,27.6,0,0,.333,12
105,2015,201,2200,42.75,27.5,0,0,.333,12
105,2015,201,2215,42.47,27.35,0,0,.333,12
105,2015,201,2230,42.2,27.13,0,0,.333,12
105,2015,201,2245,41.93,27.04,0,0,.333,12
105,2015,201,2300,41.67,26.86,0,0,.332,12
105,2015,201,2315,41.41,26.72,0,0,.332,11.99
105,2015,201,2330,41.17,26.27,0,0,.332,11.99
105,2015,201,2345,40.92,25.94,0,0,.332,11.99
105,2015,202,0,40.69,25.79,0,0,.331,11.99
105,2015,202,15,40.46,25.81,0,0,.331,11.99
105,2015,202,30,40.26,25.67,0,0,.33,11.99
105,2015,202,45,40.08,25.55,0,0,.33,11.99
105,2015,202,100,39.9,25.43,0,0,.33,11.99
105,2015,202,115,39.75,25.45,0,0,.33,11.99
105,2015,202,130,39.6,25.35,0,0,.33,11.99
105,2015,202,145,39.46,25.15,0,0,.33,11.99
105,2015,202,200,39.32,25.32,0,0,.329,11.99
105,2015,202,215,39.2,25.51,0,0,.329,11.99
105,2015,202,230,39.1,25.42,0,0,.329,11.99
105,2015,202,245,39.02,25.56,0,0,.328,11.99
105,2015,202,300,38.98,25.51,0,0,.328,11.99
105,2015,202,315,38.95,25.45,0,0,.328,11.99
105,2015,202,330,38.91,25.28,0,0,.328,11.99
105,2015,202,345,38.86,25.27,0,0,.327,11.99
105,2015,202,400,38.81,25.24,0,0,.327,11.99
105,2015,202,415,38.77,25.25,0,0,.327,11.99
105,2015,202,430,38.73,25.4,0,0,.327,11.99
105,2015,202,445,38.67,25.19,0,0,.327,11.99
105,2015,202,500,38.61,25.36,0,0,.327,11.99
105,2015,202,515,38.55,25.41,0,0,.326,11.98
105,2015,202,530,38.5,25.5,0,0,.326,11.98
105,2015,202,545,38.45,25.44,0,0,.326,11.98
105,2015,202,600,38.39,25.18,0,0,.326,11.98
105,2015,202,615,38.34,25.09,0,0,.327,11.98
105,2015,202,630,38.31,25.04,0,0,.325,11.98
105,2015,202,645,38.29,25.42,0,0,.325,11.98
105,2015,202,700,38.27,25.53,0,0,.325,11.98
105,2015,202,715,38.28,25.46,0,0,.325,11.98
105,2015,202,730,38.31,26.08,0,0,.324,11.98
105,2015,202,745,38.4,26.42,0,0,.323,11.99
105,2015,202,800,38.54,26.77,0,0,.323,11.99
105,2015,202,815,38.7,27.43,0,0,.322,11.99
105,2015,202,830,38.94,28.5,0,0,.321,12
105,2015,202,845,39.26,28.71,0,0,.32,12
105,2015,202,900,39.65,28.27,0,0,.319,12.01
105,2015,202,915,40.01,28.79,0,0,.32,12.01
105,2015,202,930,40.33,28.7,0,0,.319,12.01
105,2015,202,945,40.62,28.87,0,0,.319,12.01
105,2015,202,1000,40.89,28.95,0,0,.319,12.01
105,2015,202,1015,41.13,29.15,0,0,.319,12.01
105,2015,202,1030,41.38,31.25,0,0,.318,12.02
105,2015,202,1045,41.75,30.97,0,0,.318,12.02
105,2015,202,1100,42.18,31.35,0,0,.317,12.03
105,2015,202,1115,42.6,31.85,0,0,.316,12.03
105,2015,202,1130,43.03,30.11,0,0,.316,12.03
105,2015,202,1145,43.33,30.46,0,0,.316,12.02
105,2015,202,1200,43.53,30.36,0,0,.316,12.02
105,2015,202,1215,43.68,29.91,0,0,.316,12.02
105,2015,202,1230,43.77,30.43,0,0,.316,12.02
105,2015,202,1245,43.84,29.93,0,0,.316,12.02
105,2015,202,1300,43.87,29.16,0,0,.316,12.01
105,2015,202,1315,43.83,28.94,0,0,.316,12.01
105,2015,202,1330,43.73,29.71,0,0,.316,12.01
105,2015,202,1345,43.66,30.45,0,0,.315,12.01
105,2015,202,1400,43.7,31.3,0,0,.314,12.02
105,2015,202,1415,43.87,31.92,0,0,.313,12.02
105,2015,202,1430,44.13,33.1,0,0,.313,12.03
105,2015,202,1445,44.5,33.22,0,0,.311,12.03
105,2015,202,1500,44.85,32.61,0,0,.31,12.03
105,2015,202,1515,45.14,32.26,0,0,.31,12.03
105,2015,202,1530,45.36,31.44,0,0,.31,12.03
105,2015,202,1545,45.48,31.6,0,0,.31,12.03
105,2015,202,1600,45.5,30.92,0,0,.309,12.02
105,2015,202,1615,45.46,30.84,0,0,.31,12.02
105,2015,202,1630,45.41,30.66,0,0,.31,12.02
105,2015,202,1645,45.34,31.94,0,0,.309,12.02
105,2015,202,1700,45.37,32.62,0,0,.306,12.03
105,2015,202,1715,45.54,31,0,0,.305,12.03
105,2015,202,1730,45.64,30.11,0,0,.306,12.02
105,2015,202,1745,45.54,29.63,0,0,.305,12.02
105,2015,202,1800,45.3,29.7,0,0,.306,12.02
105,2015,202,1815,45.03,30.11,0,0,.306,12.01
105,2015,202,1830,44.78,29.75,0,0,.306,12.01
105,2015,202,1845,44.54,29.66,0,0,.306,12.01
105,2015,202,1900,44.32,29.66,0,0,.306,12.01
105,2015,202,1915,44.12,29.16,0,0,.306,12.01
105,2015,202,1930,43.9,28.76,0,0,.306,12.01
105,2015,202,1945,43.64,28.29,0,0,.305,12.01
105,2015,202,2000,43.33,27.81,0,0,.306,12
105,2015,202,2015,42.97,27.55,0,0,.306,12
105,2015,202,2030,42.59,27.27,0,0,.306,12
105,2015,202,2045,42.19,26.89,0,0,.306,12
105,2015,202,2100,41.79,26.63,0,0,.305,12
105,2015,202,2115,41.39,26.27,0,0,.305,11.99
105,2015,202,2130,41,25.95,0,0,.305,11.99
105,2015,202,2145,40.62,25.8,0,0,.305,11.99
105,2015,202,2200,40.27,25.41,0,0,.305,11.98
105,2015,202,2215,39.95,25.54,0,0,.305,11.98
105,2015,202,2230,39.54,25.38,0,0,.305,11.96
105,2015,202,2245,39.13,25.54,0,0,.305,11.96
105,2015,202,2300,38.77,30.82,0,0,.304,11.96
105,2015,202,2315,38.43,35.62,0,0,.305,11.96
105,2015,202,2330,38.1,33.76,0,0,.304,11.95
105,2015,202,2345,37.77,36.2,0,0,.304,11.95
105,2015,203,0,37.45,39.22,0,0,.304,11.95
105,2015,203,15,37.16,36.12,0,0,.304,11.94
105,2015,203,30,36.89,35.98,0,0,.303,11.94
105,2015,203,45,36.65,37.75,0,0,.304,11.94
105,2015,203,100,36.42,37.86,0,0,.304,11.94
105,2015,203,115,36.21,34.25,0,0,.304,11.95
105,2015,203,130,36,23.25,0,0,.305,11.94
105,2015,203,145,35.79,22.82,0,0,.304,11.94
105,2015,203,200,35.61,22.51,0,0,.305,11.93
105,2015,203,215,35.42,22.5,0,0,.305,11.93
105,2015,203,230,35.23,22.4,0,0,.304,11.92
105,2015,203,245,35.05,22.04,0,0,.305,11.92
105,2015,203,300,34.85,21.85,0,0,.305,11.92
105,2015,203,315,34.68,21.87,0,0,.306,11.92
105,2015,203,330,34.52,21.77,0,0,.306,11.92
105,2015,203,345,34.37,21.46,0,0,.305,11.91
105,2015,203,400,34.22,21.18,0,0,.305,11.91
105,2015,203,415,34.03,20.9,0,0,.305,11.91
105,2015,203,430,33.83,20.58,0,0,.305,11.9
105,2015,203,445,33.61,20.33,0,0,.305,11.89
105,2015,203,500,33.39,20.04,0,0,.305,11.89
105,2015,203,515,33.16,19.86,0,0,.305,11.88
105,2015,203,530,32.92,19.54,0,0,.305,11.88
105,2015,203,545,32.68,19.12,0,0,.305,11.87
105,2015,203,600,32.44,19.16,0,0,.305,11.87
105,2015,203,615,32.2,19.02,0,0,.305,11.87
105,2015,203,630,31.98,19.54,0,0,.305,11.87
105,2015,203,645,31.82,20.15,0,0,.305,11.87
105,2015,203,700,31.76,20.5,0,0,.305,11.88
105,2015,203,715,31.8,21.23,0,0,.305,11.89
105,2015,203,730,31.96,21.89,0,0,.305,11.91
105,2015,203,745,32.23,22.44,0,0,.305,11.92
105,2015,203,800,32.61,23.1,0,0,.306,11.94
105,2015,203,815,33.07,23.74,0,0,.306,11.96
105,2015,203,830,33.6,24.54,0,0,.306,11.97
105,2015,203,845,34.19,25.07,0,0,.306,11.98
105,2015,203,900,34.82,25.54,0,0,.306,11.98
105,2015,203,915,35.43,26.31,0,0,.306,11.99
105,2015,203,930,36.06,27.3,0,0,.306,12
105,2015,203,945,36.7,27.52,0,0,.305,12
105,2015,203,1000,37.18,28.19,0,0,.305,12
105,2015,203,1015,37.63,28.16,0,0,.306,12
105,2015,203,1030,38.04,28.81,0,0,.306,12
105,2015,203,1045,38.61,29.71,0,0,.305,12.01
105,2015,203,1100,39.19,29.64,0,0,.305,12.01
105,2015,203,1115,39.74,30.78,0,0,.305,12.02
105,2015,203,1130,40.36,31.21,0,0,.305,12.02
105,2015,203,1145,41,31.69,0,0,.304,12.02
105,2015,203,1200,41.62,31.45,0,0,.304,12.02
105,2015,203,1215,42.18,31.65,0,0,.303,12.03
105,2015,203,1230,42.7,32.18,0,0,.302,12.03
105,2015,203,1245,43.17,32.05,0,0,.302,12.03
105,2015,203,1300,43.57,32.26,0,0,.302,12.03
105,2015,203,1315,43.94,32.16,0,0,.3,12.02
105,2015,203,1330,44.23,32.16,0,0,.3,12.02
105,2015,203,1345,44.55,31.83,0,0,.299,12.02
105,2015,203,1400,44.84,31.21,0,0,.299,12.02
105,2015,203,1415,45.06,31.47,0,0,.297,12.02
105,2015,203,1430,45.23,30.6,0,0,.297,12.01
105,2015,203,1445,45.3,31.81,0,0,.296,12.01
105,2015,203,1500,45.35,31.33,0,0,.295,12.01
105,2015,203,1515,45.4,31.92,0,0,.294,12.01
105,2015,203,1530,45.5,31.1,0,0,.294,12.01
105,2015,203,1545,45.55,30.81,0,0,.293,12.01
105,2015,203,1600,45.55,30.99,0,0,.292,12.01
105,2015,203,1615,45.59,30.83,0,0,.291,12.01
105,2015,203,1630,45.61,30.46,0,0,.29,12.01
105,2015,203,1645,45.59,30.01,0,0,.29,12.01
105,2015,203,1700,45.54,28.73,0,0,.29,12.01
105,2015,203,1715,45.4,27.69,0,0,.29,12
105,2015,203,1730,45.08,26.81,0,0,.29,11.99
105,2015,203,1745,44.61,26.67,0,0,.29,11.99
105,2015,203,1800,44.09,26.07,0,0,.29,11.98
105,2015,203,1815,43.56,25.88,0,0,.29,11.98
105,2015,203,1830,43.01,25.57,0,0,.29,11.98
105,2015,203,1845,42.47,25.39,0,0,.29,11.97
105,2015,203,1900,41.94,25.09,0,0,.289,11.97
105,2015,203,1915,41.42,24.84,0,0,.289,11.96
105,2015,203,1930,40.93,24.72,0,0,.29,11.96
105,2015,203,1945,40.46,24.38,0,0,.289,11.95
105,2015,203,2000,40.05,24.02,0,0,.289,11.95
105,2015,203,2015,39.66,23.51,0,0,.289,11.95
105,2015,203,2030,39.26,22.97,0,0,.289,11.94
105,2015,203,2045,38.86,22.58,0,0,.289,11.94
105,2015,203,2100,38.44,21.99,0,0,.289,11.93
105,2015,203,2115,38.03,21.72,0,0,.289,11.92
105,2015,203,2130,37.62,21.52,0,0,.289,11.92
105,2015,203,2145,37.23,21.54,0,0,.289,11.91
105,2015,203,2200,36.86,21.62,0,0,.289,11.91
105,2015,203,2215,36.5,21.62,0,0,.289,11.9
105,2015,203,2230,36.15,21.19,0,0,.289,11.89
105,2015,203,2245,35.83,20.94,0,0,.288,11.88
105,2015,203,2300,35.53,20.85,0,0,.288,11.88
105,2015,203,2315,35.25,20.59,0,0,.289,11.87
105,2015,203,2330,34.99,20.21,0,0,.288,11.88
105,2015,203,2345,34.73,19.89,0,0,.288,11.88
105,2015,204,0,34.49,19.56,0,0,.288,11.88
105,2015,204,15,34.26,19.49,0,0,.288,11.88
105,2015,204,30,34.03,19.46,0,0,.288,11.87
105,2015,204,45,33.8,19.37,0,0,.288,11.87
105,2015,204,100,33.58,19.01,0,0,.288,11.87
105,2015,204,115,33.38,18.79,0,0,.288,11.87
105,2015,204,130,33.18,19.02,0,0,.288,11.86
105,2015,204,145,33,18.94,0,0,.288,11.86
105,2015,204,200,32.83,18.92,0,0,.288,11.86
105,2015,204,215,32.69,18.68,0,0,.288,11.86
105,2015,204,230,32.57,18.45,0,0,.288,11.86
105,2015,204,245,32.43,18.26,0,0,.288,11.85
105,2015,204,300,32.3,18.47,0,0,.288,11.85
105,2015,204,315,32.19,18.33,0,0,.288,11.85
105,2015,204,330,32.09,18.33,0,0,.288,11.85
105,2015,204,345,31.99,18.41,0,0,.288,11.84
105,2015,204,400,31.9,18.48,0,0,.288,11.85
105,2015,204,415,31.82,18.34,0,0,.288,11.84
105,2015,204,430,31.73,18.18,0,0,.288,11.84
105,2015,204,445,31.64,18.18,0,0,.287,11.84
105,2015,204,500,31.56,18.07,0,0,.288,11.84
105,2015,204,515,31.48,18.25,0,0,.288,11.84
105,2015,204,530,31.43,18.02,0,0,.287,11.83
105,2015,204,545,31.36,17.87,0,0,.287,11.83
105,2015,204,600,31.28,17.97,0,0,.287,11.82
105,2015,204,615,31.2,17.86,0,0,.287,11.82
105,2015,204,630,31.13,17.99,0,0,.287,11.81
105,2015,204,645,31.06,17.98,0,0,.288,11.81
105,2015,204,700,31,18.19,0,0,.288,11.81
105,2015,204,715,30.98,19.29,0,0,.287,11.82
105,2015,204,730,31.06,21.59,0,0,.287,11.86
105,2015,204,745,31.35,22.13,0,0,.287,11.88
105,2015,204,800,31.82,23.3,0,0,.286,11.9
105,2015,204,815,32.42,23.86,0,0,.284,11.93
105,2015,204,830,33.04,23.92,0,0,.284,11.94
105,2015,204,845,33.54,24.68,0,0,.284,11.94
105,2015,204,900,33.87,25.41,0,0,.284,11.94
105,2015,204,915,34.28,26.03,0,0,.283,11.96
105,2015,204,930,34.79,26.33,0,0,.282,11.96
105,2015,204,945,35.28,26.69,0,0,.282,11.97
105,2015,204,1000,35.79,27.58,0,0,.281,11.97
105,2015,204,1015,36.32,28.4,0,0,.281,11.98
105,2015,204,1030,36.93,28.61,0,0,.28,11.99
105,2015,204,1045,37.51,28.84,0,0,.279,11.99
105,2015,204,1100,38.08,28.94,0,0,.279,11.99
105,2015,204,1115,38.63,29.99,0,0,.278,11.99
105,2015,204,1130,39.29,29.89,0,0,.277,12
105,2015,204,1145,39.84,30.29,0,0,.277,12
105,2015,204,1200,40.34,30.53,0,0,.276,12
105,2015,204,1215,40.92,30.95,0,0,.276,12
105,2015,204,1230,41.44,30.93,0,0,.275,12.01
105,2015,204,1245,41.82,31.31,0,0,.274,12
105,2015,204,1300,42.17,31.08,0,0,.273,12.01
105,2015,204,1315,42.46,30.55,0,0,.272,12
105,2015,204,1330,42.53,30.82,0,0,.273,12
105,2015,204,1345,42.65,31.2,0,0,.271,12
105,2015,204,1400,42.93,31.63,0,0,.271,12.01
105,2015,204,1415,43.17,31,0,0,.27,12
105,2015,204,1430,43.34,30.78,0,0,.269,12.01
105,2015,204,1445,43.41,30.79,0,0,.269,12
105,2015,204,1500,43.39,30.96,0,0,.268,12
105,2015,204,1515,43.44,31.18,0,0,.266,12.01
105,2015,204,1530,43.54,31.07,0,0,.266,12.01
105,2015,204,1545,43.61,30.87,0,0,.264,12.01
105,2015,204,1600,43.66,30.39,0,0,.264,12
105,2015,204,1615,43.53,30.73,0,0,.264,12
105,2015,204,1630,43.51,31.18,0,0,.263,12.01
105,2015,204,1645,43.68,31.18,0,0,.262,12.01
105,2015,204,1700,43.91,30.4,0,0,.261,12.01
105,2015,204,1715,44.08,28.42,0,0,.26,12.01
105,2015,204,1730,44.02,27.29,0,0,.26,12
105,2015,204,1745,43.71,26.87,0,0,.26,11.99
105,2015,204,1800,43.3,26.67,0,0,.26,11.98
105,2015,204,1815,42.85,26.23,0,0,.26,11.98
105,2015,204,1830,42.4,25.75,0,0,.26,11.98
105,2015,204,1845,41.97,25.2,0,0,.26,11.97
105,2015,204,1900,41.55,25,0,0,.26,11.97
105,2015,204,1915,41.13,24.59,0,0,.26,11.96
105,2015,204,1930,40.71,24.56,0,0,.26,11.95
105,2015,204,1945,40.29,23.98,0,0,.26,11.95
105,2015,204,2000,39.89,23.94,0,0,.26,11.95
105,2015,204,2015,39.49,23.48,0,0,.26,11.95
105,2015,204,2030,39.08,22.73,0,0,.259,11.94
105,2015,204,2045,38.65,22.51,0,0,.26,11.93
105,2015,204,2100,38.22,22.01,0,0,.26,11.93
105,2015,204,2115,37.77,21.42,0,0,.259,11.92
105,2015,204,2130,37.33,21.19,0,0,.26,11.91
105,2015,204,2145,36.9,20.79,0,0,.26,11.91
105,2015,204,2200,36.48,20.49,0,0,.26,11.9
105,2015,204,2215,36.08,20.37,0,0,.259,11.9
105,2015,204,2230,35.69,19.76,0,0,.259,11.89
105,2015,204,2245,35.34,19.58,0,0,.259,11.89
105,2015,204,2300,35,19.17,0,0,.259,11.88
105,2015,204,2315,34.66,19.03,0,0,.259,11.88
105,2015,204,2330,34.33,18.85,0,0,.259,11.87
105,2015,204,2345,34.01,18.53,0,0,.259,11.87
105,2015,205,0,33.72,18.62,0,0,.259,11.86
105,2015,205,15,33.44,18.12,0,0,.259,11.86
105,2015,205,30,33.17,17.92,0,0,.259,11.85
105,2015,205,45,32.92,17.84,0,0,.259,11.85
105,2015,205,100,32.67,17.61,0,0,.259,11.85
105,2015,205,115,32.43,17.47,0,0,.259,11.84
105,2015,205,130,32.2,17.49,0,0,.259,11.84
105,2015,205,145,31.98,17.52,0,0,.259,11.83
105,2015,205,200,31.77,16.84,0,0,.259,11.83
105,2015,205,215,31.57,17.23,0,0,.259,11.83
105,2015,205,230,31.37,16.63,0,0,.259,11.82
105,2015,205,245,31.17,16.43,0,0,.259,11.81
105,2015,205,300,30.98,16.3,0,0,.259,11.81
105,2015,205,315,30.8,16.24,0,0,.259,11.81
105,2015,205,330,30.63,16.24,0,0,.259,11.8
105,2015,205,345,30.47,16.09,0,0,.259,11.8
105,2015,205,400,30.32,16.04,0,0,.259,11.8
105,2015,205,415,30.17,16.12,0,0,.259,11.8
105,2015,205,430,30.04,16.21,0,0,.259,11.8
105,2015,205,445,29.91,16.04,0,0,.259,11.8
105,2015,205,500,29.79,15.87,0,0,.259,11.8
105,2015,205,515,29.68,16.04,0,0,.259,11.8
105,2015,205,530,29.58,15.96,0,0,.259,11.8
105,2015,205,545,29.49,15.9,0,0,.259,11.8
105,2015,205,600,29.4,15.81,0,0,.259,11.79
105,2015,205,615,29.31,16.03,0,0,.259,11.79
105,2015,205,630,29.24,16.54,0,0,.259,11.79
105,2015,205,645,29.21,17.27,0,0,.259,11.79
105,2015,205,700,29.27,18.67,0,0,.259,11.82
105,2015,205,715,29.48,19.96,0,0,.259,11.84
105,2015,205,730,29.85,20.85,0,0,.259,11.86
105,2015,205,745,30.36,22.01,0,0,.258,11.89
105,2015,205,800,31,22.89,0,0,.257,11.92
105,2015,205,815,31.75,23.62,0,0,.256,11.94
105,2015,205,830,32.54,24.65,0,0,.255,11.96
105,2015,205,845,33.36,25.22,0,0,.254,11.97
105,2015,205,900,34.07,25.83,0,0,.254,11.97
105,2015,205,915,34.65,26.49,0,0,.254,11.97
105,2015,205,930,35.17,27.21,0,0,.253,11.97
105,2015,205,945,35.66,28.42,0,0,.253,11.98
105,2015,205,1000,36.28,28.85,0,0,.252,11.99
105,2015,205,1015,36.98,29.66,0,0,.251,11.99
105,2015,205,1030,37.75,30.14,0,0,.251,12
105,2015,205,1045,38.5,30.72,0,0,.25,12
105,2015,205,1100,39.18,30.5,0,0,.25,12
105,2015,205,1115,39.79,31.13,0,0,.249,12.01
105,2015,205,1130,40.4,31.31,0,0,.248,12.01
105,2015,205,1145,40.98,31.74,0,0,.248,12.01
105,2015,205,1200,41.61,31.28,0,0,.247,12.02
105,2015,205,1215,42.05,31.42,0,0,.246,12.01
105,2015,205,1230,42.32,31.84,0,0,.245,12.01
105,2015,205,1245,42.59,31.61,0,0,.245,12.01
105,2015,205,1300,42.81,32.26,0,0,.243,12.01
105,2015,205,1315,43.04,31.99,0,0,.243,12.01
105,2015,205,1330,43.31,32.64,0,0,.242,12.02
105,2015,205,1345,43.73,32.24,0,0,.241,12.02
105,2015,205,1400,44.14,32.31,0,0,.24,12.02
105,2015,205,1415,44.51,32.58,0,0,.239,12.02
105,2015,205,1430,44.85,32.5,0,0,.237,12.02
105,2015,205,1445,45.12,32.2,0,0,.236,12.02
105,2015,205,1500,45.28,31.99,0,0,.234,12.02
105,2015,205,1515,45.42,32.42,0,0,.234,12.02
105,2015,205,1530,45.51,31.96,0,0,.232,12.02
105,2015,205,1545,45.54,31.94,0,0,.232,12.02
105,2015,205,1600,45.52,32.31,0,0,.231,12.02
105,2015,205,1615,45.52,31.72,0,0,.229,12.02
105,2015,205,1630,45.48,31.09,0,0,.229,12.01
105,2015,205,1645,45.4,30.7,0,0,.227,12.01
105,2015,205,1700,45.33,30.68,0,0,.227,12.01
105,2015,205,1715,45.24,28.41,0,0,.226,12.01
105,2015,205,1730,44.99,26.96,0,0,.227,12
105,2015,205,1745,44.58,27.12,0,0,.227,11.99
105,2015,205,1800,44.1,26.83,0,0,.226,11.98
105,2015,205,1815,43.61,26.59,0,0,.226,11.98
105,2015,205,1830,43.11,25.96,0,0,.226,11.98
105,2015,205,1845,42.63,25.12,0,0,.227,11.97
105,2015,205,1900,42.14,25.13,0,0,.227,11.97
105,2015,205,1915,41.68,25.58,0,0,.226,11.97
105,2015,205,1930,41.29,25.59,0,0,.226,11.97
105,2015,205,1945,40.99,25.28,0,0,.226,11.97
105,2015,205,2000,40.72,24.95,0,0,.226,11.97
105,2015,205,2015,40.45,24.39,0,0,.226,11.97
105,2015,205,2030,40.14,24.09,0,0,.226,11.96
105,2015,205,2045,39.77,23.1,0,0,.226,11.95
105,2015,205,2100,39.33,22.07,0,0,.226,11.94
105,2015,205,2115,38.87,22.23,0,0,.227,11.93
105,2015,205,2130,38.39,21.87,0,0,.226,11.93
105,2015,205,2145,37.9,21.43,0,0,.226,11.92
105,2015,205,2200,37.42,20.83,0,0,.227,11.91
105,2015,205,2215,36.95,20.11,0,0,.227,11.9
105,2015,205,2230,36.51,20.73,0,0,.226,11.9
105,2015,205,2245,36.1,20.09,0,0,.226,11.9
105,2015,205,2300,35.72,19.5,0,0,.226,11.89
105,2015,205,2315,35.37,19.79,0,0,.226,11.89
105,2015,205,2330,35.04,19.97,0,0,.226,11.89
105,2015,205,2345,34.74,19.45,0,0,.226,11.89
105,2015,206,0,34.47,19.59,0,0,.226,11.88
105,2015,206,15,34.22,19.39,0,0,.226,11.88
105,2015,206,30,33.99,19.06,0,0,.226,11.88
105,2015,206,45,33.77,19.08,0,0,.226,11.88
105,2015,206,100,33.57,18.39,0,0,.226,11.87
105,2015,206,115,33.37,18.7,0,0,.226,11.87
105,2015,206,130,33.17,18.11,0,0,.226,11.86
105,2015,206,145,32.97,18.02,0,0,.226,11.86
105,2015,206,200,32.78,18.06,0,0,.226,11.86
105,2015,206,215,32.59,18.4,0,0,.226,11.85
105,2015,206,230,32.43,18.16,0,0,.226,11.85
105,2015,206,245,32.26,18.01,0,0,.226,11.85
105,2015,206,300,32.12,17.43,0,0,.226,11.85
105,2015,206,315,31.97,17.9,0,0,.226,11.84
105,2015,206,330,31.83,17.82,0,0,.226,11.85
105,2015,206,345,31.7,17.59,0,0,.226,11.85
105,2015,206,400,31.58,17.53,0,0,.226,11.84
105,2015,206,415,31.45,17.37,0,0,.226,11.84
105,2015,206,430,31.31,17.69,0,0,.226,11.83
105,2015,206,445,31.2,17.08,0,0,.226,11.83
105,2015,206,500,31.1,16.98,0,0,.226,11.83
105,2015,206,515,31,17.49,0,0,.226,11.83
105,2015,206,530,30.92,17.15,0,0,.226,11.84
105,2015,206,545,30.87,17.07,0,0,.226,11.84
105,2015,206,600,30.82,17.23,0,0,.226,11.83
105,2015,206,615,30.77,17.18,0,0,.226,11.83
105,2015,206,630,30.73,17.95,0,0,.226,11.83
105,2015,206,645,30.75,18.35,0,0,.226,11.84
105,2015,206,700,30.83,19.12,0,0,.226,11.85
105,2015,206,715,31.01,20.29,0,0,.226,11.86
105,2015,206,730,31.31,21.12,0,0,.224,11.88
105,2015,206,745,31.71,22.45,0,0,.224,11.89
105,2015,206,800,32.22,22.8,0,0,.224,11.91
105,2015,206,815,32.78,23.87,0,0,.223,11.93
105,2015,206,830,33.43,26.01,0,0,.222,11.96
105,2015,206,845,34.23,26.48,0,0,.221,11.98
105,2015,206,900,35.13,27.33,0,0,.221,11.98
105,2015,206,915,36,28.64,0,0,.219,11.99
105,2015,206,930,36.93,29.36,0,0,.218,12
105,2015,206,945,37.91,30.72,0,0,.218,12.01
105,2015,206,1000,38.9,30.83,0,0,.216,12.01
105,2015,206,1015,39.85,30.4,0,0,.216,12.02
105,2015,206,1030,40.6,31.68,0,0,.215,12.02
105,2015,206,1045,41.3,31.96,0,0,.214,12.02
105,2015,206,1100,42,31.32,0,0,.213,12.02
105,2015,206,1115,42.59,30.8,0,0,.213,12.02
105,2015,206,1130,43.04,32.28,0,0,.212,12.02
105,2015,206,1145,43.49,32.71,0,0,.211,12.02
105,2015,206,1200,43.96,31.44,0,0,.21,12.02
105,2015,206,1215,44.34,31.75,0,0,.209,12.02
105,2015,206,1230,44.65,32.23,0,0,.208,12.02
105,2015,206,1245,44.94,33.23,0,0,.207,12.02
105,2015,206,1300,45.28,33.38,0,0,.205,12.03
105,2015,206,1315,45.61,33.45,0,0,.204,12.03
105,2015,206,1330,45.91,32.94,0,0,.204,12.02
105,2015,206,1345,46.11,33.28,0,0,.203,12.02
105,2015,206,1400,46.3,33.53,0,0,.2,12.02
105,2015,206,1415,46.52,31.67,0,0,.199,12.02
105,2015,206,1430,46.58,31.7,0,0,.199,12.02
105,2015,206,1445,46.54,31.78,0,0,.198,12.02
105,2015,206,1500,46.49,32.57,0,0,.196,12.02
105,2015,206,1515,46.46,32.4,0,0,.195,12.02
105,2015,206,1530,46.38,32.79,0,0,.193,12.02
105,2015,206,1545,46.33,33.26,0,0,.191,12.02
105,2015,206,1600,46.38,32.84,0,0,.19,12.02
105,2015,206,1615,46.41,32.51,0,0,.189,12.02
105,2015,206,1630,46.43,32.49,0,0,.188,12.02
105,2015,206,1645,46.44,31.89,0,0,.187,12.02
105,2015,206,1700,46.39,31.4,0,0,.186,12.02
105,2015,206,1715,46.28,29.72,0,0,.185,12.01
105,2015,206,1730,45.99,28.74,0,0,.185,12
105,2015,206,1745,45.52,28.64,0,0,.185,12
105,2015,206,1800,44.99,28.39,0,0,.185,11.99
105,2015,206,1815,44.48,28.01,0,0,.185,11.99
105,2015,206,1830,43.98,27.77,0,0,.185,11.98
105,2015,206,1845,43.5,27.47,0,0,.185,11.98
105,2015,206,1900,43.09,27.31,0,0,.185,11.98
105,2015,206,1915,42.72,26.59,0,0,.185,11.98
105,2015,206,1930,42.36,26.2,0,0,.185,11.98
105,2015,206,1945,41.99,25.81,0,0,.185,11.98
105,2015,206,2000,41.6,25.27,0,0,.185,11.97
105,2015,206,2015,41.19,25.12,0,0,.185,11.96
105,2015,206,2030,40.79,24.77,0,0,.185,11.96
105,2015,206,2045,40.39,24.64,0,0,.185,11.96
105,2015,206,2100,40.05,24.54,0,0,.185,11.97
105,2015,206,2115,39.73,24.32,0,0,.185,11.96
105,2015,206,2130,39.42,23.88,0,0,.185,11.96
105,2015,206,2145,39.08,23.42,0,0,.185,11.96
105,2015,206,2200,38.73,23.09,0,0,.185,11.95
105,2015,206,2215,38.36,22.72,0,0,.185,11.94
105,2015,206,2230,37.99,22.56,0,0,.185,11.93
105,2015,206,2245,37.64,22.36,0,0,.185,11.93
105,2015,206,2300,37.29,22.37,0,0,.185,11.93
105,2015,206,2315,37,22.32,0,0,.185,11.93
105,2015,206,2330,36.76,22.44,0,0,.185,11.93
105,2015,206,2345,36.58,22.34,0,0,.185,11.93
105,2015,207,0,36.41,22.16,0,0,.185,11.93
105,2015,207,15,36.25,22.06,0,0,.185,11.93
105,2015,207,30,36.07,21.7,0,0,.185,11.93
105,2015,207,45,35.87,21.54,0,0,.185,11.92
105,2015,207,100,35.66,21.36,0,0,.185,11.92
105,2015,207,115,35.45,21.17,0,0,.185,11.92
105,2015,207,130,35.24,21.14,0,0,.185,11.92
105,2015,207,145,35.04,20.94,0,0,.206,11.92
105,2015,207,200,34.85,20.92,0,0,.342,11.91
105,2015,207,215,34.66,20.79,0,0,.423,11.91
105,2015,207,230,34.5,20.89,0,0,.465,11.91
105,2015,207,245,34.37,20.93,0,0,.497,11.91
105,2015,207,300,34.27,20.82,0,0,.529,11.91
105,2015,207,315,34.19,20.67,0,0,.543,11.91
105,2015,207,330,34.11,20.51,0,0,.544,11.91
105,2015,207,345,34.02,20.4,0,0,.544,11.91
105,2015,207,400,33.93,20.62,0,0,.544,11.91
105,2015,207,415,33.86,20.42,0,0,.544,11.91
105,2015,207,430,33.78,20.31,0,0,.542,11.91
105,2015,207,445,33.7,20.19,0,0,.535,11.9
105,2015,207,500,33.62,20.12,0,0,.526,11.9
105,2015,207,515,33.54,19.77,0,0,.519,11.9
105,2015,207,530,33.47,19.93,0,0,.511,11.89
105,2015,207,545,33.41,19.82,0,0,.503,11.89
105,2015,207,600,33.34,19.73,0,0,.497,11.89
105,2015,207,615,33.26,19.67,0,0,.49,11.89
105,2015,207,630,33.18,19.94,0,0,.484,11.89
105,2015,207,645,33.13,20.68,0,0,.478,11.89
105,2015,207,700,33.15,21.65,0,0,.472,11.9
105,2015,207,715,33.29,22.96,0,0,.466,11.92
105,2015,207,730,33.55,23.84,0,0,.461,11.94
105,2015,207,745,33.93,23.98,0,0,.456,11.95
105,2015,207,800,34.37,23.12,0,0,.452,11.96
105,2015,207,815,34.76,23.29,0,0,.449,11.96
105,2015,207,830,35.12,24.88,0,0,.445,11.96
105,2015,207,845,35.55,24.86,0,0,.441,11.97
105,2015,207,900,36.04,25.13,0,0,.438,11.97
105,2015,207,915,36.5,26.28,0,0,.434,11.97
105,2015,207,930,37.01,28.37,0,0,.43,11.98
105,2015,207,945,37.69,29.66,0,0,.426,11.99
105,2015,207,1000,38.53,30.62,0,0,.423,12
105,2015,207,1015,39.43,30.66,0,0,.421,12.01
105,2015,207,1030,40.29,31.34,0,0,.418,12.01
105,2015,207,1045,41.13,32.39,0,0,.415,12.02
105,2015,207,1100,41.96,32.15,0,0,.413,12.02
105,2015,207,1115,42.77,32.54,0,0,.411,12.02
105,2015,207,1130,43.52,33.7,0,0,.41,12.02
105,2015,207,1145,44.24,33.08,0,0,.409,12.02
105,2015,207,1200,44.86,34.11,0,0,.409,12.03
105,2015,207,1215,45.46,33.62,0,0,.409,12.03
105,2015,207,1230,45.98,33.69,0,0,.408,12.03
105,2015,207,1245,46.37,33.46,0,0,.409,12.03
105,2015,207,1300,46.67,33.45,0,0,.409,12.03
105,2015,207,1315,46.88,33.94,0,0,.409,12.02
105,2015,207,1330,47.09,33.82,0,0,.409,12.03
105,2015,207,1345,47.28,33.7,0,0,.41,12.03
105,2015,207,1400,47.36,32.85,0,0,.414,12.02
105,2015,207,1415,47.34,32.48,0,0,.417,12.02
105,2015,207,1430,47.23,32.6,0,0,.417,12.02
105,2015,207,1445,47.15,32.94,0,0,.417,12.02
105,2015,207,1500,47.08,32.81,0,0,.417,12.02
105,2015,207,1515,46.99,32.79,0,0,.417,12.02
105,2015,207,1530,46.92,32.63,0,0,.417,12.02
105,2015,207,1545,46.8,31.94,0,0,.417,12.01
105,2015,207,1600,46.6,32.69,0,0,.418,12.02
105,2015,207,1615,46.48,32.19,0,0,.417,12.02
105,2015,207,1630,46.38,32.33,0,0,.417,12.02
105,2015,207,1645,46.3,31.58,0,0,.416,12.01
105,2015,207,1700,46.18,31.23,0,0,.416,12.01
105,2015,207,1715,45.99,29.98,0,0,.416,12.01
105,2015,207,1730,45.67,29.36,0,0,.415,12
105,2015,207,1745,45.26,28.78,0,0,.415,12
105,2015,207,1800,44.74,28.83,0,0,.413,11.99
105,2015,207,1815,44.28,28.5,0,0,.411,11.99
105,2015,207,1830,43.91,28.35,0,0,.409,11.99
105,2015,207,1845,43.54,28.14,0,0,.408,11.99
105,2015,207,1900,43.21,27.68,0,0,.406,11.99
105,2015,207,1915,42.88,27.32,0,0,.403,11.98
105,2015,207,1930,42.55,27.22,0,0,.402,11.98
105,2015,207,1945,42.23,27.16,0,0,.4,11.98
105,2015,207,2000,41.92,26.92,0,0,.398,11.98
105,2015,207,2015,41.63,26.65,0,0,.396,11.98
105,2015,207,2030,41.34,26.53,0,0,.395,11.97
105,2015,207,2045,41.03,26.32,0,0,.393,11.97
105,2015,207,2100,40.72,25.88,0,0,.392,11.97
105,2015,207,2115,40.42,25.46,0,0,.391,11.97
105,2015,207,2130,40.15,25.33,0,0,.389,11.96
105,2015,207,2145,39.88,25.05,0,0,.387,11.96
105,2015,207,2200,39.62,24.79,0,0,.386,11.96
105,2015,207,2215,39.36,24.6,0,0,.385,11.95
105,2015,207,2230,39.11,24.6,0,0,.384,11.95
105,2015,207,2245,38.88,24.21,0,0,.383,11.96
105,2015,207,2300,38.66,24.25,0,0,.381,11.95
105,2015,207,2315,38.45,24.16,0,0,.38,11.95
105,2015,207,2330,38.25,24.07,0,0,.379,11.95
105,2015,207,2345,38.07,24.13,0,0,.378,11.95
105,2015,208,0,37.92,23.97,0,0,.377,11.95
105,2015,208,15,37.79,23.91,0,0,.377,11.95
105,2015,208,30,37.65,23.83,0,0,.377,11.95
105,2015,208,45,37.55,23.81,0,0,.384,11.95
105,2015,208,100,37.45,23.73,0,0,.427,11.96
105,2015,208,115,37.37,23.75,0,0,.506,11.96
105,2015,208,130,37.3,23.78,0,0,.602,11.95
105,2015,208,145,37.25,23.9,0,0,.706,11.96
105,2015,208,200,37.22,23.92,0,0,.807,11.96
105,2015,208,215,36.91,24.45,0,0,.882,11.96
105,2015,208,230,36.16,24.55,0,0,.927,11.96
105,2015,208,245,35.26,24.6,0,0,.949,11.97
105,2015,208,300,34.34,24.87,0,0,.951,11.97
105,2015,208,315,33.48,24.64,0,0,.945,11.97
105,2015,208,330,32.69,25,0,0,.921,11.97
105,2015,208,345,31.96,24.84,0,0,.89,11.97
105,2015,208,400,31.3,24.68,0,0,.855,11.97
105,2015,208,415,30.7,24.52,0,0,.835,11.97
105,2015,208,430,30.16,24.29,0,0,.824,11.97
105,2015,208,445,29.66,32.58,0,0,.804,11.97
105,2015,208,500,29.19,31.22,0,0,.783,11.96
105,2015,208,515,28.74,27.35,0,0,.762,11.96
105,2015,208,530,28.32,27.46,0,0,.743,11.95
105,2015,208,545,27.94,27.79,0,0,.722,11.95
105,2015,208,600,27.59,28.38,0,0,.699,11.94
105,2015,208,615,27.25,26.21,0,0,.681,11.95
105,2015,208,630,26.93,24.75,0,0,.664,11.95
105,2015,208,645,26.64,24.76,0,0,.65,11.95
105,2015,208,700,26.36,24.72,0,0,.631,11.95
105,2015,208,715,26.12,24.49,0,0,.613,11.96
105,2015,208,730,25.89,24.99,0,0,.608,11.95
105,2015,208,745,25.7,24.45,0,0,.584,11.95
105,2015,208,800,25.54,24.74,0,0,.568,11.95
105,2015,208,815,25.39,24.81,0,0,.556,11.95
105,2015,208,830,25.29,25.35,0,0,.545,11.95
105,2015,208,845,25.24,28.52,0,0,.536,11.96
105,2015,208,900,25.27,26.23,0,0,.526,11.96
105,2015,208,915,25.47,26.37,0,0,.518,11.97
105,2015,208,930,25.83,26.42,0,0,.51,11.98
105,2015,208,945,26.22,26.71,0,0,.503,11.98
105,2015,208,1000,26.62,27.72,0,0,.497,11.99
105,2015,208,1015,27.03,28.3,0,0,.49,11.99
105,2015,208,1030,27.55,29.81,0,0,.483,12
105,2015,208,1045,28.2,28.83,0,0,.478,12
105,2015,208,1100,28.82,28.46,0,0,.473,12
105,2015,208,1115,29.32,29.52,0,0,.469,12
105,2015,208,1130,29.78,29.81,0,0,.465,12.01
105,2015,208,1145,30.21,29.85,0,0,.461,12.01
105,2015,208,1200,30.6,31.16,0,0,.457,12.02
105,2015,208,1215,31.03,30.39,0,0,.453,12.02
105,2015,208,1230,31.44,31.12,0,0,.45,12.02
105,2015,208,1245,31.8,32.37,0,0,.447,12.02
105,2015,208,1300,32.19,31.87,0,0,.444,12.02
105,2015,208,1315,32.64,32.1,0,0,.442,12.02
105,2015,208,1330,33.51,30.32,0,0,.44,12.02
105,2015,208,1345,34.74,31.2,0,0,.438,12.02
105,2015,208,1400,36.05,29.6,0,0,.436,12.01
105,2015,208,1415,37.2,29.66,0,0,.435,12.01
105,2015,208,1430,38.13,29.17,0,0,.433,12.01
105,2015,208,1445,38.84,29.13,0,0,.432,12.01
105,2015,208,1500,39.35,28.53,0,0,.431,12
105,2015,208,1515,39.74,28.46,0,0,.431,12
105,2015,208,1530,40.06,29.41,0,0,.428,12
105,2015,208,1545,40.39,29.99,0,0,.426,12
105,2015,208,1600,40.8,30.67,0,0,.423,12.01
105,2015,208,1615,41.28,31.1,0,0,.421,12.01
105,2015,208,1630,41.79,31.19,0,0,.419,12.01
105,2015,208,1645,42.22,30.39,0,0,.417,12.01
105,2015,208,1700,42.57,30.26,0,0,.416,12.01
105,2015,208,1715,42.84,30.18,0,0,.415,12.01
105,2015,208,1730,43.01,29.49,0,0,.414,12.01
105,2015,208,1745,43.09,28.78,0,0,.414,12
105,2015,208,1800,43.07,28.79,0,0,.412,12
105,2015,208,1815,42.99,28.69,0,0,.41,12
105,2015,208,1830,42.88,28.38,0,0,.409,12
105,2015,208,1845,42.75,28.44,0,0,.407,11.99
105,2015,208,1900,42.63,28.08,0,0,.406,11.99
105,2015,208,1915,42.46,27.68,0,0,.403,11.99
105,2015,208,1930,42.26,27.57,0,0,.403,11.99
105,2015,208,1945,42.03,27.04,0,0,.401,11.99
105,2015,208,2000,41.79,26.98,0,0,.4,11.99
105,2015,208,2015,41.54,26.49,0,0,.399,11.99
105,2015,208,2030,41.28,26.29,0,0,.397,11.99
105,2015,208,2045,41.01,25.91,0,0,.396,11.98
105,2015,208,2100,40.71,25.61,0,0,.394,11.98
105,2015,208,2115,40.4,25.36,0,0,.394,11.98
105,2015,208,2130,40.13,25.45,0,0,.392,11.98
105,2015,208,2145,39.87,25.3,0,0,.391,11.98
105,2015,208,2200,39.65,25.36,0,0,.39,11.98
105,2015,208,2215,39.45,25.19,0,0,.389,11.98
105,2015,208,2230,39.25,25.02,0,0,.387,11.98
105,2015,208,2245,39.07,24.94,0,0,.386,11.98
105,2015,208,2300,38.9,25,0,0,.384,11.97
105,2015,208,2315,38.75,24.63,0,0,.384,11.97
105,2015,208,2330,38.58,24.68,0,0,.382,11.97
105,2015,208,2345,38.4,24.45,0,0,.381,11.97
105,2015,209,0,38.21,24.21,0,0,.38,11.97
105,2015,209,15,38.03,24.09,0,0,.38,11.97
105,2015,209,30,37.86,23.99,0,0,.379,11.97
105,2015,209,45,37.69,23.68,0,0,.378,11.97
105,2015,209,100,37.53,23.61,0,0,.376,11.96
105,2015,209,115,37.35,23.57,0,0,.375,11.96
105,2015,209,130,37.19,23.5,0,0,.374,11.96
105,2015,209,145,37.04,23.25,0,0,.374,11.96
105,2015,209,200,36.9,23.48,0,0,.373,11.96
105,2015,209,215,36.77,23.29,0,0,.372,11.96
105,2015,209,230,36.64,23.24,0,0,.371,11.96
105,2015,209,245,36.52,23.51,0,0,.371,11.95
105,2015,209,300,36.45,23.5,0,0,.371,11.95
105,2015,209,315,36.4,23.51,0,0,.371,11.95
105,2015,209,330,36.37,23.36,0,0,.371,11.95
105,2015,209,345,36.35,23.01,0,0,.371,11.96
105,2015,209,400,36.32,22.83,0,0,.372,11.96
105,2015,209,415,36.27,23.08,0,0,.378,11.96
105,2015,209,430,36.22,22.77,0,0,.393,11.96
105,2015,209,445,36.16,22.85,0,0,.408,11.96
105,2015,209,500,36.09,22.85,0,0,.42,11.95
105,2015,209,515,36.01,22.55,0,0,.43,11.95
105,2015,209,530,35.91,22.57,0,0,.434,11.95
105,2015,209,545,35.8,22.64,0,0,.435,11.95
105,2015,209,600,35.69,22.73,0,0,.435,11.95
105,2015,209,615,35.58,22.59,0,0,.435,11.94
105,2015,209,630,35.49,22.48,0,0,.435,11.94
105,2015,209,645,35.42,22.72,0,0,.435,11.94
105,2015,209,700,35.39,23.61,0,0,.434,11.95
105,2015,209,715,35.46,24.09,0,0,.435,11.96
105,2015,209,730,35.62,24.93,0,0,.434,11.97
105,2015,209,745,35.88,25.57,0,0,.434,11.97
105,2015,209,800,36.26,27.1,0,0,.432,11.98
105,2015,209,815,36.74,27.46,0,0,.43,11.98
105,2015,209,830,37.33,28.61,0,0,.426,11.99
105,2015,209,845,37.98,29.02,0,0,.424,12
105,2015,209,900,38.68,30.07,0,0,.422,12.01
105,2015,209,915,39.39,30.2,0,0,.42,12.01
105,2015,209,930,40.11,31.49,0,0,.418,12.02
105,2015,209,945,40.84,32.21,0,0,.415,12.03
105,2015,209,1000,41.61,32.73,0,0,.413,12.03
105,2015,209,1015,42.4,33.16,0,0,.411,12.04
105,2015,209,1030,43.18,33.38,0,0,.409,12.04
105,2015,209,1045,43.86,33.58,0,0,.407,12.04
105,2015,209,1100,44.46,33.32,0,0,.405,12.03
105,2015,209,1115,45,34.11,0,0,.403,12.03
105,2015,209,1130,45.55,34.53,0,0,.401,12.04
105,2015,209,1145,46.02,34.12,0,0,.399,12.03
105,2015,209,1200,46.44,35.07,0,0,.397,12.04
105,2015,209,1215,46.84,33.89,0,0,.396,12.03
105,2015,209,1230,47.12,33.91,0,0,.394,12.03
105,2015,209,1245,47.34,34.39,0,0,.392,12.03
105,2015,209,1300,47.57,34.38,0,0,.391,12.03
105,2015,209,1315,47.77,33.88,0,0,.39,12.03
105,2015,209,1330,47.92,34.14,0,0,.388,12.03
105,2015,209,1345,48,34.79,0,0,.387,12.03
105,2015,209,1400,48.13,34.38,0,0,.385,12.03
105,2015,209,1415,48.23,34.68,0,0,.382,12.03
105,2015,209,1430,48.35,34.78,0,0,.382,12.03
105,2015,209,1445,48.45,35.16,0,0,.38,12.04
105,2015,209,1500,48.57,34.8,0,0,.378,12.04
105,2015,209,1515,48.63,34.74,0,0,.377,12.04
105,2015,209,1530,48.62,33.69,0,0,.375,12.03
105,2015,209,1545,48.55,34.44,0,0,.374,12.03
105,2015,209,1600,48.47,34,0,0,.372,12.03
105,2015,209,1615,48.4,34.79,0,0,.372,12.03
105,2015,209,1630,48.4,34.58,0,0,.37,12.04
105,2015,209,1645,48.41,32.92,0,0,.368,12.03
105,2015,209,1700,48.35,33.15,0,0,.367,12.03
105,2015,209,1715,48.25,31.93,0,0,.367,12.02
105,2015,209,1730,48.05,31.02,0,0,.367,12.02
105,2015,209,1745,47.68,30.36,0,0,.367,12.01
105,2015,209,1800,47.19,30.12,0,0,.367,12.01
105,2015,209,1815,46.7,29.77,0,0,.367,12.01
105,2015,209,1830,46.21,29.4,0,0,.366,12.01
105,2015,209,1845,45.75,29.37,0,0,.365,12
105,2015,209,1900,45.32,28.82,0,0,.365,12
105,2015,209,1915,44.91,28.5,0,0,.365,12
105,2015,209,1930,44.5,28.17,0,0,.363,12
105,2015,209,1945,44.11,27.69,0,0,.362,12
105,2015,209,2000,43.71,27.52,0,0,.361,12
105,2015,209,2015,43.3,27.25,0,0,.361,11.99
105,2015,209,2030,42.89,26.84,0,0,.361,11.99
105,2015,209,2045,42.48,26.66,0,0,.361,11.99
105,2015,209,2100,42.07,26.4,0,0,.359,11.99
105,2015,209,2115,41.67,26.18,0,0,.359,11.98
105,2015,209,2130,41.27,25.8,0,0,.358,11.98
105,2015,209,2145,40.88,25.69,0,0,.358,11.98
105,2015,209,2200,40.51,25.71,0,0,.358,11.97
105,2015,209,2215,40.18,25.43,0,0,.357,11.97
105,2015,209,2230,39.85,24.98,0,0,.357,11.97
105,2015,209,2245,39.53,24.68,0,0,.356,11.97
105,2015,209,2300,39.23,24.91,0,0,.356,11.97
105,2015,209,2315,38.95,24.58,0,0,.356,11.97
105,2015,209,2330,38.69,24.26,0,0,.355,11.96
105,2015,209,2345,38.45,24.26,0,0,.355,11.96
105,2015,210,0,38.22,24.09,0,0,.354,11.96
105,2015,210,15,38.01,23.66,0,0,.353,11.96
105,2015,210,30,37.82,23.94,0,0,.353,11.96
105,2015,210,45,37.63,23.44,0,0,.352,11.96
105,2015,210,100,37.46,23.44,0,0,.352,11.96
105,2015,210,115,37.3,23.7,0,0,.35,11.96
105,2015,210,130,37.15,23.46,0,0,.35,11.96
105,2015,210,145,37.01,23.42,0,0,.348,11.96
105,2015,210,200,36.87,23.31,0,0,.349,11.96
105,2015,210,215,36.74,23.2,0,0,.347,11.96
105,2015,210,230,36.61,22.81,0,0,.347,11.96
105,2015,210,245,36.5,23.12,0,0,.347,11.96
105,2015,210,300,36.4,22.73,0,0,.347,11.96
105,2015,210,315,36.31,22.81,0,0,.346,11.96
105,2015,210,330,36.22,22.88,0,0,.345,11.96
105,2015,210,345,36.14,22.54,0,0,.345,11.96
105,2015,210,400,36.06,22.65,0,0,.345,11.96
105,2015,210,415,35.99,22.58,0,0,.345,11.96
105,2015,210,430,35.92,22.81,0,0,.345,11.96
105,2015,210,445,35.86,22.75,0,0,.345,11.95
105,2015,210,500,35.79,22.73,0,0,.345,11.95
105,2015,210,515,35.74,22.73,0,0,.345,11.95
105,2015,210,530,35.69,22.57,0,0,.345,11.95
105,2015,210,545,35.64,22.58,0,0,.345,11.95
105,2015,210,600,35.59,22.55,0,0,.349,11.95
105,2015,210,615,35.54,22.47,0,0,.355,11.94
105,2015,210,630,35.5,22.47,0,0,.36,11.95
105,2015,210,645,35.48,23.01,0,0,.364,11.95
105,2015,210,700,35.52,23.66,0,0,.368,11.96
105,2015,210,715,35.64,25.06,0,0,.37,11.97
105,2015,210,730,35.89,25.75,0,0,.371,11.98
105,2015,210,745,36.25,26.09,0,0,.372,11.98
105,2015,210,800,36.7,26.07,0,0,.374,11.99
105,2015,210,815,37.14,28.02,0,0,.374,11.99
105,2015,210,830,37.68,28.76,0,0,.374,12
105,2015,210,845,38.34,30.22,0,0,.374,12
105,2015,210,900,39.12,31.16,0,0,.374,12.01
105,2015,210,915,39.95,31.71,0,0,.374,12.02
105,2015,210,930,40.77,32.67,0,0,.374,12.02
105,2015,210,945,41.59,32.39,0,0,.373,12.03
105,2015,210,1000,42.33,32.27,0,0,.374,12.03
105,2015,210,1015,42.92,33.39,0,0,.374,12.03
105,2015,210,1030,43.53,34.93,0,0,.373,12.04
105,2015,210,1045,44.2,34.7,0,0,.373,12.04
105,2015,210,1100,44.9,33.66,0,0,.372,12.04
105,2015,210,1115,45.48,33.77,0,0,.372,12.04
105,2015,210,1130,45.9,34.84,0,0,.37,12.04
105,2015,210,1145,46.33,34.92,0,0,.368,12.04
105,2015,210,1200,46.76,33.53,0,0,.367,12.04
105,2015,210,1215,47,32.8,0,0,.367,12.03
105,2015,210,1230,47.09,31.89,0,0,.367,12.03
105,2015,210,1245,47.05,33.52,0,0,.366,12.03
105,2015,210,1300,47.06,32.27,0,0,.365,12.03
105,2015,210,1315,47.09,33.86,0,0,.363,12.02
105,2015,210,1330,47.14,32.44,0,0,.363,12.03
105,2015,210,1345,47.18,31.77,0,0,.363,12.02
105,2015,210,1400,47.09,30.84,0,0,.363,12.02
105,2015,210,1415,46.88,31.21,0,0,.362,12.02
105,2015,210,1430,46.64,32.17,0,0,.361,12.02
105,2015,210,1445,46.46,30.95,0,0,.36,12.02
105,2015,210,1500,46.29,30.56,0,0,.36,12.02
105,2015,210,1515,46.06,31.11,0,0,.359,12.01
105,2015,210,1530,45.88,31.88,0,0,.358,12.02
105,2015,210,1545,45.82,32.45,0,0,.357,12.02
105,2015,210,1600,45.89,33.69,0,0,.354,12.02
105,2015,210,1615,46.07,33.91,0,0,.354,12.02
105,2015,210,1630,46.27,33.98,0,0,.352,12.03
105,2015,210,1645,46.51,33.88,0,0,.351,12.03
105,2015,210,1700,46.74,32.86,0,0,.351,12.03
105,2015,210,1715,46.87,31.46,0,0,.351,12.02
105,2015,210,1730,46.82,30.84,0,0,.351,12.02
105,2015,210,1745,46.64,30.56,0,0,.351,12.02
105,2015,210,1800,46.39,30.13,0,0,.351,12.01
105,2015,210,1815,46.09,29.85,0,0,.351,12.01
105,2015,210,1830,45.76,29.51,0,0,.351,12.01
105,2015,210,1845,45.41,29.34,0,0,.351,12
105,2015,210,1900,45.06,29.09,0,0,.35,12
105,2015,210,1915,44.71,28.78,0,0,.349,12
105,2015,210,1930,44.35,28.7,0,0,.349,12
105,2015,210,1945,44.01,28.68,0,0,.349,12
105,2015,210,2000,43.67,28.3,0,0,.348,12
105,2015,210,2015,43.33,27.85,0,0,.347,11.99
105,2015,210,2030,42.98,27.3,0,0,.347,11.99
105,2015,210,2045,42.61,26.92,0,0,.346,11.99
105,2015,210,2100,42.25,26.58,0,0,.346,11.99
105,2015,210,2115,41.88,26.69,0,0,.346,11.99
105,2015,210,2130,41.55,26.29,0,0,.346,11.98
105,2015,210,2145,41.23,26.19,0,0,.345,11.98
105,2015,210,2200,40.92,26.15,0,0,.345,11.98
105,2015,210,2215,40.64,26.07,0,0,.344,11.98
105,2015,210,2230,40.38,25.82,0,0,.344,11.98
105,2015,210,2245,40.15,25.75,0,0,.344,11.98
105,2015,210,2300,39.92,25.51,0,0,.343,11.98
105,2015,210,2315,39.71,25.26,0,0,.343,11.98
105,2015,210,2330,39.5,25.21,0,0,.342,11.98
105,2015,210,2345,39.3,25.24,0,0,.342,11.98
105,2015,211,0,39.12,25.16,0,0,.341,11.97
105,2015,211,15,38.96,25.1,0,0,.34,11.97
105,2015,211,30,38.81,25.06,0,0,.34,11.97
105,2015,211,45,38.67,25.08,0,0,.34,11.97
105,2015,211,100,38.53,24.86,0,0,.34,11.97
105,2015,211,115,38.39,24.78,0,0,.338,11.97
105,2015,211,130,38.29,24.92,0,0,.338,11.97
105,2015,211,145,38.23,25.03,0,0,.337,11.97
105,2015,211,200,38.2,24.92,0,0,.337,11.97
105,2015,211,215,38.17,24.97,0,0,.337,11.97
105,2015,211,230,38.14,25,0,0,.337,11.97
105,2015,211,245,38.13,24.89,0,0,.337,11.98
105,2015,211,300,38.11,24.91,0,0,.335,11.98
105,2015,211,315,38.1,25,0,0,.334,11.97
105,2015,211,330,38.07,24.61,0,0,.335,11.97
105,2015,211,345,38.01,24.45,0,0,.335,11.97
105,2015,211,400,37.92,24.4,0,0,.335,11.97
105,2015,211,415,37.82,24.3,0,0,.339,11.97
105,2015,211,430,37.72,24.24,0,0,.381,11.97
105,2015,211,445,37.61,24.15,0,0,.458,11.97
105,2015,211,500,37.51,24.16,0,0,.531,11.97
105,2015,211,515,37.42,24.16,0,0,.598,11.97
105,2015,211,530,37.36,24.18,0,0,.67,11.97
105,2015,211,545,37.31,24.23,0,0,.732,11.97
105,2015,211,600,37.27,24.23,0,0,.763,11.96
105,2015,211,615,37.23,24.27,0,0,.764,11.97
105,2015,211,630,37.19,24.35,0,0,.756,11.96
105,2015,211,645,37.15,24.5,0,0,.733,11.97
105,2015,211,700,37.15,24.67,0,0,.709,11.97
105,2015,211,715,37.19,24.92,0,0,.686,11.97
105,2015,211,730,37.27,25.05,0,0,.667,11.97
105,2015,211,745,37.37,25.34,0,0,.646,11.97
105,2015,211,800,37.5,26.81,0,0,.627,11.98
105,2015,211,815,37.76,28.17,0,0,.609,11.98
105,2015,211,830,38.2,28.98,0,0,.594,11.99
105,2015,211,845,38.75,28.39,0,0,.58,12
105,2015,211,900,39.27,30.03,0,0,.566,12
105,2015,211,915,39.83,31.06,0,0,.553,12.01
105,2015,211,930,40.47,30.14,0,0,.543,12.01
105,2015,211,945,41.05,31.43,0,0,.533,12.02
105,2015,211,1000,41.64,32.12,0,0,.524,12.02
105,2015,211,1015,42.27,33.11,0,0,.515,12.02
105,2015,211,1030,42.95,33.75,0,0,.506,12.03
105,2015,211,1045,43.69,34.36,0,0,.499,12.03
105,2015,211,1100,44.42,34.4,0,0,.492,12.04
105,2015,211,1115,45.12,35.48,0,0,.486,12.04
105,2015,211,1130,45.81,35.61,0,0,.48,12.04
105,2015,211,1145,46.48,35.82,0,0,.474,12.04