105,2015,211,1200,47.42,34.61,0,0,.47,12.04
105,2015,211,1215,47.5,35.68,0,0,.466,12.05
105,2015,211,1230,47.49,35.44,0,0,.462,12.05
105,2015,211,1245,47.68,36.03,0,0,.457,12.05
105,2015,211,1300,47.9,35.45,0,0,.454,12.05
105,2015,211,1315,48.11,35.47,0,0,.451,12.05
105,2015,211,1330,48.3,35.75,0,0,.448,12.05
105,2015,211,1345,48.44,34.51,0,0,.445,12.05
105,2015,211,1400,48.49,34.63,0,0,.442,12.05
105,2015,211,1415,48.44,34.81,0,0,.438,12.05
105,2015,211,1430,48.38,32.5,0,0,.437,12.05
105,2015,211,1445,48.18,31.67,0,0,.434,12.04
105,2015,211,1500,47.79,29.64,0,0,.433,12.03
105,2015,211,1515,47.18,27.65,0,0,.432,12.02
105,2015,211,1530,46.38,26.99,0,0,.432,12.01
105,2015,211,1545,45.48,27.02,0,0,.43,12
105,2015,211,1600,44.6,26.83,0,0,.429,12
105,2015,211,1615,43.79,27.27,0,0,.426,12
105,2015,211,1630,43.14,27.01,0,0,.424,12
105,2015,211,1645,42.62,26.58,0,0,.422,12
105,2015,211,1700,42.18,26.28,0,0,.421,11.99
105,2015,211,1715,41.78,26.92,0,0,.42,11.99
105,2015,211,1730,41.45,27.33,0,0,.419,11.99
105,2015,211,1745,41.27,28.34,0,0,.418,12
105,2015,211,1800,41.24,28.19,0,0,.419,12
105,2015,211,1815,41.28,28.1,0,0,.419,12
105,2015,211,1830,41.3,28.17,0,0,.419,12
105,2015,211,1845,41.3,28.24,0,0,.419,12
105,2015,211,1900,41.27,27.7,0,0,.419,12
105,2015,211,1915,41.19,27.39,0,0,.419,12
105,2015,211,1930,41.04,27.04,0,0,.419,12
105,2015,211,1945,40.84,27.05,0,0,.418,12
105,2015,211,2000,40.64,27.07,0,0,.417,12
105,2015,211,2015,40.46,26.48,0,0,.416,12
105,2015,211,2030,40.28,26.4,0,0,.415,12
105,2015,211,2045,40.07,26.2,0,0,.414,12
105,2015,211,2100,39.86,26.03,0,0,.412,12
105,2015,211,2115,39.64,25.7,0,0,.411,12
105,2015,211,2130,39.42,25.48,0,0,.41,11.99
105,2015,211,2145,39.2,25.22,0,0,.408,11.99
105,2015,211,2200,38.98,25.29,0,0,.407,11.99
105,2015,211,2215,38.78,25.24,0,0,.405,11.99
105,2015,211,2230,38.56,24.89,0,0,.403,11.99
105,2015,211,2245,38.34,24.5,0,0,.402,11.99
105,2015,211,2300,38.13,24.33,0,0,.401,11.99
105,2015,211,2315,37.92,24.21,0,0,.4,11.99
105,2015,211,2330,37.69,24.08,0,0,.399,11.99
105,2015,211,2345,37.46,24.15,0,0,.397,11.99
105,2015,212,0,37.23,23.89,0,0,.397,11.98
105,2015,212,15,37.01,23.66,0,0,.395,11.98
105,2015,212,30,36.79,23.59,0,0,.394,11.98
105,2015,212,45,36.57,23.35,0,0,.393,11.98
105,2015,212,100,36.37,23.49,0,0,.391,11.98
105,2015,212,115,36.18,23.37,0,0,.391,11.98
105,2015,212,130,36,23.53,0,0,.389,11.98
105,2015,212,145,35.85,23.38,0,0,.388,11.98
105,2015,212,200,35.7,23.22,0,0,.388,11.98
105,2015,212,215,35.57,23.25,0,0,.386,11.98
105,2015,212,230,35.45,23.3,0,0,.385,11.97
105,2015,212,245,35.33,23.24,0,0,.384,11.97
105,2015,212,300,35.22,23.1,0,0,.383,11.97
105,2015,212,315,35.1,22.58,0,0,.382,11.97
105,2015,212,330,34.97,22.5,0,0,.381,11.97
105,2015,212,345,34.83,22.39,0,0,.381,11.96
105,2015,212,400,34.69,22.13,0,0,.379,11.96
105,2015,212,415,34.52,21.86,0,0,.378,11.96
105,2015,212,430,34.36,21.73,0,0,.377,11.96
105,2015,212,445,34.19,21.52,0,0,.377,11.96
105,2015,212,500,34.02,21.29,0,0,.375,11.96
105,2015,212,515,33.83,21.19,0,0,.375,11.95
105,2015,212,530,33.65,21.07,0,0,.374,11.95
105,2015,212,545,33.48,20.79,0,0,.373,11.94
105,2015,212,600,33.31,20.53,0,0,.373,11.94
105,2015,212,615,33.13,20.5,0,0,.372,11.93
105,2015,212,630,32.97,20.49,0,0,.372,11.92
105,2015,212,645,32.82,20.94,0,0,.37,11.92
105,2015,212,700,32.72,21.59,0,0,.37,11.92
105,2015,212,715,32.74,22.17,0,0,.368,11.93
105,2015,212,730,32.88,23.04,0,0,.367,11.95
105,2015,212,745,33.14,23.73,0,0,.366,11.96
105,2015,212,800,33.52,25.01,0,0,.365,11.97
105,2015,212,815,34.01,25.62,0,0,.363,11.98
105,2015,212,830,34.59,26.55,0,0,.363,11.99
105,2015,212,845,35.24,27.44,0,0,.36,12
105,2015,212,900,35.95,28.12,0,0,.359,12
105,2015,212,915,36.69,28.62,0,0,.358,12.01
105,2015,212,930,37.46,29.49,0,0,.358,12.02
105,2015,212,945,38.28,29.99,0,0,.357,12.02
105,2015,212,1000,39.1,30.99,0,0,.356,12.03
105,2015,212,1015,39.9,31.76,0,0,.356,12.03
105,2015,212,1030,40.69,31.99,0,0,.356,12.04
105,2015,212,1045,41.47,32.67,0,0,.355,12.04
105,2015,212,1100,42.12,32.91,0,0,.354,12.04
105,2015,212,1115,42.65,33.58,0,0,.354,12.04
105,2015,212,1130,43.2,33.19,0,0,.352,12.04
105,2015,212,1145,43.55,33.31,0,0,.352,12.03
105,2015,212,1200,43.57,34.18,0,0,.35,12.03
105,2015,212,1215,43.74,34.03,0,0,.349,12.04
105,2015,212,1230,44.04,34.32,0,0,.348,12.04
105,2015,212,1245,44.47,34.35,0,0,.346,12.04
105,2015,212,1300,44.88,34.3,0,0,.346,12.04
105,2015,212,1315,45.05,34.75,0,0,.345,12.04
105,2015,212,1330,45.21,34.88,0,0,.344,12.04
105,2015,212,1345,45.48,34.41,0,0,.344,12.04
105,2015,212,1400,45.72,34.67,0,0,.343,12.04
105,2015,212,1415,46.05,34.91,0,0,.342,12.04
105,2015,212,1430,46.29,34.37,0,0,.341,12.04
105,2015,212,1445,46.36,34.66,0,0,.34,12.04
105,2015,212,1500,46.39,34.8,0,0,.339,12.04
105,2015,212,1515,46.4,33.55,0,0,.339,12.04
105,2015,212,1530,46.42,33.49,0,0,.338,12.04
105,2015,212,1545,46.47,33.41,0,0,.336,12.04
105,2015,212,1600,46.49,33.23,0,0,.335,12.04
105,2015,212,1615,46.43,33.1,0,0,.334,12.04
105,2015,212,1630,46.39,33.51,0,0,.333,12.04
105,2015,212,1645,46.3,31.77,0,0,.333,12.04
105,2015,212,1700,46.24,30.9,0,0,.332,12.03
105,2015,212,1715,46.19,29.89,0,0,.331,12.03
105,2015,212,1730,46.01,29.23,0,0,.331,12.02
105,2015,212,1745,45.63,28.84,0,0,.331,12.02
105,2015,212,1800,45.11,28.54,0,0,.331,12.01
105,2015,212,1815,44.55,28.21,0,0,.33,12.01
105,2015,212,1830,43.98,27.94,0,0,.33,12.01
105,2015,212,1845,43.41,27.51,0,0,.33,12
105,2015,212,1900,42.85,27.44,0,0,.33,12
105,2015,212,1915,42.33,27.14,0,0,.33,12
105,2015,212,1930,41.84,26.76,0,0,.33,12
105,2015,212,1945,41.39,26.3,0,0,.33,12
105,2015,212,2000,40.94,25.87,0,0,.33,11.99
105,2015,212,2015,40.51,25.77,0,0,.33,11.99
105,2015,212,2030,40.07,25.06,0,0,.33,11.99
105,2015,212,2045,39.62,24.42,0,0,.33,11.98
105,2015,212,2100,39.15,23.93,0,0,.33,11.98
105,2015,212,2115,38.69,23.42,0,0,.33,11.98
105,2015,212,2130,38.24,22.45,0,0,.33,11.97
105,2015,212,2145,37.81,22.62,0,0,.33,11.97
105,2015,212,2200,37.39,22.62,0,0,.329,11.97
105,2015,212,2215,36.98,22.44,0,0,.329,11.95
105,2015,212,2230,36.6,22.3,0,0,.329,11.95
105,2015,212,2245,36.25,22.19,0,0,.328,11.94
105,2015,212,2300,35.94,22.09,0,0,.328,11.94
105,2015,212,2315,35.64,21.85,0,0,.328,11.94
105,2015,212,2330,35.37,21.77,0,0,.328,11.94
105,2015,212,2345,35.12,21.47,0,0,.327,11.94
105,2015,213,0,34.89,21.27,0,0,.327,11.94
105,2015,213,15,34.67,21,0,0,.327,11.94
105,2015,213,30,34.46,20.99,0,0,.326,11.94
105,2015,213,45,34.25,20.55,0,0,.325,11.94
105,2015,213,100,34.06,20.49,0,0,.326,11.94
105,2015,213,115,33.87,20.42,0,0,.326,11.93
105,2015,213,130,33.69,20.48,0,0,.325,11.94
105,2015,213,145,33.53,20.4,0,0,.325,11.93
105,2015,213,200,33.39,20.43,0,0,.325,11.93
105,2015,213,215,33.25,20.29,0,0,.325,11.93
105,2015,213,230,33.13,20.51,0,0,.324,11.93
105,2015,213,245,33.03,20.53,0,0,.324,11.93
105,2015,213,300,32.94,20.52,0,0,.324,11.93
105,2015,213,315,32.86,20.37,0,0,.323,11.93
105,2015,213,330,32.78,20.45,0,0,.323,11.93
105,2015,213,345,32.72,20.41,0,0,.322,11.93
105,2015,213,400,32.67,20.26,0,0,.322,11.93
105,2015,213,415,32.63,20.27,0,0,.322,11.93
105,2015,213,430,32.58,20.17,0,0,.322,11.93
105,2015,213,445,32.52,20.14,0,0,.322,11.93
105,2015,213,500,32.46,20.41,0,0,.321,11.92
105,2015,213,515,32.41,20.01,0,0,.321,11.92
105,2015,213,530,32.35,19.83,0,0,.321,11.92
105,2015,213,545,32.27,20,0,0,.321,11.92
105,2015,213,600,32.2,19.96,0,0,.32,11.92
105,2015,213,615,32.15,19.94,0,0,.32,11.91
105,2015,213,630,32.1,19.87,0,0,.32,11.91
105,2015,213,645,32.08,20.63,0,0,.318,11.92
105,2015,213,700,32.12,21.41,0,0,.318,11.93
105,2015,213,715,32.26,22.51,0,0,.317,11.95
105,2015,213,730,32.54,24.14,0,0,.317,11.96
105,2015,213,745,32.97,25.04,0,0,.315,11.98
105,2015,213,800,33.54,25.6,0,0,.314,11.99
105,2015,213,815,34.17,25.96,0,0,.313,12
105,2015,213,830,34.83,27.05,0,0,.313,12
105,2015,213,845,35.51,27.99,0,0,.313,12.01
105,2015,213,900,36.26,28.74,0,0,.312,12.01
105,2015,213,915,37.05,29.66,0,0,.312,12.02
105,2015,213,930,37.88,30.7,0,0,.311,12.02
105,2015,213,945,38.76,31.63,0,0,.31,12.03
105,2015,213,1000,39.65,31.73,0,0,.31,12.03
105,2015,213,1015,40.5,30.94,0,0,.311,12.04
105,2015,213,1030,41.21,32.02,0,0,.31,12.04
105,2015,213,1045,41.87,32.17,0,0,.309,12.04
105,2015,213,1100,42.52,31.17,0,0,.309,12.04
105,2015,213,1115,42.98,30.74,0,0,.309,12.03
105,2015,213,1130,43.28,31.51,0,0,.309,12.03
105,2015,213,1145,43.6,31.6,0,0,.309,12.03
105,2015,213,1200,43.93,31.22,0,0,.309,12.03
105,2015,213,1215,44.17,30.58,0,0,.308,12.03
105,2015,213,1230,44.29,30.35,0,0,.308,12.02
105,2015,213,1245,44.35,30.4,0,0,.307,12.02
105,2015,213,1300,44.41,30.09,0,0,.307,12.02
105,2015,213,1315,44.4,30.72,0,0,.307,12.02
105,2015,213,1330,44.45,31.59,0,0,.305,12.02
105,2015,213,1345,44.56,31.45,0,0,.306,12.02
105,2015,213,1400,44.67,31.33,0,0,.306,12.02
105,2015,213,1415,44.8,32.85,0,0,.304,12.03
105,2015,213,1430,45,32.24,0,0,.303,12.03
105,2015,213,1445,45.2,30.25,0,0,.304,12.03
105,2015,213,1500,45.2,30.92,0,0,.303,12.02
105,2015,213,1515,45.13,30.28,0,0,.303,12.02
105,2015,213,1530,45.02,30.69,0,0,.303,12.02
105,2015,213,1545,44.9,30.9,0,0,.302,12.02
105,2015,213,1600,44.86,29.62,0,0,.302,12.02
105,2015,213,1615,44.71,29.05,0,0,.302,12.02
105,2015,213,1630,44.46,28.79,0,0,.302,12.01
105,2015,213,1645,44.16,30.28,0,0,.301,12.01
105,2015,213,1700,43.98,29.79,0,0,.299,12.02
105,2015,213,1715,43.96,28.81,0,0,.299,12.02
105,2015,213,1730,43.88,28.37,0,0,.299,12.02
105,2015,213,1745,43.66,28.46,0,0,.299,12.01
105,2015,213,1800,43.37,28.08,0,0,.298,12.01
105,2015,213,1815,43.06,28.19,0,0,.299,12.01
105,2015,213,1830,42.75,28.11,0,0,.298,12.01
105,2015,213,1845,42.45,28.06,0,0,.298,12.01
105,2015,213,1900,42.2,27.65,0,0,.299,12.01
105,2015,213,1915,41.93,27.1,0,0,.299,12
105,2015,213,1930,41.64,28.12,0,0,.3,12
105,2015,213,1945,41.16,31.97,0,0,.315,11.98
105,2015,213,2000,40.45,30.98,0,0,.321,11.96
105,2015,213,2015,39.7,30.88,0,0,.322,11.94
105,2015,213,2030,39.01,30.58,0,0,.321,11.94
105,2015,213,2045,38.4,29.98,0,0,.322,11.95
105,2015,213,2100,37.85,28.69,0,0,.32,11.95
105,2015,213,2115,37.35,30.56,0,0,.321,11.95
105,2015,213,2130,36.88,30.55,0,0,.321,11.94
105,2015,213,2145,36.45,30.87,0,0,.321,11.94
105,2015,213,2200,36.08,30.95,0,0,.321,11.94
105,2015,213,2215,35.75,31.04,0,0,.321,11.93
105,2015,213,2230,35.44,30.98,0,0,.321,11.93
105,2015,213,2245,35.13,30.99,0,0,.321,11.93
105,2015,213,2300,34.85,30.91,0,0,.321,11.93
105,2015,213,2315,34.6,30.84,0,0,.321,11.92
105,2015,213,2330,34.38,30.93,0,0,.321,11.92
105,2015,213,2345,34.17,30.69,0,0,.321,11.92
105,2015,214,0,33.98,32.4,0,0,.321,11.91
105,2015,214,15,33.8,29.7,0,0,.322,11.9
105,2015,214,30,33.61,30.9,0,0,.322,11.9
105,2015,214,45,33.41,22.52,0,0,.321,11.9
105,2015,214,100,33.21,20.6,0,0,.322,11.9
105,2015,214,115,33.01,20.47,0,0,.322,11.9
105,2015,214,130,32.83,20.46,0,0,.322,11.9
105,2015,214,145,32.66,19.91,0,0,.322,11.89
105,2015,214,200,32.48,19.73,0,0,.322,11.88
105,2015,214,215,32.29,19.84,0,0,.322,11.88
105,2015,214,230,32.11,19.78,0,0,.322,11.89
105,2015,214,245,31.94,19.67,0,0,.321,11.89
105,2015,214,300,31.79,19.53,0,0,.322,11.89
105,2015,214,315,31.64,19.64,0,0,.322,11.89
105,2015,214,330,31.49,19.61,0,0,.322,11.89
105,2015,214,345,31.35,19.59,0,0,.322,11.88
105,2015,214,400,31.22,19.19,0,0,.322,11.87
105,2015,214,415,31.1,18.85,0,0,.322,11.87
105,2015,214,430,30.99,18.88,0,0,.322,11.87
105,2015,214,445,30.88,18.78,0,0,.322,11.87
105,2015,214,500,30.78,18.44,0,0,.322,11.87
105,2015,214,515,30.66,18.46,0,0,.321,11.87
105,2015,214,530,30.55,18.07,0,0,.322,11.87
105,2015,214,545,30.43,18.45,0,0,.322,11.86
105,2015,214,600,30.3,18.27,0,0,.321,11.86
105,2015,214,615,30.19,18.3,0,0,.321,11.85
105,2015,214,630,30.13,18.34,0,0,.321,11.86
105,2015,214,645,30.13,18.55,0,0,.321,11.87
105,2015,214,700,30.15,18.49,0,0,.32,11.87
105,2015,214,715,30.23,19.51,0,0,.319,11.87
105,2015,214,730,30.39,20.38,0,0,.319,11.88
105,2015,214,745,30.68,20.52,0,0,.32,11.89
105,2015,214,800,31.04,21.51,0,0,.318,11.91
105,2015,214,815,31.49,22.42,0,0,.317,11.92
105,2015,214,830,32.03,22.58,0,0,.317,11.94
105,2015,214,845,32.62,23.41,0,0,.316,11.95
105,2015,214,900,33.23,24.29,0,0,.315,11.96
105,2015,214,915,33.87,24.8,0,0,.315,11.97
105,2015,214,930,34.52,25.2,0,0,.314,11.98
105,2015,214,945,35.15,25.37,0,0,.314,11.99
105,2015,214,1000,35.77,25.99,0,0,.313,11.99
105,2015,214,1015,36.35,26.82,0,0,.313,11.99
105,2015,214,1030,36.96,28.17,0,0,.312,12
105,2015,214,1045,37.67,28.68,0,0,.311,12.01
105,2015,214,1100,38.47,29.35,0,0,.31,12.01
105,2015,214,1115,39.27,31.43,0,0,.31,12.02
105,2015,214,1130,40.08,31.65,0,0,.31,12.03
105,2015,214,1145,40.83,32.42,0,0,.309,12.03
105,2015,214,1200,41.55,32.5,0,0,.309,12.04
105,2015,214,1215,42.22,33.93,0,0,.308,12.04
105,2015,214,1230,42.91,34.15,0,0,.307,12.05
105,2015,214,1245,43.59,34.68,0,0,.307,12.05
105,2015,214,1300,44.16,33.96,0,0,.306,12.05
105,2015,214,1315,44.65,34,0,0,.305,12.05
105,2015,214,1330,45.06,34,0,0,.305,12.04
105,2015,214,1345,45.38,34.18,0,0,.304,12.04
105,2015,214,1400,45.63,33.82,0,0,.304,12.04
105,2015,214,1415,45.79,33.7,0,0,.303,12.04
105,2015,214,1430,45.9,33.1,0,0,.302,12.04
105,2015,214,1445,45.94,31.99,0,0,.302,12.04
105,2015,214,1500,45.85,32.12,0,0,.301,12.03
105,2015,214,1515,45.75,32.26,0,0,.3,12.03
105,2015,214,1530,45.69,32.32,0,0,.3,12.03
105,2015,214,1545,45.64,32.24,0,0,.299,12.03
105,2015,214,1600,45.64,32.87,0,0,.298,12.03
105,2015,214,1615,45.67,32.37,0,0,.297,12.03
105,2015,214,1630,45.65,31.41,0,0,.297,12.03
105,2015,214,1645,45.55,31.19,0,0,.297,12.02
105,2015,214,1700,45.42,29.79,0,0,.297,12.02
105,2015,214,1715,45.22,28.61,0,0,.297,12.02
105,2015,214,1730,44.9,28.16,0,0,.297,12.01
105,2015,214,1745,44.51,28.13,0,0,.297,12.01
105,2015,214,1800,44.09,28.23,0,0,.297,12
105,2015,214,1815,43.68,27.73,0,0,.297,12
105,2015,214,1830,43.27,27.49,0,0,.297,12
105,2015,214,1845,42.86,27.28,0,0,.296,12
105,2015,214,1900,42.46,27.22,0,0,.296,12
105,2015,214,1915,42.1,27.18,0,0,.296,12
105,2015,214,1930,41.74,26.31,0,0,.296,12
105,2015,214,1945,41.35,26.15,0,0,.296,11.99
105,2015,214,2000,40.92,25.05,0,0,.296,11.99
105,2015,214,2015,40.45,25.05,0,0,.296,11.99
105,2015,214,2030,39.96,24.23,0,0,.295,11.98
105,2015,214,2045,39.44,23.21,0,0,.295,11.98
105,2015,214,2100,38.9,22.92,0,0,.295,11.97
105,2015,214,2115,38.37,22.92,0,0,.295,11.96
105,2015,214,2130,37.85,22.66,0,0,.296,11.95
105,2015,214,2145,37.36,22.48,0,0,.295,11.95
105,2015,214,2200,36.88,22.05,0,0,.295,11.95
105,2015,214,2215,36.43,21.73,0,0,.295,11.94
105,2015,214,2230,36,21.37,0,0,.295,11.93
105,2015,214,2245,35.59,21.24,0,0,.295,11.93
105,2015,214,2300,35.2,21.03,0,0,.295,11.92
105,2015,214,2315,34.82,20.88,0,0,.295,11.92
105,2015,214,2330,34.48,20.72,0,0,.295,11.92
105,2015,214,2345,34.17,20.52,0,0,.295,11.92
105,2015,215,0,33.89,20.57,0,0,.295,11.92
105,2015,215,15,33.63,20.24,0,0,.295,11.92
105,2015,215,30,33.39,19.9,0,0,.295,11.92
105,2015,215,45,33.16,19.84,0,0,.295,11.92
105,2015,215,100,32.93,19.7,0,0,.295,11.92
105,2015,215,115,32.71,19.48,0,0,.295,11.92
105,2015,215,130,32.5,19.33,0,0,.295,11.92
105,2015,215,145,32.31,19.54,0,0,.295,11.91
105,2015,215,200,32.12,18.9,0,0,.295,11.91
105,2015,215,215,31.93,18.81,0,0,.295,11.91
105,2015,215,230,31.76,18.93,0,0,.294,11.91
105,2015,215,245,31.6,19.1,0,0,.295,11.9
105,2015,215,300,31.46,18.65,0,0,.295,11.9
105,2015,215,315,31.31,18.61,0,0,.295,11.9
105,2015,215,330,31.17,18.8,0,0,.295,11.9
105,2015,215,345,31.04,18.84,0,0,.295,11.9
105,2015,215,400,30.92,18.79,0,0,.294,11.9
105,2015,215,415,30.82,18.71,0,0,.294,11.9
105,2015,215,430,30.75,18.59,0,0,.294,11.9
105,2015,215,445,30.7,18.67,0,0,.294,11.89
105,2015,215,500,30.64,18.65,0,0,.294,11.89
105,2015,215,515,30.57,18.63,0,0,.294,11.88
105,2015,215,530,30.49,18.53,0,0,.294,11.89
105,2015,215,545,30.41,18.33,0,0,.294,11.88
105,2015,215,600,30.33,18.24,0,0,.294,11.88
105,2015,215,615,30.25,18.24,0,0,.294,11.88
105,2015,215,630,30.16,18.04,0,0,.294,11.88
105,2015,215,645,30.1,18.28,0,0,.294,11.88
105,2015,215,700,30.08,19.57,0,0,.293,11.89
105,2015,215,715,30.18,20.78,0,0,.292,11.91
105,2015,215,730,30.47,22.61,0,0,.291,11.92
105,2015,215,745,30.93,23.89,0,0,.29,11.95
105,2015,215,800,31.54,25.34,0,0,.288,11.97
105,2015,215,815,32.28,25.6,0,0,.287,11.98
105,2015,215,830,33.1,26.28,0,0,.286,11.99
105,2015,215,845,33.97,27.55,0,0,.285,12
105,2015,215,900,34.88,28.37,0,0,.285,12.01
105,2015,215,915,35.81,28.84,0,0,.284,12.01
105,2015,215,930,36.71,29.05,0,0,.284,12.01
105,2015,215,945,37.57,30.42,0,0,.284,12.02
105,2015,215,1000,38.43,30.6,0,0,.283,12.03
105,2015,215,1015,39.28,31.12,0,0,.282,12.03
105,2015,215,1030,40.1,32.13,0,0,.282,12.03
105,2015,215,1045,40.88,32.16,0,0,.281,12.03
105,2015,215,1100,41.62,32.78,0,0,.281,12.04
105,2015,215,1115,42.32,33.28,0,0,.279,12.04
105,2015,215,1130,43,34.02,0,0,.279,12.04
105,2015,215,1145,43.71,34.33,0,0,.279,12.05
105,2015,215,1200,44.37,34.73,0,0,.278,12.05
105,2015,215,1215,44.98,34.79,0,0,.277,12.05
105,2015,215,1230,45.51,34.55,0,0,.278,12.05
105,2015,215,1245,45.92,35.07,0,0,.276,12.05
105,2015,215,1300,46.29,35.11,0,0,.276,12.05
105,2015,215,1315,46.66,35.4,0,0,.275,12.05
105,2015,215,1330,46.96,34.88,0,0,.274,12.05
105,2015,215,1345,47.2,35.12,0,0,.273,12.05
105,2015,215,1400,47.39,35.14,0,0,.273,12.05
105,2015,215,1415,47.53,35.1,0,0,.272,12.05
105,2015,215,1430,47.67,35.18,0,0,.271,12.05
105,2015,215,1445,47.81,35.1,0,0,.27,12.05
105,2015,215,1500,47.88,34.35,0,0,.27,12.05
105,2015,215,1515,47.88,33.1,0,0,.27,12.04
105,2015,215,1530,47.79,33.29,0,0,.269,12.04
105,2015,215,1545,47.69,32.69,0,0,.268,12.04
105,2015,215,1600,47.55,32.15,0,0,.268,12.03
105,2015,215,1615,47.37,32.02,0,0,.267,12.03
105,2015,215,1630,47.22,32.33,0,0,.266,12.03
105,2015,215,1645,47.1,32.35,0,0,.265,12.03
105,2015,215,1700,46.98,30.61,0,0,.265,12.03
105,2015,215,1715,46.78,29.66,0,0,.265,12.02
105,2015,215,1730,46.42,29.1,0,0,.265,12.02
105,2015,215,1745,45.95,29,0,0,.265,12.01
105,2015,215,1800,45.43,28.56,0,0,.265,12.01
105,2015,215,1815,44.89,28.08,0,0,.265,12.01
105,2015,215,1830,44.34,27.88,0,0,.265,12
105,2015,215,1845,43.8,27.77,0,0,.265,12
105,2015,215,1900,43.29,27.53,0,0,.264,12
105,2015,215,1915,42.8,27.41,0,0,.265,12
105,2015,215,1930,42.33,27.15,0,0,.264,12
105,2015,215,1945,41.88,27.1,0,0,.265,12
105,2015,215,2000,41.48,26.85,0,0,.265,12
105,2015,215,2015,41.1,26.5,0,0,.265,12
105,2015,215,2030,40.74,26.16,0,0,.265,12
105,2015,215,2045,40.37,25.71,0,0,.264,11.99
105,2015,215,2100,40.01,25.4,0,0,.264,11.99
105,2015,215,2115,39.63,25.22,0,0,.265,11.99
105,2015,215,2130,39.27,24.91,0,0,.264,11.99
105,2015,215,2145,38.91,24.81,0,0,.264,11.98
105,2015,215,2200,38.56,24.58,0,0,.264,11.98
105,2015,215,2215,38.23,24.51,0,0,.264,11.98
105,2015,215,2230,37.91,23.94,0,0,.264,11.98
105,2015,215,2245,37.61,23.72,0,0,.264,11.98
105,2015,215,2300,37.31,23.56,0,0,.264,11.98
105,2015,215,2315,37.01,23.25,0,0,.264,11.98
105,2015,215,2330,36.74,23.51,0,0,.264,11.97
105,2015,215,2345,36.5,23.48,0,0,.264,11.97
105,2015,216,0,36.3,23.11,0,0,.264,11.97
105,2015,216,15,36.12,22.96,0,0,.264,11.97
105,2015,216,30,35.94,22.92,0,0,.264,11.97
105,2015,216,45,35.79,23.18,0,0,.264,11.97
105,2015,216,100,35.67,23.15,0,0,.264,11.97
105,2015,216,115,35.58,23.11,0,0,.264,11.97
105,2015,216,130,35.48,23.17,0,0,.264,11.97
105,2015,216,145,35.39,23.08,0,0,.264,11.97
105,2015,216,200,35.3,22.98,0,0,.264,11.97
105,2015,216,215,35.22,22.83,0,0,.263,11.97
105,2015,216,230,35.14,22.97,0,0,.264,11.97
105,2015,216,245,35.07,22.79,0,0,.264,11.96
105,2015,216,300,35,22.65,0,0,.264,11.96
105,2015,216,315,34.95,22.86,0,0,.264,11.96
105,2015,216,330,34.93,23.07,0,0,.263,11.96
105,2015,216,345,34.91,23.01,0,0,.264,11.96
105,2015,216,400,34.91,22.93,0,0,.263,11.97
105,2015,216,415,34.91,22.98,0,0,.263,11.97
105,2015,216,430,34.94,23.09,0,0,.263,11.97
105,2015,216,445,34.97,23.16,0,0,.264,11.97
105,2015,216,500,35.01,23.13,0,0,.264,11.97
105,2015,216,515,35.04,23.28,0,0,.264,11.97
105,2015,216,530,35.06,23.32,0,0,.263,11.97
105,2015,216,545,35.1,23.1,0,0,.264,11.97
105,2015,216,600,35.13,23.28,0,0,.263,11.96
105,2015,216,615,35.08,22.97,0,0,.263,11.96
105,2015,216,630,35.02,22.73,0,0,.263,11.96
105,2015,216,645,34.92,22.73,0,0,.264,11.96
105,2015,216,700,34.83,22.94,0,0,.263,11.96
105,2015,216,715,34.8,23.4,0,0,.263,11.96
105,2015,216,730,34.86,23.63,0,0,.263,11.97
105,2015,216,745,34.99,24.48,0,0,.263,11.97
105,2015,216,800,35.19,23.91,0,0,.262,11.98
105,2015,216,815,35.41,25.71,0,0,.262,11.98
105,2015,216,830,35.7,26.18,0,0,.26,11.99
105,2015,216,845,36.13,28.25,0,0,.259,12
105,2015,216,900,36.71,28.33,0,0,.258,12
105,2015,216,915,37.43,29.41,0,0,.257,12.01
105,2015,216,930,38.19,30.75,0,0,.257,12.02
105,2015,216,945,39.02,31.8,0,0,.256,12.02
105,2015,216,1000,39.87,32.02,0,0,.255,12.03
105,2015,216,1015,40.72,33.25,0,0,.255,12.04
105,2015,216,1030,41.57,33.03,0,0,.255,12.04
105,2015,216,1045,42.37,33.44,0,0,.254,12.04
105,2015,216,1100,43.1,33.98,0,0,.253,12.04
105,2015,216,1115,43.78,34.37,0,0,.252,12.05
105,2015,216,1130,44.4,34.5,0,0,.252,12.05
105,2015,216,1145,44.97,34.86,0,0,.251,12.05
105,2015,216,1200,45.47,35.49,0,0,.251,12.05
105,2015,216,1215,45.94,35.38,0,0,.25,12.05
105,2015,216,1230,46.43,35.55,0,0,.249,12.05
105,2015,216,1245,46.84,35.35,0,0,.248,12.05
105,2015,216,1300,47.2,35.62,0,0,.248,12.05
105,2015,216,1315,47.53,35.93,0,0,.247,12.05
105,2015,216,1330,47.82,35.71,0,0,.246,12.05
105,2015,216,1345,48.03,36.36,0,0,.245,12.05
105,2015,216,1400,48.21,36.11,0,0,.244,12.05
105,2015,216,1415,48.37,36.25,0,0,.242,12.05
105,2015,216,1430,48.52,36.21,0,0,.242,12.05
105,2015,216,1445,48.68,34.26,0,0,.24,12.05
105,2015,216,1500,48.72,34.95,0,0,.24,12.05
105,2015,216,1515,48.7,35.75,0,0,.239,12.05
105,2015,216,1530,48.74,34.13,0,0,.238,12.05
105,2015,216,1545,48.77,34.17,0,0,.238,12.05
105,2015,216,1600,48.73,33.79,0,0,.237,12.04
105,2015,216,1615,48.65,34.63,0,0,.236,12.04
105,2015,216,1630,48.61,33.34,0,0,.235,12.04
105,2015,216,1645,48.56,33.16,0,0,.234,12.04
105,2015,216,1700,48.48,31.91,0,0,.234,12.04
105,2015,216,1715,48.29,31.23,0,0,.234,12.03
105,2015,216,1730,47.94,30.72,0,0,.234,12.03
105,2015,216,1745,47.48,30.37,0,0,.234,12.02
105,2015,216,1800,46.95,30.32,0,0,.234,12.02
105,2015,216,1815,46.42,29.74,0,0,.234,12.02
105,2015,216,1830,45.89,29.86,0,0,.234,12.02
105,2015,216,1845,45.41,29.51,0,0,.234,12.02
105,2015,216,1900,44.97,29.12,0,0,.234,12.02
105,2015,216,1915,44.57,28.77,0,0,.234,12.01
105,2015,216,1930,44.17,28.28,0,0,.234,12.01
105,2015,216,1945,43.77,28,0,0,.234,12.01
105,2015,216,2000,43.38,27.86,0,0,.234,12.01
105,2015,216,2015,42.99,27.55,0,0,.234,12
105,2015,216,2030,42.61,27.02,0,0,.234,12
105,2015,216,2045,42.21,26.66,0,0,.234,12
105,2015,216,2100,41.77,26.26,0,0,.234,11.99
105,2015,216,2115,41.32,26.01,0,0,.234,11.99
105,2015,216,2130,40.88,25.69,0,0,.234,11.99
105,2015,216,2145,40.46,25.8,0,0,.233,11.98
105,2015,216,2200,40.08,26.01,0,0,.233,11.98
105,2015,216,2215,39.74,25.5,0,0,.234,11.99
105,2015,216,2230,39.46,24.78,0,0,.234,11.98
105,2015,216,2245,39.18,34.99,0,0,.233,11.97
105,2015,216,2300,38.89,39.3,0,0,.232,11.97
105,2015,216,2315,38.58,38.26,0,0,.233,11.97
105,2015,216,2330,38.28,38.72,0,0,.232,11.96
105,2015,216,2345,38.01,40.11,0,0,.233,11.97
105,2015,217,0,37.76,35.14,0,0,.233,11.97
105,2015,217,15,37.5,25.66,0,0,.233,11.97
105,2015,217,30,37.27,24.3,0,0,.233,11.97
105,2015,217,45,37.05,23.85,0,0,.233,11.97
105,2015,217,100,36.84,23.51,0,0,.233,11.97
105,2015,217,115,36.64,23.37,0,0,.233,11.97
105,2015,217,130,36.43,23.22,0,0,.234,11.97
105,2015,217,145,36.23,23.18,0,0,.234,11.97
105,2015,217,200,36.04,23.17,0,0,.233,11.97
105,2015,217,215,35.89,23.12,0,0,.233,11.96
105,2015,217,230,35.75,22.9,0,0,.233,11.96
105,2015,217,245,35.62,22.95,0,0,.233,11.96
105,2015,217,300,35.51,22.96,0,0,.233,11.96
105,2015,217,315,35.42,22.83,0,0,.232,11.96
105,2015,217,330,35.33,22.59,0,0,.233,11.96
105,2015,217,345,35.24,22.66,0,0,.232,11.96
105,2015,217,400,35.15,22.45,0,0,.233,11.96
105,2015,217,415,35.05,22.42,0,0,.233,11.96
105,2015,217,430,34.93,22.35,0,0,.233,11.96
105,2015,217,445,34.81,22.03,0,0,.233,11.96
105,2015,217,500,34.71,21.92,0,0,.233,11.96
105,2015,217,515,34.61,22.04,0,0,.232,11.96
105,2015,217,530,34.52,21.53,0,0,.233,11.96
105,2015,217,545,34.43,21.56,0,0,.233,11.96
105,2015,217,600,34.34,21.34,0,0,.232,11.96
105,2015,217,615,34.25,21.7,0,0,.233,11.96
105,2015,217,630,34.16,21.7,0,0,.233,11.96
105,2015,217,645,34.1,22,0,0,.233,11.95
105,2015,217,700,34.06,22.28,0,0,.233,11.95
105,2015,217,715,34.04,22.4,0,0,.232,11.95
105,2015,217,730,34.05,22.38,0,0,.233,11.96
105,2015,217,745,34.1,23,0,0,.232,11.96
105,2015,217,800,34.2,23.26,0,0,.232,11.97
105,2015,217,815,34.36,23.42,0,0,.233,11.97
105,2015,217,830,34.56,23.72,0,0,.232,11.97
105,2015,217,845,34.79,25.31,0,0,.233,11.97
105,2015,217,900,35.12,26.18,0,0,.233,11.98
105,2015,217,915,35.66,28.04,0,0,.233,11.99
105,2015,217,930,36.42,27.66,0,0,.233,12
105,2015,217,945,37.22,27,0,0,.233,12
105,2015,217,1000,37.83,27.24,0,0,.233,12
105,2015,217,1015,38.29,28.28,0,0,.233,12
105,2015,217,1030,38.78,30.39,0,0,.233,12.01
105,2015,217,1045,39.48,31.23,0,0,.233,12.02
105,2015,217,1100,40.29,31.98,0,0,.232,12.02
105,2015,217,1115,41.14,32.52,0,0,.232,12.03
105,2015,217,1130,41.97,32.53,0,0,.23,12.03
105,2015,217,1145,42.72,33.24,0,0,.229,12.03
105,2015,217,1200,43.4,33.46,0,0,.229,12.04
105,2015,217,1215,43.99,33.4,0,0,.228,12.04
105,2015,217,1230,44.5,34.04,0,0,.226,12.04
105,2015,217,1245,44.96,33.69,0,0,.226,12.04
105,2015,217,1300,45.35,33.52,0,0,.225,12.04
105,2015,217,1315,45.67,34.23,0,0,.224,12.04
105,2015,217,1330,45.99,32.6,0,0,.223,12.04
105,2015,217,1345,46.15,32.82,0,0,.223,12.03
105,2015,217,1400,46.22,34.19,0,0,.222,12.04
105,2015,217,1415,46.34,34.99,0,0,.219,12.04
105,2015,217,1430,46.57,33.78,0,0,.218,12.04
105,2015,217,1445,46.74,31.97,0,0,.218,12.04
105,2015,217,1500,46.72,31.82,0,0,.218,12.03
105,2015,217,1515,46.61,32.65,0,0,.216,12.03
105,2015,217,1530,46.58,32.77,0,0,.215,12.03
105,2015,217,1545,46.62,31.98,0,0,.214,12.03
105,2015,217,1600,46.6,31.19,0,0,.213,12.03
105,2015,217,1615,46.47,30.24,0,0,.213,12.03
105,2015,217,1630,46.25,30.72,0,0,.212,12.02
105,2015,217,1645,46.06,30.46,0,0,.211,12.02
105,2015,217,1700,45.93,29.58,0,0,.21,12.02
105,2015,217,1715,45.71,28.77,0,0,.211,12.02
105,2015,217,1730,45.29,28.49,0,0,.21,12.01
105,2015,217,1745,44.76,28.09,0,0,.21,12.01
105,2015,217,1800,44.17,27.8,0,0,.21,12
105,2015,217,1815,43.59,27.68,0,0,.21,12
105,2015,217,1830,43.04,27.46,0,0,.21,12
105,2015,217,1845,42.52,27.08,0,0,.21,12
105,2015,217,1900,42.03,26.97,0,0,.21,12
105,2015,217,1915,41.59,26.56,0,0,.21,12
105,2015,217,1930,41.16,26.2,0,0,.21,12
105,2015,217,1945,40.76,25.64,0,0,.21,11.99
105,2015,217,2000,40.36,25.23,0,0,.21,11.99
105,2015,217,2015,39.95,24.86,0,0,.21,11.99
105,2015,217,2030,39.5,24.37,0,0,.21,11.99
105,2015,217,2045,39.04,24.17,0,0,.21,11.98
105,2015,217,2100,38.58,23.57,0,0,.21,11.98
105,2015,217,2115,38.13,23.3,0,0,.21,11.98
105,2015,217,2130,37.69,22.76,0,0,.21,11.97
105,2015,217,2145,37.26,22.5,0,0,.21,11.97
105,2015,217,2200,36.85,21.87,0,0,.21,11.96
105,2015,217,2215,36.46,21.59,0,0,.21,11.96
105,2015,217,2230,36.09,21.82,0,0,.21,11.95
105,2015,217,2245,35.73,21.47,0,0,.21,11.95
105,2015,217,2300,35.41,21.4,0,0,.21,11.94
105,2015,217,2315,35.1,20.9,0,0,.21,11.93
105,2015,217,2330,34.81,20.95,0,0,.21,11.93
105,2015,217,2345,34.53,20.91,0,0,.21,11.93
105,2015,218,0,34.27,20.75,0,0,.21,11.93
105,2015,218,15,34.03,20.93,0,0,.21,11.92
105,2015,218,30,33.82,20.58,0,0,.21,11.92
105,2015,218,45,33.64,21.05,0,0,.21,11.92
105,2015,218,100,33.53,20.9,0,0,.21,11.93
105,2015,218,115,33.47,21.24,0,0,.21,11.94
105,2015,218,130,33.46,21.13,0,0,.21,11.93
105,2015,218,145,33.45,21.05,0,0,.209,11.94
105,2015,218,200,33.44,20.96,0,0,.209,11.93
105,2015,218,215,33.42,20.84,0,0,.21,11.94
105,2015,218,230,33.39,20.72,0,0,.21,11.93
105,2015,218,245,33.36,20.73,0,0,.209,11.93
105,2015,218,300,33.29,20.4,0,0,.21,11.93
105,2015,218,315,33.22,20.56,0,0,.21,11.92
105,2015,218,330,33.12,20.25,0,0,.21,11.92
105,2015,218,345,33.01,19.94,0,0,.209,11.92
105,2015,218,400,32.9,20.02,0,0,.21,11.91
105,2015,218,415,32.78,19.87,0,0,.21,11.92
105,2015,218,430,32.67,19.66,0,0,.21,11.91
105,2015,218,445,32.55,19.78,0,0,.209,11.91
105,2015,218,500,32.44,19.84,0,0,.21,11.9
105,2015,218,515,32.36,19.67,0,0,.21,11.9
105,2015,218,530,32.3,19.4,0,0,.21,11.9
105,2015,218,545,32.23,19.31,0,0,.21,11.91
105,2015,218,600,32.14,19.3,0,0,.21,11.91
105,2015,218,615,32.04,19.07,0,0,.21,11.9
105,2015,218,630,31.94,19.08,0,0,.21,11.9
105,2015,218,645,31.84,19.2,0,0,.21,11.9
105,2015,218,700,31.75,19.42,0,0,.21,11.9
105,2015,218,715,31.7,19.89,0,0,.21,11.9
105,2015,218,730,31.72,21.09,0,0,.209,11.9
105,2015,218,745,31.88,22.09,0,0,.208,11.92
105,2015,218,800,32.18,22.76,0,0,.207,11.94
105,2015,218,815,32.59,23.27,0,0,.207,11.95
105,2015,218,830,33.08,24.67,0,0,.206,11.96
105,2015,218,845,33.61,24.86,0,0,.205,11.97
105,2015,218,900,33.97,25.68,0,0,.205,11.97
105,2015,218,915,34.37,26.15,0,0,.204,11.98
105,2015,218,930,34.93,26.57,0,0,.204,11.98
105,2015,218,945,35.52,27.55,0,0,.202,11.99
105,2015,218,1000,36.13,28.37,0,0,.2,12
105,2015,218,1015,36.77,28.21,0,0,.2,12
105,2015,218,1030,37.43,28.49,0,0,.199,12
105,2015,218,1045,37.92,28.52,0,0,.199,12
105,2015,218,1100,38.2,29.89,0,0,.197,12
105,2015,218,1115,38.73,29.14,0,0,.197,12.01
105,2015,218,1130,39.2,28.74,0,0,.195,12
105,2015,218,1145,39.42,29.46,0,0,.194,12
105,2015,218,1200,39.75,29.69,0,0,.194,12.01
105,2015,218,1215,40.21,29.29,0,0,.193,12.01
105,2015,218,1230,40.59,28.49,0,0,.191,12.01
105,2015,218,1245,40.84,28.74,0,0,.191,12.01
105,2015,218,1300,41.06,28.71,0,0,.19,12.01
105,2015,218,1315,41.23,29.16,0,0,.19,12.01
105,2015,218,1330,41.44,29.77,0,0,.188,12.01
105,2015,218,1345,41.7,29.77,0,0,.188,12.02
105,2015,218,1400,41.96,29.79,0,0,.187,12.02
105,2015,218,1415,42.16,29.29,0,0,.186,12.01
105,2015,218,1430,42.21,29.62,0,0,.186,12.01
105,2015,218,1445,42.3,29.19,0,0,.184,12.01
105,2015,218,1500,42.37,28.88,0,0,.183,12.01
105,2015,218,1515,42.4,28.34,0,0,.183,12.01
105,2015,218,1530,42.26,27.86,0,0,.182,12
105,2015,218,1545,42.03,28.21,0,0,.182,12
105,2015,218,1600,41.81,27.89,0,0,.181,12
105,2015,218,1615,41.54,27.75,0,0,.18,11.99
105,2015,218,1630,41.29,28.06,0,0,.18,11.99
105,2015,218,1645,41.25,27.32,0,0,.18,12
105,2015,218,1700,41.28,27,0,0,.18,12
105,2015,218,1715,41.25,26.58,0,0,.18,11.99
105,2015,218,1730,41.16,26.38,0,0,.18,11.99
105,2015,218,1745,40.99,26.3,0,0,.179,11.99
105,2015,218,1800,40.8,26.02,0,0,.179,11.99
105,2015,218,1815,40.62,25.52,0,0,.179,11.99
105,2015,218,1830,40.41,25.24,0,0,.179,11.99
105,2015,218,1845,40.16,25.18,0,0,.179,11.98
105,2015,218,1900,39.86,25.03,0,0,.179,11.98
105,2015,218,1915,39.54,24.28,0,0,.179,11.97
105,2015,218,1930,39.25,24.24,0,0,.179,11.97
105,2015,218,1945,38.96,24.34,0,0,.179,11.97
105,2015,218,2000,38.68,23.74,0,0,.179,11.97
105,2015,218,2015,38.39,23.42,0,0,.179,11.97
105,2015,218,2030,38.1,23.39,0,0,.179,11.96
105,2015,218,2045,37.8,22.98,0,0,.179,11.96
105,2015,218,2100,37.51,22.88,0,0,.179,11.95
105,2015,218,2115,37.24,22.61,0,0,.179,11.94
105,2015,218,2130,36.99,22.68,0,0,.179,11.94
105,2015,218,2145,36.73,22.19,0,0,.179,11.94
105,2015,218,2200,36.44,21.69,0,0,.179,11.94
105,2015,218,2215,36.13,21.82,0,0,.179,11.93
105,2015,218,2230,35.85,21.63,0,0,.179,11.93
105,2015,218,2245,35.6,21.79,0,0,.179,11.94
105,2015,218,2300,35.38,21.62,0,0,.179,11.94
105,2015,218,2315,35.21,21.69,0,0,.178,11.93
105,2015,218,2330,35.06,21.9,0,0,.178,11.94
105,2015,218,2345,34.93,21.89,0,0,.179,11.94
105,2015,219,0,34.83,22.01,0,0,.178,11.94
105,2015,219,15,34.71,22.1,0,0,.178,11.93
105,2015,219,30,34.64,22.35,0,0,.179,11.93
105,2015,219,45,34.56,22.46,0,0,.178,11.92
105,2015,219,100,34.49,22.5,0,0,.179,11.92
105,2015,219,115,34.34,22.48,0,0,.178,11.9
105,2015,219,130,34.1,22.31,0,0,.178,11.9
105,2015,219,145,33.82,22.28,0,0,.179,11.89
105,2015,219,200,33.53,22.22,0,0,.178,11.89
105,2015,219,215,33.44,22.15,0,0,.179,11.9
105,2015,219,230,33.42,22.18,0,0,.179,11.91
105,2015,219,245,33.43,22.12,0,0,.179,11.91
105,2015,219,300,33.42,21.66,0,0,.178,11.91
105,2015,219,315,33.33,21.19,0,0,.179,11.9
105,2015,219,330,33.25,21.02,0,0,.18,11.91
105,2015,219,345,33.17,21.34,0,0,.183,11.91
105,2015,219,400,33.07,21.7,0,0,.184,11.91
105,2015,219,415,33.03,21.69,0,0,.184,11.92
105,2015,219,430,33.04,21.87,0,0,.184,11.92
105,2015,219,445,33.07,21.62,0,0,.184,11.93
105,2015,219,500,33.14,21.47,0,0,.184,11.93
105,2015,219,515,33.24,21.47,0,0,.184,11.93
105,2015,219,530,33.31,21.47,0,0,.184,11.92
105,2015,219,545,33.34,21.64,0,0,.184,11.91
105,2015,219,600,33.35,21.53,0,0,.183,11.9
105,2015,219,615,33.18,21.44,0,0,.184,11.89
105,2015,219,630,33.04,21.51,0,0,.184,11.89
105,2015,219,645,33.04,21.73,0,0,.184,11.91
105,2015,219,700,33.13,21.65,0,0,.184,11.91
105,2015,219,715,33.23,21.7,0,0,.184,11.92
105,2015,219,730,33.33,21.76,0,0,.184,11.92
105,2015,219,745,33.39,21.77,0,0,.184,11.92
105,2015,219,800,33.45,21.68,0,0,.184,11.92
105,2015,219,815,33.54,21.34,0,0,.184,11.92
105,2015,219,830,33.62,21.67,0,0,.184,11.93
105,2015,219,845,33.71,21.89,0,0,.183,11.93
105,2015,219,900,33.75,21.9,0,0,.184,11.92
105,2015,219,915,33.8,22.06,0,0,.184,11.93
105,2015,219,930,33.85,22.13,0,0,.184,11.92
105,2015,219,945,33.9,22.37,0,0,.183,11.93
105,2015,219,1000,34,22.76,0,0,.184,11.93
105,2015,219,1015,34.13,22.6,0,0,.184,11.94
105,2015,219,1030,34.26,22.57,0,0,.184,11.93
105,2015,219,1045,34.35,22.64,0,0,.184,11.92
105,2015,219,1100,34.39,23.03,0,0,.184,11.92
105,2015,219,1115,34.5,23.43,0,0,.184,11.94
105,2015,219,1130,34.67,23.91,0,0,.184,11.95
105,2015,219,1145,34.9,24.32,0,0,.184,11.96
105,2015,219,1200,35.2,24.15,0,0,.184,11.96
105,2015,219,1215,35.46,24.29,0,0,.183,11.96
105,2015,219,1230,35.67,24.21,0,0,.183,11.96
105,2015,219,1245,35.83,24.13,0,0,.183,11.96
105,2015,219,1300,35.97,24.29,0,0,.183,11.96
105,2015,219,1315,36.09,24.73,0,0,.183,11.96
105,2015,219,1330,36.22,24.85,0,0,.182,11.97
105,2015,219,1345,36.35,25.01,0,0,.181,11.96
105,2015,219,1400,36.42,25.45,0,0,.18,11.96
105,2015,219,1415,36.56,25.71,0,0,.179,11.97
105,2015,219,1430,36.7,26.27,0,0,.178,11.97
105,2015,219,1445,36.98,26.6,0,0,.177,11.98