105,2015,232,1115,29.81,29.38,0,0,.455,12.01
105,2015,232,1130,30.02,29.99,0,0,.456,12.02
105,2015,232,1145,30.22,29.82,0,0,.456,12.02
105,2015,232,1200,30.41,30.58,0,0,.456,12.02
105,2015,232,1215,30.65,29.61,0,0,.456,12.02
105,2015,232,1230,30.73,28.17,0,0,.456,12.02
105,2015,232,1245,30.55,28.41,0,0,.455,12.01
105,2015,232,1300,30.44,29.85,0,0,.453,12.02
105,2015,232,1315,30.53,29.89,0,0,.449,12.02
105,2015,232,1330,30.65,30.62,0,0,.446,12.02
105,2015,232,1345,30.84,30.56,0,0,.442,12.03
105,2015,232,1400,31,30.82,0,0,.438,12.03
105,2015,232,1415,31.17,30.95,0,0,.435,12.03
105,2015,232,1430,31.31,31.76,0,0,.432,12.03
105,2015,232,1445,31.5,31.97,0,0,.429,12.04
105,2015,232,1500,31.71,30.48,0,0,.425,12.03
105,2015,232,1515,31.77,30.12,0,0,.423,12.03
105,2015,232,1530,31.71,29.7,0,0,.42,12.02
105,2015,232,1545,31.63,30.24,0,0,.417,12.03
105,2015,232,1600,31.63,30.39,0,0,.414,12.03
105,2015,232,1615,31.68,30.78,0,0,.411,12.03
105,2015,232,1630,31.72,30.53,0,0,.408,12.03
105,2015,232,1645,31.73,29.7,0,0,.405,12.03
105,2015,232,1700,31.65,29.87,0,0,.404,12.03
105,2015,232,1715,31.56,29.57,0,0,.401,12.02
105,2015,232,1730,31.47,29.1,0,0,.399,12.02
105,2015,232,1745,31.35,29.39,0,0,.396,12.02
105,2015,232,1800,31.28,29.7,0,0,.395,12.02
105,2015,232,1815,31.23,28.95,0,0,.393,12.02
105,2015,232,1830,31.11,28.54,0,0,.39,12.02
105,2015,232,1845,30.94,28.34,0,0,.389,12.02
105,2015,232,1900,30.77,28.11,0,0,.387,12.02
105,2015,232,1915,30.59,28.02,0,0,.385,12.02
105,2015,232,1930,30.41,27.81,0,0,.384,12.02
105,2015,232,1945,30.22,27.32,0,0,.382,12.02
105,2015,232,2000,30.03,27.09,0,0,.381,12.02
105,2015,232,2015,29.83,27.05,0,0,.381,12.01
105,2015,232,2030,29.63,27.18,0,0,.381,12.01
105,2015,232,2045,29.43,26.44,0,0,.381,12.01
105,2015,232,2100,29.23,26.08,0,0,.381,12
105,2015,232,2115,28.99,25.65,0,0,.385,12
105,2015,232,2130,28.7,24.96,0,0,.408,12
105,2015,232,2145,28.35,24.31,0,0,.448,12
105,2015,232,2200,27.96,24.16,0,0,.492,11.99
105,2015,232,2215,27.55,23.74,0,0,.542,11.98
105,2015,232,2230,27.18,23.61,0,0,.585,11.98
105,2015,232,2245,26.87,23.52,0,0,.62,11.98
105,2015,232,2300,26.59,23.62,0,0,.639,11.98
105,2015,232,2315,26.35,23.46,0,0,.639,11.98
105,2015,232,2330,26.16,23.58,0,0,.639,11.98
105,2015,232,2345,26,23.42,0,0,.628,11.98
105,2015,233,0,25.87,23.48,0,0,.618,11.97
105,2015,233,15,25.76,23.6,0,0,.609,11.98
105,2015,233,30,25.66,23.39,0,0,.597,11.98
105,2015,233,45,25.58,23.37,0,0,.585,11.98
105,2015,233,100,25.51,23.25,0,0,.573,11.98
105,2015,233,115,25.43,23.16,0,0,.562,11.98
105,2015,233,130,25.34,22.97,0,0,.551,11.98
105,2015,233,145,25.23,22.88,0,0,.54,11.98
105,2015,233,200,25.12,22.91,0,0,.531,11.98
105,2015,233,215,25.02,22.84,0,0,.521,11.98
105,2015,233,230,24.92,22.85,0,0,.512,11.98
105,2015,233,245,24.82,22.8,0,0,.503,11.98
105,2015,233,300,24.74,22.8,0,0,.498,11.98
105,2015,233,315,24.65,22.68,0,0,.492,11.98
105,2015,233,330,24.58,22.61,0,0,.483,11.98
105,2015,233,345,24.5,22.54,0,0,.478,11.98
105,2015,233,400,24.41,22.48,0,0,.473,11.97
105,2015,233,415,24.34,22.46,0,0,.468,11.97
105,2015,233,430,24.26,22.34,0,0,.464,11.97
105,2015,233,445,24.18,22.12,0,0,.459,11.97
105,2015,233,500,24.09,21.95,0,0,.454,11.96
105,2015,233,515,23.98,21.79,0,0,.451,11.96
105,2015,233,530,23.87,21.77,0,0,.447,11.96
105,2015,233,545,23.77,21.66,0,0,.444,11.96
105,2015,233,600,23.69,21.49,0,0,.44,11.96
105,2015,233,615,23.59,21.32,0,0,.437,11.95
105,2015,233,630,23.46,21.07,0,0,.434,11.94
105,2015,233,645,23.32,20.9,0,0,.432,11.94
105,2015,233,700,23.17,20.88,0,0,.429,11.94
105,2015,233,715,23.03,21.02,0,0,.426,11.93
105,2015,233,730,22.93,20.93,0,0,.424,11.93
105,2015,233,745,22.84,20.89,0,0,.422,11.93
105,2015,233,800,22.76,20.93,0,0,.418,11.94
105,2015,233,815,22.71,21.07,0,0,.416,11.93
105,2015,233,830,22.7,21.56,0,0,.415,11.92
105,2015,233,845,22.78,22.7,0,0,.411,11.92
105,2015,233,900,23,24.4,0,0,.408,11.94
105,2015,233,915,23.37,24.97,0,0,.406,11.94
105,2015,233,930,23.81,25.77,0,0,.403,11.95
105,2015,233,945,24.29,26.29,0,0,.401,11.96
105,2015,233,1000,24.78,26.48,0,0,.398,11.98
105,2015,233,1015,25.26,27.71,0,0,.395,11.98
105,2015,233,1030,25.79,28.37,0,0,.393,11.99
105,2015,233,1045,26.33,28.75,0,0,.391,12
105,2015,233,1100,26.87,28.87,0,0,.39,12
105,2015,233,1115,27.36,29.68,0,0,.388,12
105,2015,233,1130,27.82,29.72,0,0,.386,12.01
105,2015,233,1145,28.25,30.13,0,0,.384,12.01
105,2015,233,1200,28.66,30.52,0,0,.382,12.01
105,2015,233,1215,29.07,31.59,0,0,.379,12.02
105,2015,233,1230,29.51,31.16,0,0,.378,12.03
105,2015,233,1245,29.9,30.87,0,0,.376,12.02
105,2015,233,1300,30.2,31.99,0,0,.374,12.03
105,2015,233,1315,30.54,31.84,0,0,.372,12.03
105,2015,233,1330,30.89,32.48,0,0,.37,12.03
105,2015,233,1345,31.22,31.81,0,0,.368,12.04
105,2015,233,1400,31.49,31.55,0,0,.366,12.03
105,2015,233,1415,31.67,31.67,0,0,.365,12.03
105,2015,233,1430,31.81,32.09,0,0,.363,12.03
105,2015,233,1445,31.95,31.68,0,0,.362,12.03
105,2015,233,1500,32.07,31.72,0,0,.36,12.03
105,2015,233,1515,32.18,31.87,0,0,.358,12.03
105,2015,233,1530,32.32,31.81,0,0,.357,12.04
105,2015,233,1545,32.39,31.72,0,0,.356,12.03
105,2015,233,1600,32.42,31.9,0,0,.354,12.04
105,2015,233,1615,32.43,30.65,0,0,.353,12.04
105,2015,233,1630,32.35,29.93,0,0,.352,12.03
105,2015,233,1645,32.19,28.68,0,0,.352,12.03
105,2015,233,1700,31.88,28.14,0,0,.352,12.02
105,2015,233,1715,31.48,27.8,0,0,.352,12.02
105,2015,233,1730,31.05,27.19,0,0,.352,12.01
105,2015,233,1745,30.64,26.55,0,0,.35,12.01
105,2015,233,1800,30.22,26.37,0,0,.35,12.01
105,2015,233,1815,29.82,25.98,0,0,.349,12
105,2015,233,1830,29.43,25.48,0,0,.348,12
105,2015,233,1845,29.03,25.08,0,0,.347,12
105,2015,233,1900,28.63,25.04,0,0,.346,11.99
105,2015,233,1915,28.26,24.78,0,0,.346,11.99
105,2015,233,1930,27.89,24.13,0,0,.345,11.99
105,2015,233,1945,27.47,23.53,0,0,.344,11.99
105,2015,233,2000,27.03,22.8,0,0,.344,11.98
105,2015,233,2015,26.56,22.14,0,0,.343,11.98
105,2015,233,2030,26.09,21.76,0,0,.343,11.98
105,2015,233,2045,25.67,21.69,0,0,.342,11.97
105,2015,233,2100,25.27,21.58,0,0,.341,11.97
105,2015,233,2115,24.89,21.04,0,0,.34,11.96
105,2015,233,2130,24.56,20.96,0,0,.339,11.94
105,2015,233,2145,24.25,20.62,0,0,.339,11.94
105,2015,233,2200,23.99,20.71,0,0,.338,11.94
105,2015,233,2215,23.76,20.59,0,0,.338,11.94
105,2015,233,2230,23.56,20.46,0,0,.336,11.94
105,2015,233,2245,23.34,20.19,0,0,.336,11.93
105,2015,233,2300,23.13,19.94,0,0,.336,11.92
105,2015,233,2315,22.93,19.7,0,0,.335,11.92
105,2015,233,2330,22.71,19.46,0,0,.334,11.92
105,2015,233,2345,22.49,19.33,0,0,.333,11.91
105,2015,234,0,22.28,19.15,0,0,.333,11.91
105,2015,234,15,22.09,19.02,0,0,.332,11.9
105,2015,234,30,21.91,18.92,0,0,.331,11.9
105,2015,234,45,21.73,18.76,0,0,.33,11.9
105,2015,234,100,21.55,18.76,0,0,.329,11.89
105,2015,234,115,21.39,18.63,0,0,.329,11.89
105,2015,234,130,21.25,18.58,0,0,.329,11.89
105,2015,234,145,21.13,18.53,0,0,.328,11.88
105,2015,234,200,21.02,18.47,0,0,.327,11.88
105,2015,234,215,20.91,18.34,0,0,.327,11.88
105,2015,234,230,20.8,18.15,0,0,.326,11.88
105,2015,234,245,20.65,18.17,0,0,.325,11.88
105,2015,234,300,20.5,17.95,0,0,.325,11.88
105,2015,234,315,20.34,17.81,0,0,.326,11.87
105,2015,234,330,20.19,17.66,0,0,.324,11.87
105,2015,234,345,20.04,17.54,0,0,.324,11.87
105,2015,234,400,19.92,17.48,0,0,.323,11.86
105,2015,234,415,19.81,17.46,0,0,.322,11.85
105,2015,234,430,19.71,17.45,0,0,.322,11.85
105,2015,234,445,19.63,17.41,0,0,.321,11.85
105,2015,234,500,19.56,17.36,0,0,.321,11.85
105,2015,234,515,19.5,17.26,0,0,.321,11.85
105,2015,234,530,19.44,17.19,0,0,.32,11.85
105,2015,234,545,19.39,17.17,0,0,.32,11.85
105,2015,234,600,19.36,17.17,0,0,.319,11.85
105,2015,234,615,19.32,17.18,0,0,.319,11.84
105,2015,234,630,19.29,17.12,0,0,.318,11.84
105,2015,234,645,19.26,16.97,0,0,.318,11.84
105,2015,234,700,19.22,17.17,0,0,.318,11.84
105,2015,234,715,19.2,18.14,0,0,.316,11.85
105,2015,234,730,19.27,19.39,0,0,.315,11.86
105,2015,234,745,19.47,20.23,0,0,.314,11.88
105,2015,234,800,19.79,21.47,0,0,.313,11.9
105,2015,234,815,20.2,22.42,0,0,.311,11.92
105,2015,234,830,20.71,23.21,0,0,.311,11.95
105,2015,234,845,21.28,24.49,0,0,.31,11.97
105,2015,234,900,21.88,25.06,0,0,.31,11.97
105,2015,234,915,22.5,26.28,0,0,.309,11.98
105,2015,234,930,23.16,26.53,0,0,.308,11.99
105,2015,234,945,23.79,27.05,0,0,.308,11.99
105,2015,234,1000,24.39,27.38,0,0,.307,12
105,2015,234,1015,24.95,28.35,0,0,.306,12
105,2015,234,1030,25.54,28.54,0,0,.305,12
105,2015,234,1045,26.11,28.81,0,0,.304,12.01
105,2015,234,1100,26.62,29.25,0,0,.304,12
105,2015,234,1115,27.1,29.81,0,0,.303,12.01
105,2015,234,1130,27.59,29.57,0,0,.302,12.01
105,2015,234,1145,28,29.08,0,0,.301,12.01
105,2015,234,1200,28.33,29.8,0,0,.301,12.01
105,2015,234,1215,28.65,30.19,0,0,.299,12.01
105,2015,234,1230,29.02,31.18,0,0,.298,12.02
105,2015,234,1245,29.42,30.92,0,0,.297,12.02
105,2015,234,1300,29.77,30.18,0,0,.296,12.02
105,2015,234,1315,30.01,30.45,0,0,.296,12.02
105,2015,234,1330,30.23,30.37,0,0,.295,12.01
105,2015,234,1345,30.41,31.07,0,0,.294,12.02
105,2015,234,1400,30.59,30.97,0,0,.294,12.02
105,2015,234,1415,30.76,30.9,0,0,.292,12.02
105,2015,234,1430,30.9,31.24,0,0,.292,12.02
105,2015,234,1445,31.05,31.43,0,0,.289,12.03
105,2015,234,1500,31.19,31.55,0,0,.288,12.03
105,2015,234,1515,31.3,31.19,0,0,.287,12.03
105,2015,234,1530,31.35,30.57,0,0,.287,12.03
105,2015,234,1545,31.37,31.15,0,0,.286,12.03
105,2015,234,1600,31.38,30.52,0,0,.285,12.03
105,2015,234,1615,31.38,29.52,0,0,.285,12.03
105,2015,234,1630,31.3,27.93,0,0,.284,12.02
105,2015,234,1645,31.07,27.05,0,0,.284,12.01
105,2015,234,1700,30.68,26.55,0,0,.284,12
105,2015,234,1715,30.22,26.25,0,0,.284,12
105,2015,234,1730,29.79,25.68,0,0,.284,11.99
105,2015,234,1745,29.36,25.36,0,0,.284,11.99
105,2015,234,1800,28.94,25.19,0,0,.284,11.99
105,2015,234,1815,28.57,25.01,0,0,.284,11.98
105,2015,234,1830,28.23,24.73,0,0,.284,11.98
105,2015,234,1845,27.9,24.54,0,0,.284,11.98
105,2015,234,1900,27.61,24.43,0,0,.283,11.98
105,2015,234,1915,27.32,24.09,0,0,.284,11.98
105,2015,234,1930,27.04,23.76,0,0,.284,11.98
105,2015,234,1945,26.71,22.53,0,0,.284,11.97
105,2015,234,2000,26.3,22.08,0,0,.283,11.97
105,2015,234,2015,25.83,21.4,0,0,.284,11.96
105,2015,234,2030,25.31,21.17,0,0,.284,11.96
105,2015,234,2045,24.81,20.44,0,0,.284,11.95
105,2015,234,2100,24.33,20.24,0,0,.283,11.94
105,2015,234,2115,23.87,19.78,0,0,.284,11.93
105,2015,234,2130,23.44,19.72,0,0,.283,11.92
105,2015,234,2145,23.06,19.39,0,0,.283,11.91
105,2015,234,2200,22.67,19.29,0,0,.283,11.91
105,2015,234,2215,22.29,18.75,0,0,.283,11.91
105,2015,234,2230,21.92,18.59,0,0,.283,11.91
105,2015,234,2245,21.57,18.29,0,0,.283,11.9
105,2015,234,2300,21.24,18.12,0,0,.283,11.9
105,2015,234,2315,20.93,18.03,0,0,.283,11.89
105,2015,234,2330,20.65,17.95,0,0,.283,11.89
105,2015,234,2345,20.4,17.88,0,0,.283,11.89
105,2015,235,0,20.2,17.42,0,0,.283,11.88
105,2015,235,15,19.99,17.27,0,0,.283,11.88
105,2015,235,30,19.8,17.33,0,0,.283,11.88
105,2015,235,45,19.62,17.23,0,0,.282,11.87
105,2015,235,100,19.48,16.92,0,0,.281,11.87
105,2015,235,115,19.29,16.91,0,0,.282,11.87
105,2015,235,130,19.1,16.91,0,0,.282,11.87
105,2015,235,145,18.92,16.82,0,0,.281,11.87
105,2015,235,200,18.79,16.57,0,0,.281,11.86
105,2015,235,215,18.69,16.25,0,0,.28,11.86
105,2015,235,230,18.57,16.03,0,0,.28,11.85
105,2015,235,245,18.41,15.81,0,0,.28,11.85
105,2015,235,300,18.22,15.74,0,0,.28,11.85
105,2015,235,315,18.04,15.74,0,0,.28,11.85
105,2015,235,330,17.88,15.97,0,0,.279,11.85
105,2015,235,345,17.78,15.98,0,0,.279,11.84
105,2015,235,400,17.71,15.68,0,0,.279,11.84
105,2015,235,415,17.63,15.75,0,0,.278,11.84
105,2015,235,430,17.56,15.46,0,0,.278,11.83
105,2015,235,445,17.46,15.47,0,0,.277,11.83
105,2015,235,500,17.37,15.59,0,0,.279,11.83
105,2015,235,515,17.32,15.53,0,0,.278,11.81
105,2015,235,530,17.28,15.52,0,0,.278,11.81
105,2015,235,545,17.24,15.59,0,0,.279,11.81
105,2015,235,600,17.17,15.3,0,0,.278,11.82
105,2015,235,615,17.12,15.33,0,0,.276,11.81
105,2015,235,630,17.08,15.34,0,0,.277,11.81
105,2015,235,645,17.05,15.32,0,0,.277,11.81
105,2015,235,700,17.01,15.79,0,0,.276,11.81
105,2015,235,715,17.03,16.81,0,0,.276,11.82
105,2015,235,730,17.19,18.34,0,0,.274,11.83
105,2015,235,745,17.48,19.93,0,0,.273,11.86
105,2015,235,800,17.85,20.75,0,0,.272,11.89
105,2015,235,815,18.27,20.58,0,0,.271,11.9
105,2015,235,830,18.69,21.8,0,0,.271,11.91
105,2015,235,845,19.19,23.23,0,0,.27,11.94
105,2015,235,900,19.82,23.19,0,0,.27,11.96
105,2015,235,915,20.49,24.34,0,0,.269,11.97
105,2015,235,930,21.19,24.78,0,0,.269,11.98
105,2015,235,945,21.92,27.15,0,0,.268,11.99
105,2015,235,1000,22.73,28.28,0,0,.267,12
105,2015,235,1015,23.59,29.04,0,0,.266,12.01
105,2015,235,1030,24.4,28.91,0,0,.265,12.02
105,2015,235,1045,25.08,27.6,0,0,.264,12.02
105,2015,235,1100,25.62,28.18,0,0,.264,12.01
105,2015,235,1115,26.14,28.19,0,0,.263,12.01
105,2015,235,1130,26.63,28.71,0,0,.263,12.01
105,2015,235,1145,27.1,30.63,0,0,.262,12.02
105,2015,235,1200,27.58,30.29,0,0,.261,12.03
105,2015,235,1215,28,30.84,0,0,.26,12.02
105,2015,235,1230,28.44,31.24,0,0,.259,12.03
105,2015,235,1245,28.9,30.59,0,0,.259,12.03
105,2015,235,1300,29.23,29.93,0,0,.259,12.03
105,2015,235,1315,29.38,29.58,0,0,.259,12.02
105,2015,235,1330,29.42,30.09,0,0,.258,12.02
105,2015,235,1345,29.51,30.59,0,0,.257,12.03
105,2015,235,1400,29.67,30.44,0,0,.257,12.03
105,2015,235,1415,29.88,31.97,0,0,.257,12.03
105,2015,235,1430,30.18,32.63,0,0,.256,12.04
105,2015,235,1445,30.51,31.88,0,0,.256,12.04
105,2015,235,1500,30.79,31.58,0,0,.256,12.04
105,2015,235,1515,30.98,30.6,0,0,.256,12.03
105,2015,235,1530,31.05,31.45,0,0,.256,12.03
105,2015,235,1545,31.08,31.01,0,0,.256,12.03
105,2015,235,1600,31.1,30.42,0,0,.256,12.03
105,2015,235,1615,31.09,29.09,0,0,.256,12.03
105,2015,235,1630,30.98,27.95,0,0,.256,12.02
105,2015,235,1645,30.75,27.33,0,0,.256,12.02
105,2015,235,1700,30.42,26.81,0,0,.256,12.01
105,2015,235,1715,30.02,26.53,0,0,.256,12
105,2015,235,1730,29.64,26.18,0,0,.256,12
105,2015,235,1745,29.28,25.88,0,0,.256,11.99
105,2015,235,1800,28.92,25.74,0,0,.256,11.99
105,2015,235,1815,28.6,25.51,0,0,.256,11.99
105,2015,235,1830,28.28,25.14,0,0,.256,11.98
105,2015,235,1845,27.96,24.89,0,0,.256,11.98
105,2015,235,1900,27.64,24.13,0,0,.256,11.98
105,2015,235,1915,27.28,23.79,0,0,.255,11.98
105,2015,235,1930,26.93,23.53,0,0,.255,11.97
105,2015,235,1945,26.59,23.21,0,0,.256,11.97
105,2015,235,2000,26.22,22.09,0,0,.255,11.97
105,2015,235,2015,25.79,22.21,0,0,.255,11.97
105,2015,235,2030,25.35,21.67,0,0,.256,11.97
105,2015,235,2045,24.91,21.54,0,0,.255,11.96
105,2015,235,2100,24.52,21.04,0,0,.255,11.96
105,2015,235,2115,24.16,20.76,0,0,.255,11.95
105,2015,235,2130,23.83,20.47,0,0,.255,11.94
105,2015,235,2145,23.51,20.4,0,0,.255,11.94
105,2015,235,2200,23.23,20.25,0,0,.255,11.94
105,2015,235,2215,23,20.1,0,0,.255,11.93
105,2015,235,2230,22.76,19.94,0,0,.255,11.93
105,2015,235,2245,22.53,20.11,0,0,.255,11.93
105,2015,235,2300,22.31,19.86,0,0,.255,11.93
105,2015,235,2315,22.12,19.68,0,0,.255,11.93
105,2015,235,2330,21.96,19.83,0,0,.255,11.93
105,2015,235,2345,21.83,19.58,0,0,.255,11.92
105,2015,236,0,21.69,19.23,0,0,.255,11.93
105,2015,236,15,21.54,19.48,0,0,.255,11.92
105,2015,236,30,21.41,19.39,0,0,.256,11.93
105,2015,236,45,21.34,19.4,0,0,.255,11.92
105,2015,236,100,21.32,19.6,0,0,.255,11.92
105,2015,236,115,21.33,19.53,0,0,.255,11.92
105,2015,236,130,21.33,19.51,0,0,.255,11.93
105,2015,236,145,21.33,19.63,0,0,.255,11.93
105,2015,236,200,21.34,19.81,0,0,.255,11.93
105,2015,236,215,21.39,19.9,0,0,.262,11.94
105,2015,236,230,21.44,19.81,0,0,.301,11.94
105,2015,236,245,21.47,19.95,0,0,.338,11.93
105,2015,236,300,21.53,20.07,0,0,.359,11.93
105,2015,236,315,21.59,20.13,0,0,.373,11.94
105,2015,236,330,21.65,20.43,0,0,.386,11.94
105,2015,236,345,21.71,20.27,0,0,.395,11.95
105,2015,236,400,21.74,20.22,0,0,.399,11.95
105,2015,236,415,21.76,20.19,0,0,.401,11.95
105,2015,236,430,21.79,20.43,0,0,.401,11.95
105,2015,236,445,21.84,20.44,0,0,.401,11.95
105,2015,236,500,21.89,20.37,0,0,.401,11.95
105,2015,236,515,21.88,20.06,0,0,.401,11.95
105,2015,236,530,21.81,19.97,0,0,.401,11.95
105,2015,236,545,21.75,19.91,0,0,.401,11.94
105,2015,236,600,21.67,19.75,0,0,.401,11.94
105,2015,236,615,21.58,19.75,0,0,.401,11.94
105,2015,236,630,21.49,19.74,0,0,.401,11.93
105,2015,236,645,21.4,19.61,0,0,.401,11.93
105,2015,236,700,21.31,19.73,0,0,.4,11.93
105,2015,236,715,21.26,20.34,0,0,.4,11.93
105,2015,236,730,21.28,20.63,0,0,.398,11.93
105,2015,236,745,21.41,22.04,0,0,.396,11.94
105,2015,236,800,21.64,22.44,0,0,.394,11.96
105,2015,236,815,22,24.29,0,0,.391,11.96
105,2015,236,830,22.5,24.21,0,0,.389,11.97
105,2015,236,845,23.07,25.83,0,0,.386,11.98
105,2015,236,900,23.73,26.4,0,0,.384,11.99
105,2015,236,915,24.37,27.01,0,0,.382,12
105,2015,236,930,24.96,27.27,0,0,.38,12
105,2015,236,945,25.46,28.7,0,0,.378,12.01
105,2015,236,1000,26,29.49,0,0,.376,12.01
105,2015,236,1015,26.6,30.21,0,0,.375,12.02
105,2015,236,1030,27.19,30.75,0,0,.375,12.02
105,2015,236,1045,27.8,31.87,0,0,.374,12.03
105,2015,236,1100,28.45,31.8,0,0,.374,12.03
105,2015,236,1115,29.1,32.63,0,0,.374,12.04
105,2015,236,1130,29.72,32.97,0,0,.374,12.04
105,2015,236,1145,30.3,33.47,0,0,.374,12.04
105,2015,236,1200,30.84,32.94,0,0,.374,12.04
105,2015,236,1215,31.31,33.77,0,0,.374,12.04
105,2015,236,1230,31.77,33.85,0,0,.377,12.05
105,2015,236,1245,32.2,34.07,0,0,.392,12.05
105,2015,236,1300,32.61,33.61,0,0,.413,12.05
105,2015,236,1315,32.95,33.52,0,0,.435,12.05
105,2015,236,1330,33.22,33.76,0,0,.453,12.05
105,2015,236,1345,33.46,33.95,0,0,.463,12.05
105,2015,236,1400,33.72,34.11,0,0,.467,12.04
105,2015,236,1415,33.94,33.57,0,0,.467,12.05
105,2015,236,1430,34.06,34.13,0,0,.468,12.05
105,2015,236,1445,34.15,33.3,0,0,.467,12.05
105,2015,236,1500,34.13,32.96,0,0,.467,12.05
105,2015,236,1515,34.03,32.72,0,0,.467,12.04
105,2015,236,1530,33.96,32.48,0,0,.466,12.04
105,2015,236,1545,33.91,32.91,0,0,.465,12.04
105,2015,236,1600,33.87,32.06,0,0,.461,12.04
105,2015,236,1615,33.83,31.24,0,0,.457,12.03
105,2015,236,1630,33.73,30.36,0,0,.452,12.03
105,2015,236,1645,33.52,30.04,0,0,.45,12.02
105,2015,236,1700,33.22,29.55,0,0,.448,12.02
105,2015,236,1715,32.88,29.54,0,0,.445,12.01
105,2015,236,1730,32.55,29.18,0,0,.441,12.01
105,2015,236,1745,32.25,28.91,0,0,.438,12.01
105,2015,236,1800,31.95,28.57,0,0,.436,12.01
105,2015,236,1815,31.63,28.12,0,0,.433,12.01
105,2015,236,1830,31.31,27.91,0,0,.43,12.01
105,2015,236,1845,30.99,27.42,0,0,.428,12.01
105,2015,236,1900,30.68,27.31,0,0,.426,12
105,2015,236,1915,30.4,27.09,0,0,.423,12
105,2015,236,1930,30.14,26.88,0,0,.421,12
105,2015,236,1945,29.88,26.81,0,0,.418,11.99
105,2015,236,2000,29.68,26.62,0,0,.416,11.99
105,2015,236,2015,29.49,26.57,0,0,.414,11.99
105,2015,236,2030,29.32,26.66,0,0,.412,12
105,2015,236,2045,29.19,26.67,0,0,.409,11.99
105,2015,236,2100,29.07,24.78,0,0,.407,11.98
105,2015,236,2115,28.7,24.52,0,0,.414,11.97
105,2015,236,2130,28.19,24.33,0,0,.421,11.98
105,2015,236,2145,27.73,23.81,0,0,.427,11.97
105,2015,236,2200,27.38,23.93,0,0,.427,11.98
105,2015,236,2215,27.08,23.77,0,0,.427,11.98
105,2015,236,2230,26.83,23.74,0,0,.427,11.98
105,2015,236,2245,26.65,23.93,0,0,.428,11.98
105,2015,236,2300,26.51,23.73,0,0,.443,11.96
105,2015,236,2315,26.39,23.87,0,0,.468,11.97
105,2015,236,2330,26.3,23.68,0,0,.497,11.97
105,2015,236,2345,26.2,23.69,0,0,.528,11.97
105,2015,237,0,26.09,23.56,0,0,.56,11.97
105,2015,237,15,25.95,23.41,0,0,.621,11.98
105,2015,237,30,25.81,23.37,0,0,.736,11.98
105,2015,237,45,25.62,23.4,0,0,.861,11.98
105,2015,237,100,25.31,23.28,0,0,.939,11.98
105,2015,237,115,25.08,23.16,0,0,.972,11.98
105,2015,237,130,24.95,23.1,0,0,.976,11.98
105,2015,237,145,24.83,23.09,0,0,1.002,11.98
105,2015,237,200,24.71,23.28,0,0,1.046,11.97
105,2015,237,215,24.59,23.04,0,0,1.062,11.97
105,2015,237,230,24.46,22.77,0,0,1.043,11.98
105,2015,237,245,24.29,22.53,0,0,1.003,11.97
105,2015,237,300,24.1,22.37,0,0,.972,11.97
105,2015,237,315,23.89,22.16,0,0,.948,11.97
105,2015,237,330,23.66,22.17,0,0,.923,11.96
105,2015,237,345,23.43,21.93,0,0,.902,11.96
105,2015,237,400,23.21,21.57,0,0,.876,11.96
105,2015,237,415,23.01,21.83,0,0,.853,11.95
105,2015,237,430,22.79,21.78,0,0,.837,11.95
105,2015,237,445,22.55,21.75,0,0,.826,11.95
105,2015,237,500,22.32,23.89,0,0,.804,11.95
105,2015,237,515,22.08,27.85,0,0,.779,11.94
105,2015,237,530,21.85,25.1,0,0,.754,11.94
105,2015,237,545,21.63,21.63,0,0,.726,11.94
105,2015,237,600,21.42,20.88,0,0,.701,11.93
105,2015,237,615,21.22,20.5,0,0,.677,11.92
105,2015,237,630,21.02,20.29,0,0,.657,11.92
105,2015,237,645,20.81,20.07,0,0,.636,11.92
105,2015,237,700,20.6,20.2,0,0,.618,11.91
105,2015,237,715,20.42,20.65,0,0,.602,11.92
105,2015,237,730,20.3,21.1,0,0,.588,11.92
105,2015,237,745,20.29,21.71,0,0,.574,11.93
105,2015,237,800,20.39,22.61,0,0,.561,11.95
105,2015,237,815,20.61,23.18,0,0,.55,11.96
105,2015,237,830,20.95,23.6,0,0,.54,11.97
105,2015,237,845,21.35,24.57,0,0,.531,11.98
105,2015,237,900,21.79,24.05,0,0,.522,11.98
105,2015,237,915,22.24,25.05,0,0,.514,11.98
105,2015,237,930,22.69,26.23,0,0,.506,11.99
105,2015,237,945,23.22,26.82,0,0,.5,12
105,2015,237,1000,23.83,27.25,0,0,.493,12
105,2015,237,1015,24.48,27.78,0,0,.487,12
105,2015,237,1030,25.13,28.06,0,0,.482,12.01
105,2015,237,1045,25.77,28.65,0,0,.477,12.01
105,2015,237,1100,26.38,28.5,0,0,.472,12.01
105,2015,237,1115,26.89,28.9,0,0,.468,12
105,2015,237,1130,27.31,29.26,0,0,.464,12
105,2015,237,1145,27.73,29.92,0,0,.46,12.01
105,2015,237,1200,28.16,29.62,0,0,.456,12.01
105,2015,237,1215,28.57,29.83,0,0,.452,12.01
105,2015,237,1230,28.94,30.38,0,0,.449,12.01
105,2015,237,1245,29.33,30.26,0,0,.446,12.01
105,2015,237,1300,29.74,30.53,0,0,.443,12.02
105,2015,237,1315,30.13,30.45,0,0,.44,12.02
105,2015,237,1330,30.46,29.16,0,0,.438,12.02
105,2015,237,1345,30.68,31.15,0,0,.434,12.02
105,2015,237,1400,30.89,31.19,0,0,.431,12.03
105,2015,237,1415,31.16,31.71,0,0,.429,12.03
105,2015,237,1430,31.47,31.87,0,0,.426,12.03
105,2015,237,1445,31.76,31.06,0,0,.423,12.04
105,2015,237,1500,32.03,31.13,0,0,.42,12.03
105,2015,237,1515,32.24,31.01,0,0,.417,12.03
105,2015,237,1530,32.39,30.46,0,0,.415,12.03
105,2015,237,1545,32.48,30.39,0,0,.413,12.03
105,2015,237,1600,32.48,29.31,0,0,.41,12.03
105,2015,237,1615,32.16,28.23,0,0,.408,12.02
105,2015,237,1630,31.74,27.12,0,0,.406,12.02
105,2015,237,1645,31.29,26.38,0,0,.406,12.01
105,2015,237,1700,30.77,26.08,0,0,.406,12
105,2015,237,1715,30.23,25.71,0,0,.405,12
105,2015,237,1730,29.71,26.15,0,0,.404,11.99
105,2015,237,1745,29.26,25.18,0,0,.402,11.99
105,2015,237,1800,28.85,25.14,0,0,.401,11.99
105,2015,237,1815,28.45,25.03,0,0,.398,11.99
105,2015,237,1830,28.1,24.85,0,0,.397,11.99
105,2015,237,1845,27.78,24.42,0,0,.396,11.99
105,2015,237,1900,27.47,23.87,0,0,.394,11.98
105,2015,237,1915,27.17,23.45,0,0,.393,11.98
105,2015,237,1930,26.85,22.94,0,0,.392,11.98
105,2015,237,1945,26.5,22.55,0,0,.39,11.97
105,2015,237,2000,26.12,22.13,0,0,.39,11.97
105,2015,237,2015,25.71,21.73,0,0,.388,11.96
105,2015,237,2030,25.3,21.33,0,0,.387,11.96
105,2015,237,2045,24.87,20.79,0,0,.386,11.96
105,2015,237,2100,24.43,20.37,0,0,.384,11.95
105,2015,237,2115,24.01,19.98,0,0,.383,11.95
105,2015,237,2130,23.62,19.75,0,0,.382,11.94
105,2015,237,2145,23.26,19.7,0,0,.381,11.93
105,2015,237,2200,22.99,19.43,0,0,.38,11.93
105,2015,237,2215,22.7,19.39,0,0,.378,11.93
105,2015,237,2230,22.41,19.29,0,0,.377,11.93
105,2015,237,2245,22.14,19.19,0,0,.376,11.92
105,2015,237,2300,21.89,19.03,0,0,.375,11.92
105,2015,237,2315,21.67,18.84,0,0,.374,11.91
105,2015,237,2330,21.45,18.37,0,0,.373,11.91
105,2015,237,2345,21.2,18.1,0,0,.372,11.9
105,2015,238,0,20.95,18.07,0,0,.371,11.89
105,2015,238,15,20.76,18.2,0,0,.369,11.89
105,2015,238,30,20.61,18.41,0,0,.368,11.89
105,2015,238,45,20.49,18.33,0,0,.366,11.89
105,2015,238,100,20.38,18.31,0,0,.365,11.89
105,2015,238,115,20.29,18.42,0,0,.365,11.88
105,2015,238,130,20.22,18.34,0,0,.364,11.89
105,2015,238,145,20.17,18.13,0,0,.363,11.89
105,2015,238,200,20.1,17.72,0,0,.362,11.88
105,2015,238,215,19.99,17.51,0,0,.362,11.87
105,2015,238,230,19.88,17.37,0,0,.361,11.87
105,2015,238,245,19.76,17.19,0,0,.36,11.86
105,2015,238,300,19.63,17.11,0,0,.359,11.86
105,2015,238,315,19.5,17.16,0,0,.358,11.86
105,2015,238,330,19.4,17.36,0,0,.357,11.87
105,2015,238,345,19.34,17.16,0,0,.357,11.87
105,2015,238,400,19.25,16.96,0,0,.357,11.87
105,2015,238,415,19.14,16.75,0,0,.356,11.86
105,2015,238,430,19.02,16.73,0,0,.355,11.86
105,2015,238,445,18.92,16.65,0,0,.355,11.85
105,2015,238,500,18.85,16.6,0,0,.354,11.85
105,2015,238,515,18.78,16.6,0,0,.354,11.85
105,2015,238,530,18.71,16.59,0,0,.353,11.84
105,2015,238,545,18.64,16.45,0,0,.352,11.83
105,2015,238,600,18.57,16.54,0,0,.352,11.83
105,2015,238,615,18.5,16.62,0,0,.351,11.83
105,2015,238,630,18.45,16.56,0,0,.35,11.83
105,2015,238,645,18.42,16.68,0,0,.35,11.84
105,2015,238,700,18.41,16.89,0,0,.348,11.84
105,2015,238,715,18.4,17.12,0,0,.348,11.84
105,2015,238,730,18.44,17.96,0,0,.346,11.85
105,2015,238,745,18.57,18.44,0,0,.346,11.86
105,2015,238,800,18.75,18.2,0,0,.344,11.87
105,2015,238,815,18.95,18.84,0,0,.344,11.88
105,2015,238,830,19.17,19.91,0,0,.343,11.89
105,2015,238,845,19.5,20.95,0,0,.342,11.9
105,2015,238,900,19.91,21.5,0,0,.341,11.9
105,2015,238,915,20.37,22.88,0,0,.34,11.92
105,2015,238,930,20.9,22.46,0,0,.339,11.94
105,2015,238,945,21.4,23.77,0,0,.338,11.96
105,2015,238,1000,21.89,23.94,0,0,.336,11.96
105,2015,238,1015,22.42,25.23,0,0,.335,11.97
105,2015,238,1030,22.99,26.35,0,0,.334,11.98
105,2015,238,1045,23.6,26.61,0,0,.333,11.98
105,2015,238,1100,24.21,26.27,0,0,.332,11.99
105,2015,238,1115,24.72,27.53,0,0,.331,11.99
105,2015,238,1130,25.29,28.03,0,0,.33,12
105,2015,238,1145,25.81,29.07,0,0,.329,12.01
105,2015,238,1200,26.35,29.16,0,0,.328,12.01
105,2015,238,1215,26.83,29.26,0,0,.327,12.01
105,2015,238,1230,27.25,27.91,0,0,.326,12.01
105,2015,238,1245,27.55,28.15,0,0,.325,12.01
105,2015,238,1300,27.79,28.26,0,0,.324,12.01
105,2015,238,1315,28.05,29.69,0,0,.323,12.01
105,2015,238,1330,28.32,27.62,0,0,.322,12.01
105,2015,238,1345,28.41,28.2,0,0,.322,12.01
105,2015,238,1400,28.59,29.72,0,0,.32,12.01
105,2015,238,1415,28.92,29.82,0,0,.319,12.02
105,2015,238,1430,29.22,30.02,0,0,.316,12.02
105,2015,238,1445,29.48,29.76,0,0,.317,12.02
105,2015,238,1500,29.68,29.76,0,0,.315,12.02
105,2015,238,1515,29.8,29.27,0,0,.315,12.02
105,2015,238,1530,29.88,29.8,0,0,.315,12.02
105,2015,238,1545,29.95,28.28,0,0,.314,12.02
105,2015,238,1600,29.96,28.37,0,0,.313,12.02
105,2015,238,1615,29.97,27.75,0,0,.312,12.01
105,2015,238,1630,29.92,26.08,0,0,.311,12.01
105,2015,238,1645,29.63,25.18,0,0,.311,12
105,2015,238,1700,29.16,24.78,0,0,.312,11.99
105,2015,238,1715,28.67,24.47,0,0,.311,11.99
105,2015,238,1730,28.2,24.13,0,0,.311,11.99
105,2015,238,1745,27.74,23.86,0,0,.311,11.98
105,2015,238,1800,27.33,23.76,0,0,.311,11.98
105,2015,238,1815,26.98,23.88,0,0,.311,11.97
105,2015,238,1830,26.71,23.44,0,0,.311,11.97
105,2015,238,1845,26.47,22.94,0,0,.311,11.97
105,2015,238,1900,26.18,22.41,0,0,.311,11.97
105,2015,238,1915,25.86,22.03,0,0,.311,11.97
105,2015,238,1930,25.51,21.82,0,0,.311,11.96
105,2015,238,1945,25.1,21.16,0,0,.311,11.96
105,2015,238,2000,24.66,20.57,0,0,.311,11.95
105,2015,238,2015,24.21,20.15,0,0,.311,11.94
105,2015,238,2030,23.73,19.56,0,0,.311,11.93
105,2015,238,2045,23.22,18.84,0,0,.311,11.92
105,2015,238,2100,22.75,18.58,0,0,.311,11.91
105,2015,238,2115,22.3,18.24,0,0,.311,11.9
105,2015,238,2130,21.91,17.95,0,0,.311,11.9
105,2015,238,2145,21.53,17.86,0,0,.311,11.89
105,2015,238,2200,21.16,17.92,0,0,.311,11.89
105,2015,238,2215,20.84,17.71,0,0,.311,11.89
105,2015,238,2230,20.54,17.33,0,0,.31,11.89
105,2015,238,2245,20.26,17.49,0,0,.309,11.88
105,2015,238,2300,20,16.98,0,0,.309,11.88
105,2015,238,2315,19.75,17.25,0,0,.31,11.88
105,2015,238,2330,19.52,16.51,0,0,.31,11.87
105,2015,238,2345,19.3,16.58,0,0,.309,11.86
105,2015,239,0,19.13,16.48,0,0,.308,11.86
105,2015,239,15,18.98,16.53,0,0,.308,11.86
105,2015,239,30,18.81,16.25,0,0,.307,11.86
105,2015,239,45,18.64,16.29,0,0,.308,11.86
105,2015,239,100,18.46,16.36,0,0,.308,11.85
105,2015,239,115,18.33,16.28,0,0,.308,11.85
105,2015,239,130,18.24,16.21,0,0,.306,11.85
105,2015,239,145,18.14,16.06,0,0,.306,11.85
105,2015,239,200,18.03,16.01,0,0,.307,11.85
105,2015,239,215,17.93,16.08,0,0,.306,11.84
105,2015,239,230,17.87,15.89,0,0,.306,11.84
105,2015,239,245,17.79,15.85,0,0,.306,11.83
105,2015,239,300,17.72,15.82,0,0,.305,11.83
105,2015,239,315,17.66,15.86,0,0,.305,11.83
105,2015,239,330,17.63,15.83,0,0,.305,11.82
105,2015,239,345,17.62,15.72,0,0,.304,11.82
105,2015,239,400,17.56,15.72,0,0,.304,11.82
105,2015,239,415,17.49,15.57,0,0,.304,11.83
105,2015,239,430,17.4,15.6,0,0,.304,11.83
105,2015,239,445,17.33,15.56,0,0,.304,11.83
105,2015,239,500,17.28,15.6,0,0,.304,11.82
105,2015,239,515,17.23,15.63,0,0,.304,11.81
105,2015,239,530,17.21,15.47,0,0,.303,11.8
105,2015,239,545,17.2,15.32,0,0,.304,11.8
105,2015,239,600,17.13,15.13,0,0,.304,11.81
105,2015,239,615,17.04,15.14,0,0,.303,11.8
105,2015,239,630,16.95,15.06,0,0,.304,11.8
105,2015,239,645,16.86,15.19,0,0,.304,11.79
105,2015,239,700,16.79,15.54,0,0,.304,11.78
105,2015,239,715,16.79,16.44,0,0,.304,11.79
105,2015,239,730,16.91,17.38,0,0,.303,11.8
105,2015,239,745,17.16,18.47,0,0,.302,11.83
105,2015,239,800,17.52,18.99,0,0,.301,11.85
105,2015,239,815,17.96,20.24,0,0,.302,11.86
105,2015,239,830,18.47,20.46,0,0,.301,11.87
105,2015,239,845,18.96,21,0,0,.301,11.87
105,2015,239,900,19.44,21.76,0,0,.299,11.87
105,2015,239,915,19.96,22.34,0,0,.299,11.89
105,2015,239,930,20.5,23.33,0,0,.298,11.92
105,2015,239,945,21.05,23.65,0,0,.297,11.94
105,2015,239,1000,21.63,24.78,0,0,.296,11.95
105,2015,239,1015,22.27,24.98,0,0,.296,11.96
105,2015,239,1030,22.91,26.21,0,0,.295,11.97
105,2015,239,1045,23.55,26.19,0,0,.294,11.98
105,2015,239,1100,24.15,26.63,0,0,.293,11.98
105,2015,239,1115,24.73,27.89,0,0,.292,11.98
105,2015,239,1130,25.29,27.67,0,0,.292,11.99
105,2015,239,1145,25.79,28.25,0,0,.292,12
105,2015,239,1200,26.26,28.89,0,0,.291,12
105,2015,239,1215,26.72,29.34,0,0,.289,12.01
105,2015,239,1230,27.15,29.78,0,0,.288,12.01
105,2015,239,1245,27.62,29.8,0,0,.288,12.02
105,2015,239,1300,28.1,30.95,0,0,.287,12.02
105,2015,239,1315,28.57,29.88,0,0,.287,12.02
105,2015,239,1330,28.87,30.16,0,0,.286,12.02
105,2015,239,1345,29.11,29.88,0,0,.285,12.02
105,2015,239,1400,29.37,31.26,0,0,.283,12.02
105,2015,239,1415,29.64,30.56,0,0,.282,12.03
105,2015,239,1430,29.83,28.56,0,0,.282,12.03
105,2015,239,1445,29.79,29.42,0,0,.282,12.02
105,2015,239,1500,29.73,29.53,0,0,.281,12.02
105,2015,239,1515,29.75,29.16,0,0,.28,12.02
105,2015,239,1530,29.75,28.62,0,0,.279,12.02
105,2015,239,1545,29.65,26.92,0,0,.279,12.01
105,2015,239,1600,29.42,27.38,0,0,.279,12.01
105,2015,239,1615,29.27,26.86,0,0,.277,12
105,2015,239,1630,29.16,26.58,0,0,.276,12
105,2015,239,1645,29.02,25.68,0,0,.276,12
105,2015,239,1700,28.7,25.81,0,0,.276,11.99
105,2015,239,1715,28.38,25.93,0,0,.276,11.99
105,2015,239,1730,28.15,25.51,0,0,.276,11.99
105,2015,239,1745,27.92,24.94,0,0,.276,11.99
105,2015,239,1800,27.64,24.55,0,0,.276,11.98
105,2015,239,1815,27.29,23.92,0,0,.276,11.98
105,2015,239,1830,26.89,22.96,0,0,.276,11.97
105,2015,239,1845,26.44,22.48,0,0,.276,11.97
105,2015,239,1900,25.98,22.14,0,0,.276,11.96
105,2015,239,1915,25.55,21.84,0,0,.276,11.96
105,2015,239,1930,25.12,21.47,0,0,.276,11.95
105,2015,239,1945,24.69,21.17,0,0,.276,11.95
105,2015,239,2000,24.27,20.7,0,0,.276,11.94
105,2015,239,2015,23.82,20.25,0,0,.276,11.94
105,2015,239,2030,23.4,19.82,0,0,.276,11.93
105,2015,239,2045,23,19.7,0,0,.276,11.93
105,2015,239,2100,22.67,19.5,0,0,.275,11.93
105,2015,239,2115,22.37,19.74,0,0,.275,11.92
105,2015,239,2130,22.12,19.52,0,0,.276,11.91
105,2015,239,2145,21.87,19.34,0,0,.275,11.91
105,2015,239,2200,21.58,18.85,0,0,.275,11.91
105,2015,239,2215,21.25,18.51,0,0,.276,11.9
105,2015,239,2230,20.93,18.25,0,0,.276,11.9
105,2015,239,2245,20.63,18.21,0,0,.275,11.89
105,2015,239,2300,20.35,17.32,0,0,.276,11.89
105,2015,239,2315,20.05,17.05,0,0,.276,11.88
105,2015,239,2330,19.78,17.05,0,0,.276,11.87
105,2015,239,2345,19.54,16.74,0,0,.276,11.86
105,2015,240,0,19.33,16.82,0,0,.275,11.86
105,2015,240,15,19.13,16.67,0,0,.275,11.86
105,2015,240,30,18.92,16.74,0,0,.276,11.85
105,2015,240,45,18.76,16.63,0,0,.276,11.86
105,2015,240,100,18.6,16.25,0,0,.276,11.86
105,2015,240,115,18.39,16.23,0,0,.276,11.85
105,2015,240,130,18.22,16.59,0,0,.276,11.86
105,2015,240,145,18.11,16.34,0,0,.276,11.86
105,2015,240,200,17.97,15.88,0,0,.276,11.85
105,2015,240,215,17.8,15.79,0,0,.275,11.85
105,2015,240,230,17.64,15.5,0,0,.276,11.84
105,2015,240,245,17.5,15.7,0,0,.275,11.84
105,2015,240,300,17.36,15.53,0,0,.276,11.84
105,2015,240,315,17.24,15.57,0,0,.276,11.84
105,2015,240,330,17.13,15.31,0,0,.275,11.83
105,2015,240,345,17.04,15.62,0,0,.275,11.82
105,2015,240,400,17,15.49,0,0,.275,11.83
105,2015,240,415,16.93,15.8,0,0,.274,11.83
105,2015,240,430,16.88,15.86,0,0,.275,11.82
105,2015,240,445,16.84,15.59,0,0,.275,11.83
105,2015,240,500,16.82,15.46,0,0,.275,11.83
105,2015,240,515,16.79,15.09,0,0,.275,11.82
105,2015,240,530,16.68,15.1,0,0,.274,11.82
105,2015,240,545,16.55,15.04,0,0,.274,11.82
105,2015,240,600,16.42,15.15,0,0,.273,11.81
105,2015,240,615,16.31,15.12,0,0,.273,11.81
105,2015,240,630,16.24,15.01,0,0,.273,11.81
105,2015,240,645,16.2,15.07,0,0,.273,11.81
105,2015,240,700,16.16,15.03,0,0,.273,11.81
105,2015,240,715,16.14,15.98,0,0,.272,11.81
105,2015,240,730,16.23,17.71,0,0,.272,11.83
105,2015,240,745,16.51,18.82,0,0,.271,11.85
105,2015,240,800,16.92,19.58,0,0,.27,11.87
105,2015,240,815,17.46,20.56,0,0,.268,11.89
105,2015,240,830,18.1,21.68,0,0,.268,11.91
105,2015,240,845,18.83,23.53,0,0,.267,11.94
105,2015,240,900,19.63,24.63,0,0,.266,11.97
105,2015,240,915,20.47,25.85,0,0,.266,11.98
105,2015,240,930,21.31,26.29,0,0,.265,11.99
105,2015,240,945,22.14,27.51,0,0,.264,12
105,2015,240,1000,22.95,28.43,0,0,.263,12.01
105,2015,240,1015,23.73,29.09,0,0,.263,12.02
105,2015,240,1030,24.48,29.62,0,0,.262,12.02
105,2015,240,1045,25.16,29.78,0,0,.261,12.02
105,2015,240,1100,25.81,30.22,0,0,.261,12.02
105,2015,240,1115,26.44,29.73,0,0,.26,12.02
105,2015,240,1130,26.94,29.37,0,0,.26,12.03
105,2015,240,1145,27.31,29.46,0,0,.26,12.02
105,2015,240,1200,27.62,29.12,0,0,.259,12.02
105,2015,240,1215,27.91,30.37,0,0,.259,12.02
105,2015,240,1230,28.27,30.17,0,0,.257,12.02
105,2015,240,1245,28.76,30.33,0,0,.257,12.02
105,2015,240,1300,31.79,30.55,0,0,.255,12.02
105,2015,240,1315,35.32,30.57,0,0,.254,12.03
105,2015,240,1330,37.21,31.05,0,0,.254,12.02
105,2015,240,1345,36.66,31.35,0,0,.254,12.02
105,2015,240,1400,35.12,30.39,0,0,.254,12.02
105,2015,240,1415,34,29.34,0,0,.254,12.01
105,2015,240,1430,33.17,29.63,0,0,.252,12