,31.31,31.76,0,0,.432,12.03
105,2015,232,1445,31.5,31.97,0,0,.429,12.04
105,2015,232,1500,31.71,30.48,0,0,.425,12.03
105,2015,232,1515,31.77,30.12,0,0,.423,12.03
105,2015,232,1530,31.71,29.7,0,0,.42,12.02
105,2015,232,1545,31.63,30.24,0,0,.417,12.03
105,2015,232,1600,31.63,30.39,0,0,.414,12.03
105,2015,232,1615,31.68,30.78,0,0,.411,12.03
105,2015,232,1630,31.72,30.53,0,0,.408,12.03
105,2015,232,1645,31.73,29.7,0,0,.405,12.03
105,2015,232,1700,31.65,29.87,0,0,.404,12.03
105,2015,232,1715,31.56,29.57,0,0,.401,12.02
105,2015,232,1730,31.47,29.1,0,0,.399,12.02
105,2015,232,1745,31.35,29.39,0,0,.396,12.02
105,2015,232,1800,31.28,29.7,0,0,.395,12.02
105,2015,232,1815,31.23,28.95,0,0,.393,12.02
105,2015,232,1830,31.11,28.54,0,0,.39,12.02
105,2015,232,1845,30.94,28.34,0,0,.389,12.02
105,2015,232,1900,30.77,28.11,0,0,.387,12.02
105,2015,232,1915,30.59,28.02,0,0,.385,12.02
105,2015,232,1930,30.41,27.81,0,0,.384,12.02
105,2015,232,1945,30.22,27.32,0,0,.382,12.02
105,2015,232,2000,30.03,27.09,0,0,.381,12.02
105,2015,232,2015,29.83,27.05,0,0,.381,12.01
105,2015,232,2030,29.63,27.18,0,0,.381,12.01
105,2015,232,2045,29.43,26.44,0,0,.381,12.01
105,2015,232,2100,29.23,26.08,0,0,.381,12
105,2015,232,2115,28.99,25.65,0,0,.385,12
105,2015,232,2130,28.7,24.96,0,0,.408,12
105,2015,232,2145,28.35,24.31,0,0,.448,12
105,2015,232,2200,27.96,24.16,0,0,.492,11.99
105,2015,232,2215,27.55,23.74,0,0,.542,11.98
105,2015,232,2230,27.18,23.61,0,0,.585,11.98
105,2015,232,2245,26.87,23.52,0,0,.62,11.98
105,2015,232,2300,26.59,23.62,0,0,.639,11.98
105,2015,232,2315,26.35,23.46,0,0,.639,11.98
105,2015,232,2330,26.16,23.58,0,0,.639,11.98
105,2015,232,2345,26,23.42,0,0,.628,11.98
105,2015,233,0,25.87,23.48,0,0,.618,11.97
105,2015,233,15,25.76,23.6,0,0,.609,11.98
105,2015,233,30,25.66,23.39,0,0,.597,11.98
105,2015,233,45,25.58,23.37,0,0,.585,11.98
105,2015,233,100,25.51,23.25,0,0,.573,11.98
105,2015,233,115,25.43,23.16,0,0,.562,11.98
105,2015,233,130,25.34,22.97,0,0,.551,11.98
105,2015,233,145,25.23,22.88,0,0,.54,11.98
105,2015,233,200,25.12,22.91,0,0,.531,11.98
105,2015,233,215,25.02,22.84,0,0,.521,11.98
105,2015,233,230,24.92,22.85,0,0,.512,11.98
105,2015,233,245,24.82,22.8,0,0,.503,11.98
105,2015,233,300,24.74,22.8,0,0,.498,11.98
105,2015,233,315,24.65,22.68,0,0,.492,11.98
105,2015,233,330,24.58,22.61,0,0,.483,11.98
105,2015,233,345,24.5,22.54,0,0,.478,11.98
105,2015,233,400,24.41,22.48,0,0,.473,11.97
105,2015,233,415,24.34,22.46,0,0,.468,11.97
105,2015,233,430,24.26,22.34,0,0,.464,11.97
105,2015,233,445,24.18,22.12,0,0,.459,11.97
105,2015,233,500,24.09,21.95,0,0,.454,11.96
105,2015,233,515,23.98,21.79,0,0,.451,11.96
105,2015,233,530,23.87,21.77,0,0,.447,11.96
105,2015,233,545,23.77,21.66,0,0,.444,11.96
105,2015,233,600,23.69,21.49,0,0,.44,11.96
105,2015,233,615,23.59,21.32,0,0,.437,11.95
105,2015,233,630,23.46,21.07,0,0,.434,11.94
105,2015,233,645,23.32,20.9,0,0,.432,11.94
105,2015,233,700,23.17,20.88,0,0,.429,11.94
105,2015,233,715,23.03,21.02,0,0,.426,11.93
105,2015,233,730,22.93,20.93,0,0,.424,11.93
105,2015,233,745,22.84,20.89,0,0,.422,11.93
105,2015,233,800,22.76,20.93,0,0,.418,11.94
105,2015,233,815,22.71,21.07,0,0,.416,11.93
105,2015,233,830,22.7,21.56,0,0,.415,11.92
105,2015,233,845,22.78,22.7,0,0,.411,11.92
105,2015,233,900,23,24.4,0,0,.408,11.94
105,2015,233,915,23.37,24.97,0,0,.406,11.94
105,2015,233,930,23.81,25.77,0,0,.403,11.95
105,2015,233,945,24.29,26.29,0,0,.401,11.96
105,2015,233,1000,24.78,26.48,0,0,.398,11.98
105,2015,233,1015,25.26,27.71,0,0,.395,11.98
105,2015,233,1030,25.79,28.37,0,0,.393,11.99
105,2015,233,1045,26.33,28.75,0,0,.391,12
105,2015,233,1100,26.87,28.87,0,0,.39,12
105,2015,233,1115,27.36,29.68,0,0,.388,12
105,2015,233,1130,27.82,29.72,0,0,.386,12.01
105,2015,233,1145,28.25,30.13,0,0,.384,12.01
105,2015,233,1200,28.66,30.52,0,0,.382,12.01
105,2015,233,1215,29.07,31.59,0,0,.379,12.02
105,2015,233,1230,29.51,31.16,0,0,.378,12.03
105,2015,233,1245,29.9,30.87,0,0,.376,12.02
105,2015,233,1300,30.2,31.99,0,0,.374,12.03
105,2015,233,1315,30.54,31.84,0,0,.372,12.03
105,2015,233,1330,30.89,32.48,0,0,.37,12.03
105,2015,233,1345,31.22,31.81,0,0,.368,12.04
105,2015,233,1400,31.49,31.55,0,0,.366,12.03
105,2015,233,1415,31.67,31.67,0,0,.365,12.03
105,2015,233,1430,31.81,32.09,0,0,.363,12.03
105,2015,233,1445,31.95,31.68,0,0,.362,12.03
105,2015,233,1500,32.07,31.72,0,0,.36,12.03
105,2015,233,1515,32.18,31.87,0,0,.358,12.03
105,2015,233,1530,32.32,31.81,0,0,.357,12.04
105,2015,233,1545,32.39,31.72,0,0,.356,12.03
105,2015,233,1600,32.42,31.9,0,0,.354,12.04
105,2015,233,1615,32.43,30.65,0,0,.353,12.04
105,2015,233,1630,32.35,29.93,0,0,.352,12.03
105,2015,233,1645,32.19,28.68,0,0,.352,12.03
105,2015,233,1700,31.88,28.14,0,0,.352,12.02
105,2015,233,1715,31.48,27.8,0,0,.352,12.02
105,2015,233,1730,31.05,27.19,0,0,.352,12.01
105,2015,233,1745,30.64,26.55,0,0,.35,12.01
105,2015,233,1800,30.22,26.37,0,0,.35,12.01
105,2015,233,1815,29.82,25.98,0,0,.349,12
105,2015,233,1830,29.43,25.48,0,0,.348,12
105,2015,233,1845,29.03,25.08,0,0,.347,12
105,2015,233,1900,28.63,25.04,0,0,.346,11.99
105,2015,233,1915,28.26,24.78,0,0,.346,11.99
105,2015,233,1930,27.89,24.13,0,0,.345,11.99
105,2015,233,1945,27.47,23.53,0,0,.344,11.99
105,2015,233,2000,27.03,22.8,0,0,.344,11.98
105,2015,233,2015,26.56,22.14,0,0,.343,11.98
105,2015,233,2030,26.09,21.76,0,0,.343,11.98
105,2015,233,2045,25.67,21.69,0,0,.342,11.97
105,2015,233,2100,25.27,21.58,0,0,.341,11.97
105,2015,233,2115,24.89,21.04,0,0,.34,11.96
105,2015,233,2130,24.56,20.96,0,0,.339,11.94
105,2015,233,2145,24.25,20.62,0,0,.339,11.94
105,2015,233,2200,23.99,20.71,0,0,.338,11.94
105,2015,233,2215,23.76,20.59,0,0,.338,11.94
105,2015,233,2230,23.56,20.46,0,0,.336,11.94
105,2015,233,2245,23.34,20.19,0,0,.336,11.93
105,2015,233,2300,23.13,19.94,0,0,.336,11.92
105,2015,233,2315,22.93,19.7,0,0,.335,11.92
105,2015,233,2330,22.71,19.46,0,0,.334,11.92
105,2015,233,2345,22.49,19.33,0,0,.333,11.91
105,2015,234,0,22.28,19.15,0,0,.333,11.91
105,2015,234,15,22.09,19.02,0,0,.332,11.9
105,2015,234,30,21.91,18.92,0,0,.331,11.9
105,2015,234,45,21.73,18.76,0,0,.33,11.9
105,2015,234,100,21.55,18.76,0,0,.329,11.89
105,2015,234,115,21.39,18.63,0,0,.329,11.89
105,2015,234,130,21.25,18.58,0,0,.329,11.89
105,2015,234,145,21.13,18.53,0,0,.328,11.88
105,2015,234,200,21.02,18.47,0,0,.327,11.88
105,2015,234,215,20.91,18.34,0,0,.327,11.88
105,2015,234,230,20.8,18.15,0,0,.326,11.88
105,2015,234,245,20.65,18.17,0,0,.325,11.88
105,2015,234,300,20.5,17.95,0,0,.325,11.88
105,2015,234,315,20.34,17.81,0,0,.326,11.87
105,2015,234,330,20.19,17.66,0,0,.324,11.87
105,2015,234,345,20.04,17.54,0,0,.324,11.87
105,2015,234,400,19.92,17.48,0,0,.323,11.86
105,2015,234,415,19.81,17.46,0,0,.322,11.85
105,2015,234,430,19.71,17.45,0,0,.322,11.85
105,2015,234,445,19.63,17.41,0,0,.321,11.85
105,2015,234,500,19.56,17.36,0,0,.321,11.85
105,2015,234,515,19.5,17.26,0,0,.321,11.85
105,2015,234,530,19.44,17.19,0,0,.32,11.85
105,2015,234,545,19.39,17.17,0,0,.32,11.85
105,2015,234,600,19.36,17.17,0,0,.319,11.85
105,2015,234,615,19.32,17.18,0,0,.319,11.84
105,2015,234,630,19.29,17.12,0,0,.318,11.84
105,2015,234,645,19.26,16.97,0,0,.318,11.84
105,2015,234,700,19.22,17.17,0,0,.318,11.84
105,2015,234,715,19.2,18.14,0,0,.316,11.85
105,2015,234,730,19.27,19.39,0,0,.315,11.86
105,2015,234,745,19.47,20.23,0,0,.314,11.88
105,2015,234,800,19.79,21.47,0,0,.313,11.9
105,2015,234,815,20.2,22.42,0,0,.311,11.92
105,2015,234,830,20.71,23.21,0,0,.311,11.95
105,2015,234,845,21.28,24.49,0,0,.31,11.97
105,2015,234,900,21.88,25.06,0,0,.31,11.97
105,2015,234,915,22.5,26.28,0,0,.309,11.98
105,2015,234,930,23.16,26.53,0,0,.308,11.99
105,2015,234,945,23.79,27.05,0,0,.308,11.99
105,2015,234,1000,24.39,27.38,0,0,.307,12
105,2015,234,1015,24.95,28.35,0,0,.306,12
105,2015,234,1030,25.54,28.54,0,0,.305,12
105,2015,234,1045,26.11,28.81,0,0,.304,12.01
105,2015,234,1100,26.62,29.25,0,0,.304,12
105,2015,234,1115,27.1,29.81,0,0,.303,12.01
105,2015,234,1130,27.59,29.57,0,0,.302,12.01
105,2015,234,1145,28,29.08,0,0,.301,12.01
105,2015,234,1200,28.33,29.8,0,0,.301,12.01
105,2015,234,1215,28.65,30.19,0,0,.299,12.01
105,2015,234,1230,29.02,31.18,0,0,.298,12.02
105,2015,234,1245,29.42,30.92,0,0,.297,12.02
105,2015,234,1300,29.77,30.18,0,0,.296,12.02
105,2015,234,1315,30.01,30.45,0,0,.296,12.02
105,2015,234,1330,30.23,30.37,0,0,.295,12.01
105,2015,234,1345,30.41,31.07,0,0,.294,12.02
105,2015,234,1400,30.59,30.97,0,0,.294,12.02
105,2015,234,1415,30.76,30.9,0,0,.292,12.02
105,2015,234,1430,30.9,31.24,0,0,.292,12.02
105,2015,234,1445,31.05,31.43,0,0,.289,12.03
105,2015,234,1500,31.19,31.55,0,0,.288,12.03
105,2015,234,1515,31.3,31.19,0,0,.287,12.03
105,2015,234,1530,31.35,30.57,0,0,.287,12.03
105,2015,234,1545,31.37,31.15,0,0,.286,12.03
105,2015,234,1600,31.38,30.52,0,0,.285,12.03
105,2015,234,1615,31.38,29.52,0,0,.285,12.03
105,2015,234,1630,31.3,27.93,0,0,.284,12.02
105,2015,234,1645,31.07,27.05,0,0,.284,12.01
105,2015,234,1700,30.68,26.55,0,0,.284,12
105,2015,234,1715,30.22,26.25,0,0,.284,12
105,2015,234,1730,29.79,25.68,0,0,.284,11.99
105,2015,234,1745,29.36,25.36,0,0,.284,11.99
105,2015,234,1800,28.94,25.19,0,0,.284,11.99
105,2015,234,1815,28.57,25.01,0,0,.284,11.98
105,2015,234,1830,28.23,24.73,0,0,.284,11.98
105,2015,234,1845,27.9,24.54,0,0,.284,11.98
105,2015,234,1900,27.61,24.43,0,0,.283,11.98
105,2015,234,1915,27.32,24.09,0,0,.284,11.98
105,2015,234,1930,27.04,23.76,0,0,.284,11.98
105,2015,234,1945,26.71,22.53,0,0,.284,11.97
105,2015,234,2000,26.3,22.08,0,0,.283,11.97
105,2015,234,2015,25.83,21.4,0,0,.284,11.96
105,2015,234,2030,25.31,21.17,0,0,.284,11.96
105,2015,234,2045,24.81,20.44,0,0,.284,11.95
105,2015,234,2100,24.33,20.24,0,0,.283,11.94
105,2015,234,2115,23.87,19.78,0,0,.284,11.93
105,2015,234,2130,23.44,19.72,0,0,.283,11.92
105,2015,234,2145,23.06,19.39,0,0,.283,11.91
105,2015,234,2200,22.67,19.29,0,0,.283,11.91
105,2015,234,2215,22.29,18.75,0,0,.283,11.91
105,2015,234,2230,21.92,18.59,0,0,.283,11.91
105,2015,234,2245,21.57,18.29,0,0,.283,11.9
105,2015,234,2300,21.24,18.12,0,0,.283,11.9
105,2015,234,2315,20.93,18.03,0,0,.283,11.89
105,2015,234,2330,20.65,17.95,0,0,.283,11.89
105,2015,234,2345,20.4,17.88,0,0,.283,11.89
105,2015,235,0,20.2,17.42,0,0,.283,11.88
105,2015,235,15,19.99,17.27,0,0,.283,11.88
105,2015,235,30,19.8,17.33,0,0,.283,11.88
105,2015,235,45,19.62,17.23,0,0,.282,11.87
105,2015,235,100,19.48,16.92,0,0,.281,11.87
105,2015,235,115,19.29,16.91,0,0,.282,11.87
105,2015,235,130,19.1,16.91,0,0,.282,11.87
105,2015,235,145,18.92,16.82,0,0,.281,11.87
105,2015,235,200,18.79,16.57,0,0,.281,11.86
105,2015,235,215,18.69,16.25,0,0,.28,11.86
105,2015,235,230,18.57,16.03,0,0,.28,11.85
105,2015,235,245,18.41,15.81,0,0,.28,11.85
105,2015,235,300,18.22,15.74,0,0,.28,11.85
105,2015,235,315,18.04,15.74,0,0,.28,11.85
105,2015,235,330,17.88,15.97,0,0,.279,11.85
105,2015,235,345,17.78,15.98,0,0,.279,11.84
105,2015,235,400,17.71,15.68,0,0,.279,11.84
105,2015,235,415,17.63,15.75,0,0,.278,11.84
105,2015,235,430,17.56,15.46,0,0,.278,11.83
105,2015,235,445,17.46,15.47,0,0,.277,11.83
105,2015,235,500,17.37,15.59,0,0,.279,11.83
105,2015,235,515,17.32,15.53,0,0,.278,11.81
105,2015,235,530,17.28,15.52,0,0,.278,11.81
105,2015,235,545,17.24,15.59,0,0,.279,11.81
105,2015,235,600,17.17,15.3,0,0,.278,11.82
105,2015,235,615,17.12,15.33,0,0,.276,11.81
105,2015,235,630,17.08,15.34,0,0,.277,11.81
105,2015,235,645,17.05,15.32,0,0,.277,11.81
105,2015,235,700,17.01,15.79,0,0,.276,11.81
105,2015,235,715,17.03,16.81,0,0,.276,11.82
105,2015,235,730,17.19,18.34,0,0,.274,11.83
105,2015,235,745,17.48,19.93,0,0,.273,11.86
105,2015,235,800,17.85,20.75,0,0,.272,11.89
105,2015,235,815,18.27,20.58,0,0,.271,11.9
105,2015,235,830,18.69,21.8,0,0,.271,11.91
105,2015,235,845,19.19,23.23,0,0,.27,11.94
105,2015,235,900,19.82,23.19,0,0,.27,11.96
105,2015,235,915,20.49,24.34,0,0,.269,11.97
105,2015,235,930,21.19,24.78,0,0,.269,11.98
105,2015,235,945,21.92,27.15,0,0,.268,11.99
105,2015,235,1000,22.73,28.28,0,0,.267,12
105,2015,235,1015,23.59,29.04,0,0,.266,12.01
105,2015,235,1030,24.4,28.91,0,0,.265,12.02
105,2015,235,1045,25.08,27.6,0,0,.264,12.02
105,2015,235,1100,25.62,28.18,0,0,.264,12.01
105,2015,235,1115,26.14,28.19,0,0,.263,12.01
105,2015,235,1130,26.63,28.71,0,0,.263,12.01
105,2015,235,1145,27.1,30.63,0,0,.262,12.02
105,2015,235,1200,27.58,30.29,0,0,.261,12.03
105,2015,235,1215,28,30.84,0,0,.26,12.02
105,2015,235,1230,28.44,31.24,0,0,.259,12.03
105,2015,235,1245,28.9,30.59,0,0,.259,12.03
105,2015,235,1300,29.23,29.93,0,0,.259,12.03
105,2015,235,1315,29.38,29.58,0,0,.259,12.02
105,2015,235,1330,29.42,30.09,0,0,.258,12.02
105,2015,235,1345,29.51,30.59,0,0,.257,12.03
105,2015,235,1400,29.67,30.44,0,0,.257,12.03
105,2015,235,1415,29.88,31.97,0,0,.257,12.03
105,2015,235,1430,30.18,32.63,0,0,.256,12.04
105,2015,235,1445,30.51,31.88,0,0,.256,12.04
105,2015,235,1500,30.79,31.58,0,0,.256,12.04
105,2015,235,1515,30.98,30.6,0,0,.256,12.03
105,2015,235,1530,31.05,31.45,0,0,.256,12.03
105,2015,235,1545,31.08,31.01,0,0,.256,12.03
105,2015,235,1600,31.1,30.42,0,0,.256,12.03
105,2015,235,1615,31.09,29.09,0,0,.256,12.03
105,2015,235,1630,30.98,27.95,0,0,.256,12.02
105,2015,235,1645,30.75,27.33,0,0,.256,12.02
105,2015,235,1700,30.42,26.81,0,0,.256,12.01
105,2015,235,1715,30.02,26.53,0,0,.256,12
105,2015,235,1730,29.64,26.18,0,0,.256,12
105,2015,235,1745,29.28,25.88,0,0,.256,11.99
105,2015,235,1800,28.92,25.74,0,0,.256,11.99
105,2015,235,1815,28.6,25.51,0,0,.256,11.99
105,2015,235,1830,28.28,25.14,0,0,.256,11.98
105,2015,235,1845,27.96,24.89,0,0,.256,11.98
105,2015,235,1900,27.64,24.13,0,0,.256,11.98
105,2015,235,1915,27.28,23.79,0,0,.255,11.98
105,2015,235,1930,26.93,23.53,0,0,.255,11.97
105,2015,235,1945,26.59,23.21,0,0,.256,11.97
105,2015,235,2000,26.22,22.09,0,0,.255,11.97
105,2015,235,2015,25.79,22.21,0,0,.255,11.97
105,2015,235,2030,25.35,21.67,0,0,.256,11.97
105,2015,235,2045,24.91,21.54,0,0,.255,11.96
105,2015,235,2100,24.52,21.04,0,0,.255,11.96
105,2015,235,2115,24.16,20.76,0,0,.255,11.95
105,2015,235,2130,23.83,20.47,0,0,.255,11.94
105,2015,235,2145,23.51,20.4,0,0,.255,11.94
105,2015,235,2200,23.23,20.25,0,0,.255,11.94
105,2015,235,2215,23,20.1,0,0,.255,11.93
105,2015,235,2230,22.76,19.94,0,0,.255,11.93
105,2015,235,2245,22.53,20.11,0,0,.255,11.93
105,2015,235,2300,22.31,19.86,0,0,.255,11.93
105,2015,235,2315,22.12,19.68,0,0,.255,11.93
105,2015,235,2330,21.96,19.83,0,0,.255,11.93
105,2015,235,2345,21.83,19.58,0,0,.255,11.92
105,2015,236,0,21.69,19.23,0,0,.255,11.93
105,2015,236,15,21.54,19.48,0,0,.255,11.92
105,2015,236,30,21.41,19.39,0,0,.256,11.93
105,2015,236,45,21.34,19.4,0,0,.255,11.92
105,2015,236,100,21.32,19.6,0,0,.255,11.92
105,2015,236,115,21.33,19.53,0,0,.255,11.92
105,2015,236,130,21.33,19.51,0,0,.255,11.93
105,2015,236,145,21.33,19.63,0,0,.255,11.93
105,2015,236,200,21.34,19.81,0,0,.255,11.93
105,2015,236,215,21.39,19.9,0,0,.262,11.94
105,2015,236,230,21.44,19.81,0,0,.301,11.94
105,2015,236,245,21.47,19.95,0,0,.338,11.93
105,2015,236,300,21.53,20.07,0,0,.359,11.93
105,2015,236,315,21.59,20.13,0,0,.373,11.94
105,2015,236,330,21.65,20.43,0,0,.386,11.94
105,2015,236,345,21.71,20.27,0,0,.395,11.95
105,2015,236,400,21.74,20.22,0,0,.399,11.95
105,2015,236,415,21.76,20.19,0,0,.401,11.95
105,2015,236,430,21.79,20.43,0,0,.401,11.95
105,2015,236,445,21.84,20.44,0,0,.401,11.95
105,2015,236,500,21.89,20.37,0,0,.401,11.95
105,2015,236,515,21.88,20.06,0,0,.401,11.95
105,2015,236,530,21.81,19.97,0,0,.401,11.95
105,2015,236,545,21.75,19.91,0,0,.401,11.94
105,2015,236,600,21.67,19.75,0,0,.401,11.94
105,2015,236,615,21.58,19.75,0,0,.401,11.94
105,2015,236,630,21.49,19.74,0,0,.401,11.93
105,2015,236,645,21.4,19.61,0,0,.401,11.93
105,2015,236,700,21.31,19.73,0,0,.4,11.93
105,2015,236,715,21.26,20.34,0,0,.4,11.93
105,2015,236,730,21.28,20.63,0,0,.398,11.93
105,2015,236,745,21.41,22.04,0,0,.396,11.94
105,2015,236,800,21.64,22.44,0,0,.394,11.96
105,2015,236,815,22,24.29,0,0,.391,11.96
105,2015,236,830,22.5,24.21,0,0,.389,11.97
105,2015,236,845,23.07,25.83,0,0,.386,11.98
105,2015,236,900,23.73,26.4,0,0,.384,11.99
105,2015,236,915,24.37,27.01,0,0,.382,12
105,2015,236,930,24.96,27.27,0,0,.38,12
105,2015,236,945,25.46,28.7,0,0,.378,12.01
105,2015,236,1000,26,29.49,0,0,.376,12.01
105,2015,236,1015,26.6,30.21,0,0,.375,12.02
105,2015,236,1030,27.19,30.75,0,0,.375,12.02
105,2015,236,1045,27.8,31.87,0,0,.374,12.03
105,2015,236,1100,28.45,31.8,0,0,.374,12.03
105,2015,236,1115,29.1,32.63,0,0,.374,12.04
105,2015,236,1130,29.72,32.97,0,0,.374,12.04
105,2015,236,1145,30.3,33.47,0,0,.374,12.04
105,2015,236,1200,30.84,32.94,0,0,.374,12.04
105,2015,236,1215,31.31,33.77,0,0,.374,12.04
105,2015,236,1230,31.77,33.85,0,0,.377,12.05
105,2015,236,1245,32.2,34.07,0,0,.392,12.05
105,2015,236,1300,32.61,33.61,0,0,.413,12.05
105,2015,236,1315,32.95,33.52,0,0,.435,12.05
105,2015,236,1330,33.22,33.76,0,0,.453,12.05
105,2015,236,1345,33.46,33.95,0,0,.463,12.05
105,2015,236,1400,33.72,34.11,0,0,.467,12.04
105,2015,236,1415,33.94,33.57,0,0,.467,12.05
105,2015,236,1430,34.06,34.13,0,0,.468,12.05
105,2015,236,1445,34.15,33.3,0,0,.467,12.05
105,2015,236,1500,34.13,32.96,0,0,.467,12.05
105,2015,236,1515,34.03,32.72,0,0,.467,12.04
105,2015,236,1530,33.96,32.48,0,0,.466,12.04
105,2015,236,1545,33.91,32.91,0,0,.465,12.04
105,2015,236,1600,33.87,32.06,0,0,.461,12.04
105,2015,236,1615,33.83,31.24,0,0,.457,12.03
105,2015,236,1630,33.73,30.36,0,0,.452,12.03
105,2015,236,1645,33.52,30.04,0,0,.45,12.02
105,2015,236,1700,33.22,29.55,0,0,.448,12.02
105,2015,236,1715,32.88,29.54,0,0,.445,12.01
105,2015,236,1730,32.55,29.18,0,0,.441,12.01
105,2015,236,1745,32.25,28.91,0,0,.438,12.01
105,2015,236,1800,31.95,28.57,0,0,.436,12.01
105,2015,236,1815,31.63,28.12,0,0,.433,12.01
105,2015,236,1830,31.31,27.91,0,0,.43,12.01
105,2015,236,1845,30.99,27.42,0,0,.428,12.01
105,2015,236,1900,30.68,27.31,0,0,.426,12
105,2015,236,1915,30.4,27.09,0,0,.423,12
105,2015,236,1930,30.14,26.88,0,0,.421,12
105,2015,236,1945,29.88,26.81,0,0,.418,11.99
105,2015,236,2000,29.68,26.62,0,0,.416,11.99
105,2015,236,2015,29.49,26.57,0,0,.414,11.99
105,2015,236,2030,29.32,26.66,0,0,.412,12
105,2015,236,2045,29.19,26.67,0,0,.409,11.99
105,2015,236,2100,29.07,24.78,0,0,.407,11.98
105,2015,236,2115,28.7,24.52,0,0,.414,11.97
105,2015,236,2130,28.19,24.33,0,0,.421,11.98
105,2015,236,2145,27.73,23.81,0,0,.427,11.97
105,2015,236,2200,27.38,23.93,0,0,.427,11.98
105,2015,236,2215,27.08,23.77,0,0,.427,11.98
105,2015,236,2230,26.83,23.74,0,0,.427,11.98
105,2015,236,2245,26.65,23.93,0,0,.428,11.98
105,2015,236,2300,26.51,23.73,0,0,.443,11.96
105,2015,236,2315,26.39,23.87,0,0,.468,11.97
105,2015,236,2330,26.3,23.68,0,0,.497,11.97
105,2015,236,2345,26.2,23.69,0,0,.528,11.97
105,2015,237,0,26.09,23.56,0,0,.56,11.97
105,2015,237,15,25.95,23.41,0,0,.621,11.98
105,2015,237,30,25.81,23.37,0,0,.736,11.98
105,2015,237,45,25.62,23.4,0,0,.861,11.98
105,2015,237,100,25.31,23.28,0,0,.939,11.98
105,2015,237,115,25.08,23.16,0,0,.972,11.98
105,2015,237,130,24.95,23.1,0,0,.976,11.98
105,2015,237,145,24.83,23.09,0,0,1.002,11.98
105,2015,237,200,24.71,23.28,0,0,1.046,11.97
105,2015,237,215,24.59,23.04,0,0,1.062,11.97
105,2015,237,230,24.46,22.77,0,0,1.043,11.98
105,2015,237,245,24.29,22.53,0,0,1.003,11.97
105,2015,237,300,24.1,22.37,0,0,.972,11.97
105,2015,237,315,23.89,22.16,0,0,.948,11.97
105,2015,237,330,23.66,22.17,0,0,.923,11.96
105,2015,237,345,23.43,21.93,0,0,.902,11.96
105,2015,237,400,23.21,21.57,0,0,.876,11.96
105,2015,237,415,23.01,21.83,0,0,.853,11.95
105,2015,237,430,22.79,21.78,0,0,.837,11.95
105,2015,237,445,22.55,21.75,0,0,.826,11.95
105,2015,237,500,22.32,23.89,0,0,.804,11.95
105,2015,237,515,22.08,27.85,0,0,.779,11.94
105,2015,237,530,21.85,25.1,0,0,.754,11.94
105,2015,237,545,21.63,21.63,0,0,.726,11.94
105,2015,237,600,21.42,20.88,0,0,.701,11.93
105,2015,237,615,21.22,20.5,0,0,.677,11.92
105,2015,237,630,21.02,20.29,0,0,.657,11.92
105,2015,237,645,20.81,20.07,0,0,.636,11.92
105,2015,237,700,20.6,20.2,0,0,.618,11.91
105,2015,237,715,20.42,20.65,0,0,.602,11.92
105,2015,237,730,20.3,21.1,0,0,.588,11.92
105,2015,237,745,20.29,21.71,0,0,.574,11.93
105,2015,237,800,20.39,22.61,0,0,.561,11.95
105,2015,237,815,20.61,23.18,0,0,.55,11.96
105,2015,237,830,20.95,23.6,0,0,.54,11.97
105,2015,237,845,21.35,24.57,0,0,.531,11.98
105,2015,237,900,21.79,24.05,0,0,.522,11.98
105,2015,237,915,22.24,25.05,0,0,.514,11.98
105,2015,237,930,22.69,26.23,0,0,.506,11.99
105,2015,237,945,23.22,26.82,0,0,.5,12
105,2015,237,1000,23.83,27.25,0,0,.493,12
105,2015,237,1015,24.48,27.78,0,0,.487,12
105,2015,237,1030,25.13,28.06,0,0,.482,12.01
105,2015,237,1045,25.77,28.65,0,0,.477,12.01
105,2015,237,1100,26.38,28.5,0,0,.472,12.01
105,2015,237,1115,26.89,28.9,0,0,.468,12
105,2015,237,1130,27.31,29.26,0,0,.464,12
105,2015,237,1145,27.73,29.92,0,0,.46,12.01
105,2015,237,1200,28.16,29.62,0,0,.456,12.01
105,2015,237,1215,28.57,29.83,0,0,.452,12.01
105,2015,237,1230,28.94,30.38,0,0,.449,12.01
105,2015,237,1245,29.33,30.26,0,0,.446,12.01
105,2015,237,1300,29.74,30.53,0,0,.443,12.02
105,2015,237,1315,30.13,30.45,0,0,.44,12.02
105,2015,237,1330,30.46,29.16,0,0,.438,12.02
105,2015,237,1345,30.68,31.15,0,0,.434,12.02
105,2015,237,1400,30.89,31.19,0,0,.431,12.03
105,2015,237,1415,31.16,31.71,0,0,.429,12.03
105,2015,237,1430,31.47,31.87,0,0,.426,12.03
105,2015,237,1445,31.76,31.06,0,0,.423,12.04
105,2015,237,1500,32.03,31.13,0,0,.42,12.03
105,2015,237,1515,32.24,31.01,0,0,.417,12.03
105,2015,237,1530,32.39,30.46,0,0,.415,12.03
105,2015,237,1545,32.48,30.39,0,0,.413,12.03
105,2015,237,1600,32.48,29.31,0,0,.41,12.03
105,2015,237,1615,32.16,28.23,0,0,.408,12.02
105,2015,237,1630,31.74,27.12,0,0,.406,12.02
105,2015,237,1645,31.29,26.38,0,0,.406,12.01
105,2015,237,1700,30.77,26.08,0,0,.406,12
105,2015,237,1715,30.23,25.71,0,0,.405,12
105,2015,237,1730,29.71,26.15,0,0,.404,11.99
105,2015,237,1745,29.26,25.18,0,0,.402,11.99
105,2015,237,1800,28.85,25.14,0,0,.401,11.99
105,2015,237,1815,28.45,25.03,0,0,.398,11.99
105,2015,237,1830,28.1,24.85,0,0,.397,11.99
105,2015,237,1845,27.78,24.42,0,0,.396,11.99
105,2015,237,1900,27.47,23.87,0,0,.394,11.98
105,2015,237,1915,27.17,23.45,0,0,.393,11.98
105,2015,237,1930,26.85,22.94,0,0,.392,11.98
105,2015,237,1945,26.5,22.55,0,0,.39,11.97
105,2015,237,2000,26.12,22.13,0,0,.39,11.97
105,2015,237,2015,25.71,21.73,0,0,.388,11.96
105,2015,237,2030,25.3,21.33,0,0,.387,11.96
105,2015,237,2045,24.87,20.79,0,0,.386,11.96
105,2015,237,2100,24.43,20.37,0,0,.384,11.95
105,2015,237,2115,24.01,19.98,0,0,.383,11.95
105,2015,237,2130,23.62,19.75,0,0,.382,11.94
105,2015,237,2145,23.26,19.7,0,0,.381,11.93
105,2015,237,2200,22.99,19.43,0,0,.38,11.93
105,2015,237,2215,22.7,19.39,0,0,.378,11.93
105,2015,237,2230,22.41,19.29,0,0,.377,11.93
105,2015,237,2245,22.14,19.19,0,0,.376,11.92
105,2015,237,2300,21.89,19.03,0,0,.375,11.92
105,2015,237,2315,21.67,18.84,0,0,.374,11.91
105,2015,237,2330,21.45,18.37,0,0,.373,11.91
105,2015,237,2345,21.2,18.1,0,0,.372,11.9
105,2015,238,0,20.95,18.07,0,0,.371,11.89
105,2015,238,15,20.76,18.2,0,0,.369,11.89
105,2015,238,30,20.61,18.41,0,0,.368,11.89
105,2015,238,45,20.49,18.33,0,0,.366,11.89
105,2015,238,100,20.38,18.31,0,0,.365,11.89
105,2015,238,115,20.29,18.42,0,0,.365,11.88
105,2015,238,130,20.22,18.34,0,0,.364,11.89
105,2015,238,145,20.17,18.13,0,0,.363,11.89
105,2015,238,200,20.1,17.72,0,0,.362,11.88
105,2015,238,215,19.99,17.51,0,0,.362,11.87
105,2015,238,230,19.88,17.37,0,0,.361,11.87
105,2015,238,245,19.76,17.19,0,0,.36,11.86
105,2015,238,300,19.63,17.11,0,0,.359,11.86
105,2015,238,315,19.5,17.16,0,0,.358,11.86
105,2015,238,330,19.4,17.36,0,0,.357,11.87
105,2015,238,345,19.34,17.16,0,0,.357,11.87
105,2015,238,400,19.25,16.96,0,0,.357,11.87
105,2015,238,415,19.14,16.75,0,0,.356,11.86
105,2015,238,430,19.02,16.73,0,0,.355,11.86
105,2015,238,445,18.92,16.65,0,0,.355,11.85
105,2015,238,500,18.85,16.6,0,0,.354,11.85
105,2015,238,515,18.78,16.6,0,0,.354,11.85
105,2015,238,530,18.71,16.59,0,0,.353,11.84
105,2015,238,545,18.64,16.45,0,0,.352,11.83
105,2015,238,600,18.57,16.54,0,0,.352,11.83
105,2015,238,615,18.5,16.62,0,0,.351,11.83
105,2015,238,630,18.45,16.56,0,0,.35,11.83
105,2015,238,645,18.42,16.68,0,0,.35,11.84
105,2015,238,700,18.41,16.89,0,0,.348,11.84
105,2015,238,715,18.4,17.12,0,0,.348,11.84
105,2015,238,730,18.44,17.96,0,0,.346,11.85
105,2015,238,745,18.57,18.44,0,0,.346,11.86
105,2015,238,800,18.75,18.2,0,0,.344,11.87
105,2015,238,815,18.95,18.84,0,0,.344,11.88
105,2015,238,830,19.17,19.91,0,0,.343,11.89
105,2015,238,845,19.5,20.95,0,0,.342,11.9
105,2015,238,900,19.91,21.5,0,0,.341,11.9
105,2015,238,915,20.37,22.88,0,0,.34,11.92
105,2015,238,930,20.9,22.46,0,0,.339,11.94
105,2015,238,945,21.4,23.77,0,0,.338,11.96
105,2015,238,1000,21.89,23.94,0,0,.336,11.96
105,2015,238,1015,22.42,25.23,0,0,.335,11.97
105,2015,238,1030,22.99,26.35,0,0,.334,11.98
105,2015,238,1045,23.6,26.61,0,0,.333,11.98
105,2015,238,1100,24.21,26.27,0,0,.332,11.99
105,2015,238,1115,24.72,27.53,0,0,.331,11.99
105,2015,238,1130,25.29,28.03,0,0,.33,12
105,2015,238,1145,25.81,29.07,0,0,.329,12.01
105,2015,238,1200,26.35,29.16,0,0,.328,12.01
105,2015,238,1215,26.83,29.26,0,0,.327,12.01
105,2015,238,1230,27.25,27.91,0,0,.326,12.01
105,2015,238,1245,27.55,28.15,0,0,.325,12.01
105,2015,238,1300,27.79,28.26,0,0,.324,12.01
105,2015,238,1315,28.05,29.69,0,0,.323,12.01
105,2015,238,1330,28.32,27.62,0,0,.322,12.01
105,2015,238,1345,28.41,28.2,0,0,.322,12.01
105,2015,238,1400,28.59,29.72,0,0,.32,12.01
105,2015,238,1415,28.92,29.82,0,0,.319,12.02
105,2015,238,1430,29.22,30.02,0,0,.316,12.02
105,2015,238,1445,29.48,29.76,0,0,.317,12.02
105,2015,238,1500,29.68,29.76,0,0,.315,12.02
105,2015,238,1515,29.8,29.27,0,0,.315,12.02
105,2015,238,1530,29.88,29.8,0,0,.315,12.02
105,2015,238,1545,29.95,28.28,0,0,.314,12.02
105,2015,238,1600,29.96,28.37,0,0,.313,12.02
105,2015,238,1615,29.97,27.75,0,0,.312,12.01
105,2015,238,1630,29.92,26.08,0,0,.311,12.01
105,2015,238,1645,29.63,25.18,0,0,.311,12
105,2015,238,1700,29.16,24.78,0,0,.312,11.99
105,2015,238,1715,28.67,24.47,0,0,.311,11.99
105,2015,238,1730,28.2,24.13,0,0,.311,11.99
105,2015,238,1745,27.74,23.86,0,0,.311,11.98
105,2015,238,1800,27.33,23.76,0,0,.311,11.98
105,2015,238,1815,26.98,23.88,0,0,.311,11.97
105,2015,238,1830,26.71,23.44,0,0,.311,11.97
105,2015,238,1845,26.47,22.94,0,0,.311,11.97
105,2015,238,1900,26.18,22.41,0,0,.311,11.97
105,2015,238,1915,25.86,22.03,0,0,.311,11.97
105,2015,238,1930,25.51,21.82,0,0,.311,11.96
105,2015,238,1945,25.1,21.16,0,0,.311,11.96
105,2015,238,2000,24.66,20.57,0,0,.311,11.95
105,2015,238,2015,24.21,20.15,0,0,.311,11.94
105,2015,238,2030,23.73,19.56,0,0,.311,11.93
105,2015,238,2045,23.22,18.84,0,0,.311,11.92
105,2015,238,2100,22.75,18.58,0,0,.311,11.91
105,2015,238,2115,22.3,18.24,0,0,.311,11.9
105,2015,238,2130,21.91,17.95,0,0,.311,11.9
105,2015,238,2145,21.53,17.86,0,0,.311,11.89
105,2015,238,2200,21.16,17.92,0,0,.311,11.89
105,2015,238,2215,20.84,17.71,0,0,.311,11.89
105,2015,238,2230,20.54,17.33,0,0,.31,11.89
105,2015,238,2245,20.26,17.49,0,0,.309,11.88
105,2015,238,2300,20,16.98,0,0,.309,11.88
105,2015,238,2315,19.75,17.25,0,0,.31,11.88
105,2015,238,2330,19.52,16.51,0,0,.31,11.87
105,2015,238,2345,19.3,16.58,0,0,.309,11.86
105,2015,239,0,19.13,16.48,0,0,.308,11.86
105,2015,239,15,18.98,16.53,0,0,.308,11.86
105,2015,239,30,18.81,16.25,0,0,.307,11.86
105,2015,239,45,18.64,16.29,0,0,.308,11.86
105,2015,239,100,18.46,16.36,0,0,.308,11.85
105,2015,239,115,18.33,16.28,0,0,.308,11.85
105,2015,239,130,18.24,16.21,0,0,.306,11.85
105,2015,239,145,18.14,16.06,0,0,.306,11.85
105,2015,239,200,18.03,16.01,0,0,.307,11.85
105,2015,239,215,17.93,16.08,0,0,.306,11.84
105,2015,239,230,17.87,15.89,0,0,.306,11.84
105,2015,239,245,17.79,15.85,0,0,.306,11.83
105,2015,239,300,17.72,15.82,0,0,.305,11.83
105,2015,239,315,17.66,15.86,0,0,.305,11.83
105,2015,239,330,17.63,15.83,0,0,.305,11.82
105,2015,239,345,17.62,15.72,0,0,.304,11.82
105,2015,239,400,17.56,15.72,0,0,.304,11.82
105,2015,239,415,17.49,15.57,0,0,.304,11.83
105,2015,239,430,17.4,15.6,0,0,.304,11.83
105,2015,239,445,17.33,15.56,0,0,.304,11.83
105,2015,239,500,17.28,15.6,0,0,.304,11.82
105,2015,239,515,17.23,15.63,0,0,.304,11.81
105,2015,239,530,17.21,15.47,0,0,.303,11.8
105,2015,239,545,17.2,15.32,0,0,.304,11.8
105,2015,239,600,17.13,15.13,0,0,.304,11.81
105,2015,239,615,17.04,15.14,0,0,.303,11.8
105,2015,239,630,16.95,15.06,0,0,.304,11.8
105,2015,239,645,16.86,15.19,0,0,.304,11.79
105,2015,239,700,16.79,15.54,0,0,.304,11.78
105,2015,239,715,16.79,16.44,0,0,.304,11.79
105,2015,239,730,16.91,17.38,0,0,.303,11.8
105,2015,239,745,17.16,18.47,0,0,.302,11.83
105,2015,239,800,17.52,18.99,0,0,.301,11.85
105,2015,239,815,17.96,20.24,0,0,.302,11.86
105,2015,239,830,18.47,20.46,0,0,.301,11.87
105,2015,239,845,18.96,21,0,0,.301,11.87
105,2015,239,900,19.44,21.76,0,0,.299,11.87
105,2015,239,915,19.96,22.34,0,0,.299,11.89
105,2015,239,930,20.5,23.33,0,0,.298,11.92
105,2015,239,945,21.05,23.65,0,0,.297,11.94
105,2015,239,1000,21.63,24.78,0,0,.296,11.95
105,2015,239,1015,22.27,24.98,0,0,.296,11.96
105,2015,239,1030,22.91,26.21,0,0,.295,11.97
105,2015,239,1045,23.55,26.19,0,0,.294,11.98
105,2015,239,1100,24.15,26.63,0,0,.293,11.98
105,2015,239,1115,24.73,27.89,0,0,.292,11.98
105,2015,239,1130,25.29,27.67,0,0,.292,11.99
105,2015,239,1145,25.79,28.25,0,0,.292,12
105,2015,239,1200,26.26,28.89,0,0,.291,12
105,2015,239,1215,26.72,29.34,0,0,.289,12.01
105,2015,239,1230,27.15,29.78,0,0,.288,12.01
105,2015,239,1245,27.62,29.8,0,0,.288,12.02
105,2015,239,1300,28.1,30.95,0,0,.287,12.02
105,2015,239,1315,28.57,29.88,0,0,.287,12.02
105,2015,239,1330,28.87,30.16,0,0,.286,12.02
105,2015,239,1345,29.11,29.88,0,0,.285,12.02
105,2015,239,1400,29.37,31.26,0,0,.283,12.02
105,2015,239,1415,29.64,30.56,0,0,.282,12.03
105,2015,239,1430,29.83,28.56,0,0,.282,12.03
105,2015,239,1445,29.79,29.42,0,0,.282,12.02
105,2015,239,1500,29.73,29.53,0,0,.281,12.02
105,2015,239,1515,29.75,29.16,0,0,.28,12.02
105,2015,239,1530,29.75,28.62,0,0,.279,12.02
105,2015,239,1545,29.65,26.92,0,0,.279,12.01
105,2015,239,1600,29.42,27.38,0,0,.279,12.01
105,2015,239,1615,29.27,26.86,0,0,.277,12
105,2015,239,1630,29.16,26.58,0,0,.276,12
105,2015,239,1645,29.02,25.68,0,0,.276,12
105,2015,239,1700,28.7,25.81,0,0,.276,11.99
105,2015,239,1715,28.38,25.93,0,0,.276,11.99
105,2015,239,1730,28.15,25.51,0,0,.276,11.99
105,2015,239,1745,27.92,24.94,0,0,.276,11.99
105,2015,239,1800,27.64,24.55,0,0,.276,11.98
105,2015,239,1815,27.29,23.92,0,0,.276,11.98
105,2015,239,1830,26.89,22.96,0,0,.276,11.97
105,2015,239,1845,26.44,22.48,0,0,.276,11.97
105,2015,239,1900,25.98,22.14,0,0,.276,11.96
105,2015,239,1915,25.55,21.84,0,0,.276,11.96
105,2015,239,1930,25.12,21.47,0,0,.276,11.95
105,2015,239,1945,24.69,21.17,0,0,.276,11.95
105,2015,239,2000,24.27,20.7,0,0,.276,11.94
105,2015,239,2015,23.82,20.25,0,0,.276,11.94
105,2015,239,2030,23.4,19.82,0,0,.276,11.93
105,2015,239,2045,23,19.7,0,0,.276,11.93
105,2015,239,2100,22.67,19.5,0,0,.275,11.93
105,2015,239,2115,22.37,19.74,0,0,.275,11.92
105,2015,239,2130,22.12,19.52,0,0,.276,11.91
105,2015,239,2145,21.87,19.34,0,0,.275,11.91
105,2015,239,2200,21.58,18.85,0,0,.275,11.91
105,2015,239,2215,21.25,18.51,0,0,.276,11.9
105,2015,239,2230,20.93,18.25,0,0,.276,11.9
105,2015,239,2245,20.63,18.21,0,0,.275,11.89
105,2015,239,2300,20.35,17.32,0,0,.276,11.89
105,2015,239,2315,20.05,17.05,0,0,.276,11.88
105,2015,239,2330,19.78,17.05,0,0,.276,11.87
105,2015,239,2345,19.54,16.74,0,0,.276,11.86
105,2015,240,0,19.33,16.82,0,0,.275,11.86
105,2015,240,15,19.13,16.67,0,0,.275,11.86
105,2015,240,30,18.92,16.74,0,0,.276,11.85
105,2015,240,45,18.76,16.63,0,0,.276,11.86
105,2015,240,100,18.6,16.25,0,0,.276,11.86
105,2015,240,115,18.39,16.23,0,0,.276,11.85
105,2015,240,130,18.22,16.59,0,0,.276,11.86
105,2015,240,145,18.11,16.34,0,0,.276,11.86
105,2015,240,200,17.97,15.88,0,0,.276,11.85
105,2015,240,215,17.8,15.79,0,0,.275,11.85
105,2015,240,230,17.64,15.5,0,0,.276,11.84
105,2015,240,245,17.5,15.7,0,0,.275,11.84
105,2015,240,300,17.36,15.53,0,0,.276,11.84
105,2015,240,315,17.24,15.57,0,0,.276,11.84
105,2015,240,330,17.13,15.31,0,0,.275,11.83
105,2015,240,345,17.04,15.62,0,0,.275,11.82
105,2015,240,400,17,15.49,0,0,.275,11.83
105,2015,240,415,16.93,15.8,0,0,.274,11.83
105,2015,240,430,16.88,15.86,0,0,.275,11.82
105,2015,240,445,16.84,15.59,0,0,.275,11.83
105,2015,240,500,16.82,15.46,0,0,.275,11.83
105,2015,240,515,16.79,15.09,0,0,.275,11.82
105,2015,240,530,16.68,15.1,0,0,.274,11.82
105,2015,240,545,16.55,15.04,0,0,.274,11.82
105,2015,240,600,16.42,15.15,0,0,.273,11.81
105,2015,240,615,16.31,15.12,0,0,.273,11.81
105,2015,240,630,16.24,15.01,0,0,.273,11.81
105,2015,240,645,16.2,15.07,0,0,.273,11.81
105,2015,240,700,16.16,15.03,0,0,.273,11.81
105,2015,240,715,16.14,15.98,0,0,.272,11.81
105,2015,240,730,16.23,17.71,0,0,.272,11.83
105,2015,240,745,16.51,18.82,0,0,.271,11.85
105,2015,240,800,16.92,19.58,0,0,.27,11.87
105,2015,240,815,17.46,20.56,0,0,.268,11.89
105,2015,240,830,18.1,21.68,0,0,.268,11.91
105,2015,240,845,18.83,23.53,0,0,.267,11.94
105,2015,240,900,19.63,24.63,0,0,.266,11.97
105,2015,240,915,20.47,25.85,0,0,.266,11.98
105,2015,240,930,21.31,26.29,0,0,.265,11.99
105,2015,240,945,22.14,27.51,0,0,.264,12
105,2015,240,1000,22.95,28.43,0,0,.263,12.01
105,2015,240,1015,23.73,29.09,0,0,.263,12.02
105,2015,240,1030,24.48,29.62,0,0,.262,12.02
105,2015,240,1045,25.16,29.78,0,0,.261,12.02
105,2015,240,1100,25.81,30.22,0,0,.261,12.02
105,2015,240,1115,26.44,29.73,0,0,.26,12.02
105,2015,240,1130,26.94,29.37,0,0,.26,12.03
105,2015,240,1145,27.31,29.46,0,0,.26,12.02
105,2015,240,1200,27.62,29.12,0,0,.259,12.02
105,2015,240,1215,27.91,30.37,0,0,.259,12.02
105,2015,240,1230,28.27,30.17,0,0,.257,12.02
105,2015,240,1245,28.76,30.33,0,0,.257,12.02
105,2015,240,1300,31.79,30.55,0,0,.255,12.02
105,2015,240,1315,35.32,30.57,0,0,.254,12.03
105,2015,240,1330,37.21,31.05,0,0,.254,12.02
105,2015,240,1345,36.66,31.35,0,0,.254,12.02
105,2015,240,1400,35.12,30.39,0,0,.254,12.02
105,2015,240,1415,34,29.34,0,0,.254,12.01
105,2015,240,1430,33.17,29.63,0,0,.252,12
105,2015,240,1445,32.83,29.97,0,0,.251,12
105,2015,240,1500,33.66,29.89,0,0,.25,12.01
105,2015,240,1515,32.79,30.44,0,0,.249,12.01
105,2015,240,1530,32.17,30.1,0,0,.249,12.02
105,2015,240,1545,31.71,29.6,0,0,.249,12.02
105,2015,240,1600,31.37,28.19,0,0,.248,12.01
105,2015,240,1615,31.01,27.09,0,0,.248,12.01
105,2015,240,1630,30.58,26.51,0,0,.249,12
105,2015,240,1645,30.08,25.73,0,0,.249,11.98
105,2015,240,1700,29.53,25.52,0,0,.248,11.98
105,2015,240,1715,29.01,25.58,0,0,.248,11.98
105,2015,240,1730,28.56,25.16,0,0,.249,11.98
105,2015,240,1745,28.15,24.98,0,0,.248,11.98
105,2015,240,1800,27.79,24.85,0,0,.248,11.97
105,2015,240,1815,27.45,24.52,0,0,.248,11.98
105,2015,240,1830,27.09,24.02,0,0,.248,11.98
105,2015,240,1845,26.7,23.43,0,0,.248,11.97
105,2015,240,1900,26.31,23.23,0,0,.248,11.97
105,2015,240,1915,25.9,22.95,0,0,.248,11.97
105,2015,240,1930,25.51,22.4,0,0,.248,11.97
105,2015,240,1945,25.05,21.94,0,0,.248,11.97
105,2015,240,2000,24.57,21.09,0,0,.248,11.96
105,2015,240,2015,24.07,20.77,0,0,.248,11.96
105,2015,240,2030,23.66,20.55,0,0,.248,11.95
105,2015,240,2045,23.25,20.12,0,0,.248,11.94
105,2015,240,2100,22.84,19.62,0,0,.248,11.93
105,2015,240,2115,22.44,19.41,0,0,.248,11.92
105,2015,240,2130,22.03,19.13,0,0,.248,11.92
105,2015,240,2145,21.65,18.87,0,0,.248,11.91
105,2015,240,2200,21.3,18.5,0,0,.248,11.91
105,2015,240,2215,20.99,18.28,0,0,.248,11.9
105,2015,240,2230,20.69,18.14,0,0,.248,11.89
105,2015,240,2245,20.43,18.03,0,0,.248,11.89
105,2015,240,2300,20.2,17.82,0,0,.248,11.89
105,2015,240,2315,19.97,17.81,0,0,.248,11.88
105,2015,240,2330,19.78,17.72,0,0,.248,11.88
105,2015,240,2345,19.61,17.64,0,0,.248,11.88
105,2015,241,0,19.47,17.1,0,0,.248,11.87
105,2015,241,15,19.32,16.98,0,0,.248,11.86
105,2015,241,30,19.17,17.18,0,0,.248,11.86
105,2015,241,45,19.04,17.48,0,0,.248,11.86
105,2015,241,100,18.95,17.48,0,0,.248,11.86
105,2015,241,115,18.85,17.36,0,0,.248,11.86
105,2015,241,130,18.78,17.46,0,0,.248,11.86
105,2015,241,145,18.7,17.22,0,0,.248,11.86
105,2015,241,200,18.59,16.97,0,0,.248,11.86
105,2015,241,215,18.48,17.14,0,0,.248,11.86
105,2015,241,230,18.36,16.97,0,0,.249,11.85
105,2015,241,245,18.29,17.16,0,0,.249,11.86
105,2015,241,300,18.24,17.03,0,0,.248,11.86
105,2015,241,315,18.2,16.98,0,0,.248,11.86
105,2015,241,330,18.18,17.06,0,0,.248,11.86
105,2015,241,345,18.16,16.98,0,0,.247,11.86
105,2015,241,400,18.12,16.85,0,0,.247,11.85
105,2015,241,415,18.03,16.92,0,0,.247,11.85
105,2015,241,430,17.97,17.03,0,0,.247,11.85
105,2015,241,445,17.98,16.92,0,0,.248,11.85
105,2015,241,500,17.96,16.94,0,0,.248,11.85
105,2015,241,515,17.96,17.1,0,0,.247,11.85
105,2015,241,530,18.05,17.28,0,0,.247,11.86
105,2015,241,545,18.17,17.44,0,0,.246,11.86
105,2015,241,600,18.32,17.54,0,0,.246,11.86
105,2015,241,615,18.41,17.43,0,0,.246,11.87
105,2015,241,630,18.4,17.28,0,0,.246,11.87
105,2015,241,645,18.32,17.1,0,0,.246,11.86
105,2015,241,700,18.21,17.28,0,0,.245,11.86
105,2015,241,715,18.18,17.97,0,0,.245,11.86
105,2015,241,730,18.33,19.2,0,0,.244,11.87
105,2015,241,745,18.63,20.32,0,0,.243,11.89
105,2015,241,800,19.03,21.06,0,0,.242,11.9
105,2015,241,815,19.52,22.06,0,0,.241,11.92
105,2015,241,830,20.09,23.23,0,0,.24,11.94
105,2015,241,845,20.74,24.09,0,0,.239,11.96
105,2015,241,900,21.45,25.04,0,0,.239,11.97
105,2015,241,915,22.15,26.49,0,0,.238,11.98
105,2015,241,930,22.87,25.93,0,0,.237,11.99
105,2015,241,945,23.52,27.26,0,0,.237,12
105,2015,241,1000,24.18,27.07,0,0,.236,12
105,2015,241,1015,24.83,28.54,0,0,.236,12
105,2015,241,1030,25.52,28.97,0,0,.236,12.01
105,2015,241,1045,26.2,30.31,0,0,.235,12.01
105,2015,241,1100,26.89,30.27,0,0,.234,12.02
105,2015,241,1115,27.49,30.65,0,0,.234,12.02
105,2015,241,1130,28.07,31.09,0,0,.234,12.02
105,2015,241,1145,28.64,31.61,0,0,.233,12.02
105,2015,241,1200,29.21,31.93,0,0,.233,12.02
105,2015,241,1215,29.71,31.84,0,0,.233,12.03
105,2015,241,1230,30.15,32.09,0,0,.232,12.03
105,2015,241,1245,30.54,32.48,0,0,.232,12.03
105,2015,241,1300,30.91,32.37,0,0,.231,12.03
105,2015,241,1315,31.23,31.89,0,0,.231,12.03
105,2015,241,1330,31.49,31.97,0,0,.23,12.03
105,2015,241,1345,31.68,31.44,0,0,.23,12.02
105,2015,241,1400,31.82,31.3,0,0,.23,12.02
105,2015,241,1415,31.89,31.5,0,0,.229,12.02
105,2015,241,1430,31.97,31.63,0,0,.227,12.02
105,2015,241,1445,32.02,31.37,0,0,.227,12.02
105,2015,241,1500,32,30.98,0,0,.226,12.02
105,2015,241,1515,31.96,31.73,0,0,.225,12.02
105,2015,241,1530,31.97,30.84,0,0,.225,12.02
105,2015,241,1545,31.94,30.26,0,0,.225,12.02
105,2015,241,1600,31.86,29.46,0,0,.224,12.02
105,2015,241,1615,31.71,28.46,0,0,.224,12.01
105,2015,241,1630,31.44,28.08,0,0,.224,12
105,2015,241,1645,31.11,27.79,0,0,.224,11.99
105,2015,241,1700,30.75,27.42,0,0,.224,11.99
105,2015,241,1715,30.38,27.13,0,0,.224,11.99
105,2015,241,1730,30.01,26.96,0,0,.224,11.99
105,2015,241,1745,29.68,26.74,0,0,.224,11.99
105,2015,241,1800,29.37,26.73,0,0,.224,11.99
105,2015,241,1815,29.11,26.42,0,0,.224,11.99
105,2015,241,1830,28.86,26.08,0,0,.224,11.99
105,2015,241,1845,28.61,25.82,0,0,.224,11.98
105,2015,241,1900,28.36,25.62,0,0,.224,11.98
105,2015,241,1915,28.1,25.23,0,0,.224,11.98
105,2015,241,1930,27.85,24.91,0,0,.224,11.98
105,2015,241,1945,27.57,24.44,0,0,.224,11.97
105,2015,241,2000,27.27,24.1,0,0,.224,11.97
105,2015,241,2015,26.94,23.65,0,0,.224,11.97
105,2015,241,2030,26.6,23.15,0,0,.224,11.97
105,2015,241,2045,26.25,22.8,0,0,.224,11.97
105,2015,241,2100,25.9,22.73,0,0,.224,11.96
105,2015,241,2115,25.6,22.5,0,0,.224,11.96
105,2015,241,2130,25.35,22.43,0,0,.224,11.96
105,2015,241,2145,25.14,22.31,0,0,.224,11.95
105,2015,241,2200,24.93,22.15,0,0,.224,11.95
105,2015,241,2215,24.73,21.99,0,0,.224,11.95
105,2015,241,2230,24.54,21.94,0,0,.224,11.94
105,2015,241,2245,24.34,21.68,0,0,.224,11.95
105,2015,241,2300,24.15,21.57,0,0,.224,11.95
105,2015,241,2315,23.93,21.23,0,0,.224,11.95
105,2015,241,2330,23.67,21.09,0,0,.224,11.94
105,2015,241,2345,23.43,20.86,0,0,.224,11.94
105,2015,242,0,23.16,20.65,0,0,.224,11.94
105,2015,242,15,22.88,20.46,0,0,.224,11.93
105,2015,242,30,22.67,20.42,0,0,.224,11.93
105,2015,242,45,22.48,20.23,0,0,.224,11.93
105,2015,242,100,22.26,20.15,0,0,.224,11.93
105,2015,242,115,22.02,20.08,0,0,.224,11.93
105,2015,242,130,21.82,19.95,0,0,.224,11.92
105,2015,242,145,21.65,19.76,0,0,.224,11.92
105,2015,242,200,21.51,19.6,0,0,.224,11.92
105,2015,242,215,21.37,19.43,0,0,.224,11.91
105,2015,242,230,21.24,19.32,0,0,.224,11.91
105,2015,242,245,21.1,19.32,0,0,.224,11.91
105,2015,242,300,20.92,19.12,0,0,.224,11.91
105,2015,242,315,20.73,19.31,0,0,.224,11.91
105,2015,242,330,20.56,19.11,0,0,.224,11.91
105,2015,242,345,20.45,18.98,0,0,.224,11.9
105,2015,242,400,20.34,18.74,0,0,.224,11.9
105,2015,242,415,20.2,18.9,0,0,.224,11.9
105,2015,242,430,20.06,18.86,0,0,.224,11.9
105,2015,242,445,19.95,18.66,0,0,.224,11.89
105,2015,242,500,19.86,18.69,0,0,.225,11.89
105,2015,242,515,19.8,18.62,0,0,.225,11.89
105,2015,242,530,19.74,18.76,0,0,.225,11.88
105,2015,242,545,19.71,18.34,0,0,.226,11.88
105,2015,242,600,19.63,18.37,0,0,.225,11.88
105,2015,242,615,19.53,18.42,0,0,.225,11.88
105,2015,242,630,19.45,18.45,0,0,.225,11.88
105,2015,242,645,19.43,18.6,0,0,.245,11.87
105,2015,242,700,19.43,18.6,0,0,.32,11.87
105,2015,242,715,19.45,19.22,0,0,.371,11.87
105,2015,242,730,19.54,20.21,0,0,.396,11.88
105,2015,242,745,19.71,19.99,0,0,.411,11.9
105,2015,242,800,19.9,20.23,0,0,.426,11.9
105,2015,242,815,20.12,21.91,0,0,.435,11.92
105,2015,242,830,20.46,22.5,0,0,.436,11.92
105,2015,242,845,20.93,24.14,0,0,.436,11.94
105,2015,242,900,21.48,23.91,0,0,.437,11.96
105,2015,242,915,22.03,24.19,0,0,.436,11.97
105,2015,242,930,22.6,25.12,0,0,.436,11.97
105,2015,242,945,23.19,24.8,0,0,.436,11.98
105,2015,242,1000,23.67,25.11,0,0,.436,11.98
105,2015,242,1015,24.07,25.3,0,0,.435,11.98
105,2015,242,1030,24.4,25.44,0,0,.432,11.98
105,2015,242,1045,24.71,25.95,0,0,.43,11.99
105,2015,242,1100,25.03,26.37,0,0,.427,11.99
105,2015,242,1115,25.37,27.05,0,0,.424,11.99
105,2015,242,1130,25.74,27.51,0,0,.421,12
105,2015,242,1145,26.1,27.39,0,0,.419,12
105,2015,242,1200,26.47,26.82,0,0,.416,12
105,2015,242,1215,26.74,26.58,0,0,.414,12
105,2015,242,1230,26.95,27.81,0,0,.412,12
105,2015,242,1245,27.21,28.45,0,0,.409,12
105,2015,242,1300,27.54,29.13,0,0,.407,12.01
105,2015,242,1315,27.87,29.78,0,0,.404,12.01
105,2015,242,1330,28.24,30.16,0,0,.401,12.02
105,2015,242,1345,28.67,31.02,0,0,.399,12.02
105,2015,242,1400,29.14,30.96,0,0,.397,12.02
105,2015,242,1415,29.57,31.46,0,0,.394,12.03
105,2015,242,1430,29.99,32.08,0,0,.392,12.03
105,2015,242,1445,30.41,32.38,0,0,.39,12.03
105,2015,242,1500,30.8,32.15,0,0,.388,12.03
105,2015,242,1515,31.12,32.33,0,0,.386,12.03
105,2015,242,1530,31.39,32.12,0,0,.384,12.03
105,2015,242,1545,31.57,31.31,0,0,.382,12.03
105,2015,242,1600,31.67,31.21,0,0,.381,12.03
105,2015,242,1615,31.76,30.44,0,0,.38,12.02
105,2015,242,1630,31.67,29.77,0,0,.379,12.02
105,2015,242,1645,31.45,29.46,0,0,.378,12.02
105,2015,242,1700,31.22,29.63,0,0,.377,12.02
105,2015,242,1715,31.03,28.96,0,0,.375,12.02
105,2015,242,1730,30.81,28.63,0,0,.375,12.01
105,2015,242,1745,30.58,28.14,0,0,.374,12.01
105,2015,242,1800,30.36,27.93,0,0,.374,12.01
105,2015,242,1815,30.13,27.6,0,0,.374,12.01
105,2015,242,1830,29.91,27.28,0,0,.374,12.01
105,2015,242,1845,29.65,26.72,0,0,.374,12
105,2015,242,1900,29.35,26.29,0,0,.374,12
105,2015,242,1915,29.03,25.86,0,0,.374,12
105,2015,242,1930,28.7,25.51,0,0,.374,12
105,2015,242,1945,28.35,25.15,0,0,.373,12
105,2015,242,2000,28,24.88,0,0,.374,11.99
105,2015,242,2015,27.65,24.56,0,0,.374,11.99
105,2015,242,2030,27.31,24.39,0,0,.374,11.99
105,2015,242,2045,26.99,24.17,0,0,.374,11.99
105,2015,242,2100,26.7,23.87,0,0,.374,11.99
105,2015,242,2115,26.43,23.67,0,0,.374,11.98
105,2015,242,2130,26.16,23.64,0,0,.374,11.98
105,2015,242,2145,25.9,23.53,0,0,.375,11.98
105,2015,242,2200,25.68,23.35,0,0,.374,11.98
105,2015,242,2215,25.49,23.4,0,0,.374,11.98
105,2015,242,2230,25.34,23.36,0,0,.374,11.98
105,2015,242,2245,25.22,23.4,0,0,.374,11.97
105,2015,242,2300,25.11,23.31,0,0,.374,11.97
105,2015,242,2315,24.99,23.25,0,0,.374,11.97
105,2015,242,2330,24.87,23.12,0,0,.374,11.97
105,2015,242,2345,24.75,23.12,0,0,.373,11.97
105,2015,243,0,24.65,22.99,0,0,.373,11.97
105,2015,243,15,24.54,23.04,0,0,.373,11.97
105,2015,243,30,24.44,23.01,0,0,.372,11.97
105,2015,243,45,24.35,22.9,0,0,.372,11.97
105,2015,243,100,24.28,23.03,0,0,.37,11.97
105,2015,243,115,24.22,22.8,0,0,.368,11.97
105,2015,243,130,24.15,22.74,0,0,.368,11.97
105,2015,243,145,24.09,22.67,0,0,.366,11.97
105,2015,243,200,24.02,22.75,0,0,.365,11.97
105,2015,243,215,23.96,22.85,0,0,.365,11.97
105,2015,243,230,23.91,22.55,0,0,.363,11.97
105,2015,243,245,23.84,22.48,0,0,.362,11.97
105,2015,243,300,23.76,22.15,0,0,.362,11.97
105,2015,243,315,23.66,22.27,0,0,.361,11.97
105,2015,243,330,23.6,22.21,0,0,.359,11.97
105,2015,243,345,23.55,22.17,0,0,.359,11.97
105,2015,243,400,23.5,22.01,0,0,.358,11.97
105,2015,243,415,23.46,22.18,0,0,.356,11.97
105,2015,243,430,23.4,22.1,0,0,.356,11.97
105,2015,243,445,23.34,22.17,0,0,.355,11.97
105,2015,243,500,23.3,22.22,0,0,.354,11.96
105,2015,243,515,23.28,21.96,0,0,.354,11.96
105,2015,243,530,23.25,21.94,0,0,.353,11.96
105,2015,243,545,23.21,21.97,0,0,.353,11.96
105,2015,243,600,23.19,21.89,0,0,.352,11.96
105,2015,243,615,23.16,22.15,0,0,.351,11.96
105,2015,243,630,23.15,22.01,0,0,.351,11.96
105,2015,243,645,23.14,22.06,0,0,.351,11.96
105,2015,243,700,23.13,22.01,0,0,.351,11.96
105,2015,243,715,23.11,22.1,0,0,.352,11.96
105,2015,243,730,23.12,22.36,0,0,.352,11.96
105,2015,243,745,23.15,22.27,0,0,.354,11.96
105,2015,243,800,23.22,22.74,0,0,.362,11.96
105,2015,243,815,23.32,23.06,0,0,.373,11.96
105,2015,243,830,23.44,24.45,0,0,.383,11.97
105,2015,243,845,23.71,25.8,0,0,.389,11.98
105,2015,243,900,24.15,25.58,0,0,.394,11.98
105,2015,243,915,24.53,25.63,0,0,.397,11.98
105,2015,243,930,24.89,25.66,0,0,.398,11.99
105,2015,243,945,25.23,25.83,0,0,.398,11.99
105,2015,243,1000,25.52,25.8,0,0,.398,11.99
105,2015,243,1015,25.8,26.74,0,0,.398,11.99
105,2015,243,1030,26.16,27.47,0,0,.398,12
105,2015,243,1045,26.52,28.62,0,0,.398,12
105,2015,243,1100,27.01,29.67,0,0,.398,12.01
105,2015,243,1115,27.63,30.5,0,0,.398,12.01
105,2015,243,1130,28.25,29.8,0,0,.398,12.02
105,2015,243,1145,28.7,29.68,0,0,.397,12.02
105,2015,243,1200,29.02,29.95,0,0,.396,12.02
105,2015,243,1215,29.34,30.28,0,0,.394,12.02
105,2015,243,1230,29.66,30.13,0,0,.393,12.02
105,2015,243,1245,29.92,29.93,0,0,.391,12.02
105,2015,243,1300,30.13,30.24,0,0,.39,12.02
105,2015,243,1315,30.28,29.63,0,0,.388,12.02
105,2015,243,1330,30.36,29.58,0,0,.386,12.02
105,2015,243,1345,30.39,29.53,0,0,.385,12.02
105,2015,243,1400,30.4,29.03,0,0,.384,12.01
105,2015,243,1415,30.35,28.85,0,0,.382,12.01
105,2015,243,1430,30.28,29.34,0,0,.381,12.01
105,2015,243,1445,30.24,29.35,0,0,.379,12.01
105,2015,243,1500,30.24,29.55,0,0,.377,12.01
105,2015,243,1515,30.33,31.04,0,0,.375,12.02
105,2015,243,1530,30.62,31.38,0,0,.373,12.02
105,2015,243,1545,30.92,30.61,0,0,.371,12.02
105,2015,243,1600,31.12,30.08,0,0,.37,12.02
105,2015,243,1615,31.21,29.71,0,0,.369,12.02
105,2015,243,1630,31.16,29.1,0,0,.369,12.01
105,2015,243,1645,31,28.26,0,0,.369,12.01
105,2015,243,1700,30.74,27.88,0,0,.368,12.01
105,2015,243,1715,30.44,27.64,0,0,.367,12
105,2015,243,1730,30.14,27.46,0,0,.366,12
105,2015,243,1745,29.87,27.27,0,0,.365,12
105,2015,243,1800,29.6,26.93,0,0,.364,12
105,2015,243,1815,29.32,26.6,0,0,.363,11.99
105,2015,243,1830,29.05,26.58,0,0,.362,11.99
105,2015,243,1845,28.77,26.31,0,0,.362,11.99
105,2015,243,1900,28.48,25.87,0,0,.361,11.99
105,2015,243,1915,28.19,25.6,0,0,.36,11.98
105,2015,243,1930,27.88,25.24,0,0,.36,11.99
105,2015,243,1945,27.55,24.93,0,0,.359,11.98
105,2015,243,2000,27.24,24.43,0,0,.358,11.98
105,2015,243,2015,26.94,24.37,0,0,.358,11.98
105,2015,243,2030,26.65,23.85,0,0,.357,11.97
105,2015,243,2045,26.39,23.77,0,0,.356,11.97
105,2015,243,2100,26.14,23.94,0,0,.356,11.97
105,2015,243,2115,25.93,23.44,0,0,.356,11.97
105,2015,243,2130,25.69,23.26,0,0,.355,11.97
105,2015,243,2145,25.43,22.88,0,0,.354,11.97
105,2015,243,2200,25.19,22.49,0,0,.354,11.97
105,2015,243,2215,24.93,22.24,0,0,.353,11.97
105,2015,243,2230,24.62,21.95,0,0,.353,11.96
105,2015,243,2245,24.31,21.88,0,0,.353,11.96
105,2015,243,2300,24.06,21.99,0,0,.352,11.96
105,2015,243,2315,23.89,21.83,0,0,.351,11.96
105,2015,243,2330,23.74,21.86,0,0,.35,11.96
105,2015,243,2345,23.63,21.94,0,0,.349,11.96
105,2015,244,0,23.53,21.84,0,0,.349,11.96
105,2015,244,15,23.47,21.9,0,0,.348,11.95
105,2015,244,30,23.39,21.86,0,0,.347,11.96
105,2015,244,45,23.3,21.85,0,0,.347,11.96
105,2015,244,100,23.22,21.8,0,0,.345,11.96
105,2015,244,115,23.15,21.71,0,0,.345,11.96
105,2015,244,130,23.07,21.66,0,0,.345,11.96
105,2015,244,145,23,21.64,0,0,.344,11.96
105,2015,244,200,22.95,21.62,0,0,.343,11.95
105,2015,244,215,22.91,21.55,0,0,.343,11.95
105,2015,244,230,22.89,21.66,0,0,.342,11.94
105,2015,244,245,22.88,21.67,0,0,.342,11.95
105,2015,244,300,22.85,21.56,0,0,.341,11.95
105,2015,244,315,22.8,21.55,0,0,.341,11.95
105,2015,244,330,22.76,21.43,0,0,.34,11.95
105,2015,244,345,22.71,21.52,0,0,.339,11.94
105,2015,244,400,22.66,21.27,0,0,.339,11.93
105,2015,244,415,22.59,21.37,0,0,.338,11.94
105,2015,244,430,22.52,21.2,0,0,.337,11.94
105,2015,244,445,22.42,21.05,0,0,.337,11.94
105,2015,244,500,22.33,21.04,0,0,.337,11.95
105,2015,244,515,22.26,21.05,0,0,.336,11.94
105,2015,244,530,22.21,21.08,0,0,.335,11.94
105,2015,244,545,22.16,21.09,0,0,.335,11.94
105,2015,244,600,22.12,21.05,0,0,.334,11.93
105,2015,244,615,22.07,20.83,0,0,.333,11.93
105,2015,244,630,22,21.06,0,0,.333,11.93
105,2015,244,645,21.92,20.92,0,0,.332,11.93
105,2015,244,700,21.82,20.86,0,0,.332,11.93
105,2015,244,715,21.75,21.82,0,0,.332,11.94
105,2015,244,730,21.86,22.57,0,0,.33,11.94
105,2015,244,745,22.08,23.63,0,0,.33,11.96
105,2015,244,800,22.42,24.92,0,0,.328,11.97
105,2015,244,815,22.82,25.92,0,0,.327,11.97
105,2015,244,830,23.29,26.26,0,0,.325,11.98
105,2015,244,845,23.83,26.71,0,0,.325,11.99
105,2015,244,900,24.4,27.45,0,0,.324,11.99
105,2015,244,915,25,28.26,0,0,.323,12
105,2015,244,930,25.59,28.81,0,0,.322,12
105,2015,244,945,26.19,29.58,0,0,.321,12
105,2015,244,1000,26.79,31.15,0,0,.32,12.01
105,2015,244,1015,27.47,32.02,0,0,.32,12.02
105,2015,244,1030,28.2,32.41,0,0,.319,12.02
105,2015,244,1045,28.9,33.26,0,0,.318,12.03
105,2015,244,1100,29.56,33.68,0,0,.317,12.04
105,2015,244,1115,30.22,34.13,0,0,.316,12.04
105,2015,244,1130,30.83,34.81,0,0,.315,12.04
105,2015,244,1145,31.43,34.58,0,0,.314,12.05
105,2015,244,1200,31.96,35.15,0,0,.313,12.05
105,2015,244,1215,32.45,35.32,0,0,.313,12.05
105,2015,244,1230,32.9,35.45,0,0,.313,12.05
105,2015,244,1245,33.31,35.63,0,0,.312,12.05
105,2015,244,1300,33.69,36.21,0,0,.311,12.05
105,2015,244,1315,34.07,36.2,0,0,.31,12.05
105,2015,244,1330,34.41,35.77,0,0,.309,12.05
105,2015,244,1345,34.67,36.13,0,0,.309,12.05
105,2015,244,1400,34.91,35.92,0,0,.308,12.05
105,2015,244,1415,35.1,35.56,0,0,.308,12.04
105,2015,244,1430,35.21,35.2,0,0,.306,12.04
105,2015,244,1445,35.23,34.9,0,0,.306,12.04
105,2015,244,1500,35.21,34.64,0,0,.305,12.03
105,2015,244,1515,35.2,34.96,0,0,.304,12.03
105,2015,244,1530,35.19,34.27,0,0,.304,12.03
105,2015,244,1545,35.13,34.26,0,0,.303,12.03
105,2015,244,1600,35.03,32.91,0,0,.303,12.03
105,2015,244,1615,34.85,32.26,0,0,.303,12.02
105,2015,244,1630,34.59,31.98,0,0,.303,12.02
105,2015,244,1645,34.28,31.64,0,0,.303,12.02
105,2015,244,1700,33.96,31.05,0,0,.303,12.02
105,2015,244,1715,33.64,30.67,0,0,.303,12.01
105,2015,244,1730,33.32,30.36,0,0,.303,12.01
105,2015,244,1745,33.03,29.91,0,0,.302,12.01
105,2015,244,1800,32.73,29.62,0,0,.303,12.01
105,2015,244,1815,32.41,29.18,0,0,.302,12.01
105,2015,244,1830,32.11,29,0,0,.303,12
105,2015,244,1845,31.8,28.31,0,0,.302,12
105,2015,244,1900,31.48,28.07,0,0,.303,12
105,2015,244,1915,31.14,27.79,0,0,.302,12
105,2015,244,1930,30.77,27.35,0,0,.302,12
105,2015,244,1945,30.36,27.03,0,0,.302,12
105,2015,244,2000,29.92,26.66,0,0,.302,11.99
105,2015,244,2015,29.49,26.05,0,0,.302,11.99
105,2015,244,2030,29.12,26.14,0,0,.302,11.99
105,2015,244,2045,28.79,25.41,0,0,.302,11.98
105,2015,244,2100,28.4,25.23,0,0,.302,11.98
105,2015,244,2115,27.99,24.75,0,0,.302,11.98
105,2015,244,2130,27.65,24.46,0,0,.302,11.98
105,2015,244,2145,27.33,24.38,0,0,.301,11.97
105,2015,244,2200,27.04,24.15,0,0,.301,11.97
105,2015,244,2215,26.77,23.99,0,0,.3,11.97
105,2015,244,2230,26.46,24.06,0,0,.3,11.97
105,2015,244,2245,26.18,23.72,0,0,.3,11.97
105,2015,244,2300,25.94,23.33,0,0,.3,11.96
105,2015,244,2315,25.66,23.54,0,0,.3,11.96
105,2015,244,2330,25.46,23.56,0,0,.3,11.96
105,2015,244,2345,25.28,22.94,0,0,.299,11.96
105,2015,245,0,25.1,23.22,0,0,.299,11.96
105,2015,245,15,24.97,23,0,0,.299,11.95
105,2015,245,30,24.79,22.56,0,0,.298,11.96
105,2015,245,45,24.6,22.58,0,0,.298,11.96
105,2015,245,100,24.48,22.53,0,0,.298,11.95
105,2015,245,115,24.36,22.58,0,0,.298,11.95
105,2015,245,130,24.27,22.59,0,0,.298,11.95
105,2015,245,145,24.23,22.61,0,0,.297,11.95
105,2015,245,200,24.21,22.39,0,0,.297,11.95
105,2015,245,215,24.11,22.52,0,0,.297,11.95
105,2015,245,230,23.97,22.22,0,0,.297,11.95
105,2015,245,245,23.82,21.97,0,0,.297,11.95
105,2015,245,300,23.67,21.85,0,0,.296,11.95
105,2015,245,315,23.53,21.86,0,0,.295,11.94
105,2015,245,330,23.41,21.81,0,0,.295,11.94
105,2015,245,345,23.33,21.8,0,0,.295,11.95
105,2015,245,400,23.24,21.7,0,0,.295,11.94
105,2015,245,415,23.2,21.81,0,0,.295,11.95
105,2015,245,430,23.18,21.72,0,0,.295,11.94
105,2015,245,445,23.13,21.64,0,0,.295,11.94
105,2015,245,500,23.05,21.58,0,0,.293,11.94
105,2015,245,515,22.99,21.55,0,0,.293,11.94
105,2015,245,530,22.95,21.57,0,0,.293,11.94
105,2015,245,545,22.93,21.29,0,0,.293,11.93
105,2015,245,600,22.84,21.16,0,0,.293,11.92
105,2015,245,615,22.74,21.5,0,0,.293,11.92
105,2015,245,630,22.67,21.34,0,0,.293,11.93
105,2015,245,645,22.6,21.74,0,0,.293,11.94
105,2015,245,700,22.64,21.88,0,0,.292,11.93
105,2015,245,715,22.74,22.01,0,0,.292,11.94
105,2015,245,730,22.89,22.27,0,0,.291,11.95
105,2015,245,745,23.03,22.66,0,0,.291,11.96
105,2015,245,800,23.17,23.08,0,0,.29,11.96
105,2015,245,815,23.36,23.87,0,0,.289,11.97
105,2015,245,830,23.65,25.58,0,0,.288,11.97
105,2015,245,845,24.12,26.75,0,0,.286,11.99
105,2015,245,900,24.72,26.72,0,0,.286,11.99
105,2015,245,915,25.3,28.64,0,0,.285,12
105,2015,245,930,25.95,29.06,0,0,.284,12
105,2015,245,945,26.57,29.5,0,0,.284,12
105,2015,245,1000,27.14,29.61,0,0,.283,12.01
105,2015,245,1015,27.66,30.96,0,0,.282,12.01
105,2015,245,1030,28.18,31.11,0,0,.282,12.01
105,2015,245,1045,28.72,32.21,0,0,.28,12.02
105,2015,245,1100,29.32,33.49,0,0,.279,12.03
105,2015,245,1115,29.99,34.54,0,0,.279,12.04
105,2015,245,1130,30.65,34.46,0,0,.278,12.04
105,2015,245,1145,31.23,33.14,0,0,.277,12.04
105,2015,245,1200,31.65,32.14,0,0,.278,12.03
105,2015,245,1215,31.88,32.5,0,0,.277,12.03
105,2015,245,1230,32.09,32.07,0,0,.276,12.03
105,2015,245,1245,32.26,32.71,0,0,.276,12.02
105,2015,245,1300,32.48,33.39,0,0,.275,12.02
105,2015,245,1315,32.74,33.07,0,0,.274,12.02
105,2015,245,1330,32.95,34.31,0,0,.274,12.03
105,2015,245,1345,33.21,33.64,0,0,.274,12.03
105,2015,245,1400,33.35,33.76,0,0,.273,12.02
105,2015,245,1415,33.49,34.79,0,0,.272,12.03
105,2015,245,1430,33.74,34.96,0,0,.271,12.03
105,2015,245,1445,34.05,34.92,0,0,.271,12.03
105,2015,245,1500,34.3,35.51,0,0,.27,12.04
105,2015,245,1515,34.51,34.92,0,0,.27,12.03
105,2015,245,1530,34.63,34.26,0,0,.269,12.04
105,2015,245,1545,34.57,32.82,0,0,.269,12.03
105,2015,245,1600,34.37,32.47,0,0,.269,12.02
105,2015,245,1615,34.14,31.92,0,0,.269,12.02
105,2015,245,1630,33.92,31.56,0,0,.269,12.02
105,2015,245,1645,33.67,30.82,0,0,.269,12.02
105,2015,245,1700,33.33,30.28,0,0,.269,12.01
105,2015,245,1715,32.96,29.93,0,0,.269,12.01
105,2015,245,1730,32.62,29.47,0,0,.269,12.01
105,2015,245,1745,32.3,29.09,0,0,.269,12.01
105,2015,245,1800,32.01,29.2,0,0,.269,12.01
105,2015,245,1815,31.73,28.77,0,0,.269,12
105,2015,245,1830,31.45,28.29,0,0,.269,12
105,2015,245,1845,31.16,28.05,0,0,.269,12
105,2015,245,1900,30.83,27.66,0,0,.269,12
105,2015,245,1915,30.49,27.3,0,0,.269,12
105,2015,245,1930,30.16,26.77,0,0,.269,11.99
105,2015,245,1945,29.81,26.38,0,0,.269,11.99
105,2015,245,2000,29.47,25.95,0,0,.269,11.99
105,2015,245,2015,29.14,25.68,0,0,.269,11.99
105,2015,245,2030,28.76,25.57,0,0,.269,11.98
105,2015,245,2045,28.38,24.76,0,0,.269,11.98
105,2015,245,2100,28.03,24.62,0,0,.269,11.98
105,2015,245,2115,27.7,24.59,0,0,.269,11.98
105,2015,245,2130,27.38,24.26,0,0,.268,11.98
105,2015,245,2145,27.05,24.29,0,0,.269,11.98
105,2015,245,2200,26.77,23.87,0,0,.269,11.98
105,2015,245,2215,26.45,23.73,0,0,.269,11.98
105,2015,245,2230,26.16,23.4,0,0,.269,11.98
105,2015,245,2245,25.9,23.5,0,0,.269,11.98
105,2015,245,2300,25.7,23.43,0,0,.268,11.98
105,2015,245,2315,25.5,23.2,0,0,.268,11.98
105,2015,245,2330,25.3,23.07,0,0,.268,11.98
105,2015,245,2345,25.1,22.91,0,0,.268,11.98
105,2015,246,0,24.91,22.91,0,0,.268,11.98
105,2015,246,15,24.76,22.9,0,0,.269,11.98
105,2015,246,30,24.63,22.97,0,0,.269,11.97
105,2015,246,45,24.49,22.78,0,0,.269,11.97
105,2015,246,100,24.33,22.81,0,0,.268,11.97
105,2015,246,115,24.2,22.7,0,0,.268,11.97
105,2015,246,130,24.1,22.26,0,0,.268,11.97
105,2015,246,145,23.97,22.21,0,0,.268,11.97
105,2015,246,200,23.84,22.22,0,0,.268,11.97
105,2015,246,215,23.72,22.23,0,0,.269,11.97
105,2015,246,230,23.64,22.12,0,0,.268,11.97
105,2015,246,245,23.54,22.05,0,0,.268,11.97
105,2015,246,300,23.46,21.96,0,0,.269,11.97
105,2015,246,315,23.39,22.19,0,0,.268,11.96
105,2015,246,330,23.35,22.32,0,0,.269,11.96
105,2015,246,345,23.34,22.09,0,0,.268,11.95
105,2015,246,400,23.32,22.38,0,0,.268,11.95
105,2015,246,415,23.31,22.33,0,0,.269,11.95
105,2015,246,430,23.3,22.21,0,0,.269,11.95
105,2015,246,445,23.26,22.21,0,0,.269,11.94
105,2015,246,500,23.21,22.04,0,0,.268,11.94
105,2015,246,515,23.15,21.86,0,0,.269,11.94
105,2015,246,530,23.08,21.89,0,0,.269,11.93
105,2015,246,545,23,21.84,0,0,.269,11.93
105,2015,246,600,22.94,21.78,0,0,.268,11.93
105,2015,246,615,22.89,21.61,0,0,.268,11.92
105,2015,246,630,22.83,21.4,0,0,.268,11.93
105,2015,246,645,22.73,21.42,0,0,.268,11.93
105,2015,246,700,22.63,21.62,0,0,.268,11.93
105,2015,246,715,22.54,21.95,0,0,.268,11.93
105,2015,246,730,22.54,22.46,0,0,.268,11.93
105,2015,246,745,22.69,23.09,0,0,.268,11.94
105,2015,246,800,22.92,24.17,0,0,.269,11.94
105,2015,246,815,23.22,25.29,0,0,.268,11.96
105,2015,246,830,23.59,26.17,0,0,.268,11.97
105,2015,246,845,24.04,27.01,0,0,.268,11.98
105,2015,246,900,24.57,27.38,0,0,.268,11.99
105,2015,246,915,25.17,28.26,0,0,.268,12
105,2015,246,930,25.81,28.83,0,0,.267,12
105,2015,246,945,26.46,29.7,0,0,.266,12
105,2015,246,1000,27.1,30.99,0,0,.266,12.01
105,2015,246,1015,27.77,31.34,0,0,.265,12.02
105,2015,246,1030,28.42,31.92,0,0,.265,12.02
105,2015,246,1045,29.03,32.62,0,0,.264,12.02
105,2015,246,1100,29.61,33.06,0,0,.263,12.02
105,2015,246,1115,30.18,33.48,0,0,.263,12.03
105,2015,246,1130,30.76,33.74,0,0,.262,12.03
105,2015,246,1145,31.29,34.46,0,0,.262,12.03
105,2015,246,1200,31.8,35.12,0,0,.262,12.03
105,2015,246,1215,32.33,36.14,0,0,.26,12.04
105,2015,246,1230,32.86,36.26,0,0,.26,12.04
105,2015,246,1245,33.37,35.75,0,0,.259,12.05
105,2015,246,1300,33.86,36.67,0,0,.259,12.04
105,2015,246,1315,34.3,35.87,0,0,.258,12.05
105,2015,246,1330,34.72,37.1,0,0,.257,12.05
105,2015,246,1345,35.11,36.41,0,0,.257,12.05
105,2015,246,1400,35.39,35.61,0,0,.256,12.04
105,2015,246,1415,35.54,35.38,0,0,.255,12.04
105,2015,246,1430,35.61,36.24,0,0,.255,12.04
105,2015,246,1445,35.69,35.22,0,0,.255,12.04
105,2015,246,1500,35.7,35.05,0,0,.254,12.04
105,2015,246,1515,35.61,34.74,0,0,.254,12.04
105,2015,246,1530,35.51,35.36,0,0,.253,12.04
105,2015,246,1545,35.46,33.35,0,0,.252,12.03
105,2015,246,1600,35.33,32.69,0,0,.252,12.02
105,2015,246,1615,35.1,32.06,0,0,.252,12.02
105,2015,246,1630,34.74,31.67,0,0,.252,12.02
105,2015,246,1645,34.23,31.26,0,0,.252,11.99
105,2015,246,1700,33.56,31.29,0,0,.252,12
105,2015,246,1715,33.49,30.7,0,0,.252,12.01
105,2015,246,1730,33.2,29.65,0,0,.252,12.01
105,2015,246,1745,32.84,28.62,0,0,.252,12.01
105,2015,246,1800,32.49,28.21,0,0,.252,12.01
105,2015,246,1815,32.12,28.13,0,0,.252,12
105,2015,246,1830,31.8,28.37,0,0,.252,12
105,2015,246,1845,31.54,28.04,0,0,.252,12
105,2015,246,1900,31.31,27.78,0,0,.252,12
105,2015,246,1915,31.06,27.13,0,0,.252,12
105,2015,246,1930,30.79,26.8,0,0,.252,12
105,2015,246,1945,30.5,26.42,0,0,.252,12
105,2015,246,2000,30.16,26.22,0,0,.252,12
105,2015,246,2015,29.81,26.02,0,0,.252,11.99
105,2015,246,2030,29.51,25.78,0,0,.252,11.99
105,2015,246,2045,29.24,25.74,0,0,.252,11.99
105,2015,246,2100,28.98,25.53,0,0,.252,11.99
105,2015,246,2115,28.71,25.44,0,0,.252,11.99
105,2015,246,2130,28.47,25.62,0,0,.252,11.99
105,2015,246,2145,28.23,25.01,0,0,.252,11.98
105,2015,246,2200,27.99,24.86,0,0,.252,11.98
105,2015,246,2215,27.76,24.72,0,0,.252,11.98
105,2015,246,2230,27.61,24.63,0,0,.252,11.98
105,2015,246,2245,27.47,24.55,0,0,.252,11.98
105,2015,246,2300,27.3,24.42,0,0,.251,11.98
105,2015,246,2315,27.1,24.2,0,0,.252,11.98
105,2015,246,2330,26.88,23.86,0,0,.282,11.98
105,2015,246,2345,26.65,23.65,0,0,.325,11.98
105,2015,247,0,26.45,23.55,0,0,.355,11.98
105,2015,247,15,26.26,23.47,0,0,.372,11.98
105,2015,247,30,26.09,23.36,0,0,.382,11.97
105,2015,247,45,25.92,23.34,0,0,.393,11.97
105,2015,247,100,25.79,23.22,0,0,.399,11.97
105,2015,247,115,25.67,23.12,0,0,.403,11.97
105,2015,247,130,25.54,23.14,0,0,.403,11.97
105,2015,247,145,25.42,22.98,0,0,.403,11.97
105,2015,247,200,25.28,22.78,0,0,.404,11.97
105,2015,247,215,25.16,22.71,0,0,.403,11.96
105,2015,247,230,25.06,22.74,0,0,.403,11.96
105,2015,247,245,24.99,22.8,0,0,.403,11.96
105,2015,247,300,24.94,22.73,0,0,.403,11.96
105,2015,247,315,24.89,22.61,0,0,.403,11.96
105,2015,247,330,24.83,22.74,0,0,.403,11.95
105,2015,247,345,24.79,22.47,0,0,.402,11.95
105,2015,247,400,24.7,22.39,0,0,.402,11.96
105,2015,247,415,24.6,22.6,0,0,.4,11.96
105,2015,247,430,24.5,22.38,0,0,.398,11.96
105,2015,247,445,24.44,22.55,0,0,.396,11.96
105,2015,247,500,24.45,22.48,0,0,.394,11.96
105,2015,247,515,24.4,22.03,0,0,.393,11.95
105,2015,247,530,24.28,22.21,0,0,.391,11.95
105,2015,247,545,24.16,22.28,0,0,.389,11.95
105,2015,247,600,24.1,22.17,0,0,.387,11.96
105,2015,247,615,24.06,22.08,0,0,.386,11.96
105,2015,247,630,24.01,21.85,0,0,.384,11.95
105,2015,247,645,23.94,21.78,0,0,.382,11.95
105,2015,247,700,23.86,22.05,0,0,.381,11.95
105,2015,247,715,23.86,22.13,0,0,.379,11.95
105,2015,247,730,23.88,22.65,0,0,.377,11.96
105,2015,247,745,23.93,23.28,0,0,.376,11.97
105,2015,247,800,24.07,23.88,0,0,.374,11.97
105,2015,247,815,24.3,24.83,0,0,.371,11.98
105,2015,247,830,24.63,26.06,0,0,.37,11.99
105,2015,247,845,25.05,26.81,0,0,.368,11.99
105,2015,247,900,25.56,28.03,0,0,.366,11.99
105,2015,247,915,26.12,28.74,0,0,.364,12
105,2015,247,930,26.7,29.87,0,0,.363,12.01
105,2015,247,945,27.32,30.55,0,0,.362,12.01
105,2015,247,1000,27.94,30.75,0,0,.36,12.02
105,2015,247,1015,28.54,31.44,0,0,.36,12.02
105,2015,247,1030,29.09,32.31,0,0,.36,12.03
105,2015,247,1045,29.65,32.85,0,0,.36,12.03
105,2015,247,1100,30.2,33.48,0,0,.359,12.04
105,2015,247,1115,30.75,33.03,0,0,.358,12.04
105,2015,247,1130,31.19,32.45,0,0,.358,12.04
105,2015,247,1145,31.51,33.56,0,0,.358,12.04
105,2015,247,1200,31.87,34.61,0,0,.357,12.04
105,2015,247,1215,32.28,34.66,0,0,.356,12.05
105,2015,247,1230,32.67,34.87,0,0,.355,12.05
105,2015,247,1245,33.03,34.69,0,0,.355,12.05
105,2015,247,1300,33.34,35.48,0,0,.353,12.05
105,2015,247,1315,33.68,35.72,0,0,.353,12.06
105,2015,247,1330,34.01,35.49,0,0,.351,12.06
105,2015,247,1345,34.31,34.97,0,0,.35,12.05
105,2015,247,1400,34.5,34.69,0,0,.35,12.05
105,2015,247,1415,34.64,35.69,0,0,.348,12.05
105,2015,247,1430,34.84,35.99,0,0,.348,12.05
105,2015,247,1445,35.05,35.66,0,0,.346,12.06
105,2015,247,1500,35.23,35.79,0,0,.345,12.06
105,2015,247,1515,35.36,35.77,0,0,.344,12.06
105,2015,247,1530,35.45,35.27,0,0,.343,12.05
105,2015,247,1545,35.5,34.65,0,0,.342,12.05
105,2015,247,1600,35.48,33.35,0,0,.341,12.05
105,2015,247,1615,35.36,32.51,0,0,.341,12.04
105,2015,247,1630,35.11,32.03,0,0,.341,12.04
105,2015,247,1645,34.82,31.83,0,0,.341,12.03
105,2015,247,1700,34.54,31.52,0,0,.34,12.03
105,2015,247,1715,34.25,31.46,0,0,.339,12.03
105,2015,247,1730,33.98,30.95,0,0,.338,12.03
105,2015,247,1745,33.69,30.35,0,0,.338,12.03
105,2015,247,1800,33.39,30.14,0,0,.338,12.03
105,2015,247,1815,33.09,29.87,0,0,.337,12.03
105,2015,247,1830,32.75,29.33,0,0,.336,12.02
105,2015,247,1845,32.41,28.84,0,0,.336,12.02
105,2015,247,1900,32.05,28.54,0,0,.336,12.02
105,2015,247,1915,31.7,28.25,0,0,.334,12.01
105,2015,247,1930,31.38,27.92,0,0,.334,12.01
105,2015,247,1945,31.08,27.61,0,0,.333,12
105,2015,247,2000,30.8,27.28,0,0,.332,11.99
105,2015,247,2015,30.52,27.08,0,0,.332,11.99
105,2015,247,2030,30.25,26.85,0,0,.331,11.99
105,2015,247,2045,29.99,26.57,0,0,.331,11.99
105,2015,247,2100,29.73,26.31,0,0,.33,11.98
105,2015,247,2115,29.48,26.14,0,0,.329,11.98
105,2015,247,2130,29.24,26.13,0,0,.329,11.98
105,2015,247,2145,29.05,25.82,0,0,.329,11.98
105,2015,247,2200,28.85,25.5,0,0,.329,11.98
105,2015,247,2215,28.63,25.26,0,0,.329,11.98
105,2015,247,2230,28.4,25.02,0,0,.33,11.98
105,2015,247,2245,28.17,24.95,0,0,.365,11.98
105,2015,247,2300,27.95,24.8,0,0,.442,11.97
105,2015,247,2315,27.76,24.76,0,0,.512,11.98
105,2015,247,2330,27.61,24.7,0,0,.567,11.98
105,2015,247,2345,27.48,24.74,0,0,.611,11.98
105,2015,248,0,27.37,24.57,0,0,.632,11.98
105,2015,248,15,27.26,24.28,0,0,.637,11.97
105,2015,248,30,27.11,24.09,0,0,.638,11.97
105,2015,248,45,26.94,23.95,0,0,.638,11.97
105,2015,248,100,26.78,23.8,0,0,.635,11.97
105,2015,248,115,26.63,23.95,0,0,.624,11.97
105,2015,248,130,26.52,24.02,0,0,.611,11.97
105,2015,248,145,26.43,24.02,0,0,.597,11.97
105,2015,248,200,26.36,24.03,0,0,.584,11.97
105,2015,248,215,26.3,23.81,0,0,.57,11.97
105,2015,248,230,26.21,23.6,0,0,.558,11.97
105,2015,248,245,26.1,23.44,0,0,.547,11.97
105,2015,248,300,25.98,23.33,0,0,.537,11.97
105,2015,248,315,25.87,23.48,0,0,.526,11.97
105,2015,248,330,25.79,23.51,0,0,.517,11.97
105,2015,248,345,25.72,23.37,0,0,.51,11.97
105,2015,248,400,25.65,23.15,0,0,.503,11.96
105,2015,248,415,25.56,23.46,0,0,.495,11.97
105,2015,248,430,25.53,23.46,0,0,.488,11.97
105,2015,248,445,25.51,23.31,0,0,.483,11.96
105,2015,248,500,25.47,23.39,0,0,.476,11.96
105,2015,248,515,25.45,23.43,0,0,.471,11.96
105,2015,248,530,25.43,23.41,0,0,.467,11.96
105,2015,248,545,25.42,23.44,0,0,.462,11.96
105,2015,248,600,25.41,23.36,0,0,.458,11.96
105,2015,248,615,25.38,23.24,0,0,.453,11.95
105,2015,248,630,25.34,23.14,0,0,.449,11.94
105,2015,248,645,25.29,23.09,0,0,.446,11.94
105,2015,248,700,25.24,23.15,0,0,.443,11.95
105,2015,248,715,25.19,23.18,0,0,.44,11.96
105,2015,248,730,25.17,23.24,0,0,.437,11.96
105,2015,248,745,25.15,23.25,0,0,.433,11.96
105,2015,248,800,25.14,23.64,0,0,.431,11.96
105,2015,248,815,25.19,25.27,0,0,.428,11.97
105,2015,248,830,25.38,25.87,0,0,.425,11.98
105,2015,248,845,25.63,26.32,0,0,.422,11.98
105,2015,248,900,25.92,26.62,0,0,.419,11.99
105,2015,248,915,26.21,26.98,0,0,.418,11.99
105,2015,248,930,26.51,27.04,0,0,.415,11.99
105,2015,248,945,26.79,28.08,0,0,.413,12
105,2015,248,1000,27.14,28.53,0,0,.411,12.01
105,2015,248,1015,27.46,27.45,0,0,.41,12
105,2015,248,1030,27.65,28.6,0,0,.409,12.01
105,2015,248,1045,27.91,28.83,0,0,.409,12.01
105,2015,248,1100,28.16,27.9,0,0,.409,12.01
105,2015,248,1115,28.28,28.17,0,0,.409,12.01
105,2015,248,1130,28.4,29.38,0,0,.409,12.01
105,2015,248,1145,28.63,30.01,0,0,.409,12.02
105,2015,248,1200,28.94,29.48,0,0,.409,12.02
105,2015,248,1215,29.19,29.99,0,0,.41,12.02
105,2015,248,1230,29.43,30.71,0,0,.41,12.02
105,2015,248,1245,29.74,31.09,0,0,.41,12.02
105,2015,248,1300,30.05,30.61,0,0,.411,12.02
105,2015,248,1315,30.32,31.1,0,0,.411,12.02
105,2015,248,1330,30.56,31.22,0,0,.411,12.02
105,2015,248,1345,30.78,31.4,0,0,.411,12.02
105,2015,248,1400,31.01,31.76,0,0,.41,12.03
105,2015,248,1415,31.22,31.26,0,0,.41,12.03
105,2015,248,1430,31.36,32.06,0,0,.41,12.03
105,2015,248,1445,31.52,31.66,0,0,.409,12.03
105,2015,248,1500,31.64,31.1,0,0,.408,12.03
105,2015,248,1515,31.67,31.05,0,0,.407,12.03
105,2015,248,1530,31.65,30.04,0,0,.405,12.02
105,2015,248,1545,31.56,30.09,0,0,.403,12.02
105,2015,248,1600,31.45,29.16,0,0,.402,12.02
105,2015,248,1615,31.32,28.92,0,0,.401,12.02
105,2015,248,1630,31.16,28.6,0,0,.399,12.01
105,2015,248,1645,30.97,28.45,0,0,.397,12.01
105,2015,248,1700,30.8,28.62,0,0,.396,12.01
105,2015,248,1715,30.65,28.4,0,0,.394,12.01
105,2015,248,1730,30.51,28.16,0,0,.392,12.01
105,2015,248,1745,30.37,28.19,0,0,.391,12.01
105,2015,248,1800,30.25,28.33,0,0,.389,12.01
105,2015,248,1815,30.13,27.62,0,0,.388,12.01
105,2015,248,1830,29.98,27.43,0,0,.386,12
105,2015,248,1845,29.79,26.89,0,0,.385,12
105,2015,248,1900,29.57,26.54,0,0,.384,12
105,2015,248,1915,29.31,26.23,0,0,.383,12
105,2015,248,1930,29,25.69,0,0,.382,12
105,2015,248,1945,28.64,24.89,0,0,.381,11.99
105,2015,248,2000,28.28,24.57,0,0,.381,11.99
105,2015,248,2015,27.93,24.14,0,0,.381,11.99
105,2015,248,2030,27.62,24.58,0,0,.381,11.98
105,2015,248,2045,27.39,24.49,0,0,.397,11.98
105,2015,248,2100,27.2,24.19,0,0,.487,11.97
105,2015,248,2115,26.99,23.85,0,0,.643,11.96
105,2015,248,2130,26.74,23.66,0,0,.827,11.96
105,2015,248,2145,26.37,23.49,0,0,1.023,11.97
105,2015,248,2200,26.07,23.1,0,0,1.173,11.97
105,2015,248,2215,25.83,22.92,0,0,1.275,11.96
105,2015,248,2230,25.57,22.76,0,0,1.346,11.96
105,2015,248,2245,25.28,22.52,0,0,1.403,11.96
105,2015,248,2300,24.98,22.49,0,0,1.457,11.97
105,2015,248,2315,24.65,22.37,0,0,1.473,11.96
105,2015,248,2330,24.35,22.35,0,0,1.468,11.96
105,2015,248,2345,24.06,22.34,0,0,1.446,11.96
105,2015,249,0,23.8,22.17,0,0,1.422,11.96
105,2015,249,15,23.56,22.1,0,0,1.414,11.96
105,2015,249,30,23.33,21.98,0,0,1.437,11.96
105,2015,249,45,23.11,21.87,0,0,1.459,11.96
105,2015,249,100,22.91,21.8,0,0,1.462,11.96
105,2015,249,115,22.73,21.6,0,0,1.436,11.96
105,2015,249,130,22.55,21.21,0,0,1.384,11.96
105,2015,249,145,22.37,21.09,0,0,1.321,11.96
105,2015,249,200,22.19,20.9,0,0,1.248,11.95
105,2015,249,215,22.03,20.44,0,0,1.181,11.95
105,2015,249,230,21.86,20.11,0,0,1.134,11.95
105,2015,249,245,21.68,19.84,0,0,1.11,11.94
105,2015,249,300,21.49,19.63,0,0,1.095,11.93
105,2015,249,315,21.29,19.52,0,0,1.065,11.92
105,2015,249,330,21.1,19.49,0,0,1.026,11.92
105,2015,249,345,20.91,19.26,0,0,.98,11.92
105,2015,249,400,20.72,19.13,0,0,.93,11.91
105,2015,249,415,20.53,18.94,0,0,.886,11.91
105,2015,249,430,20.34,18.8,0,0,.843,11.91
105,2015,249,445,20.15,18.66,0,0,.808,11.9
105,2015,249,500,19.97,18.47,0,0,.778,11.9
105,2015,249,515,19.79,18.39,0,0,.75,11.9
105,2015,249,530,19.6,18.29,0,0,.722,11.89
105,2015,249,545,19.42,18.14,0,0,.697,11.89
105,2015,249,600,19.25,18.11,0,0,.674,11.88
105,2015,249,615,19.08,17.95,0,0,.653,11.89
105,2015,249,630,18.91,17.92,0,0,.633,11.88
105,2015,249,645,18.75,17.93,0,0,.615,11.87
105,2015,249,700,18.6,17.97,0,0,.6,11.87
105,2015,249,715,18.47,18.56,0,0,.587,11.88
105,2015,249,730,18.38,18.72,0,0,.575,11.88
105,2015,249,745,18.34,19.39,0,0,.564,11.88
105,2015,249,800,18.38,20.37,0,0,.554,11.9
105,2015,249,815,18.54,21.82,0,0,.545,11.92
105,2015,249,830,18.86,23.61,0,0,.538,11.95
105,2015,249,845,19.36,23.88,0,0,.533,11.96
105,2015,249,900,19.99,25.16,0,0,.533,11.97
105,2015,249,915,20.67,25.75,0,0,.533,11.98
105,2015,249,930,21.4,26.11,0,0,.533,11.99
105,2015,249,945,22.13,26.05,0,0,.534,11.99
105,2015,249,1000,22.8,26.88,0,0,.54,12
105,2015,249,1015,23.45,26.84,0,0,.555,12
105,2015,249,1030,24.08,28.2,0,0,.572,12.01
105,2015,249,1045,24.72,28.33,0,0,.594,12.01
105,2015,249,1100,25.39,29.04,0,0,.616,12.01
105,2015,249,1115,26.07,29.38,0,0,.635,12.01
105,2015,249,1130,26.74,30.19,0,0,.643,12.02
105,2015,249,1145,27.39,30.11,0,0,.643,12.02
105,2015,249,1200,28.01,29.34,0,0,.644,12.02
105,2015,249,1215,28.52,30.65,0,0,.643,12.02
105,2015,249,1230,29,31.42,0,0,.643,12.03
105,2015,249,1245,29.5,31.68,0,0,.639,12.03
105,2015,249,1300,29.98,31.79,0,0,.627,12.04
105,2015,249,1315,30.45,31.51,0,0,.613,12.03
105,2015,249,1330,30.89,31.03,0,0,.6,12.03
105,2015,249,1345,31.26,30.89,0,0,.588,12.03
105,2015,249,1400,31.55,31.11,0,0,.575,12.03
105,2015,249,1415,31.75,30.85,0,0,.563,12.03
105,2015,249,1430,31.86,31.11,0,0,.553,12.02
105,2015,249,1445,31.94,31.43,0,0,.543,12.02
105,2015,249,1500,32.04,31.75,0,0,.534,12.02
105,2015,249,1515,32.15,30.35,0,0,.526,12
105,2015,249,1530,32.2,31.01,0,0,.516,11.99
105,2015,249,1545,32.23,29.97,0,0,.509,11.99
105,2015,249,1600,32.23,28.31,0,0,.503,11.99
105,2015,249,1615,32.11,27.59,0,0,.498,11.98
105,2015,249,1630,31.83,27.16,0,0,.493,11.98
105,2015,249,1645,31.43,27.04,0,0,.487,11.97
105,2015,249,1700,30.99,26.81,0,0,.483,11.97
105,2015,249,1715,30.53,26.8,0,0,.479,11.97
105,2015,249,1730,30.07,26.35,0,0,.474,11.97
105,2015,249,1745,29.63,25.81,0,0,.47,11.97
105,2015,249,1800,29.19,25.72,0,0,.467,11.96
105,2015,249,1815,28.77,25.24,0,0,.463,11.96
105,2015,249,1830,28.36,24.99,0,0,.46,11.96
105,2015,249,1845,27.98,24.6,0,0,.456,11.96
105,2015,249,1900,27.61,24.66,0,0,.453,11.96
105,2015,249,1915,27.25,23.91,0,0,.45,11.95
105,2015,249,1930,26.89,23.48,0,0,.447,11.95
105,2015,249,1945,26.52,22.97,0,0,.445,11.95
105,2015,249,2000,26.14,22.56,0,0,.442,11.95
105,2015,249,2015,25.75,22.09,0,0,.44,11.94
105,2015,249,2030,25.36,21.51,0,0,.437,11.94
105,2015,249,2045,24.96,21.29,0,0,.435,11.93
105,2015,249,2100,24.55,21.1,0,0,.432,11.93
105,2015,249,2115,24.14,20.79,0,0,.431,11.92
105,2015,249,2130,23.74,20.43,0,0,.429,11.93
105,2015,249,2145,23.36,20.21,0,0,.427,11.92
105,2015,249,2200,23,20.02,0,0,.425,11.92
105,2015,249,2215,22.66,20.04,0,0,.422,11.92
105,2015,249,2230,22.34,20.15,0,0,.42,11.91
105,2015,249,2245,22.04,20.08,0,0,.419,11.91
105,2015,249,2300,21.77,19.82,0,0,.418,11.9
105,2015,249,2315,21.52,19.86,0,0,.416,11.9
105,2015,249,2330,21.29,19.59,0,0,.416,11.91
105,2015,249,2345,21.08,19.39,0,0,.416,11.91
105,2015,250,0,20.89,19.45,0,0,.416,11.91
105,2015,250,15,20.7,19.38,0,0,.416,11.91
105,2015,250,30,20.52,19.24,0,0,.421,11.91
105,2015,250,45,20.35,19.12,0,0,.442,11.9
105,2015,250,100,20.2,19.12,0,0,.479,11.9
105,2015,250,115,20.06,18.97,0,0,.525,11.9
105,2015,250,130,19.92,18.95,0,0,.57,11.9
105,2015,250,145,19.8,18.89,0,0,.606,11.9
105,2015,250,200,19.68,18.82,0,0,.628,11.9
105,2015,250,215,19.56,18.75,0,0,.632,11.9
105,2015,250,230,19.46,18.76,0,0,.633,11.9
105,2015,250,245,19.35,18.67,0,0,.633,11.9
105,2015,250,300,19.25,18.62,0,0,.626,11.9
105,2015,250,315,19.15,18.55,0,0,.615,11.89
105,2015,250,330,19.06,18.52,0,0,.602,11.89
105,2015,250,345,18.98,18.6,0,0,.591,11.89
105,2015,250,400,18.89,18.48,0,0,.579,11.89
105,2015,250,415,18.82,18.51,0,0,.569,11.89
105,2015,250,430,18.74,18.5,0,0,.558,11.89
105,2015,250,445,18.67,18.4,0,0,.549,11.89
105,2015,250,500,18.59,18.44,0,0,.54,11.89
105,2015,250,515,18.53,18.36,0,0,.532,11.89
105,2015,250,530,18.47,18.38,0,0,.524,11.89
105,2015,250,545,18.41,18.44,0,0,.517,11.89
105,2015,250,600,18.36,18.4,0,0,.51,11.89
105,2015,250,615,18.32,18.31,0,0,.505,11.89
105,2015,250,630,18.27,18.36,0,0,.497,11.89
105,2015,250,645,18.23,18.36,0,0,.493,11.88
105,2015,250,700,18.18,18.41,0,0,.488,11.88
105,2015,250,715,18.15,18.74,0,0,.482,11.88
105,2015,250,730,18.14,19.76,0,0,.478,11.89
105,2015,250,745,18.19,21.05,0,0,.473,11.9
105,2015,250,800,18.38,21.88,0,0,.469,11.91
105,2015,250,815,18.72,23.47,0,0,.464,11.94
105,2015,250,830,19.21,24.42,0,0,.46,11.95
105,2015,250,845,19.85,25.63,0,0,.456,11.96
105,2015,250,900,20.6,27.16,0,0,.453,11.97
105,2015,250,915,21.48,28.02,0,0,.449,11.98
105,2015,250,930,22.45,28.62,0,0,.446,11.99
105,2015,250,945,23.47,29.85,0,0,.443,12
105,2015,250,1000,24.52,30.41,0,0,.44,12
105,2015,250,1015,25.55,30.86,0,0,.437,12.01
105,2015,250,1030,26.55,32.1,0,0,.435,12.01
105,2015,250,1045,27.53,31.81,0,0,.432,12.02
105,2015,250,1100,28.45,32.88,0,0,.43,12.01
105,2015,250,1115,29.32,32.67,0,0,.427,12.02
105,2015,250,1130,30.12,33.29,0,0,.425,12.02
105,2015,250,1145,30.85,34.08,0,0,.423,12.02
105,2015,250,1200,31.55,33.63,0,0,.42,12.02
105,2015,250,1215,32.19,34.05,0,0,.418,12.02
105,2015,250,1230,32.73,32.09,0,0,.417,12.02
105,2015,250,1245,33.08,31.17,0,0,.416,12.01
105,2015,250,1300,33.26,31.84,0,0,.414,12
105,2015,250,1315,33.41,31.21,0,0,.413,12
105,2015,250,1330,33.56,32.53,0,0,.411,12
105,2015,250,1345,33.7,32.92,0,0,.409,12.01
105,2015,250,1400,33.88,33.35,0,0,.408,12.01
105,2015,250,1415,34.09,32.96,0,0,.406,12.01
105,2015,250,1430,34.26,33.45,0,0,.404,12.01
105,2015,250,1445,34.4,32.82,0,0,.403,12.01
105,2015,250,1500,34.49,32.97,0,0,.401,12.01
105,2015,250,1515,34.56,32.45,0,0,.399,12.01
105,2015,250,1530,34.58,31.39,0,0,.398,12.01
105,2015,250,1545,34.53,30.93,0,0,.396,12
105,2015,250,1600,34.41,29.88,0,0,.395,12
105,2015,250,1615,34.18,29.16,0,0,.396,11.99
105,2015,250,1630,33.81,28.8,0,0,.395,11.99
105,2015,250,1645,33.36,28.43,0,0,.394,11.98
105,2015,250,1700,32.86,28.25,0,0,.393,11.98
105,2015,250,1715,32.38,28.06,0,0,.392,11.98
105,2015,250,1730,31.91,27.85,0,0,.39,11.98
105,2015,250,1745,31.46,27.66,0,0,.39,11.98
105,2015,250,1800,31.04,27.55,0,0,.389,11.98
105,2015,250,1815,30.65,27.34,0,0,.387,11.98
105,2015,250,1830,30.29,27.06,0,0,.386,11.98
105,2015,250,1845,29.96,26.93,0,0,.384,11.98
105,2015,250,1900,29.63,26.37,0,0,.383,11.98
105,2015,250,1915,29.3,26.12,0,0,.383,11.98
105,2015,250,1930,28.98,25.72,0,0,.381,11.97
105,2015,250,1945,28.8,25.27,0,0,.381,11.97
105,2015,250,2000,28.76,24.95,0,0,.379,11.97
105,2015,250,2015,28.79,24.7,0,0,.379,11.97
105,2015,250,2030,28.82,24.68,0,0,.378,11.97
105,2015,250,2045,28.82,24.35,0,0,.377,11.97
105,2015,250,2100,28.8,24.11,0,0,.376,11.97
105,2015,250,2115,28.74,23.96,0,0,.375,11.97
105,2015,250,2130,28.67,23.71,0,0,.374,11.96
105,2015,250,2145,28.59,23.65,0,0,.373,11.96
105,2015,250,2200,28.5,23.4,0,0,.372,11.96
105,2015,250,2215,28.39,23.26,0,0,.372,11.96
105,2015,250,2230,28.25,23.12,0,0,.371,11.96
105,2015,250,2245,28.08,22.78,0,0,.37,11.96
105,2015,250,2300,27.9,22.6,0,0,.369,11.96
105,2015,250,2315,27.72,22.52,0,0,.368,11.96
105,2015,250,2330,27.54,22.22,0,0,.367,11.95
105,2015,250,2345,27.36,22.31,0,0,.365,11.95
105,2015,251,0,27.2,22.01,0,0,.365,11.95
105,2015,251,15,27.07,22.04,0,0,.364,11.95
105,2015,251,30,26.93,22.15,0,0,.363,11.95
105,2015,251,45,26.79,22.02,0,0,.362,11.95
105,2015,251,100,26.66,21.95,0,0,.362,11.95
105,2015,251,115,26.55,21.9,0,0,.362,11.95
105,2015,251,130,26.44,21.7,0,0,.36,11.95
105,2015,251,145,26.33,21.7,0,0,.36,11.95
105,2015,251,200,26.21,21.86,0,0,.358,11.95
105,2015,251,215,26.11,21.58,0,0,.358,11.95
105,2015,251,230,26.01,21.77,0,0,.357,11.95
105,2015,251,245,25.92,21.62,0,0,.357,11.95
105,2015,251,300,25.83,21.33,0,0,.357,11.95
105,2015,251,315,25.73,21.54,0,0,.357,11.94
105,2015,251,330,25.65,21.52,0,0,.356,11.94
105,2015,251,345,25.57,21.26,0,0,.357,11.94
105,2015,251,400,25.5,21.07,0,0,.356,11.94
105,2015,251,415,25.42,21.19,0,0,.357,11.94
105,2015,251,430,25.34,21.07,0,0,.357,11.94
105,2015,251,445,25.28,20.8,0,0,.357,11.93
105,2015,251,500,25.23,20.64,0,0,.356,11.93
105,2015,251,515,25.15,20.75,0,0,.357,11.93
105,2015,251,530,25.06,20.65,0,0,.357,11.93
105,2015,251,545,24.97,20.37,0,0,.357,11.93
105,2015,251,600,24.88,20.4,0,0,.357,11.92
105,2015,251,615,24.79,20.3,0,0,.357,11.92
105,2015,251,630,24.69,20.14,0,0,.357,11.92
105,2015,251,645,24.61,20.14,0,0,.357,11.92
105,2015,251,700,24.54,20.32,0,0,.357,11.92
105,2015,251,715,24.49,21.16,0,0,.357,11.92
105,2015,251,730,24.52,22.3,0,0,.356,11.93
105,2015,251,745,24.69,24.34,0,0,.356,11.94
105,2015,251,800,25.02,25.71,0,0,.355,11.96
105,2015,251,815,25.5,26.9,0,0,.354,11.97
105,2015,251,830,26.09,27.73,0,0,.354,11.98
105,2015,251,845,26.78,27.95,0,0,.353,11.98
105,2015,251,900,27.54,29.13,0,0,.352,11.98
105,2015,251,915,28.36,29.83,0,0,.351,11.99
105,2015,251,930,29.2,30.59,0,0,.35,11.99
105,2015,251,945,30.04,31.6,0,0,.348,12
105,2015,251,1000,30.89,32.75,0,0,.347,12
105,2015,251,1015,31.73,33.15,0,0,.346,12.01
105,2015,251,1030,32.52,34.82,0,0,.345,12.01
105,2015,251,1045,33.31,34.9,0,0,.345,12.02
105,2015,251,1100,34.05,34.71,0,0,.344,12.02
105,2015,251,1115,34.73,35.37,0,0,.343,12.02
105,2015,251,1130,35.38,35.81,0,0,.343,12.02
105,2015,251,1145,35.98,36.73,0,0,.341,12.03
105,2015,251,1200,36.55,35.98,0,0,.34,12.03
105,2015,251,1215,37.08,36.2,0,0,.34,12.03
105,2015,251,1230,37.58,35.25,0,0,.339,12.03
105,2015,251,1245,37.97,35.57,0,0,.338,12.03
105,2015,251,1300,38.28,35.58,0,0,.338,12.02
105,2015,251,1315,38.56,35.3,0,0,.337,12.02
105,2015,251,1330,38.8,35.62,0,0,.336,12.02
105,2015,251,1345,39.01,35.48,0,0,.336,12.02
105,2015,251,1400,39.17,35.92,0,0,.335,12.02
105,2015,251,1415,39.31,35.25,0,0,.334,12.02
105,2015,251,1430,39.39,34.85,0,0,.333,12.02
105,2015,251,1445,39.41,34.15,0,0,.331,12.02
105,2015,251,1500,39.38,34.6,0,0,.331,12.01
105,2015,251,1515,39.32,34.09,0,0,.33,12.01
105,2015,251,1530,39.23,32.8,0,0,.329,12.01
105,2015,251,1545,39.07,32.35,0,0,.329,12
105,2015,251,1600,38.85,31.49,0,0,.329,12
105,2015,251,1615,38.53,31.01,0,0,.329,12
105,2015,251,1630,38.11,30.34,0,0,.328,11.99
105,2015,251,1645,37.65,30.19,0,0,.328,11.99
105,2015,251,1700,37.2,29.79,0,0,.328,11.99
105,2015,251,1715,36.77,29.77,0,0,.328,11.99
105,2015,251,1730,36.37,29.33,0,0,.328,11.99
105,2015,251,1745,35.99,29.02,0,0,.328,11.98
105,2015,251,1800,35.62,28.92,0,0,.327,11.98
105,2015,251,1815,35.25,28.63,0,0,.327,11.98
105,2015,251,1830,34.9,28.43,0,0,.327,11.98
105,2015,251,1845,34.56,28.23,0,0,.327,11.98
105,2015,251,1900,34.25,27.93,0,0,.326,11.98
105,2015,251,1915,33.96,27.75,0,0,.326,11.98
105,2015,251,1930,33.68,27.4,0,0,.325,11.98
105,2015,251,1945,33.4,27.12,0,0,.325,11.98
105,2015,251,2000,33.14,26.75,0,0,.325,11.97
105,2015,251,2015,32.86,26.61,0,0,.325,11.97
105,2015,251,2030,32.61,26.63,0,0,.324,11.97
105,2015,251,2045,32.39,26.57,0,0,.324,11.97
105,2015,251,2100,32.2,26.54,0,0,.324,11.97
105,2015,251,2115,32.05,26.67,0,0,.323,11.97
105,2015,251,2130,31.92,26.45,0,0,.322,11.97
105,2015,251,2145,31.8,26.17,0,0,.322,11.97
105,2015,251,2200,31.66,26.16,0,0,.322,11.97
105,2015,251,2215,31.53,25.89,0,0,.322,11.97
105,2015,251,2230,31.39,25.57,0,0,.322,11.97
105,2015,251,2245,31.23,25.2,0,0,.321,11.97
105,2015,251,2300,31.05,25.1,0,0,.32,11.97
105,2015,251,2315,30.86,24.87,0,0,.32,11.97
105,2015,251,2330,30.65,24.68,0,0,.32,11.97
105,2015,251,2345,30.43,24.42,0,0,.32,11.97
105,2015,252,0,30.2,24.4,0,0,.32,11.97
105,2015,252,15,29.97,24.23,0,0,.32,11.97
105,2015,252,30,29.74,24.13,0,0,.32,11.97
105,2015,252,45,29.52,23.96,0,0,.319,11.97
105,2015,252,100,29.31,23.99,0,0,.318,11.97
105,2015,252,115,29.1,24.13,0,0,.318,11.96
105,2015,252,130,28.93,23.79,0,0,.318,11.96
105,2015,252,145,28.78,23.57,0,0,.317,11.96
105,2015,252,200,28.64,23.51,0,0,.317,11.96
105,2015,252,215,28.51,23.55,0,0,.317,11.96
105,2015,252,230,28.38,23.31,0,0,.316,11.96
105,2015,252,245,28.25,23.62,0,0,.316,11.96
105,2015,252,300,28.13,23.43,0,0,.316,11.96
105,2015,252,315,28.03,23.28,0,0,.316,11.96
105,2015,252,330,27.92,23.3,0,0,.316,11.96
105,2015,252,345,27.82,23.24,0,0,.316,11.96
105,2015,252,400,27.73,23.26,0,0,.316,11.96
105,2015,252,415,27.65,23.05,0,0,.315,11.96
105,2015,252,430,27.55,23.13,0,0,.315,11.96
105,2015,252,445,27.46,23.12,0,0,.315,11.96
105,2015,252,500,27.38,23.14,0,0,.315,11.96
105,2015,252,515,27.32,23.16,0,0,.315,11.96
105,2015,252,530,27.28,23.16,0,0,.316,11.96
105,2015,252,545,27.24,22.87,0,0,.315,11.96
105,2015,252,600,27.18,22.79,0,0,.316,11.96
105,2015,252,615,27.1,22.7,0,0,.315,11.96
105,2015,252,630,27.03,22.88,0,0,.315,11.96
105,2015,252,645,26.96,23,0,0,.315,11.95
105,2015,252,700,26.93,22.87,0,0,.315,11.95
105,2015,252,715,26.9,23.5,0,0,.315,11.95
105,2015,252,730,26.92,24.49,0,0,.315,11.96
105,2015,252,745,27.07,25.21,0,0,.316,11.96
105,2015,252,800,27.34,25.04,0,0,.315,11.97
105,2015,252,815,27.64,26.82,0,0,.316,11.97
105,2015,252,830,28.04,28.42,0,0,.316,11.98
105,2015,252,845,28.61,29.58,0,0,.315,11.99
105,2015,252,900,29.31,30.24,0,0,.315,11.99
105,2015,252,915,30.07,30.92,0,0,.315,12
105,2015,252,930,30.86,31.79,0,0,.313,12
105,2015,252,945,31.63,32.62,0,0,.313,12.01
105,2015,252,1000,32.4,33.86,0,0,.312,12.01
105,2015,252,1015,33.21,34.43,0,0,.311,12.02
105,2015,252,1030,34.02,34.59,0,0,.311,12.02
105,2015,252,1045,34.78,35.73,0,0,.311,12.02
105,2015,252,1100,35.51,36.43,0,0,.31,12.03
105,2015,252,1115,36.21,36.18,0,0,.31,12.03
105,2015,252,1130,40.33,35.72,0,0,.309,12.03
105,2015,252,1145,41.74,36.79,0,0,.309,12.05
105,2015,252,1200,40.76,37.25,0,0,.309,12.05
105,2015,252,1215,40.5,36.87,0,0,.307,12.05
105,2015,252,1230,40.47,36.48,0,0,.307,12.05
105,2015,252,1245,40.48,36.91,0,0,.307,12.05
105,2015,252,1300,40.54,35.49,0,0,.307,12.05
105,2015,252,1315,40.55,34.26,0,0,.307,12.04
105,2015,252,1330,40.44,35.2,0,0,.306,12.04
105,2015,252,1345,40.37,34.6,0,0,.306,12.04
105,2015,252,1400,40.29,34.85,0,0,.306,12.04
105,2015,252,1415,40.22,35.42,0,0,.305,12.04
105,2015,252,1430,40.23,35.71,0,0,.303,12.04
105,2015,252,1445,40.27,35.86,0,0,.303,12.04
105,2015,252,1500,40.33,34.8,0,0,.302,12.04
105,2015,252,1515,40.27,33.05,0,0,.302,12.04
105,2015,252,1530,40,32.61,0,0,.302,12.03
105,2015,252,1545,39.66,33.3,0,0,.3,12.03
105,2015,252,1600,39.41,31.84,0,0,.301,12.03
105,2015,252,1615,39.14,31.45,0,0,.3,12.02
105,2015,252,1630,38.78,30.85,0,0,.301,12.01
105,2015,252,1645,38.38,30.88,0,0,.3,12.01