,26.79,28.08,0,0,.413,12
105,2015,248,1000,27.14,28.53,0,0,.411,12.01
105,2015,248,1015,27.46,27.45,0,0,.41,12
105,2015,248,1030,27.65,28.6,0,0,.409,12.01
105,2015,248,1045,27.91,28.83,0,0,.409,12.01
105,2015,248,1100,28.16,27.9,0,0,.409,12.01
105,2015,248,1115,28.28,28.17,0,0,.409,12.01
105,2015,248,1130,28.4,29.38,0,0,.409,12.01
105,2015,248,1145,28.63,30.01,0,0,.409,12.02
105,2015,248,1200,28.94,29.48,0,0,.409,12.02
105,2015,248,1215,29.19,29.99,0,0,.41,12.02
105,2015,248,1230,29.43,30.71,0,0,.41,12.02
105,2015,248,1245,29.74,31.09,0,0,.41,12.02
105,2015,248,1300,30.05,30.61,0,0,.411,12.02
105,2015,248,1315,30.32,31.1,0,0,.411,12.02
105,2015,248,1330,30.56,31.22,0,0,.411,12.02
105,2015,248,1345,30.78,31.4,0,0,.411,12.02
105,2015,248,1400,31.01,31.76,0,0,.41,12.03
105,2015,248,1415,31.22,31.26,0,0,.41,12.03
105,2015,248,1430,31.36,32.06,0,0,.41,12.03
105,2015,248,1445,31.52,31.66,0,0,.409,12.03
105,2015,248,1500,31.64,31.1,0,0,.408,12.03
105,2015,248,1515,31.67,31.05,0,0,.407,12.03
105,2015,248,1530,31.65,30.04,0,0,.405,12.02
105,2015,248,1545,31.56,30.09,0,0,.403,12.02
105,2015,248,1600,31.45,29.16,0,0,.402,12.02
105,2015,248,1615,31.32,28.92,0,0,.401,12.02
105,2015,248,1630,31.16,28.6,0,0,.399,12.01
105,2015,248,1645,30.97,28.45,0,0,.397,12.01
105,2015,248,1700,30.8,28.62,0,0,.396,12.01
105,2015,248,1715,30.65,28.4,0,0,.394,12.01
105,2015,248,1730,30.51,28.16,0,0,.392,12.01
105,2015,248,1745,30.37,28.19,0,0,.391,12.01
105,2015,248,1800,30.25,28.33,0,0,.389,12.01
105,2015,248,1815,30.13,27.62,0,0,.388,12.01
105,2015,248,1830,29.98,27.43,0,0,.386,12
105,2015,248,1845,29.79,26.89,0,0,.385,12
105,2015,248,1900,29.57,26.54,0,0,.384,12
105,2015,248,1915,29.31,26.23,0,0,.383,12
105,2015,248,1930,29,25.69,0,0,.382,12
105,2015,248,1945,28.64,24.89,0,0,.381,11.99
105,2015,248,2000,28.28,24.57,0,0,.381,11.99
105,2015,248,2015,27.93,24.14,0,0,.381,11.99
105,2015,248,2030,27.62,24.58,0,0,.381,11.98
105,2015,248,2045,27.39,24.49,0,0,.397,11.98
105,2015,248,2100,27.2,24.19,0,0,.487,11.97
105,2015,248,2115,26.99,23.85,0,0,.643,11.96
105,2015,248,2130,26.74,23.66,0,0,.827,11.96
105,2015,248,2145,26.37,23.49,0,0,1.023,11.97
105,2015,248,2200,26.07,23.1,0,0,1.173,11.97
105,2015,248,2215,25.83,22.92,0,0,1.275,11.96
105,2015,248,2230,25.57,22.76,0,0,1.346,11.96
105,2015,248,2245,25.28,22.52,0,0,1.403,11.96
105,2015,248,2300,24.98,22.49,0,0,1.457,11.97
105,2015,248,2315,24.65,22.37,0,0,1.473,11.96
105,2015,248,2330,24.35,22.35,0,0,1.468,11.96
105,2015,248,2345,24.06,22.34,0,0,1.446,11.96
105,2015,249,0,23.8,22.17,0,0,1.422,11.96
105,2015,249,15,23.56,22.1,0,0,1.414,11.96
105,2015,249,30,23.33,21.98,0,0,1.437,11.96
105,2015,249,45,23.11,21.87,0,0,1.459,11.96
105,2015,249,100,22.91,21.8,0,0,1.462,11.96
105,2015,249,115,22.73,21.6,0,0,1.436,11.96
105,2015,249,130,22.55,21.21,0,0,1.384,11.96
105,2015,249,145,22.37,21.09,0,0,1.321,11.96
105,2015,249,200,22.19,20.9,0,0,1.248,11.95
105,2015,249,215,22.03,20.44,0,0,1.181,11.95
105,2015,249,230,21.86,20.11,0,0,1.134,11.95
105,2015,249,245,21.68,19.84,0,0,1.11,11.94
105,2015,249,300,21.49,19.63,0,0,1.095,11.93
105,2015,249,315,21.29,19.52,0,0,1.065,11.92
105,2015,249,330,21.1,19.49,0,0,1.026,11.92
105,2015,249,345,20.91,19.26,0,0,.98,11.92
105,2015,249,400,20.72,19.13,0,0,.93,11.91
105,2015,249,415,20.53,18.94,0,0,.886,11.91
105,2015,249,430,20.34,18.8,0,0,.843,11.91
105,2015,249,445,20.15,18.66,0,0,.808,11.9
105,2015,249,500,19.97,18.47,0,0,.778,11.9
105,2015,249,515,19.79,18.39,0,0,.75,11.9
105,2015,249,530,19.6,18.29,0,0,.722,11.89
105,2015,249,545,19.42,18.14,0,0,.697,11.89
105,2015,249,600,19.25,18.11,0,0,.674,11.88
105,2015,249,615,19.08,17.95,0,0,.653,11.89
105,2015,249,630,18.91,17.92,0,0,.633,11.88
105,2015,249,645,18.75,17.93,0,0,.615,11.87
105,2015,249,700,18.6,17.97,0,0,.6,11.87
105,2015,249,715,18.47,18.56,0,0,.587,11.88
105,2015,249,730,18.38,18.72,0,0,.575,11.88
105,2015,249,745,18.34,19.39,0,0,.564,11.88
105,2015,249,800,18.38,20.37,0,0,.554,11.9
105,2015,249,815,18.54,21.82,0,0,.545,11.92
105,2015,249,830,18.86,23.61,0,0,.538,11.95
105,2015,249,845,19.36,23.88,0,0,.533,11.96
105,2015,249,900,19.99,25.16,0,0,.533,11.97
105,2015,249,915,20.67,25.75,0,0,.533,11.98
105,2015,249,930,21.4,26.11,0,0,.533,11.99
105,2015,249,945,22.13,26.05,0,0,.534,11.99
105,2015,249,1000,22.8,26.88,0,0,.54,12
105,2015,249,1015,23.45,26.84,0,0,.555,12
105,2015,249,1030,24.08,28.2,0,0,.572,12.01
105,2015,249,1045,24.72,28.33,0,0,.594,12.01
105,2015,249,1100,25.39,29.04,0,0,.616,12.01
105,2015,249,1115,26.07,29.38,0,0,.635,12.01
105,2015,249,1130,26.74,30.19,0,0,.643,12.02
105,2015,249,1145,27.39,30.11,0,0,.643,12.02
105,2015,249,1200,28.01,29.34,0,0,.644,12.02
105,2015,249,1215,28.52,30.65,0,0,.643,12.02
105,2015,249,1230,29,31.42,0,0,.643,12.03
105,2015,249,1245,29.5,31.68,0,0,.639,12.03
105,2015,249,1300,29.98,31.79,0,0,.627,12.04
105,2015,249,1315,30.45,31.51,0,0,.613,12.03
105,2015,249,1330,30.89,31.03,0,0,.6,12.03
105,2015,249,1345,31.26,30.89,0,0,.588,12.03
105,2015,249,1400,31.55,31.11,0,0,.575,12.03
105,2015,249,1415,31.75,30.85,0,0,.563,12.03
105,2015,249,1430,31.86,31.11,0,0,.553,12.02
105,2015,249,1445,31.94,31.43,0,0,.543,12.02
105,2015,249,1500,32.04,31.75,0,0,.534,12.02
105,2015,249,1515,32.15,30.35,0,0,.526,12
105,2015,249,1530,32.2,31.01,0,0,.516,11.99
105,2015,249,1545,32.23,29.97,0,0,.509,11.99
105,2015,249,1600,32.23,28.31,0,0,.503,11.99
105,2015,249,1615,32.11,27.59,0,0,.498,11.98
105,2015,249,1630,31.83,27.16,0,0,.493,11.98
105,2015,249,1645,31.43,27.04,0,0,.487,11.97
105,2015,249,1700,30.99,26.81,0,0,.483,11.97
105,2015,249,1715,30.53,26.8,0,0,.479,11.97
105,2015,249,1730,30.07,26.35,0,0,.474,11.97
105,2015,249,1745,29.63,25.81,0,0,.47,11.97
105,2015,249,1800,29.19,25.72,0,0,.467,11.96
105,2015,249,1815,28.77,25.24,0,0,.463,11.96
105,2015,249,1830,28.36,24.99,0,0,.46,11.96
105,2015,249,1845,27.98,24.6,0,0,.456,11.96
105,2015,249,1900,27.61,24.66,0,0,.453,11.96
105,2015,249,1915,27.25,23.91,0,0,.45,11.95
105,2015,249,1930,26.89,23.48,0,0,.447,11.95
105,2015,249,1945,26.52,22.97,0,0,.445,11.95
105,2015,249,2000,26.14,22.56,0,0,.442,11.95
105,2015,249,2015,25.75,22.09,0,0,.44,11.94
105,2015,249,2030,25.36,21.51,0,0,.437,11.94
105,2015,249,2045,24.96,21.29,0,0,.435,11.93
105,2015,249,2100,24.55,21.1,0,0,.432,11.93
105,2015,249,2115,24.14,20.79,0,0,.431,11.92
105,2015,249,2130,23.74,20.43,0,0,.429,11.93
105,2015,249,2145,23.36,20.21,0,0,.427,11.92
105,2015,249,2200,23,20.02,0,0,.425,11.92
105,2015,249,2215,22.66,20.04,0,0,.422,11.92
105,2015,249,2230,22.34,20.15,0,0,.42,11.91
105,2015,249,2245,22.04,20.08,0,0,.419,11.91
105,2015,249,2300,21.77,19.82,0,0,.418,11.9
105,2015,249,2315,21.52,19.86,0,0,.416,11.9
105,2015,249,2330,21.29,19.59,0,0,.416,11.91
105,2015,249,2345,21.08,19.39,0,0,.416,11.91
105,2015,250,0,20.89,19.45,0,0,.416,11.91
105,2015,250,15,20.7,19.38,0,0,.416,11.91
105,2015,250,30,20.52,19.24,0,0,.421,11.91
105,2015,250,45,20.35,19.12,0,0,.442,11.9
105,2015,250,100,20.2,19.12,0,0,.479,11.9
105,2015,250,115,20.06,18.97,0,0,.525,11.9
105,2015,250,130,19.92,18.95,0,0,.57,11.9
105,2015,250,145,19.8,18.89,0,0,.606,11.9
105,2015,250,200,19.68,18.82,0,0,.628,11.9
105,2015,250,215,19.56,18.75,0,0,.632,11.9
105,2015,250,230,19.46,18.76,0,0,.633,11.9
105,2015,250,245,19.35,18.67,0,0,.633,11.9
105,2015,250,300,19.25,18.62,0,0,.626,11.9
105,2015,250,315,19.15,18.55,0,0,.615,11.89
105,2015,250,330,19.06,18.52,0,0,.602,11.89
105,2015,250,345,18.98,18.6,0,0,.591,11.89
105,2015,250,400,18.89,18.48,0,0,.579,11.89
105,2015,250,415,18.82,18.51,0,0,.569,11.89
105,2015,250,430,18.74,18.5,0,0,.558,11.89
105,2015,250,445,18.67,18.4,0,0,.549,11.89
105,2015,250,500,18.59,18.44,0,0,.54,11.89
105,2015,250,515,18.53,18.36,0,0,.532,11.89
105,2015,250,530,18.47,18.38,0,0,.524,11.89
105,2015,250,545,18.41,18.44,0,0,.517,11.89
105,2015,250,600,18.36,18.4,0,0,.51,11.89
105,2015,250,615,18.32,18.31,0,0,.505,11.89
105,2015,250,630,18.27,18.36,0,0,.497,11.89
105,2015,250,645,18.23,18.36,0,0,.493,11.88
105,2015,250,700,18.18,18.41,0,0,.488,11.88
105,2015,250,715,18.15,18.74,0,0,.482,11.88
105,2015,250,730,18.14,19.76,0,0,.478,11.89
105,2015,250,745,18.19,21.05,0,0,.473,11.9
105,2015,250,800,18.38,21.88,0,0,.469,11.91
105,2015,250,815,18.72,23.47,0,0,.464,11.94
105,2015,250,830,19.21,24.42,0,0,.46,11.95
105,2015,250,845,19.85,25.63,0,0,.456,11.96
105,2015,250,900,20.6,27.16,0,0,.453,11.97
105,2015,250,915,21.48,28.02,0,0,.449,11.98
105,2015,250,930,22.45,28.62,0,0,.446,11.99
105,2015,250,945,23.47,29.85,0,0,.443,12
105,2015,250,1000,24.52,30.41,0,0,.44,12
105,2015,250,1015,25.55,30.86,0,0,.437,12.01
105,2015,250,1030,26.55,32.1,0,0,.435,12.01
105,2015,250,1045,27.53,31.81,0,0,.432,12.02
105,2015,250,1100,28.45,32.88,0,0,.43,12.01
105,2015,250,1115,29.32,32.67,0,0,.427,12.02
105,2015,250,1130,30.12,33.29,0,0,.425,12.02
105,2015,250,1145,30.85,34.08,0,0,.423,12.02
105,2015,250,1200,31.55,33.63,0,0,.42,12.02
105,2015,250,1215,32.19,34.05,0,0,.418,12.02
105,2015,250,1230,32.73,32.09,0,0,.417,12.02
105,2015,250,1245,33.08,31.17,0,0,.416,12.01
105,2015,250,1300,33.26,31.84,0,0,.414,12
105,2015,250,1315,33.41,31.21,0,0,.413,12
105,2015,250,1330,33.56,32.53,0,0,.411,12
105,2015,250,1345,33.7,32.92,0,0,.409,12.01
105,2015,250,1400,33.88,33.35,0,0,.408,12.01
105,2015,250,1415,34.09,32.96,0,0,.406,12.01
105,2015,250,1430,34.26,33.45,0,0,.404,12.01
105,2015,250,1445,34.4,32.82,0,0,.403,12.01
105,2015,250,1500,34.49,32.97,0,0,.401,12.01
105,2015,250,1515,34.56,32.45,0,0,.399,12.01
105,2015,250,1530,34.58,31.39,0,0,.398,12.01
105,2015,250,1545,34.53,30.93,0,0,.396,12
105,2015,250,1600,34.41,29.88,0,0,.395,12
105,2015,250,1615,34.18,29.16,0,0,.396,11.99
105,2015,250,1630,33.81,28.8,0,0,.395,11.99
105,2015,250,1645,33.36,28.43,0,0,.394,11.98
105,2015,250,1700,32.86,28.25,0,0,.393,11.98
105,2015,250,1715,32.38,28.06,0,0,.392,11.98
105,2015,250,1730,31.91,27.85,0,0,.39,11.98
105,2015,250,1745,31.46,27.66,0,0,.39,11.98
105,2015,250,1800,31.04,27.55,0,0,.389,11.98
105,2015,250,1815,30.65,27.34,0,0,.387,11.98
105,2015,250,1830,30.29,27.06,0,0,.386,11.98
105,2015,250,1845,29.96,26.93,0,0,.384,11.98
105,2015,250,1900,29.63,26.37,0,0,.383,11.98
105,2015,250,1915,29.3,26.12,0,0,.383,11.98
105,2015,250,1930,28.98,25.72,0,0,.381,11.97
105,2015,250,1945,28.8,25.27,0,0,.381,11.97
105,2015,250,2000,28.76,24.95,0,0,.379,11.97
105,2015,250,2015,28.79,24.7,0,0,.379,11.97
105,2015,250,2030,28.82,24.68,0,0,.378,11.97
105,2015,250,2045,28.82,24.35,0,0,.377,11.97
105,2015,250,2100,28.8,24.11,0,0,.376,11.97
105,2015,250,2115,28.74,23.96,0,0,.375,11.97
105,2015,250,2130,28.67,23.71,0,0,.374,11.96
105,2015,250,2145,28.59,23.65,0,0,.373,11.96
105,2015,250,2200,28.5,23.4,0,0,.372,11.96
105,2015,250,2215,28.39,23.26,0,0,.372,11.96
105,2015,250,2230,28.25,23.12,0,0,.371,11.96
105,2015,250,2245,28.08,22.78,0,0,.37,11.96
105,2015,250,2300,27.9,22.6,0,0,.369,11.96
105,2015,250,2315,27.72,22.52,0,0,.368,11.96
105,2015,250,2330,27.54,22.22,0,0,.367,11.95
105,2015,250,2345,27.36,22.31,0,0,.365,11.95
105,2015,251,0,27.2,22.01,0,0,.365,11.95
105,2015,251,15,27.07,22.04,0,0,.364,11.95
105,2015,251,30,26.93,22.15,0,0,.363,11.95
105,2015,251,45,26.79,22.02,0,0,.362,11.95
105,2015,251,100,26.66,21.95,0,0,.362,11.95
105,2015,251,115,26.55,21.9,0,0,.362,11.95
105,2015,251,130,26.44,21.7,0,0,.36,11.95
105,2015,251,145,26.33,21.7,0,0,.36,11.95
105,2015,251,200,26.21,21.86,0,0,.358,11.95
105,2015,251,215,26.11,21.58,0,0,.358,11.95
105,2015,251,230,26.01,21.77,0,0,.357,11.95
105,2015,251,245,25.92,21.62,0,0,.357,11.95
105,2015,251,300,25.83,21.33,0,0,.357,11.95
105,2015,251,315,25.73,21.54,0,0,.357,11.94
105,2015,251,330,25.65,21.52,0,0,.356,11.94
105,2015,251,345,25.57,21.26,0,0,.357,11.94
105,2015,251,400,25.5,21.07,0,0,.356,11.94
105,2015,251,415,25.42,21.19,0,0,.357,11.94
105,2015,251,430,25.34,21.07,0,0,.357,11.94
105,2015,251,445,25.28,20.8,0,0,.357,11.93
105,2015,251,500,25.23,20.64,0,0,.356,11.93
105,2015,251,515,25.15,20.75,0,0,.357,11.93
105,2015,251,530,25.06,20.65,0,0,.357,11.93
105,2015,251,545,24.97,20.37,0,0,.357,11.93
105,2015,251,600,24.88,20.4,0,0,.357,11.92
105,2015,251,615,24.79,20.3,0,0,.357,11.92
105,2015,251,630,24.69,20.14,0,0,.357,11.92
105,2015,251,645,24.61,20.14,0,0,.357,11.92
105,2015,251,700,24.54,20.32,0,0,.357,11.92
105,2015,251,715,24.49,21.16,0,0,.357,11.92
105,2015,251,730,24.52,22.3,0,0,.356,11.93
105,2015,251,745,24.69,24.34,0,0,.356,11.94
105,2015,251,800,25.02,25.71,0,0,.355,11.96
105,2015,251,815,25.5,26.9,0,0,.354,11.97
105,2015,251,830,26.09,27.73,0,0,.354,11.98
105,2015,251,845,26.78,27.95,0,0,.353,11.98
105,2015,251,900,27.54,29.13,0,0,.352,11.98
105,2015,251,915,28.36,29.83,0,0,.351,11.99
105,2015,251,930,29.2,30.59,0,0,.35,11.99
105,2015,251,945,30.04,31.6,0,0,.348,12
105,2015,251,1000,30.89,32.75,0,0,.347,12
105,2015,251,1015,31.73,33.15,0,0,.346,12.01
105,2015,251,1030,32.52,34.82,0,0,.345,12.01
105,2015,251,1045,33.31,34.9,0,0,.345,12.02
105,2015,251,1100,34.05,34.71,0,0,.344,12.02
105,2015,251,1115,34.73,35.37,0,0,.343,12.02
105,2015,251,1130,35.38,35.81,0,0,.343,12.02
105,2015,251,1145,35.98,36.73,0,0,.341,12.03
105,2015,251,1200,36.55,35.98,0,0,.34,12.03
105,2015,251,1215,37.08,36.2,0,0,.34,12.03
105,2015,251,1230,37.58,35.25,0,0,.339,12.03
105,2015,251,1245,37.97,35.57,0,0,.338,12.03
105,2015,251,1300,38.28,35.58,0,0,.338,12.02
105,2015,251,1315,38.56,35.3,0,0,.337,12.02
105,2015,251,1330,38.8,35.62,0,0,.336,12.02
105,2015,251,1345,39.01,35.48,0,0,.336,12.02
105,2015,251,1400,39.17,35.92,0,0,.335,12.02
105,2015,251,1415,39.31,35.25,0,0,.334,12.02
105,2015,251,1430,39.39,34.85,0,0,.333,12.02
105,2015,251,1445,39.41,34.15,0,0,.331,12.02
105,2015,251,1500,39.38,34.6,0,0,.331,12.01
105,2015,251,1515,39.32,34.09,0,0,.33,12.01
105,2015,251,1530,39.23,32.8,0,0,.329,12.01
105,2015,251,1545,39.07,32.35,0,0,.329,12
105,2015,251,1600,38.85,31.49,0,0,.329,12
105,2015,251,1615,38.53,31.01,0,0,.329,12
105,2015,251,1630,38.11,30.34,0,0,.328,11.99
105,2015,251,1645,37.65,30.19,0,0,.328,11.99
105,2015,251,1700,37.2,29.79,0,0,.328,11.99
105,2015,251,1715,36.77,29.77,0,0,.328,11.99
105,2015,251,1730,36.37,29.33,0,0,.328,11.99
105,2015,251,1745,35.99,29.02,0,0,.328,11.98
105,2015,251,1800,35.62,28.92,0,0,.327,11.98
105,2015,251,1815,35.25,28.63,0,0,.327,11.98
105,2015,251,1830,34.9,28.43,0,0,.327,11.98
105,2015,251,1845,34.56,28.23,0,0,.327,11.98
105,2015,251,1900,34.25,27.93,0,0,.326,11.98
105,2015,251,1915,33.96,27.75,0,0,.326,11.98
105,2015,251,1930,33.68,27.4,0,0,.325,11.98
105,2015,251,1945,33.4,27.12,0,0,.325,11.98
105,2015,251,2000,33.14,26.75,0,0,.325,11.97
105,2015,251,2015,32.86,26.61,0,0,.325,11.97
105,2015,251,2030,32.61,26.63,0,0,.324,11.97
105,2015,251,2045,32.39,26.57,0,0,.324,11.97
105,2015,251,2100,32.2,26.54,0,0,.324,11.97
105,2015,251,2115,32.05,26.67,0,0,.323,11.97
105,2015,251,2130,31.92,26.45,0,0,.322,11.97
105,2015,251,2145,31.8,26.17,0,0,.322,11.97
105,2015,251,2200,31.66,26.16,0,0,.322,11.97
105,2015,251,2215,31.53,25.89,0,0,.322,11.97
105,2015,251,2230,31.39,25.57,0,0,.322,11.97
105,2015,251,2245,31.23,25.2,0,0,.321,11.97
105,2015,251,2300,31.05,25.1,0,0,.32,11.97
105,2015,251,2315,30.86,24.87,0,0,.32,11.97
105,2015,251,2330,30.65,24.68,0,0,.32,11.97
105,2015,251,2345,30.43,24.42,0,0,.32,11.97
105,2015,252,0,30.2,24.4,0,0,.32,11.97
105,2015,252,15,29.97,24.23,0,0,.32,11.97
105,2015,252,30,29.74,24.13,0,0,.32,11.97
105,2015,252,45,29.52,23.96,0,0,.319,11.97
105,2015,252,100,29.31,23.99,0,0,.318,11.97
105,2015,252,115,29.1,24.13,0,0,.318,11.96
105,2015,252,130,28.93,23.79,0,0,.318,11.96
105,2015,252,145,28.78,23.57,0,0,.317,11.96
105,2015,252,200,28.64,23.51,0,0,.317,11.96
105,2015,252,215,28.51,23.55,0,0,.317,11.96
105,2015,252,230,28.38,23.31,0,0,.316,11.96
105,2015,252,245,28.25,23.62,0,0,.316,11.96
105,2015,252,300,28.13,23.43,0,0,.316,11.96
105,2015,252,315,28.03,23.28,0,0,.316,11.96
105,2015,252,330,27.92,23.3,0,0,.316,11.96
105,2015,252,345,27.82,23.24,0,0,.316,11.96
105,2015,252,400,27.73,23.26,0,0,.316,11.96
105,2015,252,415,27.65,23.05,0,0,.315,11.96
105,2015,252,430,27.55,23.13,0,0,.315,11.96
105,2015,252,445,27.46,23.12,0,0,.315,11.96
105,2015,252,500,27.38,23.14,0,0,.315,11.96
105,2015,252,515,27.32,23.16,0,0,.315,11.96
105,2015,252,530,27.28,23.16,0,0,.316,11.96
105,2015,252,545,27.24,22.87,0,0,.315,11.96
105,2015,252,600,27.18,22.79,0,0,.316,11.96
105,2015,252,615,27.1,22.7,0,0,.315,11.96
105,2015,252,630,27.03,22.88,0,0,.315,11.96
105,2015,252,645,26.96,23,0,0,.315,11.95
105,2015,252,700,26.93,22.87,0,0,.315,11.95
105,2015,252,715,26.9,23.5,0,0,.315,11.95
105,2015,252,730,26.92,24.49,0,0,.315,11.96
105,2015,252,745,27.07,25.21,0,0,.316,11.96
105,2015,252,800,27.34,25.04,0,0,.315,11.97
105,2015,252,815,27.64,26.82,0,0,.316,11.97
105,2015,252,830,28.04,28.42,0,0,.316,11.98
105,2015,252,845,28.61,29.58,0,0,.315,11.99
105,2015,252,900,29.31,30.24,0,0,.315,11.99
105,2015,252,915,30.07,30.92,0,0,.315,12
105,2015,252,930,30.86,31.79,0,0,.313,12
105,2015,252,945,31.63,32.62,0,0,.313,12.01
105,2015,252,1000,32.4,33.86,0,0,.312,12.01
105,2015,252,1015,33.21,34.43,0,0,.311,12.02
105,2015,252,1030,34.02,34.59,0,0,.311,12.02
105,2015,252,1045,34.78,35.73,0,0,.311,12.02
105,2015,252,1100,35.51,36.43,0,0,.31,12.03
105,2015,252,1115,36.21,36.18,0,0,.31,12.03
105,2015,252,1130,40.33,35.72,0,0,.309,12.03
105,2015,252,1145,41.74,36.79,0,0,.309,12.05
105,2015,252,1200,40.76,37.25,0,0,.309,12.05
105,2015,252,1215,40.5,36.87,0,0,.307,12.05
105,2015,252,1230,40.47,36.48,0,0,.307,12.05
105,2015,252,1245,40.48,36.91,0,0,.307,12.05
105,2015,252,1300,40.54,35.49,0,0,.307,12.05
105,2015,252,1315,40.55,34.26,0,0,.307,12.04
105,2015,252,1330,40.44,35.2,0,0,.306,12.04
105,2015,252,1345,40.37,34.6,0,0,.306,12.04
105,2015,252,1400,40.29,34.85,0,0,.306,12.04
105,2015,252,1415,40.22,35.42,0,0,.305,12.04
105,2015,252,1430,40.23,35.71,0,0,.303,12.04
105,2015,252,1445,40.27,35.86,0,0,.303,12.04
105,2015,252,1500,40.33,34.8,0,0,.302,12.04
105,2015,252,1515,40.27,33.05,0,0,.302,12.04
105,2015,252,1530,40,32.61,0,0,.302,12.03
105,2015,252,1545,39.66,33.3,0,0,.3,12.03
105,2015,252,1600,39.41,31.84,0,0,.301,12.03
105,2015,252,1615,39.14,31.45,0,0,.3,12.02
105,2015,252,1630,38.78,30.85,0,0,.301,12.01
105,2015,252,1645,38.38,30.88,0,0,.3,12.01
105,2015,252,1700,37.34,30.84,0,0,.3,12.01
105,2015,252,1715,36.5,30.64,0,0,.3,12.02
105,2015,252,1730,35.86,30.6,0,0,.3,12.02
105,2015,252,1745,35.29,30.3,0,0,.3,12.01
105,2015,252,1800,34.78,29.76,0,0,.3,12.02
105,2015,252,1815,34.28,29.19,0,0,.3,12.01
105,2015,252,1830,33.79,28.76,0,0,.3,12.01
105,2015,252,1845,33.33,28.76,0,0,.3,12.01
105,2015,252,1900,32.94,28.96,0,0,.3,12.01
105,2015,252,1915,32.64,28.82,0,0,.3,12
105,2015,252,1930,32.35,27.8,0,0,.3,12
105,2015,252,1945,31.91,26.24,0,0,.299,11.99
105,2015,252,2000,31.3,25.47,0,0,.299,11.98
105,2015,252,2015,30.67,25.34,0,0,.299,11.98
105,2015,252,2030,30.07,25.04,0,0,.299,11.98
105,2015,252,2045,29.53,24.67,0,0,.299,11.98
105,2015,252,2100,29.08,24.67,0,0,.299,11.98
105,2015,252,2115,28.69,24.66,0,0,.299,11.98
105,2015,252,2130,28.35,24.5,0,0,.299,11.98
105,2015,252,2145,28.08,24.46,0,0,.299,11.98
105,2015,252,2200,27.84,24.25,0,0,.299,11.98
105,2015,252,2215,27.61,24.24,0,0,.299,11.98
105,2015,252,2230,27.41,24.19,0,0,.299,11.98
105,2015,252,2245,27.22,24.01,0,0,.299,11.98
105,2015,252,2300,27.06,23.76,0,0,.299,11.98
105,2015,252,2315,26.92,24.12,0,0,.298,11.98
105,2015,252,2330,26.78,23.92,0,0,.297,11.98
105,2015,252,2345,26.65,24.13,0,0,.297,11.98
105,2015,253,0,26.52,23.84,0,0,.297,11.98
105,2015,253,15,26.41,23.8,0,0,.297,11.98
105,2015,253,30,26.3,23.75,0,0,.296,11.98
105,2015,253,45,26.2,23.65,0,0,.296,11.98
105,2015,253,100,26.12,23.65,0,0,.295,11.98
105,2015,253,115,26.04,23.61,0,0,.296,11.98
105,2015,253,130,25.97,23.63,0,0,.296,11.98
105,2015,253,145,25.92,23.76,0,0,.295,11.98
105,2015,253,200,25.88,23.66,0,0,.296,11.98
105,2015,253,215,25.86,23.58,0,0,.296,11.98
105,2015,253,230,25.83,23.48,0,0,.295,11.98
105,2015,253,245,25.81,23.76,0,0,.294,11.98
105,2015,253,300,25.78,23.46,0,0,.294,11.98
105,2015,253,315,25.74,23.63,0,0,.294,11.98
105,2015,253,330,25.69,23.7,0,0,.294,11.98
105,2015,253,345,25.65,23.97,0,0,.294,11.98
105,2015,253,400,25.62,23.53,0,0,.294,11.98
105,2015,253,415,25.6,23.47,0,0,.294,11.98
105,2015,253,430,25.57,23.55,0,0,.294,11.98
105,2015,253,445,25.53,23.28,0,0,.304,11.98
105,2015,253,500,25.5,23.21,0,0,.337,11.98
105,2015,253,515,25.46,23.56,0,0,.38,11.98
105,2015,253,530,25.42,23.63,0,0,.409,11.98
105,2015,253,545,25.39,23.75,0,0,.428,11.98
105,2015,253,600,25.37,23.68,0,0,.448,11.97
105,2015,253,615,25.35,23.25,0,0,.461,11.97
105,2015,253,630,25.31,23.23,0,0,.464,11.97
105,2015,253,645,25.24,23.09,0,0,.465,11.97
105,2015,253,700,25.19,23.23,0,0,.464,11.97
105,2015,253,715,25.16,23.44,0,0,.465,11.97
105,2015,253,730,25.15,23.88,0,0,.464,11.97
105,2015,253,745,25.18,24.07,0,0,.465,11.97
105,2015,253,800,25.21,23.94,0,0,.464,11.97
105,2015,253,815,25.25,24.23,0,0,.461,11.98
105,2015,253,830,25.32,25.26,0,0,.456,11.98
105,2015,253,845,25.55,27.17,0,0,.453,11.99
105,2015,253,900,25.91,26.87,0,0,.449,11.99
105,2015,253,915,26.26,26.84,0,0,.446,11.99
105,2015,253,930,26.51,27.22,0,0,.442,12
105,2015,253,945,26.79,28.6,0,0,.438,12
105,2015,253,1000,27.19,29.15,0,0,.435,12.01
105,2015,253,1015,27.65,30.96,0,0,.431,12.02
105,2015,253,1030,28.2,30.66,0,0,.429,12.02
105,2015,253,1045,28.72,31.8,0,0,.426,12.02
105,2015,253,1100,29.26,32.54,0,0,.423,12.03
105,2015,253,1115,29.83,32.84,0,0,.421,12.03
105,2015,253,1130,30.37,32.35,0,0,.418,12.04
105,2015,253,1145,30.77,32.62,0,0,.416,12.04
105,2015,253,1200,31.17,33.22,0,0,.413,12.04
105,2015,253,1215,31.56,31.66,0,0,.411,12.04
105,2015,253,1230,31.81,32.34,0,0,.409,12.03
105,2015,253,1245,32.03,33.22,0,0,.407,12.03
105,2015,253,1300,32.32,34.1,0,0,.404,12.04
105,2015,253,1315,32.65,32.41,0,0,.402,12.04
105,2015,253,1330,32.78,30.52,0,0,.401,12.03
105,2015,253,1345,32.67,30.03,0,0,.399,12.03
105,2015,253,1400,32.43,29.12,0,0,.399,12.02
105,2015,253,1415,32.13,30.55,0,0,.396,12.02
105,2015,253,1430,32,30.79,0,0,.394,12.02
105,2015,253,1445,31.94,27.72,0,0,.394,12.02
105,2015,253,1500,31.51,25.84,0,0,.439,11.98
105,2015,253,1515,30.77,25.07,0,0,.45,11.97
105,2015,253,1530,30.06,24.78,0,0,.457,11.96
105,2015,253,1545,29.46,24.43,0,0,.467,11.95
105,2015,253,1600,28.95,24.54,0,0,.481,11.96
105,2015,253,1615,28.55,24.66,0,0,.509,11.97
105,2015,253,1630,28.22,24.34,0,0,.566,11.97
105,2015,253,1645,27.92,24.55,0,0,.61,11.97
105,2015,253,1700,27.66,24.42,0,0,.622,11.97
105,2015,253,1715,27.48,24.54,0,0,.622,11.98
105,2015,253,1730,27.35,24.66,0,0,.613,11.98
105,2015,253,1745,27.23,24.18,0,0,.597,11.97
105,2015,253,1800,27.05,23.84,0,0,.587,11.96
105,2015,253,1815,26.87,23.79,0,0,.576,11.96
105,2015,253,1830,26.68,23.53,0,0,.567,11.95
105,2015,253,1845,26.49,23.24,0,0,.559,11.96
105,2015,253,1900,26.3,23.06,0,0,.549,11.96
105,2015,253,1915,26.11,22.89,0,0,.541,11.96
105,2015,253,1930,25.92,22.51,0,0,.532,11.96
105,2015,253,1945,25.7,22.15,0,0,.523,11.95
105,2015,253,2000,25.44,21.78,0,0,.515,11.95
105,2015,253,2015,25.16,21.49,0,0,.508,11.93
105,2015,253,2030,24.87,21.28,0,0,.502,11.92
105,2015,253,2045,24.6,21.17,0,0,.495,11.93
105,2015,253,2100,24.36,21.13,0,0,.49,11.93
105,2015,253,2115,24.15,21.05,0,0,.484,11.93
105,2015,253,2130,23.96,20.83,0,0,.479,11.92
105,2015,253,2145,23.76,20.69,0,0,.474,11.92
105,2015,253,2200,23.59,20.71,0,0,.47,11.92
105,2015,253,2215,23.44,20.77,0,0,.466,11.92
105,2015,253,2230,23.32,20.74,0,0,.462,11.93
105,2015,253,2245,23.21,20.68,0,0,.457,11.93
105,2015,253,2300,23.11,20.8,0,0,.454,11.93
105,2015,253,2315,23.04,20.83,0,0,.451,11.94
105,2015,253,2330,22.98,20.68,0,0,.447,11.94
105,2015,253,2345,22.91,20.54,0,0,.445,11.93
105,2015,254,0,22.83,20.32,0,0,.442,11.9
105,2015,254,15,22.72,20.19,0,0,.439,11.91
105,2015,254,30,22.62,20.06,0,0,.436,11.91
105,2015,254,45,22.51,19.95,0,0,.434,11.91
105,2015,254,100,22.41,19.98,0,0,.431,11.91
105,2015,254,115,22.33,20.01,0,0,.429,11.91
105,2015,254,130,22.26,19.99,0,0,.427,11.91
105,2015,254,145,22.21,19.97,0,0,.425,11.91
105,2015,254,200,22.15,19.96,0,0,.422,11.91
105,2015,254,215,22.1,19.93,0,0,.42,11.91
105,2015,254,230,22.05,19.81,0,0,.418,11.91
105,2015,254,245,22.01,19.83,0,0,.415,11.91
105,2015,254,300,21.96,19.74,0,0,.413,11.91
105,2015,254,315,21.92,19.77,0,0,.412,11.91
105,2015,254,330,21.88,19.74,0,0,.41,11.91
105,2015,254,345,21.84,19.6,0,0,.409,11.91
105,2015,254,400,21.79,19.54,0,0,.407,11.91
105,2015,254,415,21.73,19.47,0,0,.405,11.91
105,2015,254,430,21.66,19.24,0,0,.402,11.91
105,2015,254,445,21.58,19.13,0,0,.402,11.91
105,2015,254,500,21.48,18.79,0,0,.399,11.9
105,2015,254,515,21.33,18.64,0,0,.399,11.9
105,2015,254,530,21.18,18.58,0,0,.398,11.9
105,2015,254,545,21.06,18.69,0,0,.396,11.89
105,2015,254,600,20.98,18.75,0,0,.394,11.89
105,2015,254,615,20.93,18.74,0,0,.394,11.88
105,2015,254,630,20.88,18.71,0,0,.392,11.88
105,2015,254,645,20.83,18.68,0,0,.391,11.88
105,2015,254,700,20.8,18.68,0,0,.389,11.88
105,2015,254,715,20.77,18.72,0,0,.388,11.87
105,2015,254,730,20.75,18.83,0,0,.386,11.87
105,2015,254,745,20.74,19.05,0,0,.385,11.87
105,2015,254,800,20.77,20.13,0,0,.384,11.88
105,2015,254,815,20.87,20.55,0,0,.383,11.88
105,2015,254,830,21.05,21.58,0,0,.381,11.89
105,2015,254,845,21.34,22.05,0,0,.379,11.89
105,2015,254,900,21.65,22.19,0,0,.378,11.89
105,2015,254,915,21.98,23.44,0,0,.376,11.91
105,2015,254,930,22.37,24.18,0,0,.375,11.93
105,2015,254,945,22.78,24.78,0,0,.373,11.93
105,2015,254,1000,23.21,25.62,0,0,.372,11.95
105,2015,254,1015,23.68,26.19,0,0,.371,11.96
105,2015,254,1030,24.18,26.67,0,0,.369,11.96
105,2015,254,1045,24.68,27.44,0,0,.368,11.97
105,2015,254,1100,25.17,27.68,0,0,.367,11.97
105,2015,254,1115,25.64,27.83,0,0,.365,11.98
105,2015,254,1130,26.12,28.31,0,0,.365,11.98
105,2015,254,1145,26.58,29.11,0,0,.363,11.99
105,2015,254,1200,27.06,29.33,0,0,.362,11.99
105,2015,254,1215,27.52,29.48,0,0,.36,11.99
105,2015,254,1230,27.95,29.71,0,0,.358,11.99
105,2015,254,1245,28.39,30.54,0,0,.358,12
105,2015,254,1300,28.82,30.55,0,0,.357,12
105,2015,254,1315,29.22,31.78,0,0,.356,12.01
105,2015,254,1330,29.59,30.67,0,0,.355,12.01
105,2015,254,1345,29.94,31.37,0,0,.355,12.01
105,2015,254,1400,30.24,31.51,0,0,.354,12.01
105,2015,254,1415,30.48,31.36,0,0,.353,12.01
105,2015,254,1430,30.68,32.32,0,0,.351,12.02
105,2015,254,1445,30.89,31.2,0,0,.35,12.02
105,2015,254,1500,31.07,31.81,0,0,.348,12.02
105,2015,254,1515,31.23,29.81,0,0,.347,12.02
105,2015,254,1530,31.29,28.57,0,0,.347,12.01
105,2015,254,1545,31.19,28.64,0,0,.345,12
105,2015,254,1600,31.03,27.74,0,0,.345,12
105,2015,254,1615,30.77,27.24,0,0,.345,12
105,2015,254,1630,30.43,26.72,0,0,.345,11.99
105,2015,254,1645,30.06,26.24,0,0,.345,11.99
105,2015,254,1700,29.67,26.04,0,0,.345,11.98
105,2015,254,1715,29.31,25.72,0,0,.345,11.98
105,2015,254,1730,28.97,25.49,0,0,.345,11.98
105,2015,254,1745,28.65,25.28,0,0,.345,11.97
105,2015,254,1800,28.35,25.1,0,0,.344,11.97
105,2015,254,1815,28.06,24.81,0,0,.343,11.97
105,2015,254,1830,27.77,24.51,0,0,.343,11.97
105,2015,254,1845,27.46,23.83,0,0,.343,11.97
105,2015,254,1900,27.13,23.44,0,0,.342,11.97
105,2015,254,1915,26.79,23.13,0,0,.342,11.97
105,2015,254,1930,26.43,22.64,0,0,.341,11.97
105,2015,254,1945,26.06,21.97,0,0,.341,11.96
105,2015,254,2000,25.62,21.76,0,0,.341,11.96
105,2015,254,2015,25.22,21.52,0,0,.341,11.96
105,2015,254,2030,24.86,21.12,0,0,.34,11.96
105,2015,254,2045,24.52,20.94,0,0,.339,11.95
105,2015,254,2100,24.24,20.85,0,0,.339,11.95
105,2015,254,2115,23.98,20.46,0,0,.339,11.95
105,2015,254,2130,23.67,20.42,0,0,.338,11.94
105,2015,254,2145,23.39,20.4,0,0,.337,11.94
105,2015,254,2200,23.15,20.23,0,0,.337,11.94
105,2015,254,2215,22.92,19.96,0,0,.336,11.93
105,2015,254,2230,22.68,19.79,0,0,.336,11.93
105,2015,254,2245,22.44,19.59,0,0,.336,11.93
105,2015,254,2300,22.22,19.47,0,0,.334,11.92
105,2015,254,2315,22.02,19.2,0,0,.334,11.92
105,2015,254,2330,21.82,19.36,0,0,.334,11.92
105,2015,254,2345,21.65,19.07,0,0,.334,11.91
105,2015,255,0,21.49,19.06,0,0,.332,11.9
105,2015,255,15,21.32,18.78,0,0,.332,11.91
105,2015,255,30,21.17,18.88,0,0,.332,11.9
105,2015,255,45,21.05,18.88,0,0,.331,11.9
105,2015,255,100,20.92,18.72,0,0,.331,11.9
105,2015,255,115,20.8,18.64,0,0,.33,11.9
105,2015,255,130,20.68,18.68,0,0,.329,11.9
105,2015,255,145,20.58,18.51,0,0,.329,11.89
105,2015,255,200,20.46,18.33,0,0,.329,11.89
105,2015,255,215,20.34,18.57,0,0,.328,11.89
105,2015,255,230,20.25,18.35,0,0,.327,11.89
105,2015,255,245,20.15,17.85,0,0,.327,11.88
105,2015,255,300,20.01,17.91,0,0,.327,11.88
105,2015,255,315,19.86,17.93,0,0,.327,11.88
105,2015,255,330,19.73,17.92,0,0,.327,11.88
105,2015,255,345,19.64,17.71,0,0,.326,11.88
105,2015,255,400,19.53,17.58,0,0,.325,11.87
105,2015,255,415,19.45,18.09,0,0,.325,11.87
105,2015,255,430,19.41,17.74,0,0,.325,11.87
105,2015,255,445,19.34,17.71,0,0,.324,11.87
105,2015,255,500,19.28,17.9,0,0,.324,11.88
105,2015,255,515,19.21,17.84,0,0,.324,11.88
105,2015,255,530,19.17,18.04,0,0,.324,11.88
105,2015,255,545,19.17,18.11,0,0,.333,11.88
105,2015,255,600,19.2,17.95,0,0,.37,11.88
105,2015,255,615,19.2,17.82,0,0,.435,11.87
105,2015,255,630,19.2,17.87,0,0,.49,11.87
105,2015,255,645,19.21,18.13,0,0,.535,11.87
105,2015,255,700,19.28,18.44,0,0,.569,11.87
105,2015,255,715,19.39,18.67,0,0,.58,11.87
105,2015,255,730,19.52,18.8,0,0,.58,11.88
105,2015,255,745,19.68,19.05,0,0,.579,11.87
105,2015,255,800,19.84,19.28,0,0,.58,11.88
105,2015,255,815,20.03,19.56,0,0,.576,11.88
105,2015,255,830,20.24,19.73,0,0,.567,11.89
105,2015,255,845,20.45,20.17,0,0,.559,11.9
105,2015,255,900,20.67,20.38,0,0,.55,11.91
105,2015,255,915,20.91,21.08,0,0,.541,11.91
105,2015,255,930,21.17,21.26,0,0,.533,11.92
105,2015,255,945,21.45,21.34,0,0,.525,11.92
105,2015,255,1000,21.71,21.96,0,0,.52,11.92
105,2015,255,1015,21.99,22.52,0,0,.514,11.92
105,2015,255,1030,22.28,22.66,0,0,.509,11.92
105,2015,255,1045,22.55,22.78,0,0,.504,11.92
105,2015,255,1100,22.78,22.36,0,0,.498,11.91
105,2015,255,1115,22.95,22.31,0,0,.492,11.91
105,2015,255,1130,23.09,22.77,0,0,.487,11.91
105,2015,255,1145,23.29,23.46,0,0,.483,11.92
105,2015,255,1200,23.53,23.54,0,0,.478,11.93
105,2015,255,1215,23.78,23.65,0,0,.472,11.94
105,2015,255,1230,24.01,23.96,0,0,.468,11.94
105,2015,255,1245,24.25,24.39,0,0,.464,11.94
105,2015,255,1300,24.51,24.69,0,0,.462,11.95
105,2015,255,1315,24.76,23.92,0,0,.461,11.94
105,2015,255,1330,24.88,24.21,0,0,.461,11.95
105,2015,255,1345,24.99,24.79,0,0,.461,11.96
105,2015,255,1400,25.13,24.14,0,0,.468,11.96
105,2015,255,1415,25.21,24.49,0,0,.493,11.95
105,2015,255,1430,25.32,24.52,0,0,.54,11.96
105,2015,255,1445,25.45,25.05,0,0,.613,11.96
105,2015,255,1500,25.6,24.37,0,0,.707,11.96
105,2015,255,1515,25.65,23.8,0,0,.821,11.96
105,2015,255,1530,25.5,23.74,0,0,.938,11.96
105,2015,255,1545,25.35,31.21,0,0,1.034,11.96
105,2015,255,1600,25.3,31.32,0,0,1.109,11.96
105,2015,255,1615,25.26,30.29,0,0,1.172,11.96
105,2015,255,1630,25.25,24.89,0,0,1.199,11.96
105,2015,255,1645,25.23,24.55,0,0,1.217,11.97
105,2015,255,1700,25.21,23.93,0,0,1.231,11.97
105,2015,255,1715,25.17,23.9,0,0,1.255,11.97
105,2015,255,1730,25.12,23.92,0,0,1.28,11.97
105,2015,255,1745,25.06,23.44,0,0,1.263,11.96
105,2015,255,1800,24.98,23.61,0,0,1.213,11.96
105,2015,255,1815,24.88,23.51,0,0,1.158,11.97
105,2015,255,1830,24.78,23.62,0,0,1.11,11.96
105,2015,255,1845,24.66,23.26,0,0,1.072,11.97
105,2015,255,1900,24.54,22.84,0,0,1.043,11.96
105,2015,255,1915,24.41,22.53,0,0,1.013,11.96
105,2015,255,1930,24.27,22.45,0,0,.979,11.95
105,2015,255,1945,24.1,22.28,0,0,.942,11.95
105,2015,255,2000,23.91,22.03,0,0,.899,11.95
105,2015,255,2015,23.7,21.85,0,0,.854,11.94
105,2015,255,2030,23.48,21.74,0,0,.81,11.94
105,2015,255,2045,23.25,21.62,0,0,.774,11.94
105,2015,255,2100,23.03,21.37,0,0,.744,11.94
105,2015,255,2115,22.81,21.23,0,0,.715,11.95
105,2015,255,2130,22.6,21.19,0,0,.692,11.94
105,2015,255,2145,22.39,21.07,0,0,.672,11.94
105,2015,255,2200,22.19,20.84,0,0,.651,11.94
105,2015,255,2215,21.99,20.67,0,0,.631,11.94
105,2015,255,2230,21.8,20.76,0,0,.614,11.94
105,2015,255,2245,21.61,20.66,0,0,.598,11.93
105,2015,255,2300,21.43,20.39,0,0,.584,11.93
105,2015,255,2315,21.25,20.31,0,0,.57,11.93
105,2015,255,2330,21.08,20.09,0,0,.559,11.92
105,2015,255,2345,20.9,20.04,0,0,.549,11.92
105,2015,256,0,20.72,19.83,0,0,.54,11.91
105,2015,256,15,20.54,19.6,0,0,.531,11.91
105,2015,256,30,20.36,19.47,0,0,.523,11.9
105,2015,256,45,20.17,19.35,0,0,.516,11.89
105,2015,256,100,19.99,19.15,0,0,.51,11.89
105,2015,256,115,19.82,19.06,0,0,.503,11.88
105,2015,256,130,19.64,19.16,0,0,.497,11.89
105,2015,256,145,19.49,19.17,0,0,.491,11.89
105,2015,256,200,19.37,19.01,0,0,.486,11.89
105,2015,256,215,19.27,18.63,0,0,.483,11.88
105,2015,256,230,19.17,18.23,0,0,.477,11.88
105,2015,256,245,19.05,17.76,0,0,.475,11.87
105,2015,256,300,18.88,17.45,0,0,.471,11.86
105,2015,256,315,18.69,17.27,0,0,.467,11.86
105,2015,256,330,18.47,16.99,0,0,.464,11.86
105,2015,256,345,18.23,16.71,0,0,.461,11.85
105,2015,256,400,17.99,16.43,0,0,.458,11.85
105,2015,256,415,17.74,16.42,0,0,.455,11.84
105,2015,256,430,17.5,16.21,0,0,.454,11.84
105,2015,256,445,17.26,16.16,0,0,.452,11.84
105,2015,256,500,17.04,16.12,0,0,.449,11.84
105,2015,256,515,16.85,16.11,0,0,.447,11.83
105,2015,256,530,16.69,16.06,0,0,.446,11.83
105,2015,256,545,16.54,16.03,0,0,.447,11.82
105,2015,256,600,16.41,16.12,0,0,.445,11.8
105,2015,256,615,16.3,16.23,0,0,.445,11.81
105,2015,256,630,16.23,16.19,0,0,.443,11.82
105,2015,256,645,16.16,16.1,0,0,.441,11.82
105,2015,256,700,16.09,16.13,0,0,.44,11.82
105,2015,256,715,16.02,16.22,0,0,.438,11.82
105,2015,256,730,15.97,16.21,0,0,.437,11.82
105,2015,256,745,15.93,16.13,0,0,.434,11.82
105,2015,256,800,15.89,16.28,0,0,.432,11.82
105,2015,256,815,15.87,16.72,0,0,.431,11.82
105,2015,256,830,15.88,17.79,0,0,.43,11.83
105,2015,256,845,15.98,19.29,0,0,.427,11.83
105,2015,256,900,16.22,19.8,0,0,.425,11.83
105,2015,256,915,16.6,20.84,0,0,.422,11.86
105,2015,256,930,17.12,21.38,0,0,.42,11.87
105,2015,256,945,17.73,21.87,0,0,.419,11.87
105,2015,256,1000,18.37,21.97,0,0,.416,11.87
105,2015,256,1015,18.98,22.57,0,0,.414,11.88
105,2015,256,1030,19.59,22.54,0,0,.412,11.88
105,2015,256,1045,20.14,21.69,0,0,.411,11.87
105,2015,256,1100,20.56,21.46,0,0,.409,11.86
105,2015,256,1115,20.87,21.33,0,0,.407,11.88
105,2015,256,1130,21.11,21.79,0,0,.405,11.89
105,2015,256,1145,21.33,22.83,0,0,.403,11.89
105,2015,256,1200,21.62,23.31,0,0,.4,11.9
105,2015,256,1215,21.97,24.9,0,0,.398,11.92
105,2015,256,1230,22.44,24.08,0,0,.397,11.92
105,2015,256,1245,22.89,23.83,0,0,.395,11.93
105,2015,256,1300,23.25,23.78,0,0,.394,11.93
105,2015,256,1315,23.56,22.9,0,0,.393,11.92
105,2015,256,1330,23.75,22.77,0,0,.392,11.91
105,2015,256,1345,23.85,23.51,0,0,.39,11.91
105,2015,256,1400,23.95,23.87,0,0,.389,11.91
105,2015,256,1415,24.08,23.79,0,0,.387,11.92
105,2015,256,1430,24.23,23.88,0,0,.385,11.92
105,2015,256,1445,24.38,22.58,0,0,.384,11.93
105,2015,256,1500,24.45,22.53,0,0,.383,11.93
105,2015,256,1515,24.46,22.84,0,0,.382,11.93
105,2015,256,1530,24.45,22.99,0,0,.38,11.91
105,2015,256,1545,24.42,22.32,0,0,.379,11.9
105,2015,256,1600,24.37,21.23,0,0,.378,11.89
105,2015,256,1615,24.22,20.74,0,0,.378,11.88
105,2015,256,1630,23.94,20.42,0,0,.377,11.87
105,2015,256,1645,23.59,20.5,0,0,.376,11.87
105,2015,256,1700,23.24,20.33,0,0,.375,11.86
105,2015,256,1715,22.91,20.01,0,0,.374,11.87
105,2015,256,1730,22.58,19.58,0,0,.374,11.86
105,2015,256,1745,22.24,19.41,0,0,.373,11.86
105,2015,256,1800,21.87,19.18,0,0,.372,11.86
105,2015,256,1815,21.49,19.06,0,0,.372,11.84
105,2015,256,1830,21.12,18.64,0,0,.371,11.84
105,2015,256,1845,20.75,18.25,0,0,.369,11.85
105,2015,256,1900,20.39,18.02,0,0,.369,11.84
105,2015,256,1915,20.01,17.69,0,0,.368,11.84
105,2015,256,1930,19.63,17.22,0,0,.367,11.82
105,2015,256,1945,19.25,16.89,0,0,.367,11.82
105,2015,256,2000,18.87,16.63,0,0,.366,11.81
105,2015,256,2015,18.5,16.22,0,0,.365,11.81
105,2015,256,2030,18.13,16.05,0,0,.365,11.8
105,2015,256,2045,17.76,15.92,0,0,.364,11.8
105,2015,256,2100,17.41,15.62,0,0,.363,11.79
105,2015,256,2115,17.06,15.57,0,0,.363,11.78
105,2015,256,2130,16.73,15.41,0,0,.362,11.77
105,2015,256,2145,16.4,15.03,0,0,.362,11.77
105,2015,256,2200,16.1,15.13,0,0,.361,11.76
105,2015,256,2215,15.83,15.04,0,0,.36,11.76
105,2015,256,2230,15.57,14.78,0,0,.359,11.77
105,2015,256,2245,15.31,14.75,0,0,.359,11.77
105,2015,256,2300,15.05,14.55,0,0,.358,11.76
105,2015,256,2315,14.8,14.44,0,0,.358,11.75
105,2015,256,2330,14.55,14.07,0,0,.357,11.74
105,2015,256,2345,14.31,13.56,0,0,.358,11.74
105,2015,257,0,14.06,13.31,0,0,.357,11.73
105,2015,257,15,13.82,13.2,0,0,.356,11.72
105,2015,257,30,13.58,13.18,0,0,.356,11.7
105,2015,257,45,13.35,13.22,0,0,.355,11.7
105,2015,257,100,13.14,12.79,0,0,.354,11.71
105,2015,257,115,12.94,12.31,0,0,.355,11.71
105,2015,257,130,12.73,12.08,0,0,.355,11.71
105,2015,257,145,12.52,11.96,0,0,.354,11.71
105,2015,257,200,12.32,11.88,0,0,.353,11.7
105,2015,257,215,12.12,12.28,0,0,.353,11.66
105,2015,257,230,11.95,12.13,0,0,.351,11.63
105,2015,257,245,11.8,11.7,0,0,.351,11.63
105,2015,257,300,11.65,11.03,0,0,.351,11.65
105,2015,257,315,11.49,11.04,0,0,.35,11.64
105,2015,257,330,11.32,10.89,0,0,.349,11.65
105,2015,257,345,11.14,10.78,0,0,.349,11.64
105,2015,257,400,10.97,10.8,0,0,.348,11.63
105,2015,257,415,10.81,10.92,0,0,.348,11.61
105,2015,257,430,10.67,10.92,0,0,.348,11.61
105,2015,257,445,10.54,10.66,0,0,.347,11.61
105,2015,257,500,10.42,10.5,0,0,.346,11.6
105,2015,257,515,10.31,10.6,0,0,.346,11.6
105,2015,257,530,10.2,10.81,0,0,.346,11.6
105,2015,257,545,10.1,10.84,0,0,.346,11.59
105,2015,257,600,10.02,10.93,0,0,.345,11.6
105,2015,257,615,9.95,10.82,0,0,.344,11.59
105,2015,257,630,9.9,10.81,0,0,.344,11.58
105,2015,257,645,9.85,10.61,0,0,.344,11.59
105,2015,257,700,9.81,10.73,0,0,.342,11.58
105,2015,257,715,9.75,11.01,0,0,.342,11.57
105,2015,257,730,9.72,12.49,0,0,.341,11.6
105,2015,257,745,9.77,14.28,0,0,.341,11.65
105,2015,257,800,10,15.7,0,0,.339,11.71
105,2015,257,815,10.41,16.64,0,0,.338,11.75
105,2015,257,830,10.97,18.29,0,0,.338,11.78
105,2015,257,845,11.65,19.08,0,0,.337,11.8
105,2015,257,900,12.44,20.2,0,0,.336,11.83
105,2015,257,915,13.31,21.07,0,0,.336,11.87
105,2015,257,930,14.26,21.69,0,0,.334,11.89
105,2015,257,945,15.24,22.1,0,0,.333,11.9
105,2015,257,1000,16.22,22.41,0,0,.332,11.91
105,2015,257,1015,17.18,23.15,0,0,.331,11.92
105,2015,257,1030,18.11,23.96,0,0,.33,11.93
105,2015,257,1045,19,23.93,0,0,.328,11.93
105,2015,257,1100,19.85,25.17,0,0,.327,11.94
105,2015,257,1115,20.68,25.15,0,0,.327,11.95
105,2015,257,1130,21.46,24.87,0,0,.327,11.95
105,2015,257,1145,22.13,25.37,0,0,.326,11.95
105,2015,257,1200,22.65,26.1,0,0,.325,11.95
105,2015,257,1215,23.21,26.01,0,0,.324,11.95
105,2015,257,1230,23.77,26.26,0,0,.323,11.96
105,2015,257,1245,24.28,26.23,0,0,.323,11.96
105,2015,257,1300,24.77,26.53,0,0,.322,11.96
105,2015,257,1315,25.21,26.78,0,0,.321,11.96
105,2015,257,1330,25.63,27.29,0,0,.32,11.97
105,2015,257,1345,26.05,27.59,0,0,.32,11.97
105,2015,257,1400,26.43,27.49,0,0,.32,11.98
105,2015,257,1415,26.75,27.19,0,0,.318,11.98
105,2015,257,1430,27.01,27.64,0,0,.317,11.98
105,2015,257,1445,27.26,27.04,0,0,.316,11.98
105,2015,257,1500,27.43,26.39,0,0,.314,11.98
105,2015,257,1515,27.5,25.32,0,0,.315,11.97
105,2015,257,1530,27.45,24.26,0,0,.315,11.96
105,2015,257,1545,27.27,23.8,0,0,.313,11.95
105,2015,257,1600,27.02,23.24,0,0,.313,11.94
105,2015,257,1615,26.68,22.92,0,0,.313,11.94
105,2015,257,1630,26.31,22.81,0,0,.313,11.93
105,2015,257,1645,25.95,22.25,0,0,.313,11.93
105,2015,257,1700,25.6,22.19,0,0,.313,11.93
105,2015,257,1715,25.28,21.93,0,0,.313,11.92
105,2015,257,1730,24.98,21.73,0,0,.313,11.92
105,2015,257,1745,24.69,21.4,0,0,.313,11.91
105,2015,257,1800,24.4,21.04,0,0,.313,11.91
105,2015,257,1815,24.09,20.94,0,0,.313,11.9
105,2015,257,1830,23.81,20.59,0,0,.313,11.91
105,2015,257,1845,23.51,20.02,0,0,.313,11.9
105,2015,257,1900,23.18,19.45,0,0,.313,11.89
105,2015,257,1915,22.81,19.11,0,0,.313,11.89
105,2015,257,1930,22.42,18.6,0,0,.313,11.88
105,2015,257,1945,22.03,18.07,0,0,.313,11.87
105,2015,257,2000,21.59,17.66,0,0,.313,11.86
105,2015,257,2015,21.15,16.83,0,0,.313,11.84
105,2015,257,2030,20.74,16.46,0,0,.313,11.83
105,2015,257,2045,20.32,16.47,0,0,.313,11.81
105,2015,257,2100,19.9,16.18,0,0,.313,11.81
105,2015,257,2115,19.51,15.92,0,0,.313,11.81
105,2015,257,2130,19.12,15.66,0,0,.313,11.8
105,2015,257,2145,18.73,15.44,0,0,.312,11.8
105,2015,257,2200,18.39,15.25,0,0,.312,11.8
105,2015,257,2215,18.09,15.15,0,0,.312,11.8
105,2015,257,2230,17.84,15.12,0,0,.312,11.79
105,2015,257,2245,17.64,14.9,0,0,.311,11.79
105,2015,257,2300,17.46,14.71,0,0,.31,11.79
105,2015,257,2315,17.28,14.3,0,0,.31,11.78
105,2015,257,2330,17.03,14.13,0,0,.31,11.77
105,2015,257,2345,16.79,14.15,0,0,.31,11.77
105,2015,258,0,16.58,13.89,0,0,.31,11.77
105,2015,258,15,16.38,14.01,0,0,.31,11.77
105,2015,258,30,16.21,14.09,0,0,.31,11.77
105,2015,258,45,16.08,13.83,0,0,.31,11.77
105,2015,258,100,15.93,13.84,0,0,.309,11.76
105,2015,258,115,15.85,14.3,0,0,.308,11.75
105,2015,258,130,15.83,13.71,0,0,.309,11.75
105,2015,258,145,15.74,14.06,0,0,.309,11.76
105,2015,258,200,15.67,14.09,0,0,.309,11.75
105,2015,258,215,15.62,13.85,0,0,.309,11.75
105,2015,258,230,15.58,13.95,0,0,.308,11.74
105,2015,258,245,15.58,14.25,0,0,.307,11.75
105,2015,258,300,15.57,13.76,0,0,.307,11.75
105,2015,258,315,15.48,13.1,0,0,.307,11.75
105,2015,258,330,15.33,13.05,0,0,.307,11.74
105,2015,258,345,15.15,13.1,0,0,.307,11.73
105,2015,258,400,15.02,13.43,0,0,.306,11.72
105,2015,258,415,14.94,13.02,0,0,.306,11.72
105,2015,258,430,14.86,13.46,0,0,.306,11.71
105,2015,258,445,14.85,13.58,0,0,.305,11.71
105,2015,258,500,14.86,13.46,0,0,.305,11.71
105,2015,258,515,14.83,13.16,0,0,.305,11.72
105,2015,258,530,14.77,13.54,0,0,.305,11.72
105,2015,258,545,14.76,13.26,0,0,.305,11.72
105,2015,258,600,14.74,13.23,0,0,.304,11.71
105,2015,258,615,14.74,13.29,0,0,.304,11.7
105,2015,258,630,14.74,13.18,0,0,.303,11.69
105,2015,258,645,14.71,13.02,0,0,.304,11.69
105,2015,258,700,14.62,12.49,0,0,.304,11.7
105,2015,258,715,14.47,12.4,0,0,.304,11.7
105,2015,258,730,14.34,13.87,0,0,.303,11.71
105,2015,258,745,14.39,15.82,0,0,.302,11.74
105,2015,258,800,14.66,17.35,0,0,.3,11.76
105,2015,258,815,15.09,18.79,0,0,.3,11.8
105,2015,258,830,15.65,19.29,0,0,.299,11.83
105,2015,258,845,16.32,21.01,0,0,.299,11.85
105,2015,258,900,17.06,21.89,0,0,.297,11.88
105,2015,258,915,17.86,22.78,0,0,.297,11.91
105,2015,258,930,18.69,23.49,0,0,.296,11.93
105,2015,258,945,19.55,24.94,0,0,.295,11.95
105,2015,258,1000,20.43,25.83,0,0,.294,11.96
105,2015,258,1015,21.32,26.42,0,0,.293,11.97
105,2015,258,1030,22.17,27.94,0,0,.292,11.98
105,2015,258,1045,23.04,28.9,0,0,.291,11.99
105,2015,258,1100,23.86,30,0,0,.29,12
105,2015,258,1115,24.66,30.18,0,0,.289,12
105,2015,258,1130,25.43,30.45,0,0,.288,12.01
105,2015,258,1145,26.12,30.16,0,0,.288,12.01
105,2015,258,1200,26.72,30.09,0,0,.287,12.01
105,2015,258,1215,27.29,31.21,0,0,.286,12.01
105,2015,258,1230,27.85,31.01,0,0,.285,12.01
105,2015,258,1245,28.36,31.14,0,0,.285,12.01
105,2015,258,1300,28.82,31.31,0,0,.284,12.01
105,2015,258,1315,29.21,31.28,0,0,.283,12.01
105,2015,258,1330,29.55,31.25,0,0,.283,12.01
105,2015,258,1345,29.84,30.96,0,0,.282,12.01
105,2015,258,1400,30.06,30.45,0,0,.282,12.01
105,2015,258,1415,30.21,30.65,0,0,.28,12
105,2015,258,1430,30.32,30.53,0,0,.28,12.01
105,2015,258,1445,30.38,30.28,0,0,.279,12.01
105,2015,258,1500,30.37,28.99,0,0,.278,12
105,2015,258,1515,30.3,27.25,0,0,.278,11.99
105,2015,258,1530,30.14,26.66,0,0,.278,11.98
105,2015,258,1545,29.84,26.1,0,0,.277,11.98
105,2015,258,1600,29.49,25.66,0,0,.277,11.97
105,2015,258,1615,29.1,25.21,0,0,.277,11.97
105,2015,258,1630,28.69,24.8,0,0,.277,11.96
105,2015,258,1645,28.26,24.41,0,0,.277,11.96
105,2015,258,1700,27.86,24.34,0,0,.277,11.96
105,2015,258,1715,27.48,23.98,0,0,.277,11.96
105,2015,258,1730,27.11,23.56,0,0,.277,11.95
105,2015,258,1745,26.77,23.1,0,0,.277,11.95
105,2015,258,1800,26.41,22.89,0,0,.277,11.95
105,2015,258,1815,26.06,22.41,0,0,.277,11.95
105,2015,258,1830,25.71,22.17,0,0,.277,11.95
105,2015,258,1845,25.36,21.82,0,0,.277,11.94
105,2015,258,1900,25,21.32,0,0,.277,11.93
105,2015,258,1915,24.62,20.37,0,0,.276,11.92
105,2015,258,1930,24.15,20.08,0,0,.277,11.92
105,2015,258,1945,23.64,19.1,0,0,.277,11.91
105,2015,258,2000,23.11,19.01,0,0,.277,11.9
105,2015,258,2015,22.58,18.45,0,0,.277,11.9
105,2015,258,2030,22.03,17.97,0,0,.277,11.89
105,2015,258,2045,21.5,17.83,0,0,.277,11.88
105,2015,258,2100,21.04,17.63,0,0,.276,11.87
105,2015,258,2115,20.62,17.2,0,0,.277,11.87
105,2015,258,2130,20.22,16.92,0,0,.276,11.86
105,2015,258,2145,19.85,16.77,0,0,.277,11.85
105,2015,258,2200,19.49,16.55,0,0,.277,11.85
105,2015,258,2215,19.14,16.06,0,0,.277,11.84
105,2015,258,2230,18.82,15.7,0,0,.277,11.83
105,2015,258,2245,18.51,15.98,0,0,.277,11.82
105,2015,258,2300,18.26,15.69,0,0,.277,11.82
105,2015,258,2315,18.03,15.38,0,0,.277,11.82
105,2015,258,2330,17.81,15.22,0,0,.277,11.82
105,2015,258,2345,17.58,14.99,0,0,.277,11.81
105,2015,259,0,17.38,14.74,0,0,.277,11.81
105,2015,259,15,17.18,14.49,0,0,.277,11.8
105,2015,259,30,17.05,14.78,0,0,.277,11.79
105,2015,259,45,16.97,14.66,0,0,.277,11.79
105,2015,259,100,16.85,14.52,0,0,.277,11.8
105,2015,259,115,16.71,14.3,0,0,.277,11.79
105,2015,259,130,16.54,13.87,0,0,.277,11.79
105,2015,259,145,16.34,13.55,0,0,.277,11.78
105,2015,259,200,16.15,13.6,0,0,.277,11.77
105,2015,259,215,15.99,13.66,0,0,.276,11.76
105,2015,259,230,15.83,13.31,0,0,.277,11.76
105,2015,259,245,15.66,13.15,0,0,.276,11.75
105,2015,259,300,15.48,13.12,0,0,.276,11.75
105,2015,259,315,15.32,12.99,0,0,.276,11.75
105,2015,259,330,15.16,13.17,0,0,.276,11.75
105,2015,259,345,15.03,13.2,0,0,.276,11.75
105,2015,259,400,14.94,13.44,0,0,.276,11.76
105,2015,259,415,14.85,13.06,0,0,.276,11.76
105,2015,259,430,14.75,13.01,0,0,.276,11.76
105,2015,259,445,14.64,12.9,0,0,.275,11.76
105,2015,259,500,14.53,13.02,0,0,.275,11.76
105,2015,259,515,14.47,13.18,0,0,.274,11.74
105,2015,259,530,14.43,12.42,0,0,.274,11.74
105,2015,259,545,14.33,12.38,0,0,.274,11.73
105,2015,259,600,14.2,12.49,0,0,.274,11.73
105,2015,259,615,14.11,12.52,0,0,.274,11.72
105,2015,259,630,14.04,12.88,0,0,.273,11.72
105,2015,259,645,14,12.56,0,0,.273,11.73
105,2015,259,700,13.95,12.58,0,0,.272,11.72
105,2015,259,715,13.92,12.82,0,0,.272,11.72
105,2015,259,730,13.92,14.55,0,0,.272,11.73
105,2015,259,745,14.08,16.53,0,0,.271,11.76
105,2015,259,800,14.48,17.53,0,0,.27,11.79
105,2015,259,815,15.05,19.04,0,0,.269,11.82
105,2015,259,830,15.74,20.83,0,0,.269,11.85
105,2015,259,845,16.5,21.58,0,0,.267,11.87
105,2015,259,900,17.34,22.24,0,0,.267,11.9
105,2015,259,915,18.25,22.86,0,0,.266,11.92
105,2015,259,930,19.19,24.13,0,0,.264,11.94
105,2015,259,945,20.16,24.74,0,0,.265,11.96
105,2015,259,1000,21.14,26,0,0,.264,11.97
105,2015,259,1015,22.09,27.65,0,0,.263,11.98
105,2015,259,1030,23.03,29.49,0,0,.262,11.99
105,2015,259,1045,23.91,30.06,0,0,.261,12
105,2015,259,1100,24.77,30.44,0,0,.259,12
105,2015,259,1115,25.6,31.51,0,0,.259,12.01
105,2015,259,1130,26.41,31.66,0,0,.258,12.01
105,2015,259,1145,27.16,32.39,0,0,.258,12.01
105,2015,259,1200,27.87,32.55,0,0,.257,12.02
105,2015,259,1215,28.55,33.01,0,0,.257,12.02
105,2015,259,1230,29.17,32.61,0,0,.257,12.03
105,2015,259,1245,29.71,32.74,0,0,.256,12.03
105,2015,259,1300,30.19,32.82,0,0,.255,12.03
105,2015,259,1315,30.59,32.51,0,0,.254,12.03
105,2015,259,1330,30.92,32.18,0,0,.254,12.02
105,2015,259,1345,31.18,31.79,0,0,.254,12.02
105,2015,259,1400,31.36,31.55,0,0,.253,12.01
105,2015,259,1415,31.47,31.73,0,0,.252,12.01
105,2015,259,1430,31.56,31.8,0,0,.251,12.01
105,2015,259,1445,31.61,31.13,0,0,.251,12.01
105,2015,259,1500,31.59,30.96,0,0,.25,12.01
105,2015,259,1515,31.54,29.91,0,0,.249,12.01
105,2015,259,1530,31.47,27.92,0,0,.249,12
105,2015,259,1545,31.2,27.47,0,0,.249,11.99
105,2015,259,1600,30.82,26.75,0,0,.249,11.98
105,2015,259,1615,30.38,26.29,0,0,.249,11.97
105,2015,259,1630,29.92,25.97,0,0,.249,11.97
105,2015,259,1645,29.48,25.71,0,0,.249,11.96
105,2015,259,1700,29.09,25.7,0,0,.249,11.97
105,2015,259,1715,28.77,25.57,0,0,.249,11.97
105,2015,259,1730,28.46,25.16,0,0,.249,11.97
105,2015,259,1745,28.12,24.38,0,0,.249,11.97
105,2015,259,1800,27.72,23.9,0,0,.249,11.96
105,2015,259,1815,27.3,23.61,0,0,.249,11.96
105,2015,259,1830,26.89,23.12,0,0,.249,11.96
105,2015,259,1845,26.47,22.7,0,0,.249,11.96
105,2015,259,1900,26.05,22.19,0,0,.249,11.96
105,2015,259,1915,25.65,21.72,0,0,.249,11.96
105,2015,259,1930,25.28,21.14,0,0,.249,11.95
105,2015,259,1945,24.92,20.64,0,0,.249,11.94
105,2015,259,2000,24.58,20.35,0,0,.249,11.92
105,2015,259,2015,24.27,20.17,0,0,.249,11.91
105,2015,259,2030,23.97,20,0,0,.248,11.9
105,2015,259,2045,23.65,19.75,0,0,.248,11.9
105,2015,259,2100,23.35,19.5,0,0,.248,11.89
105,2015,259,2115,23.07,19.31,0,0,.248,11.89
105,2015,259,2130,22.8,19.14,0,0,.248,11.88
105,2015,259,2145,22.54,18.87,0,0,.248,11.87
105,2015,259,2200,22.27,18.69,0,0,.248,11.87
105,2015,259,2215,21.98,18.5,0,0,.248,11.87
105,2015,259,2230,21.72,18.32,0,0,.248,11.86
105,2015,259,2245,21.49,18.16,0,0,.248,11.86
105,2015,259,2300,21.27,18.26,0,0,.248,11.86
105,2015,259,2315,21.1,18.19,0,0,.248,11.86
105,2015,259,2330,20.9,18.02,0,0,.248,11.86
105,2015,259,2345,20.67,17.69,0,0,.248,11.86
105,2015,260,0,20.4,17.48,0,0,.248,11.87
105,2015,260,15,20.1,17.37,0,0,.248,11.87
105,2015,260,30,19.79,16.96,0,0,.248,11.87
105,2015,260,45,19.45,16.95,0,0,.248,11.86
105,2015,260,100,19.15,17.02,0,0,.248,11.86
105,2015,260,115,18.91,16.82,0,0,.248,11.86
105,2015,260,130,18.7,16.21,0,0,.248,11.86
105,2015,260,145,18.47,16.16,0,0,.249,11.84
105,2015,260,200,18.25,15.67,0,0,.248,11.84
105,2015,260,215,18.05,16.09,0,0,.248,11.83
105,2015,260,230,17.94,16.37,0,0,.249,11.83
105,2015,260,245,17.86,15.78,0,0,.249,11.84
105,2015,260,300,17.69,15.55,0,0,.249,11.83
105,2015,260,315,17.5,15.6,0,0,.249,11.83
105,2015,260,330,17.35,15.81,0,0,.249,11.82
105,2015,260,345,17.22,14.83,0,0,.249,11.82
105,2015,260,400,17.06,15.29,0,0,.248,11.81
105,2015,260,415,16.91,15.11,0,0,.248,11.81
105,2015,260,430,16.81,14.88,0,0,.248,11.81
105,2015,260,445,16.67,14.17,0,0,.248,11.81
105,2015,260,500,16.48,14.12,0,0,.248,11.8
105,2015,260,515,16.32,14.49,0,0,.248,11.8
105,2015,260,530,16.18,14.18,0,0,.248,11.8
105,2015,260,545,16.01,13.88,0,0,.248,11.8
105,2015,260,600,15.83,14.14,0,0,.248,11.79
105,2015,260,615,15.71,14.22,0,0,.249,11.79
105,2015,260,630,15.62,14.09,0,0,.248,11.78
105,2015,260,645,15.49,14.35,0,0,.248,11.79
105,2015,260,700,15.4,14.11,0,0,.248,11.79
105,2015,260,715,15.32,13.64,0,0,.248,11.78
105,2015,260,730,15.28,14.74,0,0,.247,11.77
105,2015,260,745,15.38,16.53,0,0,.246,11.79
105,2015,260,800,15.68,17.47,0,0,.245,11.81
105,2015,260,815,16.04,17.43,0,0,.245,11.82
105,2015,260,830,16.43,20.08,0,0,.244,11.85
105,2015,260,845,17.01,21.89,0,0,.243,11.88
105,2015,260,900,17.72,22.21,0,0,.242,11.9
105,2015,260,915,18.57,23.08,0,0,.241,11.92
105,2015,260,930,19.5,24.21,0,0,.24,11.94
105,2015,260,945,20.5,25.43,0,0,.239,11.96
105,2015,260,1000,21.53,26.95,0,0,.238,11.97
105,2015,260,1015,22.53,28.94,0,0,.237,11.98
105,2015,260,1030,23.5,30.22,0,0,.236,11.99
105,2015,260,1045,24.44,31.12,0,0,.236,12
105,2015,260,1100,25.34,31.57,0,0,.235,12.01
105,2015,260,1115,26.17,31.71,0,0,.234,12.01
105,2015,260,1130,26.93,32.32,0,0,.234,12.02
105,2015,260,1145,27.64,31.82,0,0,.233,12.02
105,2015,260,1200,28.28,32.8,0,0,.233,12.02
105,2015,260,1215,28.89,31.95,0,0,.231,12.02
105,2015,260,1230,29.42,31.97,0,0,.231,12.02
105,2015,260,1245,29.87,32.35,0,0,.231,12.02
105,2015,260,1300,30.26,32.57,0,0,.23,12.02
105,2015,260,1315,30.62,32.18,0,0,.23,12.02
105,2015,260,1330,30.9,31.91,0,0,.228,12.02
105,2015,260,1345,31.13,31.39,0,0,.227,12.01
105,2015,260,1400,31.32,31.47,0,0,.227,12.01
105,2015,260,1415,31.48,32.24,0,0,.226,12.01
105,2015,260,1430,31.65,31.51,0,0,.226,12.01
105,2015,260,1445,31.76,30.57,0,0,.225,12
105,2015,260,1500,31.77,30.7,0,0,.224,12
105,2015,260,1515,31.73,29.13,0,0,.224,12
105,2015,260,1530,31.59,28,0,0,.224,12
105,2015,260,1545,31.29,27.32,0,0,.224,11.99
105,2015,260,1600,30.89,26.88,0,0,.224,11.98
105,2015,260,1615,30.48,26.61,0,0,.224,11.98
105,2015,260,1630,30.08,26.31,0,0,.224,11.97
105,2015,260,1645,29.71,26.2,0,0,.224,11.97
105,2015,260,1700,29.37,25.74,0,0,.224,11.97
105,2015,260,1715,29.01,25.61,0,0,.224,11.97
105,2015,260,1730,28.67,25.15,0,0,.224,11.97
105,2015,260,1745,28.36,24.96,0,0,.224,11.96
105,2015,260,1800,28.07,24.62,0,0,.224,11.96
105,2015,260,1815,27.74,23.91,0,0,.224,11.96
105,2015,260,1830,27.35,23.62,0,0,.224,11.96
105,2015,260,1845,26.95,23.26,0,0,.224,11.96
105,2015,260,1900,26.54,22.71,0,0,.224,11.96
105,2015,260,1915,26.1,22.41,0,0,.224,11.96
105,2015,260,1930,25.67,21.92,0,0,.224,11.95
105,2015,260,1945,25.24,21.38,0,0,.224,11.95
105,2015,260,2000,24.83,21.01,0,0,.224,11.94
105,2015,260,2015,24.38,20.65,0,0,.224,11.94
105,2015,260,2030,23.9,20.26,0,0,.223,11.93
105,2015,260,2045,23.45,20.01,0,0,.223,11.92
105,2015,260,2100,23.04,19.24,0,0,.223,11.92
105,2015,260,2115,22.59,19.38,0,0,.223,11.91
105,2015,260,2130,22.16,19.1,0,0,.223,11.9
105,2015,260,2145,21.82,18.76,0,0,.224,11.89
105,2015,260,2200,21.5,18.02,0,0,.224,11.88
105,2015,260,2215,21.17,18.3,0,0,.223,11.88
105,2015,260,2230,20.89,18.03,0,0,.224,11.88
105,2015,260,2245,20.67,17.83,0,0,.224,11.88
105,2015,260,2300,20.48,17.6,0,0,.223,11.87
105,2015,260,2315,20.28,17.73,0,0,.223,11.87
105,2015,260,2330,20.04,17.46,0,0,.224,11.87
105,2015,260,2345,19.81,17.32,0,0,.224,11.87
105,2015,261,0,19.59,17.08,0,0,.224,11.87
105,2015,261,15,19.33,16.07,0,0,.224,11.86
105,2015,261,30,19.07,16.75,0,0,.224,11.85
105,2015,261,45,18.89,16.91,0,0,.224,11.85
105,2015,261,100,18.76,16.65,0,0,.224,11.85
105,2015,261,115,18.6,16.55,0,0,.224,11.85
105,2015,261,130,18.42,16.04,0,0,.224,11.85
105,2015,261,145,18.24,16.52,0,0,.224,11.84
105,2015,261,200,18.13,16.32,0,0,.224,11.84
105,2015,261,215,18,15.86,0,0,.224,11.84
105,2015,261,230,17.82,16,0,0,.224,11.84
105,2015,261,245,17.69,16,0,0,.224,11.83
105,2015,261,300,17.6,15.59,0,0,.224,11.83
105,2015,261,315,17.47,15.82,0,0,.224,11.83
105,2015,261,330,17.38,15.9,0,0,.224,11.83
105,2015,261,345,17.29,15.24,0,0,.224,11.83
105,2015,261,400,17.16,15.59,0,0,.225,11.82
105,2015,261,415,17.03,15.24,0,0,.224,11.82
105,2015,261,430,16.89,15.73,0,0,.224,11.82
105,2015,261,445,16.83,15.29,0,0,.224,11.82
105,2015,261,500,16.79,15.58,0,0,.225,11.82
105,2015,261,515,16.74,15.14,0,0,.223,11.81
105,2015,261,530,16.75,15.29,0,0,.223,11.81
105,2015,261,545,16.71,14.88,0,0,.223,11.81
105,2015,261,600,16.67,15.01,0,0,.223,11.81
105,2015,261,615,16.57,14.33,0,0,.224,11.8
105,2015,261,630,16.43,14.53,0,0,.223,11.8
105,2015,261,645,16.27,14.78,0,0,.224,11.8
105,2015,261,700,16.13,14.89,0,0,.223,11.8
105,2015,261,715,16.09,15.08,0,0,.224,11.81
105,2015,261,730,16.15,15.98,0,0,.223,11.8
105,2015,261,745,16.35,17.45,0,0,.222,11.81
105,2015,261,800,16.66,18.4,0,0,.221,11.84
105,2015,261,815,17.1,19.33,0,0,.22,11.85
105,2015,261,830,17.65,20.38,0,0,.22,11.87
105,2015,261,845,18.29,21.77,0,0,.218,11.9
105,2015,261,900,19.04,23.67,0,0,.218,11.92
105,2015,261,915,19.9,24.63,0,0,.217,11.95
105,2015,261,930,20.82,26.22,0,0,.216,11.96
105,2015,261,945,21.77,27.99,0,0,.215,11.97
105,2015,261,1000,22.72,28.04,0,0,.214,11.98
105,2015,261,1015,23.65,29.48,0,0,.213,11.99
105,2015,261,1030,24.53,30.11,0,0,.213,12
105,2015,261,1045,25.38,30.69,0,0,.211,12
105,2015,261,1100,26.18,32.01,0,0,.211,12.01
105,2015,261,1115,26.91,31.16,0,0,.211,12.01
105,2015,261,1130,27.56,31.16,0,0,.21,12.01
105,2015,261,1145,28.17,31.91,0,0,.21,12.01
105,2015,261,1200,28.74,31.8,0,0,.21,12.02
105,2015,261,1215,29.24,30.86,0,0,.209,12.02
105,2015,261,1230,29.62,30.25,0,0,.208,12.01
105,2015,261,1245,29.91,30.89,0,0,.208,12
105,2015,261,1300,30.17,31.04,0,0,.208,12.01
105,2015,261,1315,30.42,31.2,0,0,.207,12.01
105,2015,261,1330,30.64,31.54,0,0,.206,12.01
105,2015,261,1345,30.85,31.45,0,0,.205,12.01
105,2015,261,1400,31.03,31.64,0,0,.205,12.01
105,2015,261,1415,31.19,31.04,0,0,.203,12.01
105,2015,261,1430,31.27,30.99,0,0,.203,12.01
105,2015,261,1445,31.3,30.71,0,0,.202,12.01
105,2015,261,1500,31.32,30.81,0,0,.201,12.01
105,2015,261,1515,31.35,29.63,0,0,.2,12.01
105,2015,261,1530,31.31,28.4,0,0,.2,12
105,2015,261,1545,31.11,27.83,0,0,.2,12
105,2015,261,1600,30.81,27.3,0,0,.2,11.99
105,2015,261,1615,30.47,26.93,0,0,.2,11.99
105,2015,261,1630,30.11,26.51,0,0,.2,11.98
105,2015,261,1645,29.74,26.2,0,0,.2,11.97
105,2015,261,1700,29.18,26.1,0,0,.2,11.97
105,2015,261,1715,28.84,25.73,0,0,.2,11.97
105,2015,261,1730,28.67,25.56,0,0,.2,11.97
105,2015,261,1745,28.46,25.25,0,0,.199,11.97
105,2015,261,1800,28.22,24.87,0,0,.2,11.97
105,2015,261,1815,27.95,24.16,0,0,.2,11.97
105,2015,261,1830,27.6,23.68,0,0,.199,11.97
105,2015,261,1845,27.23,23.13,0,0,.199,11.97
105,2015,261,1900,26.81,22.71,0,0,.199,11.97
105,2015,261,1915,26.34,22.09,0,0,.199,11.96
105,2015,261,1930,25.87,21.67,0,0,.199,11.96
105,2015,261,1945,25.42,21.32,0,0,.199,11.96
105,2015,261,2000,24.97,20.89,0,0,.199,11.95
105,2015,261,2015,24.51,20.53,0,0,.199,11.94
105,2015,261,2030,24.1,20.2,0,0,.199,11.93
105,2015,261,2045,23.76,19.78,0,0,.199,11.92
105,2015,261,2100,23.39,19.27,0,0,.199,11.92
105,2015,261,2115,23.03,19.05,0,0,.199,11.91
105,2015,261,2130,22.67,18.91,0,0,.199,11.9
105,2015,261,2145,22.35,18.73,0,0,.199,11.89
105,2015,261,2200,22.05,18.44,0,0,.199,11.89
105,2015,261,2215,21.76,18.3,0,0,.199,11.89
105,2015,261,2230,21.48,18.22,0,0,.199,11.89
105,2015,261,2245,21.21,18.22,0,0,.199,11.89
105,2015,261,2300,20.96,18.27,0,0,.199,11.88
105,2015,261,2315,20.75,18.32,0,0,.199,11.88
105,2015,261,2330,20.56,17.92,0,0,.199,11.88
105,2015,261,2345,20.35,17.59,0,0,.199,11.87
105,2015,262,0,20.13,17.73,0,0,.199,11.87
105,2015,262,15,19.94,17.94,0,0,.199,11.88
105,2015,262,30,19.84,17.98,0,0,.199,11.88
105,2015,262,45,19.77,17.68,0,0,.199,11.88
105,2015,262,100,19.65,17.54,0,0,.199,11.87
105,2015,262,115,19.52,17.7,0,0,.199,11.88
105,2015,262,130,19.41,17.83,0,0,.199,11.88
105,2015,262,145,19.34,17.53,0,0,.2,11.88
105,2015,262,200,19.24,17.17,0,0,.199,11.88
105,2015,262,215,19.11,17.2,0,0,.199,11.88
105,2015,262,230,18.99,17.31,0,0,.199,11.87
105,2015,262,245,18.9,16.88,0,0,.199,11.86
105,2015,262,300,18.77,17.1,0,0,.2,11.87
105,2015,262,315,18.68,16.58,0,0,.199,11.86
105,2015,262,330,18.56,16.87,0,0,.2,11.86
105,2015,262,345,18.45,16.76,0,0,.199,11.86
105,2015,262,400,18.34,16.67,0,0,.199,11.86
105,2015,262,415,18.27,16.48,0,0,.2,11.86
105,2015,262,430,18.2,16.62,0,0,.2,11.86
105,2015,262,445,18.17,16.45,0,0,.199,11.86
105,2015,262,500,18.11,16.85,0,0,.2,11.86
105,2015,262,515,18.14,17.25,0,0,.2,11.86
105,2015,262,530,18.26,17.44,0,0,.2,11.87
105,2015,262,545,18.42,17.68,0,0,.2,11.87
105,2015,262,600,18.6,18.07,0,0,.199,11.88
105,2015,262,615,18.76,17.88,0,0,.2,11.88
105,2015,262,630,18.92,18.15,0,0,.201,11.88
105,2015,262,645,19.1,18.67,0,0,.2,11.89
105,2015,262,700,19.29,18.94,0,0,.201,11.89
105,2015,262,715,19.48,18.8,0,0,.201,11.89
105,2015,262,730,19.65,19.39,0,0,.202,11.9
105,2015,262,745,19.85,19.71,0,0,.202,11.91
105,2015,262,800,20.09,20.12,0,0,.202,11.91
105,2015,262,815,20.39,20.69,0,0,.202,11.92
105,2015,262,830,20.71,20.82,0,0,.201,11.93
105,2015,262,845,21.05,21.23,0,0,.203,11.93
105,2015,262,900,21.35,21.7,0,0,.202,11.94
105,2015,262,915,21.66,22.3,0,0,.202,11.95
105,2015,262,930,21.97,22.75,0,0,.202,11.96
105,2015,262,945,22.3,23.07,0,0,.202,11.96
105,2015,262,1000,22.61,23.35,0,0,.202,11.96
105,2015,262,1015,22.93,23.95,0,0,.202,11.97
105,2015,262,1030,23.28,25.66,0,0,.203,11.97
105,2015,262,1045,23.79,27.68,0,0,.202,11.98
105,2015,262,1100,24.46,28.66,0,0,.202,11.99
105,2015,262,1115,25.2,29.14,0,0,.203,12
105,2015,262,1130,25.93,30.33,0,0,.202,12
105,2015,262,1145,26.66,29.99,0,0,.203,12.01
105,2015,262,1200,27.35,29.81,0,0,.202,12.01
105,2015,262,1215,27.83,28.86,0,0,.202,12.01
105,2015,262,1230,28.07,29.4,0,0,.203,12.01
105,2015,262,1245,28.36,31.51,0,0,.203,12.01
105,2015,262,1300,28.87,31.61,0,0,.203,12.02
105,2015,262,1315,29.44,31.48,0,0,.203,12.02
105,2015,262,1330,29.95,31.57,0,0,.203,12.02
105,2015,262,1345,30.33,31.38,0,0,.203,12.01
105,2015,262,1400,30.66,32.11,0,0,.203,12.01
105,2015,262,1415,30.96,31.84,0,0,.203,12.02
105,2015,262,1430,31.2,31.7,0,0,.203,12.02
105,2015,262,1445,31.35,31.24,0,0,.203,12.02
105,2015,262,1500,31.43,30.37,0,0,.203,12.01
105,2015,262,1515,31.44,29.29,0,0,.203,12.01
105,2015,262,1530,31.38,28.37,0,0,.203,12
105,2015,262,1545,31.18,27.66,0,0,.203,12
105,2015,262,1600,30.87,27.22,0,0,.203,11.99
105,2015,262,1615,30.53,27.09,0,0,.203,11.98
105,2015,262,1630,30.21,26.95,0,0,.202,11.99
105,2015,262,1645,29.93,26.75,0,0,.203,11.99
105,2015,262,1700,29.66,26.57,0,0,.202,11.99
105,2015,262,1715,29.43,26.22,0,0,.203,11.98
105,2015,262,1730,29.19,26.03,0,0,.203,11.98
105,2015,262,1745,28.95,25.84,0,0,.203,11.98
105,2015,262,1800,28.73,25.7,0,0,.203,11.98
105,2015,262,1815,28.51,25.45,0,0,.203,11.98
105,2015,262,1830,28.3,25.19,0,0,.203,11.98
105,2015,262,1845,28.09,24.48,0,0,.203,11.98
105,2015,262,1900,27.81,24.09,0,0,.203,11.97
105,2015,262,1915,27.5,23.7,0,0,.202,11.97
105,2015,262,1930,27.2,23.36,0,0,.203,11.97
105,2015,262,1945,26.89,22.96,0,0,.202,11.96
105,2015,262,2000,26.53,22.62,0,0,.202,11.96
105,2015,262,2015,26.2,22.46,0,0,.203,11.96
105,2015,262,2030,25.87,22.2,0,0,.202,11.96
105,2015,262,2045,25.56,22.1,0,0,.203,11.96
105,2015,262,2100,25.28,21.84,0,0,.202,11.96
105,2015,262,2115,25.04,21.73,0,0,.203,11.95
105,2015,262,2130,24.81,21.77,0,0,.203,11.95
105,2015,262,2145,24.6,21.49,0,0,.203,11.95
105,2015,262,2200,24.36,21.36,0,0,.203,11.95
105,2015,262,2215,24.1,21.16,0,0,.202,11.95
105,2015,262,2230,23.82,20.68,0,0,.202,11.95
105,2015,262,2245,23.52,20.72,0,0,.202,11.95
105,2015,262,2300,23.24,20.37,0,0,.202,11.95
105,2015,262,2315,23,20.19,0,0,.202,11.94
105,2015,262,2330,22.77,19.96,0,0,.202,11.94
105,2015,262,2345,22.56,20.17,0,0,.202,11.94
105,2015,263,0,22.38,19.71,0,0,.202,11.93
105,2015,263,15,22.2,19.75,0,0,.202,11.93
105,2015,263,30,22.04,19.66,0,0,.203,11.92
105,2015,263,45,21.9,19.74,0,0,.203,11.92
105,2015,263,100,21.77,19.55,0,0,.202,11.93
105,2015,263,115,21.66,19.61,0,0,.203,11.93
105,2015,263,130,21.57,19.59,0,0,.203,11.93
105,2015,263,145,21.49,19.57,0,0,.203,11.92
105,2015,263,200,21.41,19.78,0,0,.203,11.93
105,2015,263,215,21.35,19.6,0,0,.203,11.93
105,2015,263,230,21.25,19.51,0,0,.203,11.93
105,2015,263,245,21.15,19.36,0,0,.203,11.93
105,2015,263,300,21.05,19.45,0,0,.203,11.93
105,2015,263,315,20.97,19.35,0,0,.202,11.92
105,2015,263,330,20.9,19.63,0,0,.203,11.92
105,2015,263,345,20.84,19.7,0,0,.203,11.92
105,2015,263,400,20.82,19.83,0,0,.203,11.93
105,2015,263,415,20.84,19.29,0,0,.203,11.92
105,2015,263,430,20.78,19.04,0,0,.203,11.91
105,2015,263,445,20.69,19.26,0,0,.203,11.91
105,2015,263,500,20.6,19.22,0,0,.203,11.91
105,2015,263,515,20.51,19.38,0,0,.202,11.92
105,2015,263,530,20.43,19.48,0,0,.203,11.92
105,2015,263,545,20.41,19.33,0,0,.203,11.92
105,2015,263,600,20.42,18.96,0,0,.203,11.9
105,2015,263,615,20.43,19.4,0,0,.203,11.9
105,2015,263,630,20.49,19.68,0,0,.203,11.9
105,2015,263,645,20.59,19.68,0,0,.203,11.89
105,2015,263,700,20.69,19.59,0,0,.202,11.89
105,2015,263,715,20.76,19.61,0,0,.202,11.89
105,2015,263,730,20.83,20.03,0,0,.203,11.89
105,2015,263,745,20.92,20.57,0,0,.203,11.89
105,2015,263,800,21.06,21.03,0,0,.202,11.89
105,2015,263,815,21.26,21.77,0,0,.203,11.88
105,2015,263,830,21.5,22.24,0,0,.202,11.88
105,2015,263,845,21.77,22.57,0,0,.203,11.88
105,2015,263,900,22.05,22.17,0,0,.202,11.88
105,2015,263,915,22.3,21.98,0,0,.203,11.89
105,2015,263,930,22.47,21.77,0,0,.203,11.87
105,2015,263,945,22.56,21.66,0,0,.203,11.87
105,2015,263,1000,22.63,21.84,0,0,.203,11.86
105,2015,263,1015,22.69,22.12,0,0,.203,11.86
105,2015,263,1030,22.77,22.11,0,0,.203,11.86
105,2015,263,1045,22.86,22.15,0,0,.203,11.85
105,2015,263,1100,22.95,22.16,0,0,.202,11.86
105,2015,263,1115,23.02,22.2,0,0,.203,11.86
105,2015,263,1130,23.1,22.32,0,0,.203,11.87
105,2015,263,1145,23.2,22.84,0,0,.203,11.88
105,2015,263,1200,23.34,23.4,0,0,.202,11.88
105,2015,263,1215,23.55,23.47,0,0,.202,11.9
105,2015,263,1230,23.76,23.51,0,0,.202,11.89
105,2015,263,1245,23.96,24.01,0,0,.202,11.9
105,2015,263,1300,24.18,25.22,0,0,.2,11.92
105,2015,263,1315,24.52,26.66,0,0,.199,11.95
105,2015,263,1330,24.99,26.53,0,0,.199,11.95
105,2015,263,1345,25.41,26.5,0,0,.199,11.96
105,2015,263,1400,25.76,26.92,0,0,.197,11.97
105,2015,263,1415,26.08,26.09,0,0,.197,11.97
105,2015,263,1430,26.27,26.34,0,0,.197,11.97
105,2015,263,1445,26.43,26.72,0,0,.196,11.97
105,2015,263,1500,26.59,26.19,0,0,.195,11.98
105,2015,263,1515,26.69,26.39,0,0,.195,11.98
105,2015,263,1530,26.79,25.76,0,0,.195,11.97
105,2015,263,1545,26.83,25.8,0,0,.195,11.98
105,2015,263,1600,26.83,25.56,0,0,.195,11.98
105,2015,263,1615,26.82,25.35,0,0,.195,11.98
105,2015,263,1630,26.77,24.99,0,0,.195,11.98
105,2015,263,1645,26.67,24.42,0,0,.195,11.97
105,2015,263,1700,26.52,23.96,0,0,.195,11.97
105,2015,263,1715,26.33,23.73,0,0,.195,11.96
105,2015,263,1730,26.13,23.82,0,0,.195,11.96
105,2015,263,1745,25.95,23.61,0,0,.195,11.96
105,2015,263,1800,25.79,23.47,0,0,.195,11.96
105,2015,263,1815,25.63,23.16,0,0,.195,11.96
105,2015,263,1830,25.44,22.47,0,0,.195,11.96
105,2015,263,1845,25.2,21.61,0,0,.195,11.96
105,2015,263,1900,24.9,21.22,0,0,.195,11.96
105,2015,263,1915,24.55,20.75,0,0,.195,11.94
105,2015,263,1930,24.22,20.3,0,0,.195,11.93
105,2015,263,1945,23.89,19.98,0,0,.195,11.92
105,2015,263,2000,23.54,19.74,0,0,.195,11.91
105,2015,263,2015,23.16,19.12,0,0,.195,11.91
105,2015,263,2030,22.73,18.87,0,0,.195,11.91
105,2015,263,2045,22.31,18.76,0,0,.195,11.9
105,2015,263,2100,21.96,18.64,0,0,.195,11.89
105,2015,263,2115,21.71,18.65,0,0,.195,11.88
105,2015,263,2130,21.52,18.72,0,0,.195,11.88
105,2015,263,2145,21.37,18.5,0,0,.195,11.87
105,2015,263,2200,21.24,18.88,0,0,.195,11.86
105,2015,263,2215,21.17,19.6,0,0,.195,11.86
105,2015,263,2230,21.14,19.99,0,0,.195,11.86
105,2015,263,2245,21.17,20.35,0,0,.195,11.85
105,2015,263,2300,21.23,19.93,0,0,.195,11.86
105,2015,263,2315,21.24,19.53,0,0,.195,11.86
105,2015,263,2330,21.2,19.52,0,0,.195,11.86
105,2015,263,2345,21.15,19.43,0,0,.195,11.86
105,2015,264,0,21.1,19.53,0,0,.195,11.85
105,2015,264,15,21.07,19.74,0,0,.194,11.85
105,2015,264,30,21.08,19.98,0,0,.194,11.84
105,2015,264,45,21.11,19.77,0,0,.194,11.84
105,2015,264,100,21.12,19.9,0,0,.194,11.84
105,2015,264,115,21.14,19.78,0,0,.194,11.85
105,2015,264,130,21.14,19.54,0,0,.194,11.85
105,2015,264,145,21.13,19.45,0,0,.194,11.86
105,2015,264,200,21.1,19.26,0,0,.194,11.87
105,2015,264,215,21.04,19.1,0,0,.194,11.86
105,2015,264,230,20.98,19.05,0,0,.194,11.87
105,2015,264,245,20.91,19.15,0,0,.193,11.86
105,2015,264,300,20.84,19.12,0,0,.193,11.84
105,2015,264,315,20.79,19,0,0,.192,11.84
105,2015,264,330,20.74,18.89,0,0,.192,11.83
105,2015,264,345,20.68,18.77,0,0,.192,11.82
105,2015,264,400,20.61,18.65,0,0,.192,11.82
105,2015,264,415,20.54,18.49,0,0,.192,11.81
105,2015,264,430,20.46,18.37,0,0,.192,11.81
105,2015,264,445,20.37,18.2,0,0,.192,11.81
105,2015,264,500,20.28,18.22,0,0,.192,11.82
105,2015,264,515,20.2,18.23,0,0,.192,11.82
105,2015,264,530,20.14,18.19,0,0,.192,11.82
105,2015,264,545,20.08,18.23,0,0,.191,11.82
105,2015,264,600,20.04,18.23,0,0,.19,11.82
105,2015,264,615,20.01,18.09,0,0,.19,11.82
105,2015,264,630,19.98,17.99,0,0,.19,11.82
105,2015,264,645,19.93,17.99,0,0,.19,11.82
105,2015,264,700,19.88,17.95,0,0,.19,11.81
105,2015,264,715,19.83,17.81,0,0,.19,11.81
105,2015,264,730,19.76,17.59,0,0,.19,11.81
105,2015,264,745,19.69,17.82,0,0,.19,11.8
105,2015,264,800,19.65,17.96,0,0,.189,11.8
105,2015,264,815,19.65,18.46,0,0,.189,11.81
105,2015,264,830,19.7,18.38,0,0,.189,11.82
105,2015,264,845,19.75,18.41,0,0,.189,11.81
105,2015,264,900,19.8,18.97,0,0,.188,11.81
105,2015,264,915,19.9,19.46,0,0,.187,11.82
105,2015,264,930,20.04,19.75,0,0,.187,11.82
105,2015,264,945,20.23,20.93,0,0,.185,11.84
105,2015,264,1000,20.51,20.87,0,0,.185,11.86
105,2015,264,1015,20.8,21.57,0,0,.184,11.87
105,2015,264,1030,21.1,21.03,0,0,.184,11.86
105,2015,264,1045,21.32,20.84,0,0,.184,11.87
105,2015,264,1100,21.48,21.04,0,0,.183,11.88
105,2015,264,1115,21.61,21.51,0,0,.183,11.88
105,2015,264,1130,21.79,21.69,0,0,.181,11.88
105,2015,264,1145,21.98,21.3,0,0,.181,11.88
105,2015,264,1200,22.12,21.31,0,0,.181,11.88
105,2015,264,1215,22.23,21.61,0,0,.181,11.89
105,2015,264,1230,22.36,21.84,0,0,.18,11.89
105,2015,264,1245,22.52,22.64,0,0,.179,11.89
105,2015,264,1300,22.74,22.86,0,0,.179,11.89
105,2015,264,1315,22.98,22.36,0,0,.178,11.91
105,2015,264,1330,23.1,21.77,0,0,.178,11.91
105,2015,264,1345,23.15,21.84,0,0,.178,11.91
105,2015,264,1400,23.17,21.43,0,0,.178,11.91
105,2015,264,1415,23.14,21.23,0,0,.178,11.9
105,2015,264,1430,23.09,21.24,0,0,.178,11.9
105,2015,264,1445,23.04,21.42,0,0,.178,11.91
105,2015,264,1500,23.03,21.74,0,0,.178,11.9
105,2015,264,1515,23.04,21.64,0,0,.177,11.89
105,2015,264,1530,23.06,21.79,0,0,.177,11.9
105,2015,264,1545,23.08,21.48,0,0,.176,11.91
105,2015,264,1600,23.07,21.48,0,0,.177,11.91
105,2015,264,1615,23.06,21.49,0,0,.176,11.91
105,2015,264,1630,23.04,21.29,0,0,.176,11.91
105,2015,264,1645,23,21.12,0,0,.176,11.91
105,2015,264,1700,22.94,20.92,0,0,.176,11.9
105,2015,264,1715,22.87,20.97,0,0,.176,11.9
105,2015,264,1730,22.8,20.49,0,0,.176,11.9
105,2015,264,1745,22.7,20.35,0,0,.176,11.9
105,2015,264,1800,22.57,20.19,0,0,.176,11.9
105,2015,264,1815,22.43,20.3,0,0,.176,11.89
105,2015,264,1830,22.33,20.37,0,0,.176,11.89
105,2015,264,1845,22.25,20.35,0,0,.176,11.89
105,2015,264,1900,22.19,20.32,0,0,.176,11.89
105,2015,264,1915,22.14,20.21,0,0,.176,11.88
105,2015,264,1930,22.09,20.12,0,0,.176,11.89
105,2015,264,1945,22.04,20.03,0,0,.176,11.88
105,2015,264,2000,21.98,19.97,0,0,.176,11.88
105,2015,264,2015,21.91,19.9,0,0,.176,11.88
105,2015,264,2030,21.85,19.81,0,0,.176,11.87
105,2015,264,2045,21.79,19.73,0,0,.176,11.87
105,2015,264,2100,21.72,19.66,0,0,.175,11.87
105,2015,264,2115,21.65,19.64,0,0,.175,11.87
105,2015,264,2130,21.6,19.57,0,0,.175,11.87
105,2015,264,2145,21.54,19.48,0,0,.175,11.86
105,2015,264,2200,21.48,19.37,0,0,.175,11.85
105,2015,264,2215,21.42,19.27,0,0,.223,11.85
105,2015,264,2230,21.35,19.26,0,0,.392,11.85
105,2015,264,2245,21.28,19.25,0,0,.522,11.85
105,2015,264,2300,21.23,19.18,0,0,.64,11.85
105,2015,264,2315,21.16,19.03,0,0,.77,11.85
105,2015,264,2330,20.96,19.01,0,0,.896,11.85
105,2015,264,2345,20.72,19.01,0,0,.985,11.84
105,2015,265,0,20.56,18.95,0,0,1.04,11.84
105,2015,265,15,20.44,18.86,0,0,1.064,11.84
105,2015,265,30,20.32,18.74,0,0,1.061,11.82
105,2015,265,45,20.19,18.65,0,0,1.03,11.82
105,2015,265,100,20.06,18.48,0,0,.999,11.82
105,2015,265,115,19.92,18.34,0,0,.977,11.83
105,2015,265,130,19.78,18.42,0,0,.962,11.84
105,2015,265,145,19.65,18.57,0,0,.946,11.83
105,2015,265,200,19.54,18.58,0,0,.924,11.84
105,2015,265,215,19.45,18.54,0,0,.896,11.84
105,2015,265,230,19.37,18.43,0,0,.866,11.84
105,2015,265,245,19.3,18.31,0,0,.837,11.83
105,2015,265,300,19.22,18.23,0,0,.81,11.82
105,2015,265,315,19.14,18.2,0,0,.79,11.81
105,2015,265,330,19.05,18.19,0,0,.77,11.81
105,2015,265,345,18.97,18.27,0,0,.748,11.82
105,2015,265,400,18.9,18.31,0,0,.724,11.81
105,2015,265,415,18.84,18.13,0,0,.702,11.81
105,2015,265,430,18.78,18.18,0,0,.681,11.81
105,2015,265,445,18.72,18.12,0,0,.66,11.81
105,2015,265,500,18.67,18.07,0,0,.642,11.82
105,2015,265,515,18.62,17.81,0,0,.623,11.82
105,2015,265,530,18.57,17.77,0,0,.608,11.82
105,2015,265,545,18.51,17.98,0,0,.593,11.81
105,2015,265,600,18.45,18.1,0,0,.58,11.8
105,2015,265,615,18.4,18.23,0,0,.567,11.81
105,2015,265,630,18.38,18.24,0,0,.557,11.8
105,2015,265,645,18.38,18.2,0,0,.546,11.79
105,2015,265,700,18.37,18.01,0,0,.538,11.79
105,2015,265,715,18.36,17.97,0,0,.53,11.79
105,2015,265,730,18.33,18.1,0,0,.523,11.78
105,2015,265,745,18.31,18.21,0,0,.519,11.78
105,2015,265,800,18.3,18.3,0,0,.516,11.78
105,2015,265,815,18.31,18.43,0,0,.516,11.78
105,2015,265,830,18.34,18.57,0,0,.516,11.78
105,2015,265,845,18.39,18.7,0,0,.518,11.79
105,2015,265,900,18.45,18.94,0,0,.532,11.79
105,2015,265,915,18.54,19.16,0,0,.552,11.78
105,2015,265,930,18.65,19.51,0,0,.572,11.79
105,2015,265,945,18.79,19.76,0,0,.593,11.79
105,2015,265,1000,18.97,20.29,0,0,.615,11.81
105,2015,265,1015,19.18,20.04,0,0,.641,11.81
105,2015,265,1030,19.39,19.99,0,0,.668,11.8
105,2015,265,1045,19.58,20.9,0,0,.692,11.82
105,2015,265,1100,19.81,21.51,0,0,.705,11.84
105,2015,265,1115,20.1,21.6,0,0,.706,11.85
105,2015,265,1130,20.41,21.93,0,0,.705,11.86
105,2015,265,1145,20.73,22.38,0,0,.705,11.88
105,2015,265,1200,21.06,22.72,0,0,.704,11.88
105,2015,265,1215,21.41,23.25,0,0,.695,11.89
105,2015,265,1230,21.79,23.2,0,0,.681,11.89
105,2015,265,1245,22.15,23.23,0,0,.667,11.91
105,2015,265,1300,22.49,23.23,0,0,.65,11.91
105,2015,265,1315,22.78,24.14,0,0,.634,11.92
105,2015,265,1330,23.09,25.19,0,0,.617,11.92
105,2015,265,1345,23.48,25.68,0,0,.602,11.95
105,2015,265,1400,23.88,24.27,0,0,.588,11.94
105,2015,265,1415,24.09,24.55,0,0,.574,11.94
105,2015,265,1430,24.28,23.94,0,0,.562,11.94
105,2015,265,1445,24.44,23.97,0,0,.551,11.93
105,2015,265,1500,24.56,24.01,0,0,.541,11.94
105,2015,265,1515,24.64,23.2,0,0,.532,11.94
105,2015,265,1530,24.64,23.07,0,0,.523,11.92
105,2015,265,1545,24.6,22.56,0,0,.514,11.92
105,2015,265,1600,24.51,22.05,0,0,.506,11.9
105,2015,265,1615,24.37,22.16,0,0,.5,11.9
105,2015,265,1630,24.24,22.01,0,0,.493,11.91
105,2015,265,1645,24.11,22.01,0,0,.487,11.9
105,2015,265,1700,24.01,21.92,0,0,.481,11.89
105,2015,265,1715,23.92,21.91,0,0,.476,11.9
105,2015,265,1730,23.84,21.75,0,0,.471,11.89
105,2015,265,1745,23.76,21.49,0,0,.467,11.88
105,2015,265,1800,23.67,21.37,0,0,.462,11.88
105,2015,265,1815,23.56,21.34,0,0,.458,11.88
105,2015,265,1830,23.46,21.17,0,0,.455,11.89
105,2015,265,1845,23.35,21.07,0,0,.451,11.88
105,2015,265,1900,23.25,20.92,0,0,.447,11.87
105,2015,265,1915,23.14,20.74,0,0,.445,11.86
105,2015,265,1930,23.03,20.57,0,0,.442,11.86
105,2015,265,1945,22.91,20.34,0,0,.439,11.87
105,2015,265,2000,22.76,20.32,0,0,.436,11.88
105,2015,265,2015,22.63,20.21,0,0,.433,11.87
105,2015,265,2030,22.5,20.05,0,0,.431,11.87
105,2015,265,2045,22.37,20.03,0,0,.428,11.87
105,2015,265,2100,22.25,19.94,0,0,.426,11.87
105,2015,265,2115,22.15,19.75,0,0,.424,11.87
105,2015,265,2130,22.04,19.38,0,0,.42,11.88
105,2015,265,2145,21.9,19.3,0,0,.419,11.88
105,2015,265,2200,21.77,19.45,0,0,.417,11.88
105,2015,265,2215,21.68,19.38,0,0,.414,11.89
105,2015,265,2230,21.61,19.47,0,0,.411,11.89
105,2015,265,2245,21.56,19.51,0,0,.41,11.87
105,2015,265,2300,21.5,19.26,0,0,.408,11.86
105,2015,265,2315,21.42,19.21,0,0,.407,11.85
105,2015,265,2330,21.35,19.53,0,0,.408,11.85
105,2015,265,2345,21.33,19.92,0,0,.407,11.85
105,2015,266,0,21.37,19.98,0,0,.407,11.87
105,2015,266,15,21.42,19.98,0,0,.409,11.88
105,2015,266,30,21.46,19.75,0,0,.425,11.88
105,2015,266,45,21.46,19.72,0,0,.453,11.88
105,2015,266,100,21.45,19.56,0,0,.492,11.86
105,2015,266,115,21.41,19.35,0,0,.538,11.86
105,2015,266,130,21.36,19.52,0,0,.581,11.86
105,2015,266,145,21.33,19.55,0,0,.613,11.87
105,2015,266,200,21.31,19.55,0,0,.632,11.87
105,2015,266,215,21.3,19.54,0,0,.636,11.87
105,2015,266,230,21.28,19.42,0,0,.635,11.87
105,2015,266,245,21.26,19.43,0,0,.634,11.87
105,2015,266,300,21.23,19.37,0,0,.627,11.88
105,2015,266,315,21.19,19.14,0,0,.616,11.88
105,2015,266,330,21.11,18.81,0,0,.605,11.87
105,2015,266,345,20.98,18.51,0,0,.594,11.87
105,2015,266,400,20.83,18.21,0,0,.582,11.86
105,2015,266,415,20.66,17.97,0,0,.571,11.84
105,2015,266,430,20.48,17.75,0,0,.561,11.84
105,2015,266,445,20.3,17.68,0,0,.551,11.83
105,2015,266,500,20.14,17.61,0,0,.543,11.81
105,2015,266,515,19.98,17.3,0,0,.534,11.81
105,2015,266,530,19.82,17.12,0,0,.525,11.82
105,2015,266,545,19.64,17.02,0,0,.518,11.81
105,2015,266,600,19.47,16.79,0,0,.51,11.82
105,2015,266,615,19.3,16.64,0,0,.504,11.82
105,2015,266,630,19.12,16.64,0,0,.498,11.8
105,2015,266,645,18.96,16.58,0,0,.491,11.79
105,2015,266,700,18.82,16.54,0,0,.486,11.79
105,2015,266,715,18.7,16.53,0,0,.48,11.78
105,2015,266,730,18.59,16.77,0,0,.475,11.79
105,2015,266,745,18.54,17.66,0,0,.471,11.78
105,2015,266,800,18.58,18.84,0,0,.467,11.79
105,2015,266,815,18.75,19.68,0,0,.462,11.81
105,2015,266,830,19.02,20.54,0,0,.458,11.83
105,2015,266,845,19.4,21.38,0,0,.454,11.86
105,2015,266,900,19.85,22.04,0,0,.45,11.88
105,2015,266,915,20.32,22.45,0,0,.447,11.89
105,2015,266,930,20.8,23.03,0,0,.444,11.9
105,2015,266,945,21.27,23.44,0,0,.44,11.92
105,2015,266,1000,21.7,23.48,0,0,.437,11.91
105,2015,266,1015,22.13,24.35,0,0,.434,11.94
105,2015,266,1030,22.57,24.61,0,0,.431,11.95
105,2015,266,1045,22.98,24.6,0,0,.429,11.94
105,2015,266,1100,23.33,24.8,0,0,.427,11.95
105,2015,266,1115,23.68,25.78,0,0,.424,11.96
105,2015,266,1130,24.09,26.16,0,0,.422,11.96
105,2015,266,1145,24.47,25.09,0,0,.421,11.96
105,2015,266,1200,24.71,25.24,0,0,.42,11.95
105,2015,266,1215,24.93,26.78,0,0,.419,11.96
105,2015,266,1230,25.23,26.51,0,0,.419,11.97
105,2015,266,1245,25.51,26.24,0,0,.419,11.97
105,2015,266,1300,25.75,27.03,0,0,.419,11.97
105,2015,266,1315,26,27.87,0,0,.418,11.98
105,2015,266,1330,26.27,27.09,0,0,.419,11.98
105,2015,266,1345,26.49,27.6,0,0,.419,11.98
105,2015,266,1400,26.68,27.97,0,0,.418,11.98
105,2015,266,1415,26.87,28.13,0,0,.419,11.99
105,2015,266,1430,27.04,28.4,0,0,.419,11.99
105,2015,266,1445,27.21,27.68,0,0,.419,11.99
105,2015,266,1500,27.34,26.67,0,0,.417,11.99
105,2015,266,1515,27.37,25.07,0,0,.416,11.97
105,2015,266,1530,27.27,24.84,0,0,.416,11.96
105,2015,266,1545,27.07,24.13,0,0,.414,11.96
105,2015,266,1600,26.8,23.82,0,0,.413,11.95
105,2015,266,1615,26.51,23.63,0,0,.411,11.94
105,2015,266,1630,26.22,23.42,0,0,.41,11.93
105,2015,266,1645,25.95,23.38,0,0,.408,11.92
105,2015,266,1700,25.71,23.02,0,0,.406,11.92
105,2015,266,1715,25.48,22.91,0,0,.404,11.91
105,2015,266,1730,25.27,22.91,0,0,.403,11.91
105,2015,266,1745,25.09,22.72,0,0,.401,11.91
105,2015,266,1800,24.92,22.53,0,0,.399,11.92
105,2015,266,1815,24.74,22.48,0,0,.398,11.91
105,2015,266,1830,24.57,21.22,0,0,.396,11.92
105,2015,266,1845,24.29,20.43,0,0,.395,11.93
105,2015,266,1900,23.91,19.81,0,0,.393,11.92
105,2015,266,1915,23.49,19.27,0,0,.392,11.91
105,2015,266,1930,23.07,18.92,0,0,.391,11.9
105,2015,266,1945,22.64,18.57,0,0,.39,11.88
105,2015,266,2000,22.2,17.61,0,0,.388,11.87
105,2015,266,2015,21.68,17.46,0,0,.387,11.87
105,2015,266,2030,21.16,16.97,0,0,.386,11.87
105,2015,266,2045,20.72,16.73,0,0,.384,11.86
105,2015,266,2100,20.34,16.51,0,0,.383,11.86
105,2015,266,2115,19.96,16.09,0,0,.381,11.85
105,2015,266,2130,19.58,15.86,0,0,.38,11.84
105,2015,266,2145,19.25,15.63,0,0,.379,11.84
105,2015,266,2200,18.93,15.37,0,0,.378,11.82
105,2015,266,2215,18.64,15.38,0,0,.376,11.82
105,2015,266,2230,18.37,15.34,0,0,.375,11.81
105,2015,266,2245,18.11,15.22,0,0,.374,11.82
105,2015,266,2300,17.9,15.24,0,0,.373,11.81
105,2015,266,2315,17.73,15.14,0,0,.372,11.81
105,2015,266,2330,17.58,14.97,0,0,.372,11.81
105,2015,266,2345,17.42,15.16,0,0,.372,11.81
105,2015,267,0,17.27,14.86,0,0,.372,11.8
105,2015,267,15,17.15,14.77,0,0,.372,11.8
105,2015,267,30,17.04,14.78,0,0,.39,11.8
105,2015,267,45,16.93,14.58,0,0,.46,11.8
105,2015,267,100,16.83,14.56,0,0,.562,11.8
105,2015,267,115,16.76,14.47,0,0,.666,11.8
105,2015,267,130,16.7,14.42,0,0,.773,11.8
105,2015,267,145,16.58,14.4,0,0,.87,11.8
105,2015,267,200,16.34,14.31,0,0,.951,11.79
105,2015,267,215,16.08,14.2,0,0,1.013,11.78
105,2015,267,230,15.89,14.29,0,0,1.028,11.77
105,2015,267,245,15.73,14.25,0,0,1.019,11.77
105,2015,267,300,15.57,14.09,0,0,.989,11.76
105,2015,267,315,15.41,14.19,0,0,.963,11.77
105,2015,267,330,15.23,14.05,0,0,.939,11.77
105,2015,267,345,15.06,13.92,0,0,.916,11.77
105,2015,267,400,14.9,13.87,0,0,.89,11.76
105,2015,267,415,14.74,13.86,0,0,.86,11.75
105,2015,267,430,14.59,13.86,0,0,.83,11.75
105,2015,267,445,14.45,13.72,0,0,.8,11.75
105,2015,267,500,14.31,13.72,0,0,.774,11.74
105,2015,267,515,14.18,13.59,0,0,.751,11.74
105,2015,267,530,14.05,13.75,0,0,.728,11.75
105,2015,267,545,13.91,13.68,0,0,.705,11.75
105,2015,267,600,13.79,13.61,0,0,.687,11.74
105,2015,267,615,13.68,13.55,0,0,.667,11.74
105,2015,267,630,13.57,13.66,0,0,.648,11.74
105,2015,267,645,13.47,13.57,0,0,.63,11.74
105,2015,267,700,13.37,13.76,0,0,.613,11.74
105,2015,267,715,13.3,13.9,0,0,.598,11.73
105,2015,267,730,13.25,14.24,0,0,.585,11.73
105,2015,267,745,13.22,14.6,0,0,.572,11.74
105,2015,267,800,13.24,15.25,0,0,.56,11.76
105,2015,267,815,13.34,15.96,0,0,.551,11.77
105,2015,267,830,13.51,16.18,0,0,.541,11.78
105,2015,267,845,13.74,16.66,0,0,.532,11.79
105,2015,267,900,14.03,18.58,0,0,.523,11.81
105,2015,267,915,14.43,20.52,0,0,.516,11.83
105,2015,267,930,15.04,22.08,0,0,.508,11.85
105,2015,267,945,15.83,23.73,0,0,.503,11.89
105,2015,267,1000,16.76,23.9,0,0,.495,11.91
105,2015,267,1015,17.75,24.44,0,0,.488,11.93
105,2015,267,1030,18.73,24.87,0,0,.483,11.94
105,2015,267,1045,19.66,25.7,0,0,.478,11.95
105,2015,267,1100,20.53,26.1,0,0,.474,11.96
105,2015,267,1115,21.37,26.02,0,0,.471,11.97
105,2015,267,1130,22.12,25.66,0,0,.469,11.96
105,2015,267,1145,22.75,25.79,0,0,.468,11.96
105,2015,267,1200,23.3,26.79,0,0,.468,11.96
105,2015,267,1215,23.83,26.98,0,0,.468,11.97
105,2015,267,1230,24.37,27.24,0,0,.468,11.97
105,2015,267,1245,24.9,27.58,0,0,.472,11.98
105,2015,267,1300,25.4,27.8,0,0,.484,11.98
105,2015,267,1315,25.88,27.08,0,0,.499,11.98
105,2015,267,1330,26.29,27.79,0,0,.519,11.98
105,2015,267,1345,26.64,27.4,0,0,.542,11.97
105,2015,267,1400,26.94,27.63,0,0,.565,11.97
105,2015,267,1415,27.18,27.93,0,0,.583,11.98
105,2015,267,1430,27.4,27.85,0,0,.591,11.98
105,2015,267,1445,27.6,28.16,0,0,.592,11.98
105,2015,267,1500,27.79,28.31,0,0,.591,11.98
105,2015,267,1515,28.01,26.97,0,0,.591,11.98
105,2015,267,1530,28.15,26.26,0,0,.588,11.97
105,2015,267,1545,28.1,25.92,0,0,.581,11.98
105,2015,267,1600,27.96,25.51,0,0,.571,11.97
105,2015,267,1615,27.75,24.95,0,0,.562,11.96
105,2015,267,1630,27.47,24.84,0,0,.553,11.95
105,2015,267,1645,27.17,24.87,0,0,.544,11.96
105,2015,267,1700,26.88,24.57,0,0,.535,11.96
105,2015,267,1715,26.59,24.34,0,0,.527,11.95
105,2015,267,1730,26.3,24,0,0,.519,11.95
105,2015,267,1745,26.01,23.43,0,0,.512,11.94
105,2015,267,1800,25.72,23.02,0,0,.506,11.94
105,2015,267,1815,25.42,22.13,0,0,.501,11.94
105,2015,267,1830,25.11,21.42,0,0,.495,11.94
105,2015,267,1845,24.77,21.2,0,0,.49,11.93
105,2015,267,1900,24.42,20.41,0,0,.485,11.92
105,2015,267,1915,24.03,19.67,0,0,.481,11.91
105,2015,267,1930,23.6,19.48,0,0,.477,11.9
105,2015,267,1945,23.14,18.66,0,0,.473,11.89
105,2015,267,2000,22.66,18.23,0,0,.47,11.88
105,2015,267,2015,22.16,19.88,0,0,.465,11.88
105,2015,267,2030,21.7,20.2,0,0,.461,11.88
105,2015,267,2045,21.3,20,0,0,.458,11.88
105,2015,267,2100,20.94,19.83,0,0,.455,11.89
105,2015,267,2115,20.63,19.74,0,0,.451,11.89
105,2015,267,2130,20.35,19.72,0,0,.448,11.88
105,2015,267,2145,20.1,19.74,0,0,.445,11.88
105,2015,267,2200,19.89,19.65,0,0,.443,11.87
105,2015,267,2215,19.71,19.8,0,0,.44,11.86
105,2015,267,2230,19.57,19.94,0,0,.437,11.86
105,2015,267,2245,19.47,19.91,0,0,.434,11.86
105,2015,267,2300,19.4,19.78,0,0,.432,11.86
105,2015,267,2315,19.34,19.85,0,0,.43,11.86
105,2015,267,2330,19.28,19.56,0,0,.429,11.86
105,2015,267,2345,19.22,19.48,0,0,.426,11.87
105,2015,268,0,19.16,19.37,0,0,.424,11.86
105,2015,268,15,19.1,19.14,0,0,.422,11.87
105,2015,268,30,19.03,19.16,0,0,.421,11.87
105,2015,268,45,18.96,19.01,0,0,.419,11.86
105,2015,268,100,18.89,19.07,0,0,.418,11.86
105,2015,268,115,18.84,18.98,0,0,.418,11.86
105,2015,268,130,18.78,18.97,0,0,.418,11.85
105,2015,268,145,18.74,18.83,0,0,.421,11.85
105,2015,268,200,18.7,18.68,0,0,.444,11.85
105,2015,268,215,18.66,18.74,0,0,.491,11.85
105,2015,268,230,18.63,18.87,0,0,.559,11.85
105,2015,268,245,18.61,18.79,0,0,.633,11.85
105,2015,268,300,18.59,18.95,0,0,.705,11.85
105,2015,268,315,18.58,18.95,0,0,.766,11.85
105,2015,268,330,18.58,19.03,0,0,.798,11.85
105,2015,268,345,18.6,19.09,0,0,.806,11.85
105,2015,268,400,18.62,19.08,0,0,.802,11.85
105,2015,268,415,18.66,19.14,0,0,.784,11.83
105,2015,268,430,18.71,19.08,0,0,.763,11.83
105,2015,268,445,18.75,19.09,0,0,.741,11.83
105,2015,268,500,18.8,19.03,0,0,.719,11.82
105,2015,268,515,18.85,18.97,0,0,.697,11.82
105,2015,268,530,18.88,18.93,0,0,.677,11.82
105,2015,268,545,18.9,18.94,0,0,.658,11.82
105,2015,268,600,18.92,18.91,0,0,.639,11.82
105,2015,268,615,18.92,18.93,0,0,.621,11.83
105,2015,268,630,18.92,18.85,0,0,.605,11.83
105,2015,268,645,18.91,18.75,0,0,.593,11.83
105,2015,268,700,18.9,18.71,0,0,.579,11.84
105,2015,268,715,18.88,18.79,0,0,.567,11.84
105,2015,268,730,18.86,18.89,0,0,.556,11.83
105,2015,268,745,18.87,19.11,0,0,.547,11.82
105,2015,268,800,18.89,19.32,0,0,.538,11.83
105,2015,268,815,18.93,19.55,0,0,.53,11.83
105,2015,268,830,19,19.79,0,0,.521,11.83
105,2015,268,845,19.11,20.21,0,0,.514,11.83
105,2015,268,900,19.25,20.76,0,0,.507,11.84
105,2015,268,915,19.45,21.29,0,0,.501,11.86
105,2015,268,930,19.71,21.98,0,0,.494,11.87
105,2015,268,945,20.05,23.48,0,0,.488,11.87
105,2015,268,1000,20.51,23.32,0,0,.483,11.89
105,2015,268,1015,21.01,22.99,0,0,.479,11.9
105,2015,268,1030,21.45,23.48,0,0,.474,11.9
105,2015,268,1045,21.86,23.78,0,0,.471,11.91
105,2015,268,1100,22.26,23.23,0,0,.466,11.91
105,2015,268,1115,22.59,23.3,0,0,.462,11.91
105,2015,268,1130,22.88,23.67,0,0,.459,11.91
105,2015,268,1145,23.12,23.48,0,0,.455,11.91
105,2015,268,1200,23.35,23.07,0,0,.452,11.9