,20.51,23.32,0,0,.483,11.89
105,2015,268,1015,21.01,22.99,0,0,.479,11.9
105,2015,268,1030,21.45,23.48,0,0,.474,11.9
105,2015,268,1045,21.86,23.78,0,0,.471,11.91
105,2015,268,1100,22.26,23.23,0,0,.466,11.91
105,2015,268,1115,22.59,23.3,0,0,.462,11.91
105,2015,268,1130,22.88,23.67,0,0,.459,11.91
105,2015,268,1145,23.12,23.48,0,0,.455,11.91
105,2015,268,1200,23.35,23.07,0,0,.452,11.9
105,2015,268,1215,23.63,22.97,0,0,.45,11.91
105,2015,268,1230,23.69,23.14,0,0,.449,11.91
105,2015,268,1245,23.79,23.15,0,0,.449,11.89
105,2015,268,1300,23.94,23.47,0,0,.449,11.9
105,2015,268,1315,24.08,23.24,0,0,.449,11.89
105,2015,268,1330,24.22,23.68,0,0,.459,11.9
105,2015,268,1345,24.38,23.85,0,0,.492,11.92
105,2015,268,1400,24.52,23.39,0,0,.548,11.92
105,2015,268,1415,24.62,23.41,0,0,.623,11.92
105,2015,268,1430,24.68,23.43,0,0,.714,11.92
105,2015,268,1445,24.73,23.42,0,0,.817,11.93
105,2015,268,1500,24.66,23.29,0,0,.915,11.93
105,2015,268,1515,24.53,23.01,0,0,.972,11.93
105,2015,268,1530,24.5,22.95,0,0,.974,11.92
105,2015,268,1545,24.47,22.81,0,0,.949,11.92
105,2015,268,1600,24.41,22.61,0,0,.921,11.92
105,2015,268,1615,24.32,22.44,0,0,.902,11.92
105,2015,268,1630,24.19,22.28,0,0,.887,11.91
105,2015,268,1645,24.05,22.11,0,0,.867,11.9
105,2015,268,1700,23.9,21.92,0,0,.843,11.9
105,2015,268,1715,23.74,21.82,0,0,.813,11.9
105,2015,268,1730,23.57,21.64,0,0,.784,11.89
105,2015,268,1745,23.41,21.49,0,0,.755,11.89
105,2015,268,1800,23.24,21.29,0,0,.726,11.89
105,2015,268,1815,23.07,21.13,0,0,.699,11.89
105,2015,268,1830,22.9,20.92,0,0,.676,11.88
105,2015,268,1845,22.7,20.72,0,0,.654,11.87
105,2015,268,1900,22.5,20.48,0,0,.634,11.87
105,2015,268,1915,22.3,20.4,0,0,.615,11.86
105,2015,268,1930,22.09,20.2,0,0,.6,11.87
105,2015,268,1945,21.88,20.1,0,0,.587,11.86
105,2015,268,2000,21.67,20.08,0,0,.574,11.85
105,2015,268,2015,21.47,19.96,0,0,.562,11.84
105,2015,268,2030,21.28,19.88,0,0,.551,11.84
105,2015,268,2045,21.12,19.73,0,0,.542,11.85
105,2015,268,2100,20.96,19.64,0,0,.533,11.84
105,2015,268,2115,20.82,19.52,0,0,.525,11.83
105,2015,268,2130,20.7,19.41,0,0,.517,11.81
105,2015,268,2145,20.57,19.26,0,0,.51,11.82
105,2015,268,2200,20.45,19.16,0,0,.504,11.82
105,2015,268,2215,20.32,19.07,0,0,.499,11.82
105,2015,268,2230,20.2,19.09,0,0,.493,11.81
105,2015,268,2245,20.09,18.99,0,0,.488,11.82
105,2015,268,2300,20,18.98,0,0,.483,11.81
105,2015,268,2315,19.9,18.9,0,0,.479,11.8
105,2015,268,2330,19.81,18.77,0,0,.475,11.8
105,2015,268,2345,19.72,18.77,0,0,.471,11.81
105,2015,269,0,19.63,18.76,0,0,.468,11.8
105,2015,269,15,19.55,18.77,0,0,.464,11.8
105,2015,269,30,19.48,18.74,0,0,.461,11.81
105,2015,269,45,19.41,18.82,0,0,.458,11.81
105,2015,269,100,19.35,18.85,0,0,.457,11.8
105,2015,269,115,19.3,18.83,0,0,.456,11.81
105,2015,269,130,19.27,18.96,0,0,.457,11.81
105,2015,269,145,19.25,18.93,0,0,.464,11.81
105,2015,269,200,19.24,18.76,0,0,.496,11.79
105,2015,269,215,19.24,18.85,0,0,.551,11.81
105,2015,269,230,19.23,18.95,0,0,.629,11.8
105,2015,269,245,19.23,18.89,0,0,.727,11.81
105,2015,269,300,19.23,18.96,0,0,.841,11.81
105,2015,269,315,19.23,19.02,0,0,.946,11.8
105,2015,269,330,19.24,18.97,0,0,1.009,11.8
105,2015,269,345,19.25,18.98,0,0,1.022,11.81
105,2015,269,400,19.25,18.98,0,0,1.021,11.8
105,2015,269,415,19.26,19.02,0,0,1.015,11.81
105,2015,269,430,19.26,18.96,0,0,.994,11.81
105,2015,269,445,19.26,18.9,0,0,.967,11.8
105,2015,269,500,19.26,18.87,0,0,.939,11.8
105,2015,269,515,19.25,18.78,0,0,.908,11.79
105,2015,269,530,19.24,18.74,0,0,.875,11.79
105,2015,269,545,19.21,18.74,0,0,.844,11.79
105,2015,269,600,19.18,18.67,0,0,.816,11.79
105,2015,269,615,19.15,18.61,0,0,.792,11.78
105,2015,269,630,19.11,18.43,0,0,.767,11.79
105,2015,269,645,19.07,18.39,0,0,.741,11.79
105,2015,269,700,19.01,18.38,0,0,.715,11.8
105,2015,269,715,18.95,18.33,0,0,.691,11.8
105,2015,269,730,18.89,18.36,0,0,.669,11.79
105,2015,269,745,18.84,18.4,0,0,.65,11.78
105,2015,269,800,18.79,18.41,0,0,.631,11.78
105,2015,269,815,18.76,18.47,0,0,.614,11.78
105,2015,269,830,18.73,18.55,0,0,.599,11.78
105,2015,269,845,18.73,18.68,0,0,.586,11.77
105,2015,269,900,18.74,18.88,0,0,.573,11.78
105,2015,269,915,18.78,19.2,0,0,.562,11.77
105,2015,269,930,18.85,19.59,0,0,.552,11.78
105,2015,269,945,18.96,19.67,0,0,.543,11.79
105,2015,269,1000,19.1,19.75,0,0,.535,11.79
105,2015,269,1015,19.26,19.74,0,0,.526,11.8
105,2015,269,1030,19.41,19.96,0,0,.518,11.79
105,2015,269,1045,19.56,20.25,0,0,.511,11.81
105,2015,269,1100,19.74,20.5,0,0,.505,11.81
105,2015,269,1115,19.92,20.85,0,0,.499,11.82
105,2015,269,1130,20.12,21.13,0,0,.494,11.81
105,2015,269,1145,20.35,21.64,0,0,.488,11.83
105,2015,269,1200,20.6,22.52,0,0,.483,11.85
105,2015,269,1215,20.92,24.19,0,0,.478,11.88
105,2015,269,1230,21.37,24.36,0,0,.474,11.9
105,2015,269,1245,21.89,23.75,0,0,.471,11.91
105,2015,269,1300,22.34,23.31,0,0,.468,11.91
105,2015,269,1315,22.68,23.2,0,0,.467,11.91
105,2015,269,1330,22.94,23.21,0,0,.467,11.91
105,2015,269,1345,23.13,23.53,0,0,.477,11.92
105,2015,269,1400,23.31,24.07,0,0,.511,11.93
105,2015,269,1415,23.51,24.1,0,0,.578,11.93
105,2015,269,1430,23.72,23.89,0,0,.671,11.93
105,2015,269,1445,23.91,23.66,0,0,.784,11.93
105,2015,269,1500,24.04,23.08,0,0,.912,11.92
105,2015,269,1515,24.1,22.91,0,0,1.034,11.9
105,2015,269,1530,24.11,22.72,0,0,1.125,11.9
105,2015,269,1545,24.1,22.42,0,0,1.166,11.89
105,2015,269,1600,24.04,22.26,0,0,1.169,11.88
105,2015,269,1615,23.96,22.54,0,0,1.156,11.89
105,2015,269,1630,23.88,22.4,0,0,1.135,11.89
105,2015,269,1645,23.82,21.92,0,0,1.109,11.89
105,2015,269,1700,23.72,21.67,0,0,1.087,11.88
105,2015,269,1715,23.58,21.45,0,0,1.064,11.88
105,2015,269,1730,23.43,21.11,0,0,1.035,11.87
105,2015,269,1745,23.26,20.77,0,0,.998,11.86
105,2015,269,1800,23.07,20.4,0,0,.958,11.84
105,2015,269,1815,22.85,19.99,0,0,.92,11.84
105,2015,269,1830,22.59,19.79,0,0,.88,11.82
105,2015,269,1845,22.31,19.69,0,0,.841,11.82
105,2015,269,1900,22.04,19.56,0,0,.803,11.82
105,2015,269,1915,21.78,19.46,0,0,.771,11.82
105,2015,269,1930,21.55,19.28,0,0,.74,11.82
105,2015,269,1945,21.32,19.21,0,0,.713,11.82
105,2015,269,2000,21.11,19.16,0,0,.688,11.82
105,2015,269,2015,20.91,19.03,0,0,.666,11.8
105,2015,269,2030,20.73,18.83,0,0,.646,11.8
105,2015,269,2045,20.56,18.74,0,0,.627,11.79
105,2015,269,2100,20.38,18.62,0,0,.61,11.79
105,2015,269,2115,20.21,18.45,0,0,.596,11.79
105,2015,269,2130,20.05,18.34,0,0,.584,11.79
105,2015,269,2145,19.9,18.28,0,0,.572,11.77
105,2015,269,2200,19.75,18.23,0,0,.561,11.76
105,2015,269,2215,19.62,18.16,0,0,.551,11.75
105,2015,269,2230,19.49,18.16,0,0,.543,11.74
105,2015,269,2245,19.38,18.1,0,0,.535,11.73
105,2015,269,2300,19.28,18,0,0,.527,11.74
105,2015,269,2315,19.18,18.03,0,0,.519,11.75
105,2015,269,2330,19.09,18.04,0,0,.513,11.75
105,2015,269,2345,19.01,17.99,0,0,.507,11.76
105,2015,270,0,18.94,17.96,0,0,.502,11.76
105,2015,270,15,18.87,17.94,0,0,.497,11.75
105,2015,270,30,18.82,17.87,0,0,.492,11.74
105,2015,270,45,18.76,17.78,0,0,.488,11.76
105,2015,270,100,18.69,17.69,0,0,.487,11.76
105,2015,270,115,18.62,17.71,0,0,.486,11.76
105,2015,270,130,18.55,17.55,0,0,.488,11.75
105,2015,270,145,18.48,17.61,0,0,.51,11.75
105,2015,270,200,18.4,17.47,0,0,.56,11.76
105,2015,270,215,18.32,17.3,0,0,.641,11.74
105,2015,270,230,18.22,17.23,0,0,.751,11.74
105,2015,270,245,18.11,17.21,0,0,.88,11.73
105,2015,270,300,18,17.23,0,0,1.017,11.72
105,2015,270,315,17.89,17.19,0,0,1.143,11.73
105,2015,270,330,17.79,17.36,0,0,1.243,11.72
105,2015,270,345,17.71,17.42,0,0,1.306,11.72
105,2015,270,400,17.65,17.49,0,0,1.334,11.73
105,2015,270,415,17.61,17.51,0,0,1.346,11.75
105,2015,270,430,17.59,17.59,0,0,1.347,11.74
105,2015,270,445,17.58,17.65,0,0,1.342,11.75
105,2015,270,500,17.58,17.73,0,0,1.335,11.76
105,2015,270,515,17.6,17.77,0,0,1.302,11.76
105,2015,270,530,17.63,17.8,0,0,1.259,11.76
105,2015,270,545,17.66,17.86,0,0,1.215,11.76
105,2015,270,600,17.7,17.95,0,0,1.17,11.75
105,2015,270,615,17.74,17.93,0,0,1.131,11.76
105,2015,270,630,17.78,17.91,0,0,1.093,11.76
105,2015,270,645,17.81,17.9,0,0,1.054,11.75
105,2015,270,700,17.85,17.81,0,0,1.016,11.75
105,2015,270,715,17.87,17.84,0,0,.97,11.76
105,2015,270,730,17.89,17.91,0,0,.923,11.76
105,2015,270,745,17.91,17.88,0,0,.877,11.76
105,2015,270,800,17.93,17.86,0,0,.835,11.76
105,2015,270,815,17.96,17.87,0,0,.797,11.75
105,2015,270,830,17.99,17.92,0,0,.769,11.75
105,2015,270,845,18.02,18.01,0,0,.741,11.77
105,2015,270,900,18.05,18.04,0,0,.715,11.79
105,2015,270,915,18.09,18.16,0,0,.692,11.79
105,2015,270,930,18.13,18.76,0,0,.67,11.79
105,2015,270,945,18.22,19.85,0,0,.65,11.81
105,2015,270,1000,18.41,20.15,0,0,.631,11.82
105,2015,270,1015,18.69,20.02,0,0,.614,11.82
105,2015,270,1030,18.98,20.21,0,0,.599,11.83
105,2015,270,1045,19.26,20.57,0,0,.587,11.83
105,2015,270,1100,19.55,21.43,0,0,.574,11.85
105,2015,270,1115,19.88,21.3,0,0,.563,11.86
105,2015,270,1130,20.22,22.85,0,0,.553,11.88
105,2015,270,1145,20.64,24.01,0,0,.544,11.9
105,2015,270,1200,21.19,24.74,0,0,.536,11.91
105,2015,270,1215,21.83,25.72,0,0,.528,11.93
105,2015,270,1230,22.53,26.01,0,0,.521,11.95
105,2015,270,1245,23.24,26.55,0,0,.515,11.96
105,2015,270,1300,23.94,27.16,0,0,.51,11.96
105,2015,270,1315,24.63,26.57,0,0,.507,11.96
105,2015,270,1330,25.24,25.26,0,0,.507,11.96
105,2015,270,1345,25.65,24.66,0,0,.508,11.96
105,2015,270,1400,25.88,24.91,0,0,.522,11.95
105,2015,270,1415,26.02,24.92,0,0,.564,11.96
105,2015,270,1430,26.12,24.89,0,0,.639,11.96
105,2015,270,1445,26.2,24.12,0,0,.749,11.96
105,2015,270,1500,26.2,23.63,0,0,.883,11.95
105,2015,270,1515,26.14,23.64,0,0,1.029,11.95
105,2015,270,1530,26.04,23.24,0,0,1.167,11.95
105,2015,270,1545,25.9,23.49,0,0,1.285,11.95
105,2015,270,1600,25.75,23.65,0,0,1.356,11.95
105,2015,270,1615,25.62,24.27,0,0,1.383,11.95
105,2015,270,1630,25.53,24.02,0,0,1.396,11.95
105,2015,270,1645,25.47,23.66,0,0,1.408,11.95
105,2015,270,1700,25.4,23.76,0,0,1.43,11.95
105,2015,270,1715,25.33,23.44,0,0,1.438,11.95
105,2015,270,1730,25.25,23.34,0,0,1.418,11.95
105,2015,270,1745,25.15,23.05,0,0,1.37,11.95
105,2015,270,1800,25.02,22.74,0,0,1.314,11.95
105,2015,270,1815,24.87,22.57,0,0,1.253,11.94
105,2015,270,1830,24.7,22.2,0,0,1.194,11.94
105,2015,270,1845,24.51,22.01,0,0,1.139,11.94
105,2015,270,1900,24.3,21.9,0,0,1.091,11.94
105,2015,270,1915,24.08,21.75,0,0,1.045,11.94
105,2015,270,1930,23.86,21.59,0,0,1.001,11.94
105,2015,270,1945,23.66,21.44,0,0,.956,11.94
105,2015,270,2000,23.44,21.13,0,0,.912,11.94
105,2015,270,2015,23.22,20.8,0,0,.868,11.93
105,2015,270,2030,22.98,20.61,0,0,.826,11.93
105,2015,270,2045,22.73,20.56,0,0,.79,11.93
105,2015,270,2100,22.48,20.78,0,0,.758,11.93
105,2015,270,2115,22.26,20.98,0,0,.728,11.93
105,2015,270,2130,22.1,20.97,0,0,.701,11.93
105,2015,270,2145,21.97,20.95,0,0,.678,11.93
105,2015,270,2200,21.88,20.89,0,0,.657,11.92
105,2015,270,2215,21.79,20.77,0,0,.638,11.91
105,2015,270,2230,21.71,20.72,0,0,.62,11.9
105,2015,270,2245,21.63,20.68,0,0,.604,11.89
105,2015,270,2300,21.57,20.64,0,0,.591,11.89
105,2015,270,2315,21.5,20.58,0,0,.579,11.89
105,2015,270,2330,21.45,20.46,0,0,.568,11.87
105,2015,270,2345,21.4,20.41,0,0,.558,11.86
105,2015,271,0,21.35,20.4,0,0,.549,11.87
105,2015,271,15,21.29,20.3,0,0,.542,11.88
105,2015,271,30,21.24,20.19,0,0,.534,11.89
105,2015,271,45,21.17,20.14,0,0,.528,11.89
105,2015,271,100,21.1,20.17,0,0,.52,11.9
105,2015,271,115,21.04,20.17,0,0,.514,11.91
105,2015,271,130,20.97,20.12,0,0,.509,11.9
105,2015,271,145,20.91,20.05,0,0,.503,11.91
105,2015,271,200,20.84,20.09,0,0,.501,11.92
105,2015,271,215,20.78,20.03,0,0,.498,11.92
105,2015,271,230,20.73,19.96,0,0,.497,11.91
105,2015,271,245,20.68,19.87,0,0,.498,11.89
105,2015,271,300,20.63,19.83,0,0,.505,11.89
105,2015,271,315,20.58,19.81,0,0,.534,11.9
105,2015,271,330,20.53,19.89,0,0,.581,11.89
105,2015,271,345,20.48,19.94,0,0,.651,11.89
105,2015,271,400,20.44,19.96,0,0,.744,11.9
105,2015,271,415,20.4,19.99,0,0,.847,11.9
105,2015,271,430,20.38,20.05,0,0,.957,11.9
105,2015,271,445,20.36,20.13,0,0,1.043,11.9
105,2015,271,500,20.34,20.2,0,0,1.087,11.9
105,2015,271,515,20.34,20.24,0,0,1.094,11.9
105,2015,271,530,20.34,20.28,0,0,1.089,11.89
105,2015,271,545,20.35,20.26,0,0,1.068,11.89
105,2015,271,600,20.35,20.2,0,0,1.039,11.89
105,2015,271,615,20.35,20.15,0,0,1.003,11.9
105,2015,271,630,20.35,20.17,0,0,.965,11.9
105,2015,271,645,20.34,20.23,0,0,.927,11.9
105,2015,271,700,20.34,20.29,0,0,.888,11.9
105,2015,271,715,20.33,20.24,0,0,.85,11.89
105,2015,271,730,20.33,20.28,0,0,.814,11.89
105,2015,271,745,20.33,20.31,0,0,.781,11.89
105,2015,271,800,20.34,20.43,0,0,.751,11.89
105,2015,271,815,20.36,20.58,0,0,.723,11.89
105,2015,271,830,20.4,20.75,0,0,.697,11.89
105,2015,271,845,20.47,21.02,0,0,.674,11.9
105,2015,271,900,20.56,21.27,0,0,.653,11.91
105,2015,271,915,20.68,21.54,0,0,.635,11.91
105,2015,271,930,20.83,21.85,0,0,.618,11.93
105,2015,271,945,21.01,21.52,0,0,.602,11.92
105,2015,271,1000,21.18,21.56,0,0,.59,11.92
105,2015,271,1015,21.33,21.79,0,0,.579,11.93
105,2015,271,1030,21.47,21.81,0,0,.568,11.93
105,2015,271,1045,21.61,22.38,0,0,.558,11.93
105,2015,271,1100,21.74,22.89,0,0,.549,11.94
105,2015,271,1115,21.95,23.76,0,0,.54,11.95
105,2015,271,1130,22.26,24.05,0,0,.532,11.96
105,2015,271,1145,22.68,24.45,0,0,.524,11.96
105,2015,271,1200,23.16,25.36,0,0,.518,11.96
105,2015,271,1215,23.67,26.6,0,0,.511,11.97
105,2015,271,1230,24.24,26.34,0,0,.506,11.98
105,2015,271,1245,24.75,26.51,0,0,.501,11.98
105,2015,271,1300,25.19,27.57,0,0,.495,11.99
105,2015,271,1315,25.64,27.85,0,0,.49,11.99
105,2015,271,1330,26.13,28.4,0,0,.485,11.99
105,2015,271,1345,26.62,28.51,0,0,.482,11.99
105,2015,271,1400,27.03,28.1,0,0,.478,11.99
105,2015,271,1415,27.36,28.36,0,0,.474,11.99
105,2015,271,1430,27.63,27.97,0,0,.471,11.99
105,2015,271,1445,27.83,27.63,0,0,.468,11.99
105,2015,271,1500,27.98,28.21,0,0,.464,12
105,2015,271,1515,28.14,27.79,0,0,.461,11.99
105,2015,271,1530,28.29,28.06,0,0,.459,11.99
105,2015,271,1545,28.4,27.62,0,0,.457,11.99
105,2015,271,1600,28.5,27.04,0,0,.456,11.99
105,2015,271,1615,28.56,27.24,0,0,.456,11.99
105,2015,271,1630,28.6,27.68,0,0,.456,11.98
105,2015,271,1645,28.62,27.27,0,0,.46,11.99
105,2015,271,1700,28.57,26.64,0,0,.488,11.98
105,2015,271,1715,28.47,26.25,0,0,.545,11.98
105,2015,271,1730,28.34,26.2,0,0,.616,11.98
105,2015,271,1745,28.22,25.87,0,0,.687,11.98
105,2015,271,1800,28.07,25.4,0,0,.751,11.98
105,2015,271,1815,27.84,25.07,0,0,.794,11.97
105,2015,271,1830,27.44,24.76,0,0,.8,11.97
105,2015,271,1845,27,23.99,0,0,.8,11.97
105,2015,271,1900,26.54,23.47,0,0,.785,11.96
105,2015,271,1915,26.08,23.36,0,0,.762,11.96
105,2015,271,1930,25.64,23.1,0,0,.737,11.96
105,2015,271,1945,25.21,22.66,0,0,.71,11.96
105,2015,271,2000,24.82,22.55,0,0,.687,11.95
105,2015,271,2015,24.46,22.32,0,0,.667,11.95
105,2015,271,2030,24.1,21.93,0,0,.648,11.95
105,2015,271,2045,23.75,21.87,0,0,.63,11.94
105,2015,271,2100,23.42,21.55,0,0,.614,11.94
105,2015,271,2115,23.14,21.79,0,0,.6,11.94
105,2015,271,2130,22.92,21.63,0,0,.588,11.94
105,2015,271,2145,22.71,21.29,0,0,.575,11.94
105,2015,271,2200,22.5,21.55,0,0,.565,11.93
105,2015,271,2215,22.32,21.56,0,0,.556,11.93
105,2015,271,2230,22.17,21.62,0,0,.547,11.93
105,2015,271,2245,22.06,21.67,0,0,.54,11.93
105,2015,271,2300,21.97,21.56,0,0,.532,11.93
105,2015,271,2315,21.87,21.48,0,0,.525,11.93
105,2015,271,2330,21.76,21.24,0,0,.518,11.93
105,2015,271,2345,21.63,21,0,0,.511,11.93
105,2015,272,0,21.49,20.92,0,0,.507,11.93
105,2015,272,15,21.36,20.72,0,0,.502,11.93
105,2015,272,30,21.22,20.74,0,0,.498,11.92
105,2015,272,45,21.08,20.44,0,0,.493,11.93
105,2015,272,100,20.93,20.21,0,0,.489,11.92
105,2015,272,115,20.81,20.58,0,0,.485,11.92
105,2015,272,130,20.74,20.77,0,0,.48,11.92
105,2015,272,145,20.71,20.82,0,0,.477,11.92
105,2015,272,200,20.7,20.73,0,0,.474,11.92
105,2015,272,215,20.69,20.74,0,0,.471,11.92
105,2015,272,230,20.68,20.94,0,0,.468,11.93
105,2015,272,245,20.69,20.94,0,0,.464,11.93
105,2015,272,300,20.7,20.96,0,0,.462,11.93
105,2015,272,315,20.68,20.77,0,0,.459,11.93
105,2015,272,330,20.66,20.87,0,0,.457,11.92
105,2015,272,345,20.63,20.69,0,0,.454,11.93
105,2015,272,400,20.59,20.51,0,0,.452,11.93
105,2015,272,415,20.55,20.7,0,0,.45,11.93
105,2015,272,430,20.52,20.72,0,0,.447,11.93
105,2015,272,445,20.51,21,0,0,.445,11.93
105,2015,272,500,20.52,20.94,0,0,.443,11.93
105,2015,272,515,20.52,20.79,0,0,.441,11.93
105,2015,272,530,20.51,20.83,0,0,.439,11.92
105,2015,272,545,20.49,20.9,0,0,.439,11.92
105,2015,272,600,20.49,20.88,0,0,.439,11.92
105,2015,272,615,20.5,20.99,0,0,.438,11.91
105,2015,272,630,20.52,21.36,0,0,.439,11.91
105,2015,272,645,20.58,21.4,0,0,.439,11.91
105,2015,272,700,20.65,21.13,0,0,.439,11.92
105,2015,272,715,20.67,21.23,0,0,.442,11.92
105,2015,272,730,20.71,21.17,0,0,.445,11.92
105,2015,272,745,20.75,21.65,0,0,.447,11.92
105,2015,272,800,20.83,21.92,0,0,.447,11.93
105,2015,272,815,20.96,22.44,0,0,.447,11.94
105,2015,272,830,21.2,23.37,0,0,.447,11.94
105,2015,272,845,21.49,23.54,0,0,.448,11.95
105,2015,272,900,21.77,23.87,0,0,.447,11.95
105,2015,272,915,22.07,24.24,0,0,.447,11.95
105,2015,272,930,22.36,24.51,0,0,.447,11.96
105,2015,272,945,22.65,25.17,0,0,.446,11.96
105,2015,272,1000,22.96,24.77,0,0,.445,11.96
105,2015,272,1015,23.21,25.45,0,0,.443,11.96
105,2015,272,1030,23.47,25.34,0,0,.441,11.97
105,2015,272,1045,23.7,25.59,0,0,.44,11.97
105,2015,272,1100,23.94,25.86,0,0,.437,11.97
105,2015,272,1115,24.18,26.33,0,0,.435,11.97
105,2015,272,1130,24.45,27.1,0,0,.432,11.98
105,2015,272,1145,24.83,28.48,0,0,.43,11.98
105,2015,272,1200,25.43,28.91,0,0,.427,11.99
105,2015,272,1215,25.98,28.5,0,0,.426,11.99
105,2015,272,1230,26.42,28.26,0,0,.425,11.99
105,2015,272,1245,26.74,28.23,0,0,.422,11.99
105,2015,272,1300,26.96,28.15,0,0,.421,11.99
105,2015,272,1315,27.13,28.07,0,0,.419,11.99
105,2015,272,1330,27.28,28.18,0,0,.418,11.99
105,2015,272,1345,27.4,28.27,0,0,.416,11.99
105,2015,272,1400,27.48,27.58,0,0,.415,11.99
105,2015,272,1415,27.5,27.36,0,0,.413,11.99
105,2015,272,1430,27.47,27.07,0,0,.412,11.99
105,2015,272,1445,27.44,26.77,0,0,.41,11.99
105,2015,272,1500,27.43,26.74,0,0,.409,11.98
105,2015,272,1515,27.44,26.17,0,0,.407,11.98
105,2015,272,1530,27.4,27.16,0,0,.406,11.98
105,2015,272,1545,27.31,26.19,0,0,.405,11.98
105,2015,272,1600,27.24,25.9,0,0,.404,11.98
105,2015,272,1615,27.16,25.85,0,0,.402,11.98
105,2015,272,1630,27.09,25.67,0,0,.4,11.98
105,2015,272,1645,27.01,25.49,0,0,.399,11.98
105,2015,272,1700,26.93,25.23,0,0,.398,11.98
105,2015,272,1715,26.82,25.07,0,0,.397,11.98
105,2015,272,1730,26.69,24.85,0,0,.397,11.98
105,2015,272,1745,26.56,24.73,0,0,.395,11.97
105,2015,272,1800,26.45,24.68,0,0,.396,11.97
105,2015,272,1815,26.33,29.73,0,0,.395,11.97
105,2015,272,1830,26.2,25.78,0,0,.397,11.97
105,2015,272,1845,26.05,24.91,0,0,.419,11.97
105,2015,272,1900,25.92,27.04,0,0,.462,11.96
105,2015,272,1915,25.83,28.83,0,0,.512,11.96
105,2015,272,1930,25.75,30.59,0,0,.564,11.96
105,2015,272,1945,25.67,30.28,0,0,.609,11.95
105,2015,272,2000,25.59,31.21,0,0,.636,11.95
105,2015,272,2015,25.51,28.43,0,0,.645,11.94
105,2015,272,2030,25.45,27.84,0,0,.649,11.94
105,2015,272,2045,25.39,29.76,0,0,.647,11.93
105,2015,272,2100,25.34,30.79,0,0,.646,11.93
105,2015,272,2115,25.31,30.89,0,0,.64,11.91
105,2015,272,2130,25.3,30.36,0,0,.636,11.91
105,2015,272,2145,25.28,28.16,0,0,.64,11.91
105,2015,272,2200,25.26,28.88,0,0,.659,11.89
105,2015,272,2215,25.24,28.14,0,0,.656,11.91
105,2015,272,2230,25.26,29.13,0,0,.646,11.91
105,2015,272,2245,25.29,28.43,0,0,.633,11.91
105,2015,272,2300,25.32,28.42,0,0,.622,11.92
105,2015,272,2315,25.35,29.16,0,0,.612,11.93
105,2015,272,2330,25.35,29.48,0,0,.601,11.93
105,2015,272,2345,25.36,28.06,0,0,.591,11.91
105,2015,273,0,25.35,29.15,0,0,.584,11.91
105,2015,273,15,25.33,29.49,0,0,.574,11.93
105,2015,273,30,25.29,29.23,0,0,.563,11.94
105,2015,273,45,25.23,29.68,0,0,.555,11.95
105,2015,273,100,25.17,29.58,0,0,.548,11.96
105,2015,273,115,25.12,29.5,0,0,.54,11.96
105,2015,273,130,25.05,30.45,0,0,.534,11.96
105,2015,273,145,24.98,30.81,0,0,.526,11.96
105,2015,273,200,24.92,31.98,0,0,.518,11.96
105,2015,273,215,24.88,32.86,0,0,.514,11.96
105,2015,273,230,24.84,33.96,0,0,.51,11.96
105,2015,273,245,24.8,33.33,0,0,.501,11.96
105,2015,273,300,24.78,33.19,0,0,.497,11.96
105,2015,273,315,24.78,32.33,0,0,.496,11.96
105,2015,273,330,24.77,32.28,0,0,.491,11.96
105,2015,273,345,24.77,32.07,0,0,.487,11.96
105,2015,273,400,24.78,32.59,0,0,.482,11.96
105,2015,273,415,24.78,32.6,0,0,.479,11.96
105,2015,273,430,24.79,32.33,0,0,.478,11.96
105,2015,273,445,24.8,32.15,0,0,.478,11.96
105,2015,273,500,24.8,31.35,0,0,.478,11.95
105,2015,273,515,24.79,30.96,0,0,.494,11.95
105,2015,273,530,24.78,31.94,0,0,.529,11.96
105,2015,273,545,24.73,31.03,0,0,.582,11.96
105,2015,273,600,24.69,31.24,0,0,.647,11.95
105,2015,273,615,24.66,30.63,0,0,.739,11.95
105,2015,273,630,24.62,29.39,0,0,.837,11.95
105,2015,273,645,24.49,28.76,0,0,.914,11.95
105,2015,273,700,24.35,28.21,0,0,.954,11.96
105,2015,273,715,24.21,26.53,0,0,.973,11.96
105,2015,273,730,24.11,26.65,0,0,.98,11.96
105,2015,273,745,24.04,25.2,0,0,.982,11.96
105,2015,273,800,23.99,29.26,0,0,.952,11.96
105,2015,273,815,23.96,26.61,0,0,.913,11.96
105,2015,273,830,23.96,25.73,0,0,.881,11.96
105,2015,273,845,23.97,30.04,0,0,.838,11.96
105,2015,273,900,24,31.12,0,0,.812,11.96
105,2015,273,915,24.02,31.41,0,0,.78,11.96
105,2015,273,930,24.06,30.79,0,0,.753,11.96
105,2015,273,945,24.14,28.12,0,0,.723,11.96
105,2015,273,1000,24.27,26.01,0,0,.7,11.96
105,2015,273,1015,24.44,25.94,0,0,.676,11.97
105,2015,273,1030,24.61,25.26,0,0,.656,11.96
105,2015,273,1045,24.72,24.98,0,0,.639,11.96
105,2015,273,1100,24.77,25.03,0,0,.621,11.96
105,2015,273,1115,24.79,25.29,0,0,.605,11.96
105,2015,273,1130,24.83,25.31,0,0,.594,11.96
105,2015,273,1145,24.89,25.03,0,0,.581,11.96
105,2015,273,1200,24.93,25.15,0,0,.568,11.96
105,2015,273,1215,24.96,25.27,0,0,.561,11.96
105,2015,273,1230,25.04,26.03,0,0,.55,11.96
105,2015,273,1245,25.2,25.64,0,0,.544,11.96
105,2015,273,1300,25.37,25.27,0,0,.535,11.97
105,2015,273,1315,25.47,25.3,0,0,.528,11.97
105,2015,273,1330,25.52,25.04,0,0,.523,11.97
105,2015,273,1345,25.53,24.74,0,0,.516,11.96
105,2015,273,1400,25.49,25.04,0,0,.511,11.96
105,2015,273,1415,25.43,24.74,0,0,.505,11.96
105,2015,273,1430,25.38,24.78,0,0,.502,11.96
105,2015,273,1445,25.33,24.1,0,0,.495,11.95
105,2015,273,1500,25.19,22.23,0,0,.494,11.88
105,2015,273,1515,24.9,22.1,0,0,.492,11.85
105,2015,273,1530,24.57,22.43,0,0,.486,11.85
105,2015,273,1545,24.31,22.34,0,0,.484,11.85
105,2015,273,1600,24.11,21.9,0,0,.478,11.85
105,2015,273,1615,23.9,21.69,0,0,.476,11.84
105,2015,273,1630,23.68,21.53,0,0,.474,11.83
105,2015,273,1645,23.46,21.42,0,0,.469,11.83
105,2015,273,1700,23.24,21.24,0,0,.467,11.83
105,2015,273,1715,23.03,21.13,0,0,.465,11.82
105,2015,273,1730,22.82,20.99,0,0,.463,11.82
105,2015,273,1745,22.6,20.86,0,0,.459,11.8
105,2015,273,1800,22.39,20.8,0,0,.458,11.78
105,2015,273,1815,22.23,20.62,0,0,.456,11.78
105,2015,273,1830,22.1,20.24,0,0,.456,11.79
105,2015,273,1845,22.03,20.19,0,0,.456,11.79
105,2015,273,1900,22.03,20.15,0,0,.459,11.79
105,2015,273,1915,22,19.99,0,0,.48,11.77
105,2015,273,1930,21.9,19.88,0,0,.513,11.76
105,2015,273,1945,21.8,19.83,0,0,.55,11.8
105,2015,273,2000,21.7,19.84,0,0,.582,11.8
105,2015,273,2015,21.6,19.82,0,0,.613,11.79
105,2015,273,2030,21.54,19.86,0,0,.637,11.8
105,2015,273,2045,21.5,19.89,0,0,.646,11.8
105,2015,273,2100,21.49,19.93,0,0,.647,11.81
105,2015,273,2115,21.49,19.87,0,0,.641,11.79
105,2015,273,2130,21.46,19.68,0,0,.626,11.74
105,2015,273,2145,21.39,19.04,0,0,.612,11.7
105,2015,273,2200,21.24,18.47,0,0,.6,11.68
105,2015,273,2215,21.02,18.15,0,0,.588,11.68
105,2015,273,2230,20.78,17.89,0,0,.575,11.64
105,2015,273,2245,20.52,17.63,0,0,.567,11.64
105,2015,273,2300,20.25,17.53,0,0,.557,11.62
105,2015,273,2315,20.02,17.55,0,0,.548,11.64
105,2015,273,2330,19.85,17.58,0,0,.54,11.67
105,2015,273,2345,19.72,17.58,0,0,.534,11.69
105,2015,274,0,19.62,17.58,0,0,.526,11.68
105,2015,274,15,19.55,17.55,0,0,.521,11.7
105,2015,274,30,19.49,17.55,0,0,.514,11.73
105,2015,274,45,19.45,17.5,0,0,.509,11.74
105,2015,274,100,19.41,17.47,0,0,.504,11.74
105,2015,274,115,19.36,17.41,0,0,.499,11.72
105,2015,274,130,19.29,17.17,0,0,.495,11.68
105,2015,274,145,19.2,16.95,0,0,.49,11.65
105,2015,274,200,19.1,16.7,0,0,.486,11.64
105,2015,274,215,18.98,16.34,0,0,.482,11.57
105,2015,274,230,18.8,16.19,0,0,.479,11.51
105,2015,274,245,18.61,16.24,0,0,.477,11.54
105,2015,274,300,18.44,16.27,0,0,.474,11.53
105,2015,274,315,18.29,16.24,0,0,.47,11.53
105,2015,274,330,18.15,16.23,0,0,.468,11.51
105,2015,274,345,18.04,16.18,0,0,.465,11.51
105,2015,274,400,17.91,16.11,0,0,.462,11.47
105,2015,274,415,17.79,16.2,0,0,.459,11.45
105,2015,274,430,17.68,16.35,0,0,.456,11.44
105,2015,274,445,17.59,16.33,0,0,.456,11.46
105,2015,274,500,17.51,16.39,0,0,.452,11.46
105,2015,274,515,17.44,16.3,0,0,.45,11.45
105,2015,274,530,17.38,16.28,0,0,.45,11.46
105,2015,274,545,17.33,16.21,0,0,.447,11.44
105,2015,274,600,17.26,16.08,0,0,.446,11.44
105,2015,274,615,17.19,16.05,0,0,.446,11.42
105,2015,274,630,17.11,15.99,0,0,.445,11.41
105,2015,274,645,17.05,15.96,0,0,.444,11.41
105,2015,274,700,16.99,15.95,0,0,.443,11.45
105,2015,274,715,16.96,15.95,0,0,.442,11.45
105,2015,274,730,16.93,16.01,0,0,.443,11.46
105,2015,274,745,16.9,16,0,0,.442,11.45
105,2015,274,800,16.88,16.03,0,0,.441,11.46
105,2015,274,815,16.86,16.03,0,0,.439,11.45
105,2015,274,830,16.86,16.04,0,0,.437,11.44
105,2015,274,845,16.87,16.03,0,0,.435,11.41
105,2015,274,900,16.87,16.14,0,0,.433,11.41
105,2015,274,915,16.89,16.19,0,0,.432,11.41
105,2015,274,930,16.91,16.17,0,0,.432,11.41
105,2015,274,945,16.94,16.14,0,0,.431,11.4
105,2015,274,1000,16.97,16.04,0,0,.429,11.41
105,2015,274,1015,17,15.95,0,0,.427,11.4
105,2015,274,1030,17.02,15.89,0,0,.426,11.39
105,2015,274,1045,17.01,15.76,0,0,.424,11.38
105,2015,274,1100,17,15.88,0,0,.424,11.38
105,2015,274,1115,17,15.67,0,0,.422,11.38
105,2015,274,1130,16.98,15.5,0,0,.422,11.38
105,2015,274,1145,16.94,15.3,0,0,.422,11.37
105,2015,274,1200,16.88,15.14,0,0,.422,11.37
105,2015,274,1215,16.81,15.26,0,0,.421,11.37
105,2015,274,1230,16.76,15.38,0,0,.421,11.37
105,2015,274,1245,16.75,15.32,0,0,.423,11.38
105,2015,274,1300,16.75,15.47,0,0,.42,11.39
105,2015,274,1315,16.78,15.41,0,0,.419,11.39
105,2015,274,1330,16.8,15.36,0,0,.418,11.4
105,2015,274,1345,16.8,15.18,0,0,.419,11.41
105,2015,274,1400,16.78,15.15,0,0,.417,11.4
105,2015,274,1415,16.74,15.01,0,0,.418,11.39
105,2015,274,1430,16.69,14.93,0,0,.415,11.39
105,2015,274,1445,16.63,14.86,0,0,.418,11.38
105,2015,274,1500,16.56,14.78,0,0,.42,11.38
105,2015,274,1515,16.49,14.78,0,0,.416,11.38
105,2015,274,1530,16.42,14.65,0,0,.415,11.39
105,2015,274,1545,16.33,14.93,0,0,.415,11.38
105,2015,274,1600,16.28,14.87,0,0,.414,11.4
105,2015,274,1615,16.25,14.84,0,0,.412,11.42
105,2015,274,1630,16.22,14.72,0,0,.412,11.41
105,2015,274,1645,16.2,14.78,0,0,.409,11.4
105,2015,274,1700,16.2,14.82,0,0,.41,11.4
105,2015,274,1715,16.21,14.76,0,0,.409,11.42
105,2015,274,1730,16.22,14.85,0,0,.406,11.45
105,2015,274,1745,16.24,14.84,0,0,.404,11.48
105,2015,274,1800,16.24,14.78,0,0,.405,11.44
105,2015,274,1815,16.22,14.8,0,0,.403,11.42
105,2015,274,1830,16.2,14.81,0,0,.401,11.41
105,2015,274,1845,16.19,14.65,0,0,.401,11.4
105,2015,274,1900,16.17,14.69,0,0,.399,11.41
105,2015,274,1915,16.17,14.8,0,0,.398,11.41
105,2015,274,1930,16.18,14.86,0,0,.397,11.41
105,2015,274,1945,16.19,14.79,0,0,.396,11.39
105,2015,274,2000,16.2,14.86,0,0,.394,11.41
105,2015,274,2015,16.22,14.98,0,0,.394,11.41
105,2015,274,2030,16.26,15.04,0,0,.392,11.41
105,2015,274,2045,16.31,15.09,0,0,.39,11.37
105,2015,274,2100,16.36,15.1,0,0,.39,11.37
105,2015,274,2115,16.41,15.07,0,0,.389,11.38
105,2015,274,2130,16.44,15.17,0,0,.389,11.39
105,2015,274,2145,16.48,15.21,0,0,.385,11.4
105,2015,274,2200,16.53,15.1,0,0,.386,11.41
105,2015,274,2215,16.56,15.08,0,0,.385,11.42
105,2015,274,2230,16.58,15.03,0,0,.384,11.41
105,2015,274,2245,16.58,14.92,0,0,.384,11.42
105,2015,274,2300,16.54,14.89,0,0,.383,11.4
105,2015,274,2315,16.5,14.93,0,0,.383,11.41
105,2015,274,2330,16.47,15.04,0,0,.382,11.43
105,2015,274,2345,16.46,15.07,0,0,.382,11.45
105,2015,275,0,16.44,15.05,0,0,.38,11.42
105,2015,275,15,16.42,15.09,0,0,.381,11.42
105,2015,275,30,16.42,15.13,0,0,.379,11.43
105,2015,275,45,16.42,15.07,0,0,.38,11.43
105,2015,275,100,16.42,14.91,0,0,.38,11.4
105,2015,275,115,16.38,14.88,0,0,.379,11.39
105,2015,275,130,16.35,14.8,0,0,.378,11.4
105,2015,275,145,16.33,15.03,0,0,.379,11.39
105,2015,275,200,16.3,14.85,0,0,.378,11.39
105,2015,275,215,16.27,14.78,0,0,.38,11.39
105,2015,275,230,16.24,14.72,0,0,.38,11.4
105,2015,275,245,16.21,14.64,0,0,.378,11.38
105,2015,275,300,16.18,14.6,0,0,.377,11.38
105,2015,275,315,16.15,14.58,0,0,.379,11.38
105,2015,275,330,16.12,14.51,0,0,.38,11.37
105,2015,275,345,16.08,14.6,0,0,.379,11.36
105,2015,275,400,16.04,14.45,0,0,.378,11.36
105,2015,275,415,16,14.44,0,0,.378,11.37
105,2015,275,430,15.97,14.39,0,0,.377,11.38
105,2015,275,445,15.95,14.36,0,0,.377,11.38
105,2015,275,500,15.93,14.42,0,0,.377,11.38
105,2015,275,515,15.9,14.29,0,0,.376,11.38
105,2015,275,530,15.87,14.1,0,0,.377,11.37
105,2015,275,545,15.81,13.9,0,0,.374,11.36
105,2015,275,600,15.73,13.82,0,0,.377,11.34
105,2015,275,615,15.65,13.71,0,0,.376,11.35
105,2015,275,630,15.55,13.66,0,0,.376,11.34
105,2015,275,645,15.46,13.63,0,0,.377,11.33
105,2015,275,700,15.37,13.6,0,0,.377,11.33
105,2015,275,715,15.29,13.43,0,0,.377,11.32
105,2015,275,730,15.22,13.34,0,0,.376,11.32
105,2015,275,745,15.14,13.28,0,0,.378,11.32
105,2015,275,800,15.05,13.2,0,0,.38,11.32
105,2015,275,815,14.97,13.13,0,0,.38,11.31
105,2015,275,830,14.89,13.05,0,0,.38,11.31
105,2015,275,845,14.81,13.01,0,0,.381,11.3
105,2015,275,900,14.73,13,0,0,.383,11.31
105,2015,275,915,14.67,12.99,0,0,.383,11.3
105,2015,275,930,14.61,12.89,0,0,.385,11.3
105,2015,275,945,14.54,12.96,0,0,.387,11.29
105,2015,275,1000,14.47,12.82,0,0,.392,11.29
105,2015,275,1015,14.41,12.89,0,0,.395,11.3
105,2015,275,1030,14.37,12.79,0,0,.4,11.3
105,2015,275,1045,14.32,12.89,0,0,.405,11.28
105,2015,275,1100,14.27,12.96,0,0,.407,11.29
105,2015,275,1115,14.21,12.82,0,0,.409,11.29
105,2015,275,1130,14.15,12.71,0,0,.41,11.29
105,2015,275,1145,14.08,12.6,0,0,.411,11.29
105,2015,275,1200,14.01,12.49,0,0,.414,11.29
105,2015,275,1215,13.94,12.59,0,0,.417,11.28
105,2015,275,1230,13.88,12.29,0,0,.414,11.29
105,2015,275,1245,13.83,12.21,0,0,.417,11.29
105,2015,275,1300,13.8,12.36,0,0,.419,11.29
105,2015,275,1315,13.78,12.24,0,0,.418,11.3
105,2015,275,1330,13.75,12.26,0,0,.418,11.29
105,2015,275,1345,13.72,12.4,0,0,.417,11.28
105,2015,275,1400,13.69,12.32,0,0,.417,11.27
105,2015,275,1415,13.67,12.4,0,0,.419,11.28
105,2015,275,1430,13.68,12.25,0,0,.417,11.29
105,2015,275,1445,13.67,12.19,0,0,.418,11.29
105,2015,275,1500,13.67,12.2,0,0,.419,11.3
105,2015,275,1515,13.65,12.15,0,0,.416,11.28
105,2015,275,1530,13.62,12.04,0,0,.417,11.28
105,2015,275,1545,13.59,12.11,0,0,.418,11.28
105,2015,275,1600,13.56,12.12,0,0,.418,11.28
105,2015,275,1615,13.53,12.14,0,0,.42,11.27
105,2015,275,1630,13.5,12.04,0,0,.419,11.28
105,2015,275,1645,13.48,12.05,0,0,.419,11.28
105,2015,275,1700,13.47,11.98,0,0,.418,11.29
105,2015,275,1715,13.47,12.04,0,0,.418,11.27
105,2015,275,1730,13.46,12.25,0,0,.417,11.27
105,2015,275,1745,13.44,12.08,0,0,.417,11.27
105,2015,275,1800,13.41,12.18,0,0,.419,11.26
105,2015,275,1815,13.38,11.88,0,0,.419,11.26
105,2015,275,1830,13.34,11.92,0,0,.42,11.26
105,2015,275,1845,13.33,11.92,0,0,.427,11.27
105,2015,275,1900,13.31,11.96,0,0,.454,11.26
105,2015,275,1915,13.31,11.9,0,0,.521,11.26
105,2015,275,1930,13.3,11.84,0,0,.646,11.26
105,2015,275,1945,13.3,11.73,0,0,.824,11.27
105,2015,275,2000,13.17,11.77,0,0,1.033,11.27
105,2015,275,2015,13.03,11.58,0,0,1.212,11.26
105,2015,275,2030,12.92,11.42,0,0,1.289,11.26
105,2015,275,2045,12.8,11.54,0,0,1.279,11.27
105,2015,275,2100,12.67,11.44,0,0,1.241,11.27
105,2015,275,2115,12.54,11.5,0,0,1.254,11.27
105,2015,275,2130,12.41,11.4,0,0,1.267,11.26
105,2015,275,2145,12.28,11.48,0,0,1.273,11.26
105,2015,275,2200,12.15,11.32,0,0,1.276,11.25
105,2015,275,2215,12.03,11.36,0,0,1.249,11.25
105,2015,275,2230,11.91,11.22,0,0,1.197,11.24
105,2015,275,2245,11.81,11.13,0,0,1.139,11.24
105,2015,275,2300,11.72,11.15,0,0,1.083,11.24
105,2015,275,2315,11.65,11.26,0,0,1.045,11.24
105,2015,275,2330,11.6,11.33,0,0,1.03,11.25
105,2015,275,2345,11.57,11.44,0,0,1.038,11.25
105,2015,276,0,11.56,11.5,0,0,1.048,11.26
105,2015,276,15,11.56,11.4,0,0,1.046,11.25
105,2015,276,30,11.56,11.29,0,0,1.017,11.25
105,2015,276,45,11.54,11.31,0,0,.981,11.24
105,2015,276,100,11.51,11.44,0,0,.942,11.24
105,2015,276,115,11.48,11.34,0,0,.905,11.23
105,2015,276,130,11.45,11.29,0,0,.867,11.23
105,2015,276,145,11.42,11.36,0,0,.826,11.23
105,2015,276,200,11.4,11.4,0,0,.792,11.23
105,2015,276,215,11.39,11.51,0,0,.765,11.23
105,2015,276,230,11.38,11.49,0,0,.741,11.23
105,2015,276,245,11.38,11.55,0,0,.72,11.23
105,2015,276,300,11.38,11.53,0,0,.7,11.24
105,2015,276,315,11.38,11.71,0,0,.685,11.25
105,2015,276,330,11.38,11.86,0,0,.672,11.25
105,2015,276,345,11.4,11.96,0,0,.659,11.25
105,2015,276,400,11.42,12.08,0,0,.651,11.25
105,2015,276,415,11.45,12,0,0,.64,11.25
105,2015,276,430,11.47,11.97,0,0,.636,11.26
105,2015,276,445,11.49,11.97,0,0,.628,11.26
105,2015,276,500,11.51,12,0,0,.62,11.26
105,2015,276,515,11.53,12.03,0,0,.613,11.25
105,2015,276,530,11.54,12,0,0,.605,11.25
105,2015,276,545,11.56,12.05,0,0,.601,11.25
105,2015,276,600,11.58,12.13,0,0,.601,11.25
105,2015,276,615,11.6,12.18,0,0,.601,11.25
105,2015,276,630,11.63,12.24,0,0,.612,11.25
105,2015,276,645,11.65,12.38,0,0,.634,11.25
105,2015,276,700,11.68,12.36,0,0,.666,11.25
105,2015,276,715,11.72,12.47,0,0,.702,11.25
105,2015,276,730,11.76,12.6,0,0,.753,11.25
105,2015,276,745,11.81,12.69,0,0,.814,11.25
105,2015,276,800,11.87,12.86,0,0,.888,11.26
105,2015,276,815,11.95,12.92,0,0,.962,11.25
105,2015,276,830,12.04,13.05,0,0,1.026,11.25
105,2015,276,845,12.12,13.04,0,0,1.078,11.26
105,2015,276,900,12.22,13.16,0,0,1.128,11.26
105,2015,276,915,12.33,13.24,0,0,1.16,11.26
105,2015,276,930,12.44,13.34,0,0,1.158,11.26
105,2015,276,945,12.55,13.33,0,0,1.139,11.26
105,2015,276,1000,12.66,13.48,0,0,1.117,11.27
105,2015,276,1015,12.76,13.66,0,0,1.11,11.28
105,2015,276,1030,12.87,13.76,0,0,1.107,11.28
105,2015,276,1045,12.98,14.09,0,0,1.094,11.29
105,2015,276,1100,13.09,14.27,0,0,1.081,11.3
105,2015,276,1115,13.2,14.31,0,0,1.063,11.31
105,2015,276,1130,13.33,14.49,0,0,1.031,11.31
105,2015,276,1145,13.47,14.85,0,0,.991,11.31
105,2015,276,1200,13.64,15.24,0,0,.948,11.33
105,2015,276,1215,13.84,15.32,0,0,.911,11.33
105,2015,276,1230,14.05,15.46,0,0,.871,11.34
105,2015,276,1245,14.26,15.44,0,0,.84,11.35
105,2015,276,1300,14.44,15.44,0,0,.827,11.36
105,2015,276,1315,14.59,15.5,0,0,.822,11.35
105,2015,276,1330,14.73,15.6,0,0,.806,11.34
105,2015,276,1345,14.87,15.47,0,0,.784,11.35
105,2015,276,1400,14.97,15.39,0,0,.762,11.32
105,2015,276,1415,15.05,15.57,0,0,.739,11.32
105,2015,276,1430,15.11,15.75,0,0,.711,11.35
105,2015,276,1445,15.17,15.69,0,0,.693,11.35
105,2015,276,1500,15.22,15.9,0,0,.672,11.36
105,2015,276,1515,15.28,16.07,0,0,.656,11.39
105,2015,276,1530,15.34,16.16,0,0,.637,11.4
105,2015,276,1545,15.4,16.2,0,0,.621,11.38
105,2015,276,1600,15.46,16.25,0,0,.61,11.42
105,2015,276,1615,15.51,16.19,0,0,.597,11.41
105,2015,276,1630,15.56,16.14,0,0,.585,11.38
105,2015,276,1645,15.62,16.12,0,0,.577,11.38
105,2015,276,1700,15.67,16,0,0,.566,11.38
105,2015,276,1715,15.7,15.93,0,0,.56,11.39
105,2015,276,1730,15.72,15.86,0,0,.557,11.38
105,2015,276,1745,15.72,15.69,0,0,.556,11.36
105,2015,276,1800,15.71,15.63,0,0,.555,11.37
105,2015,276,1815,15.69,15.63,0,0,.557,11.35
105,2015,276,1830,15.66,15.47,0,0,.566,11.34
105,2015,276,1845,15.63,15.35,0,0,.59,11.35
105,2015,276,1900,15.59,15.28,0,0,.626,11.33
105,2015,276,1915,15.54,15.29,0,0,.685,11.34
105,2015,276,1930,15.5,15.2,0,0,.785,11.33
105,2015,276,1945,15.45,15.19,0,0,.905,11.33
105,2015,276,2000,15.4,15.23,0,0,1.026,11.33
105,2015,276,2015,15.35,15.15,0,0,1.128,11.34
105,2015,276,2030,15.3,15.08,0,0,1.223,11.34
105,2015,276,2045,15.25,14.99,0,0,1.326,11.33
105,2015,276,2100,15.2,14.98,0,0,1.414,11.33
105,2015,276,2115,15.16,14.96,0,0,1.47,11.34
105,2015,276,2130,15.12,14.89,0,0,1.505,11.34
105,2015,276,2145,15.07,14.86,0,0,1.539,11.34
105,2015,276,2200,15.03,14.85,0,0,1.558,11.34
105,2015,276,2215,14.99,14.71,0,0,1.568,11.35
105,2015,276,2230,14.94,14.71,0,0,1.578,11.35
105,2015,276,2245,14.89,14.59,0,0,1.569,11.36
105,2015,276,2300,14.84,14.61,0,0,1.547,11.37
105,2015,276,2315,14.8,14.63,0,0,1.504,11.39
105,2015,276,2330,14.76,14.61,0,0,1.474,11.37
105,2015,276,2345,14.72,14.65,0,0,1.459,11.35
105,2015,277,0,14.7,14.64,0,0,1.443,11.36
105,2015,277,15,14.69,14.65,0,0,1.422,11.37
105,2015,277,30,14.68,14.67,0,0,1.405,11.36
105,2015,277,45,14.68,14.67,0,0,1.386,11.35
105,2015,277,100,14.68,14.6,0,0,1.359,11.37
105,2015,277,115,14.67,14.47,0,0,1.319,11.38
105,2015,277,130,14.66,14.54,0,0,1.269,11.38
105,2015,277,145,14.65,14.45,0,0,1.222,11.37
105,2015,277,200,14.62,14.21,0,0,1.183,11.43
105,2015,277,215,14.57,14.28,0,0,1.144,11.43
105,2015,277,230,14.51,14.29,0,0,1.128,11.44
105,2015,277,245,14.46,14.23,0,0,1.11,11.43
105,2015,277,300,14.42,14.3,0,0,1.077,11.42
105,2015,277,315,14.38,14.31,0,0,1.033,11.41
105,2015,277,330,14.34,14.3,0,0,.988,11.43
105,2015,277,345,14.31,14.15,0,0,.956,11.42
105,2015,277,400,14.27,14.03,0,0,.929,11.39
105,2015,277,415,14.24,14.02,0,0,.902,11.39
105,2015,277,430,14.2,14.05,0,0,.879,11.42
105,2015,277,445,14.16,14.11,0,0,.848,11.39
105,2015,277,500,14.13,14.25,0,0,.823,11.41
105,2015,277,515,14.11,14.27,0,0,.8,11.43
105,2015,277,530,14.1,14.36,0,0,.789,11.46
105,2015,277,545,14.09,14.28,0,0,.794,11.48
105,2015,277,600,14.09,14.31,0,0,.83,11.46
105,2015,277,615,14.1,14.47,0,0,.886,11.44
105,2015,277,630,14.11,14.57,0,0,.937,11.44
105,2015,277,645,14.14,14.6,0,0,.987,11.45
105,2015,277,700,14.17,14.62,0,0,1.038,11.46
105,2015,277,715,14.21,14.6,0,0,1.103,11.45
105,2015,277,730,14.24,14.64,0,0,1.18,11.43
105,2015,277,745,14.28,14.62,0,0,1.251,11.42
105,2015,277,800,14.31,14.63,0,0,1.309,11.39
105,2015,277,815,14.34,14.66,0,0,1.384,11.4
105,2015,277,830,14.37,14.68,0,0,1.464,11.39
105,2015,277,845,14.41,14.71,0,0,1.542,11.36
105,2015,277,900,14.45,14.67,0,0,1.579,11.36
105,2015,277,915,14.48,14.76,0,0,1.585,11.35
105,2015,277,930,14.51,14.76,0,0,1.603,11.35
105,2015,277,945,14.54,14.84,0,0,1.613,11.36
105,2015,277,1000,14.58,14.89,0,0,1.63,11.37
105,2015,277,1015,14.63,15.07,0,0,1.655,11.34
105,2015,277,1030,14.68,15.31,0,0,1.681,11.38
105,2015,277,1045,14.75,15.43,0,0,1.706,11.39
105,2015,277,1100,14.83,15.46,0,0,1.718,11.42
105,2015,277,1115,14.93,15.67,0,0,1.707,11.43
105,2015,277,1130,15.02,15.67,0,0,1.681,11.49
105,2015,277,1145,15.11,15.65,0,0,1.624,11.5
105,2015,277,1200,15.2,15.83,0,0,1.564,11.5
105,2015,277,1215,15.3,15.97,0,0,1.523,11.46
105,2015,277,1230,15.39,15.97,0,0,1.495,11.47
105,2015,277,1245,15.48,16.17,0,0,1.509,11.53
105,2015,277,1300,15.57,16.08,0,0,1.546,11.53
105,2015,277,1315,15.66,16.2,0,0,1.532,11.51
105,2015,277,1330,15.74,16.37,0,0,1.476,11.55
105,2015,277,1345,15.83,16.01,0,0,1.408,11.52
105,2015,277,1400,15.9,16.08,0,0,1.339,11.51
105,2015,277,1415,15.96,16.28,0,0,1.275,11.49
105,2015,277,1430,16.02,16.27,0,0,1.248,11.55
105,2015,277,1445,16.09,16.38,0,0,1.244,11.56
105,2015,277,1500,16.16,16.23,0,0,1.235,11.58
105,2015,277,1515,16.21,16.09,0,0,1.205,11.58
105,2015,277,1530,16.25,16.14,0,0,1.162,11.59
105,2015,277,1545,16.27,15.98,0,0,1.112,11.53
105,2015,277,1600,16.28,15.95,0,0,1.065,11.5
105,2015,277,1615,16.27,15.97,0,0,1.038,11.53
105,2015,277,1630,16.25,15.85,0,0,1.036,11.53
105,2015,277,1645,16.23,15.5,0,0,1.055,11.46
105,2015,277,1700,16.17,15.49,0,0,1.065,11.41
105,2015,277,1715,16.1,15.3,0,0,1.078,11.4
105,2015,277,1730,16.02,15.34,0,0,1.091,11.41
105,2015,277,1745,15.93,15.39,0,0,1.096,11.4
105,2015,277,1800,15.86,15.4,0,0,1.11,11.45
105,2015,277,1815,15.8,15.18,0,0,1.141,11.41
105,2015,277,1830,15.73,15.17,0,0,1.199,11.4
105,2015,277,1845,15.65,15.14,0,0,1.27,11.42
105,2015,277,1900,15.57,15.11,0,0,1.333,11.43
105,2015,277,1915,15.49,15.1,0,0,1.366,11.4
105,2015,277,1930,15.41,15.08,0,0,1.411,11.42
105,2015,277,1945,15.33,15.07,0,0,1.484,11.39
105,2015,277,2000,15.26,15.01,0,0,1.543,11.38
105,2015,277,2015,15.19,15.02,0,0,1.564,11.38
105,2015,277,2030,15.13,15,0,0,1.593,11.38
105,2015,277,2045,15.07,14.93,0,0,1.639,11.39
105,2015,277,2100,15.01,14.91,0,0,1.701,11.4
105,2015,277,2115,14.95,14.85,0,0,1.772,11.41
105,2015,277,2130,14.88,14.82,0,0,1.836,11.42
105,2015,277,2145,14.82,14.78,0,0,1.863,11.44
105,2015,277,2200,14.77,14.73,0,0,1.867,11.46
105,2015,277,2215,14.72,14.67,0,0,1.885,11.49
105,2015,277,2230,14.67,14.65,0,0,1.905,11.49
105,2015,277,2245,14.63,14.62,0,0,1.931,11.49
105,2015,277,2300,14.6,14.6,0,0,1.948,11.48
105,2015,277,2315,14.57,14.5,0,0,1.946,11.49
105,2015,277,2330,14.54,14.42,0,0,1.94,11.52
105,2015,277,2345,14.52,14.4,0,0,1.926,11.52
105,2015,278,0,14.49,14.31,0,0,1.902,11.54
105,2015,278,15,14.45,14.25,0,0,1.881,11.54
105,2015,278,30,14.42,14.21,0,0,1.856,11.54
105,2015,278,45,14.39,14.21,0,0,1.835,11.56
105,2015,278,100,14.35,14.17,0,0,1.804,11.49
105,2015,278,115,14.33,14.13,0,0,1.776,11.48
105,2015,278,130,14.3,14.08,0,0,1.754,11.42
105,2015,278,145,14.27,14.01,0,0,1.738,11.41
105,2015,278,200,14.24,13.97,0,0,1.708,11.39
105,2015,278,215,14.21,13.93,0,0,1.681,11.38
105,2015,278,230,14.17,13.88,0,0,1.637,11.39
105,2015,278,245,14.14,13.82,0,0,1.6,11.38
105,2015,278,300,14.11,13.79,0,0,1.571,11.39
105,2015,278,315,14.07,13.7,0,0,1.554,11.37
105,2015,278,330,14.03,13.62,0,0,1.532,11.37
105,2015,278,345,13.99,13.56,0,0,1.486,11.37
105,2015,278,400,13.95,13.5,0,0,1.44,11.36
105,2015,278,415,13.9,13.52,0,0,1.4,11.36
105,2015,278,430,13.85,13.53,0,0,1.368,11.36
105,2015,278,445,13.81,13.51,0,0,1.347,11.35
105,2015,278,500,13.77,13.51,0,0,1.331,11.35
105,2015,278,515,13.74,13.2,0,0,1.305,11.36
105,2015,278,530,13.7,13.08,0,0,1.266,11.36
105,2015,278,545,13.67,13.18,0,0,1.226,11.36
105,2015,278,600,13.63,12.88,0,0,1.195,11.36
105,2015,278,615,13.57,12.47,0,0,1.185,11.33
105,2015,278,630,13.5,12.32,0,0,1.202,11.31
105,2015,278,645,13.4,12.2,0,0,1.221,11.31
105,2015,278,700,13.28,12.05,0,0,1.224,11.31
105,2015,278,715,13.16,11.88,0,0,1.222,11.32
105,2015,278,730,13.02,11.64,0,0,1.23,11.32
105,2015,278,745,12.87,11.56,0,0,1.256,11.31
105,2015,278,800,12.71,11.71,0,0,1.292,11.3
105,2015,278,815,12.56,12.15,0,0,1.333,11.31
105,2015,278,830,12.47,13.27,0,0,1.364,11.31
105,2015,278,845,12.48,12.87,0,0,1.385,11.31
105,2015,278,900,12.56,13.47,0,0,1.4,11.32
105,2015,278,915,12.68,15.38,0,0,1.425,11.35
105,2015,278,930,12.94,15.85,0,0,1.445,11.36
105,2015,278,945,13.33,16.04,0,0,1.452,11.36
105,2015,278,1000,13.77,16.82,0,0,1.451,11.4
105,2015,278,1015,14.24,17.3,0,0,1.46,11.49
105,2015,278,1030,14.75,18.51,0,0,1.489,11.63
105,2015,278,1045,15.31,17.04,0,0,1.532,11.67
105,2015,278,1100,15.79,16.84,0,0,1.563,11.66
105,2015,278,1115,16.14,18.23,0,0,1.574,11.64
105,2015,278,1130,16.47,19.01,0,0,1.549,11.71
105,2015,278,1145,16.91,19.88,0,0,1.498,11.75
105,2015,278,1200,17.42,20.52,0,0,1.461,11.77
105,2015,278,1215,17.98,18.81,0,0,1.445,11.75
105,2015,278,1230,18.39,17.34,0,0,1.448,11.65
105,2015,278,1245,18.57,19.51,0,0,1.457,11.66
105,2015,278,1300,18.76,19.13,0,0,1.442,11.72
105,2015,278,1315,18.98,19.18,0,0,1.402,11.7
105,2015,278,1330,19.16,20.13,0,0,1.351,11.73
105,2015,278,1345,19.37,20.34,0,0,1.301,11.75
105,2015,278,1400,19.61,19.62,0,0,1.257,11.76
105,2015,278,1415,19.8,19.75,0,0,1.23,11.74
105,2015,278,1430,19.94,19.79,0,0,1.226,11.74
105,2015,278,1445,20.04,19.65,0,0,1.209,11.75
105,2015,278,1500,20.13,18.88,0,0,1.165,11.75
105,2015,278,1515,20.15,18.48,0,0,1.116,11.7
105,2015,278,1530,20.06,17.79,0,0,1.061,11.67
105,2015,278,1545,19.88,17.72,0,0,1.01,11.64
105,2015,278,1600,19.65,17.38,0,0,.971,11.64
105,2015,278,1615,19.4,17.62,0,0,.951,11.62
105,2015,278,1630,19.17,17.58,0,0,.938,11.63
105,2015,278,1645,18.95,17.26,0,0,.919,11.63
105,2015,278,1700,18.74,17.21,0,0,.89,11.6
105,2015,278,1715,18.53,17.02,0,0,.857,11.59
105,2015,278,1730,18.32,16.87,0,0,.825,11.58
105,2015,278,1745,18.11,16.76,0,0,.797,11.55
105,2015,278,1800,17.91,16.45,0,0,.783,11.56
105,2015,278,1815,17.7,16.08,0,0,.782,11.61
105,2015,278,1830,17.49,15.85,0,0,.787,11.59
105,2015,278,1845,17.27,14.91,0,0,.799,11.63
105,2015,278,1900,17.02,14.36,0,0,.807,11.65
105,2015,278,1915,16.74,13.96,0,0,.816,11.62
105,2015,278,1930,16.45,13.44,0,0,.834,11.61
105,2015,278,1945,16.13,13.18,0,0,.872,11.58
105,2015,278,2000,15.8,12.88,0,0,.939,11.56
105,2015,278,2015,15.46,12.74,0,0,1.036,11.53
105,2015,278,2030,15.13,12.7,0,0,1.146,11.51
105,2015,278,2045,14.8,12.54,0,0,1.24,11.48
105,2015,278,2100,14.49,12.43,0,0,1.298,11.5
105,2015,278,2115,14.2,12.34,0,0,1.334,11.5
105,2015,278,2130,13.92,12.18,0,0,1.382,11.48
105,2015,278,2145,13.66,12.09,0,0,1.46,11.48
105,2015,278,2200,13.41,11.89,0,0,1.551,11.47
105,2015,278,2215,13.17,11.77,0,0,1.642,11.47
105,2015,278,2230,12.94,11.66,0,0,1.707,11.47
105,2015,278,2245,12.73,11.67,0,0,1.738,11.46
105,2015,278,2300,12.52,11.54,0,0,1.756,11.46
105,2015,278,2315,12.33,11.52,0,0,1.784,11.45
105,2015,278,2330,12.14,11.44,0,0,1.824,11.42
105,2015,278,2345,11.98,11.37,0,0,1.869,11.41
105,2015,279,0,11.83,11.29,0,0,1.9,11.4
105,2015,279,15,11.68,11.15,0,0,1.91,11.39
105,2015,279,30,11.54,11.16,0,0,1.899,11.38
105,2015,279,45,11.41,11.01,0,0,1.857,11.38
105,2015,279,100,11.27,10.84,0,0,1.814,11.39
105,2015,279,115,11.14,10.69,0,0,1.776,11.37
105,2015,279,130,11.01,10.69,0,0,1.757,11.36
105,2015,279,145,10.89,10.62,0,0,1.746,11.35
105,2015,279,200,10.76,10.55,0,0,1.74,11.36
105,2015,279,215,10.62,10.64,0,0,1.701,11.35
105,2015,279,230,10.48,10.71,0,0,1.647,11.35
105,2015,279,245,10.35,10.74,0,0,1.6,11.35
105,2015,279,300,10.24,10.68,0,0,1.563,11.35
105,2015,279,315,10.12,10.63,0,0,1.528,11.34
105,2015,279,330,10.01,10.7,0,0,1.475,11.35
105,2015,279,345,9.91,10.6,0,0,1.429,11.35
105,2015,279,400,9.81,10.34,0,0,1.383,11.35
105,2015,279,415,9.7,10.8,0,0,1.338,11.35
105,2015,279,430,9.6,10.68,0,0,1.286,11.34
105,2015,279,445,9.52,10.64,0,0,1.242,11.32
105,2015,279,500,9.45,10.44,0,0,1.197,11.32
105,2015,279,515,9.39,10.16,0,0,1.155,11.32
105,2015,279,530,9.31,10.13,0,0,1.111,11.32
105,2015,279,545,9.22,10.4,0,0,1.067,11.33
105,2015,279,600,9.13,10.58,0,0,1.026,11.32
105,2015,279,615,9.05,10.52,0,0,.99,11.31
105,2015,279,630,9,10.47,0,0,.959,11.3
105,2015,279,645,8.96,10.32,0,0,.93,11.3
105,2015,279,700,8.91,10.38,0,0,.909,11.3
105,2015,279,715,8.87,10.26,0,0,.89,11.29
105,2015,279,730,8.84,9.67,0,0,.885,11.3
105,2015,279,745,8.8,10.38,0,0,.886,11.3
105,2015,279,800,8.79,11.64,0,0,.886,11.3
105,2015,279,815,8.91,12.69,0,0,.886,11.3
105,2015,279,830,9.22,13.39,0,0,.885,11.32
105,2015,279,845,9.7,14.29,0,0,.895,11.36
105,2015,279,900,10.33,15.41,0,0,.918,11.37
105,2015,279,915,11.08,16.54,0,0,.962,11.45
105,2015,279,930,11.92,17.93,0,0,1.012,11.57
105,2015,279,945,12.85,19.25,0,0,1.064,11.67
105,2015,279,1000,13.79,20.52,0,0,1.103,11.75
105,2015,279,1015,14.7,21.19,0,0,1.133,11.8
105,2015,279,1030,15.57,21.77,0,0,1.155,11.82
105,2015,279,1045,16.41,22.2,0,0,1.172,11.84
105,2015,279,1100,17.22,23.22,0,0,1.193,11.85
105,2015,279,1115,18,23.61,0,0,1.217,11.88
105,2015,279,1130,18.76,24.08,0,0,1.247,11.9
105,2015,279,1145,23.86,23.88,0,0,1.27,11.86
105,2015,279,1200,32.71,24.88,0,0,1.284,11.8
105,2015,279,1215,32.2,26.13,0,0,1.289,11.79
105,2015,279,1230,29.26,25.17,0,0,1.282,11.88
105,2015,279,1245,27.98,24.18,0,0,1.256,11.92
105,2015,279,1300,27.28,24.07,0,0,1.236,11.92
105,2015,279,1315,26.87,24.27,0,0,1.218,11.92
105,2015,279,1330,26.63,24.66,0,0,1.202,11.93
105,2015,279,1345,26.49,24.6,0,0,1.185,11.93
105,2015,279,1400,26.42,23.94,0,0,1.155,11.91
105,2015,279,1415,26.35,25.3,0,0,1.12,11.92
105,2015,279,1430,26.34,25.36,0,0,1.079,11.94
105,2015,279,1445,26.36,24.84,0,0,1.035,11.95
105,2015,279,1500,26.36,22.77,0,0,.99,11.94
105,2015,279,1515,26.23,21.76,0,0,.947,11.91
105,2015,279,1530,25.91,20.69,0,0,.909,11.87
105,2015,279,1545,25.47,20.17,0,0,.873,11.85
105,2015,279,1600,24.96,20.04,0,0,.839,11.85
105,2015,279,1615,24.42,19.74,0,0,.809,11.83
105,2015,279,1630,23.88,19.42,0,0,.781,11.81
105,2015,279,1645,23.36,19.07,0,0,.756,11.8
105,2015,279,1700,22.86,18.55,0,0,.732,11.8
105,2015,279,1715,22.37,18.72,0,0,.708,11.8
105,2015,279,1730,21.91,18.34,0,0,.689,11.8
105,2015,279,1745,21.5,18.03,0,0,.671,11.79
105,2015,279,1800,21.11,17.68,0,0,.655,11.79
105,2015,279,1815,20.73,17.38,0,0,.639,11.79
105,2015,279,1830,20.37,16.85,0,0,.626,11.77
105,2015,279,1845,20,16.36,0,0,.613,11.75
105,2015,279,1900,19.62,15.95,0,0,.602,11.74
105,2015,279,1915,19.24,15.67,0,0,.591,11.74
105,2015,279,1930,18.87,15.29,0,0,.583,11.74
105,2015,279,1945,18.51,15.23,0,0,.573,11.74
105,2015,279,2000,18.16,14.83,0,0,.565,11.73
105,2015,279,2015,17.82,14.91,0,0,.559,11.72
105,2015,279,2030,17.49,14.24,0,0,.552,11.71
105,2015,279,2045,17.17,13.92,0,0,.547,11.69
105,2015,279,2100,16.85,13.82,0,0,.543,11.69
105,2015,279,2115,16.54,13.56,0,0,.541,11.68
105,2015,279,2130,16.23,13.33,0,0,.541,11.67
105,2015,279,2145,15.93,13.16,0,0,.541,11.65
105,2015,279,2200,15.66,13.52,0,0,.553,11.66
105,2015,279,2215,15.4,13.83,0,0,.582,11.66
105,2015,279,2230,15.17,13.42,0,0,.63,11.66
105,2015,279,2245,14.96,13.23,0,0,.695,11.66
105,2015,279,2300,14.75,13.69,0,0,.777,11.66
105,2015,279,2315,14.57,13.92,0,0,.869,11.65
105,2015,279,2330,14.43,13.75,0,0,.972,11.64
105,2015,279,2345,14.31,13.71,0,0,1.069,11.65
105,2015,280,0,14.18,13.72,0,0,1.153,11.65
105,2015,280,15,14.06,13.59,0,0,1.22,11.65
105,2015,280,30,13.95,13.7,0,0,1.26,11.64
105,2015,280,45,13.86,13.69,0,0,1.276,11.64
105,2015,280,100,13.77,13.64,0,0,1.287,11.64
105,2015,280,115,13.7,13.73,0,0,1.293,11.64
105,2015,280,130,13.64,13.6,0,0,1.29,11.64
105,2015,280,145,13.59,13.67,0,0,1.283,11.65
105,2015,280,200,13.54,13.78,0,0,1.263,11.65
105,2015,280,215,13.5,13.62,0,0,1.237,11.64
105,2015,280,230,13.45,13.79,0,0,1.204,11.63
105,2015,280,245,13.4,13.33,0,0,1.168,11.63
105,2015,280,300,13.35,13.28,0,0,1.13,11.63
105,2015,280,315,13.3,13.87,0,0,1.088,11.63
105,2015,280,330,13.25,13.96,0,0,1.051,11.62
105,2015,280,345,13.23,13.54,0,0,1.01,11.62
105,2015,280,400,13.21,13.34,0,0,.969,11.62
105,2015,280,415,13.18,13.33,0,0,.929,11.62
105,2015,280,430,13.16,13.71,0,0,.89,11.63
105,2015,280,445,13.15,13.52,0,0,.851,11.63
105,2015,280,500,13.15,13.98,0,0,.817,11.64
105,2015,280,515,13.17,14.17,0,0,.787,11.65
105,2015,280,530,13.22,14.28,0,0,.761,11.66
105,2015,280,545,13.3,14.44,0,0,.736,11.68
105,2015,280,600,13.38,14.34,0,0,.712,11.67
105,2015,280,615,13.45,13.94,0,0,.692,11.65
105,2015,280,630,13.49,13.95,0,0,.673,11.65
105,2015,280,645,13.52,13.83,0,0,.656,11.65
105,2015,280,700,13.53,14.05,0,0,.642,11.63
105,2015,280,715,13.53,13.91,0,0,.627,11.6
105,2015,280,730,13.52,14.37,0,0,.615,11.59
105,2015,280,745,13.51,14.5,0,0,.603,11.62
105,2015,280,800,13.54,14.75,0,0,.592,11.62
105,2015,280,815,13.61,15,0,0,.584,11.64
105,2015,280,830,13.73,15.6,0,0,.574,11.66
105,2015,280,845,13.9,15.61,0,0,.566,11.69
105,2015,280,900,14.09,15.86,0,0,.558,11.69
105,2015,280,915,14.29,16.17,0,0,.552,11.71
105,2015,280,930,14.51,16.49,0,0,.545,11.74
105,2015,280,945,14.74,16.86,0,0,.539,11.75
105,2015,280,1000,15,17.23,0,0,.534,11.76
105,2015,280,1015,15.28,17.59,0,0,.528,11.77
105,2015,280,1030,15.58,17.79,0,0,.523,11.78
105,2015,280,1045,15.87,17.94,0,0,.518,11.79
105,2015,280,1100,16.17,18.1,0,0,.514,11.79
105,2015,280,1115,16.49,18.42,0,0,.51,11.79
105,2015,280,1130,16.96,19.07,0,0,.507,11.8
105,2015,280,1145,17.55,19.72,0,0,.506,11.82
105,2015,280,1200,18.13,20.34,0,0,.506,11.84
105,2015,280,1215,18.71,21.07,0,0,.506,11.86
105,2015,280,1230,19.27,21.96,0,0,.506,11.87
105,2015,280,1245,19.82,22.45,0,0,.506,11.88
105,2015,280,1300,20.37,23.86,0,0,.512,11.9
105,2015,280,1315,20.98,24.88,0,0,.522,11.92
105,2015,280,1330,21.63,25.79,0,0,.535,11.94
105,2015,280,1345,22.28,25.3,0,0,.547,11.95
105,2015,280,1400,22.84,25.24,0,0,.559,11.95
105,2015,280,1415,23.33,26.12,0,0,.568,11.96
105,2015,280,1430,23.85,25.59,0,0,.571,11.96
105,2015,280,1445,24.23,25.24,0,0,.571,11.96
105,2015,280,1500,24.52,24.95,0,0,.571,11.96
105,2015,280,1515,24.69,23.57,0,0,.57,11.95
105,2015,280,1530,24.66,22.83,0,0,.568,11.94
105,2015,280,1545,24.49,21.8,0,0,.563,11.9
105,2015,280,1600,24.24,21.94,0,0,.557,11.88
105,2015,280,1615,24,21.55,0,0,.55,11.88
105,2015,280,1630,23.78,21.42,0,0,.544,11.87
105,2015,280,1645,23.55,21.24,0,0,.539,11.88
105,2015,280,1700,23.35,20.83,0,0,.534,11.87
105,2015,280,1715,23.12,20.31,0,0,.528,11.87
105,2015,280,1730,22.86,19.96,0,0,.523,11.87
105,2015,280,1745,22.57,19.87,0,0,.518,11.86
105,2015,280,1800,22.28,19.52,0,0,.514,11.85
105,2015,280,1815,22.01,19.18,0,0,.51,11.85
105,2015,280,1830,21.72,18.48,0,0,.506,11.84
105,2015,280,1845,21.4,18.17,0,0,.502,11.83
105,2015,280,1900,21.02,17.88,0,0,.499,11.83
105,2015,280,1915,20.63,17.33,0,0,.495,11.83
105,2015,280,1930,20.23,16.75,0,0,.492,11.82
105,2015,280,1945,19.84,16.85,0,0,.488,11.81
105,2015,280,2000,19.52,16.87,0,0,.485,11.79
105,2015,280,2015,19.22,16.09,0,0,.483,11.79
105,2015,280,2030,18.88,15.95,0,0,.479,11.78
105,2015,280,2045,18.57,15.91,0,0,.477,11.78
105,2015,280,2100,18.29,15.77,0,0,.474,11.77
105,2015,280,2115,18.01,15.52,0,0,.471,11.77
105,2015,280,2130,17.78,15.26,0,0,.469,11.75
105,2015,280,2145,17.56,15.17,0,0,.468,11.76
105,2015,280,2200,17.33,14.81,0,0,.464,11.76
105,2015,280,2215,17.09,14.66,0,0,.462,11.74
105,2015,280,2230,16.87,14.55,0,0,.46,11.74
105,2015,280,2245,16.67,14.46,0,0,.458,11.72
105,2015,280,2300,16.5,14.59,0,0,.456,11.72
105,2015,280,2315,16.35,14.19,0,0,.454,11.71
105,2015,280,2330,16.2,14.58,0,0,.452,11.71
105,2015,280,2345,16.07,14.01,0,0,.451,11.7
105,2015,281,0,15.94,13.77,0,0,.449,11.69
105,2015,281,15,15.79,13.97,0,0,.447,11.66
105,2015,281,30,15.64,13.72,0,0,.446,11.67
105,2015,281,45,15.49,13.96,0,0,.446,11.68
105,2015,281,100,15.38,13.66,0,0,.445,11.7
105,2015,281,115,15.28,13.52,0,0,.446,11.7
105,2015,281,130,15.18,13.48,0,0,.447,11.68
105,2015,281,145,15.08,13.49,0,0,.455,11.67
105,2015,281,200,14.99,13.76,0,0,.485,11.68
105,2015,281,215,14.95,14.27,0,0,.533,11.7
105,2015,281,230,14.96,14.34,0,0,.585,11.7
105,2015,281,245,14.98,14.04,0,0,.637,11.71
105,2015,281,300,14.97,14.23,0,0,.678,11.69
105,2015,281,315,14.98,13.95,0,0,.706,11.67
105,2015,281,330,14.96,14.05,0,0,.715,11.65
105,2015,281,345,14.94,13.8,0,0,.715,11.65
105,2015,281,400,14.91,13.81,0,0,.711,11.64
105,2015,281,415,14.86,13.63,0,0,.696,11.61
105,2015,281,430,14.8,13.36,0,0,.682,11.61
105,2015,281,445,14.71,13.59,0,0,.667,11.61
105,2015,281,500,14.65,13.62,0,0,.652,11.61
105,2015,281,515,14.6,13.5,0,0,.638,11.58
105,2015,281,530,14.53,13.31,0,0,.625,11.58
105,2015,281,545,14.44,13.09,0,0,.612,11.56
105,2015,281,600,14.36,13.35,0,0,.601,11.55
105,2015,281,615,14.31,13.04,0,0,.589,11.53
105,2015,281,630,14.22,12.69,0,0,.579,11.49
105,2015,281,645,14.1,12.62,0,0,.571,11.47
105,2015,281,700,13.98,12.66,0,0,.562,11.48
105,2015,281,715,13.91,12.79,0,0,.554,11.5
105,2015,281,730,13.88,13.15,0,0,.546,11.5
105,2015,281,745,13.89,13.46,0,0,.541,11.5
105,2015,281,800,13.92,13.4,0,0,.535,11.47
105,2015,281,815,13.97,14.58,0,0,.529,11.48
105,2015,281,830,14.16,16.2,0,0,.524,11.56
105,2015,281,845,14.54,17.53,0,0,.518,11.68
105,2015,281,900,15.05,18.35,0,0,.512,11.74
105,2015,281,915,15.68,19.72,0,0,.508,11.77
105,2015,281,930,16.4,20.99,0,0,.503,11.8
105,2015,281,945,17.16,21.39,0,0,.499,11.83
105,2015,281,1000,17.91,22.11,0,0,.495,11.85
105,2015,281,1015,18.63,22.72,0,0,.49,11.86
105,2015,281,1030,19.28,23.67,0,0,.488,11.88
105,2015,281,1045,19.94,24.63,0,0,.484,11.9
105,2015,281,1100,20.6,25.92,0,0,.481,11.93
105,2015,281,1115,21.26,26.29,0,0,.477,11.95
105,2015,281,1130,21.89,26.7,0,0,.474,11.96
105,2015,281,1145,22.5,26.63,0,0,.471,11.97
105,2015,281,1200,23.06,27.48,0,0,.469,11.97
105,2015,281,1215,23.66,27.39,0,0,.465,11.97
105,2015,281,1230,24.21,27.46,0,0,.463,11.98
105,2015,281,1245,24.69,27.94,0,0,.46,11.98
105,2015,281,1300,25.13,27.94,0,0,.458,11.99
105,2015,281,1315,25.44,25.48,0,0,.457,11.98
105,2015,281,1330,25.5,24.62,0,0,.455,11.96
105,2015,281,1345,25.45,24.85,0,0,.453,11.96
105,2015,281,1400,25.36,23.59,0,0,.453,11.96
105,2015,281,1415,25.14,23.53,0,0,.451,11.95
105,2015,281,1430,24.94,24.56,0,0,.451,11.95
105,2015,281,1445,24.88,24.63,0,0,.45,11.95
105,2015,281,1500,24.89,23.78,0,0,.45,11.95
105,2015,281,1515,24.84,22.75,0,0,.45,11.94
105,2015,281,1530,24.68,22.15,0,0,.45,11.93
105,2015,281,1545,24.49,22.28,0,0,.451,11.91
105,2015,281,1600,24.28,21.78,0,0,.45,11.89
105,2015,281,1615,24.06,21.9,0,0,.45,11.88
105,2015,281,1630,23.87,21.95,0,0,.45,11.9
105,2015,281,1645,23.73,21.84,0,0,.45,11.9
105,2015,281,1700,23.57,21.42,0,0,.451,11.89
105,2015,281,1715,23.4,21.26,0,0,.45,11.88
105,2015,281,1730,23.19,20.87,0,0,.449,11.88
105,2015,281,1745,22.95,20.7,0,0,.449,11.87
105,2015,281,1800,22.67,20.05,0,0,.447,11.87
105,2015,281,1815,22.33,19.52,0,0,.446,11.86
105,2015,281,1830,21.79,19.4,0,0,.445,11.84
105,2015,281,1845,21.47,18.8,0,0,.444,11.82
105,2015,281,1900,21.17,18.29,0,0,.443,11.82
105,2015,281,1915,20.84,17.8,0,0,.441,11.81
105,2015,281,1930,20.44,17.4,0,0,.44,11.81
105,2015,281,1945,20.04,17.45,0,0,.439,11.8
105,2015,281,2000,19.71,16.71,0,0,.437,11.78
105,2015,281,2015,19.33,16.11,0,0,.435,11.79
105,2015,281,2030,18.95,16.12,0,0,.434,11.78
105,2015,281,2045,18.6,15.99,0,0,.433,11.78
105,2015,281,2100,18.32,16.22,0,0,.431,11.76
105,2015,281,2115,18.15,16.48,0,0,.43,11.77
105,2015,281,2130,18.1,16.84,0,0,.428,11.77
105,2015,281,2145,18.1,16.91,0,0,.427,11.78
105,2015,281,2200,18.11,16.89,0,0,.425,11.79
105,2015,281,2215,18.08,16.56,0,0,.424,11.79
105,2015,281,2230,17.99,16.19,0,0,.422,11.78
105,2015,281,2245,17.86,16.47,0,0,.421,11.78
105,2015,281,2300,17.77,16.49,0,0,.42,11.78
105,2015,281,2315,17.68,16.26,0,0,.419,11.78
105,2015,281,2330,17.56,16.15,0,0,.418,11.78
105,2015,281,2345,17.46,15.99,0,0,.417,11.78
105,2015,282,0,17.36,15.96,0,0,.416,11.78
105,2015,282,15,17.26,15.97,0,0,.414,11.77
105,2015,282,30,17.21,16.18,0,0,.413,11.78
105,2015,282,45,17.22,16.36,0,0,.412,11.78
105,2015,282,100,17.26,16.63,0,0,.41,11.78
105,2015,282,115,17.32,16.66,0,0,.41,11.78
105,2015,282,130,17.38,16.61,0,0,.408,11.79
105,2015,282,145,17.41,16.4,0,0,.406,11.78
105,2015,282,200,17.42,16.5,0,0,.406,11.78
105,2015,282,215,17.43,16.46,0,0,.405,11.78
105,2015,282,230,17.41,16.37,0,0,.405,11.79
105,2015,282,245,17.37,16.26,0,0,.404,11.78
105,2015,282,300,17.31,16.19,0,0,.404,11.77
105,2015,282,315,17.24,16.07,0,0,.403,11.78
105,2015,282,330,17.18,15.92,0,0,.404,11.78
105,2015,282,345,17.11,15.84,0,0,.404,11.77
105,2015,282,400,17.04,15.8,0,0,.409,11.76
105,2015,282,415,17,15.92,0,0,.422,11.75
105,2015,282,430,16.97,15.97,0,0,.44,11.76
105,2015,282,445,16.95,15.99,0,0,.462,11.75
105,2015,282,500,16.94,16.04,0,0,.482,11.75
105,2015,282,515,16.94,15.96,0,0,.497,11.76
105,2015,282,530,16.91,16.04,0,0,.505,11.76
105,2015,282,545,16.87,15.96,0,0,.508,11.76
105,2015,282,600,16.8,15.66,0,0,.507,11.77
105,2015,282,615,16.73,15.89,0,0,.508,11.75
105,2015,282,630,16.67,15.64,0,0,.507,11.75
105,2015,282,645,16.61,15.5,0,0,.507,11.75
105,2015,282,700,16.52,15.28,0,0,.506,11.75
105,2015,282,715,16.43,15.3,0,0,.504,11.74
105,2015,282,730,16.33,15.27,0,0,.502,11.73
105,2015,282,745,16.29,16.19,0,0,.498,11.73
105,2015,282,800,16.41,17.57,0,0,.494,11.74
105,2015,282,815,16.69,17.98,0,0,.49,11.76
105,2015,282,830,17.01,17.52,0,0,.487,11.77
105,2015,282,845,17.29,17.5,0,0,.484,11.77
105,2015,282,900,17.55,18.36,0,0,.481,11.78
105,2015,282,915,17.86,19.1,0,0,.478,11.79
105,2015,282,930,18.26,21.21,0,0,.475,11.82
105,2015,282,945,18.85,22.75,0,0,.472,11.85
105,2015,282,1000,19.59,24.35,0,0,.468,11.87
105,2015,282,1015,20.37,24.74,0,0,.465,11.9
105,2015,282,1030,21.16,26.23,0,0,.462,11.93
105,2015,282,1045,21.97,26.61,0,0,.459,11.95
105,2015,282,1100,22.77,27.18,0,0,.456,11.95
105,2015,282,1115,23.5,27.48,0,0,.454,11.96
105,2015,282,1130,24.22,27.99,0,0,.452,11.97
105,2015,282,1145,24.9,28.48,0,0,.449,11.97
105,2015,282,1200,25.55,29.14,0,0,.447,11.97
105,2015,282,1215,26.17,28.88,0,0,.446,11.98
105,2015,282,1230,26.7,28.53,0,0,.444,11.98
105,2015,282,1245,27.11,28.16,0,0,.442,11.98
105,2015,282,1300,27.36,27.41,0,0,.442,11.97
105,2015,282,1315,27.48,27.39,0,0,.441,11.97
105,2015,282,1330,27.55,26.99,0,0,.441,11.97
105,2015,282,1345,27.59,26.31,0,0,.441,11.97
105,2015,282,1400,27.53,25.58,0,0,.446,11.97
105,2015,282,1415,27.38,24.73,0,0,.471,11.96
105,2015,282,1430,27.12,24.48,0,0,.518,11.95
105,2015,282,1445,26.83,24.39,0,0,.584,11.95
105,2015,282,1500,26.6,24.94,0,0,.664,11.95
105,2015,282,1515,26.48,25.11,0,0,.752,11.95
105,2015,282,1530,26.37,25.23,0,0,.816,11.95
105,2015,282,1545,26.24,25.13,0,0,.832,11.95
105,2015,282,1600,26.11,25.22,0,0,.832,11.95
105,2015,282,1615,25.99,25.13,0,0,.83,11.95
105,2015,282,1630,25.86,24.78,0,0,.83,11.95
105,2015,282,1645,25.7,24.29,0,0,.828,11.95
105,2015,282,1700,25.49,24.02,0,0,.812,11.94
105,2015,282,1715,25.25,23.77,0,0,.79,11.94
105,2015,282,1730,24.99,23.38,0,0,.766,11.94
105,2015,282,1745,24.75,23.14,0,0,.742,11.93
105,2015,282,1800,24.47,22.78,0,0,.718,11.93
105,2015,282,1815,24.16,22.39,0,0,.695,11.92
105,2015,282,1830,23.82,22.11,0,0,.675,11.91
105,2015,282,1845,23.47,21.46,0,0,.658,11.91
105,2015,282,1900,23.14,21.37,0,0,.64,11.91
105,2015,282,1915,22.88,20.76,0,0,.625,11.81
105,2015,282,1930,22.53,19.65,0,0,.624,11.76
105,2015,282,1945,22,19.2,0,0,.623,11.79
105,2015,282,2000,21.49,19.4,0,0,.621,11.81
105,2015,282,2015,21.06,19.58,0,0,.61,11.82
105,2015,282,2030,20.72,21.3,0,0,.6,11.82
105,2015,282,2045,20.42,22.99,0,0,.589,11.81
105,2015,282,2100,20.16,22.23,0,0,.578,11.82
105,2015,282,2115,19.89,20.64,0,0,.57,11.83
105,2015,282,2130,19.64,19.31,0,0,.562,11.83
105,2015,282,2145,19.41,19.18,0,0,.555,11.83
105,2015,282,2200,19.22,18.7,0,0,.549,11.83
105,2015,282,2215,19.07,18.59,0,0,.543,11.83
105,2015,282,2230,18.94,18.73,0,0,.537,11.83
105,2015,282,2245,18.85,18.77,0,0,.53,11.83
105,2015,282,2300,18.78,18.67,0,0,.526,11.83
105,2015,282,2315,18.72,19.05,0,0,.52,11.83
105,2015,282,2330,18.68,19.34,0,0,.513,11.83
105,2015,282,2345,18.66,19.15,0,0,.508,11.83
105,2015,283,0,18.64,18.8,0,0,.506,11.83
105,2015,283,15,18.61,18.66,0,0,.503,11.83
105,2015,283,30,18.57,18.51,0,0,.499,11.83
105,2015,283,45,18.53,18.83,0,0,.495,11.83
105,2015,283,100,18.48,18.79,0,0,.492,11.83
105,2015,283,115,18.43,18.75,0,0,.488,11.83
105,2015,283,130,18.37,18.62,0,0,.486,11.83
105,2015,283,145,18.3,18.28,0,0,.482,11.82
105,2015,283,200,18.2,18.08,0,0,.48,11.81
105,2015,283,215,18.09,17.95,0,0,.476,11.81
105,2015,283,230,17.97,17.8,0,0,.474,11.81
105,2015,283,245,17.83,17.4,0,0,.472,11.8
105,2015,283,300,17.65,17.26,0,0,.471,11.79
105,2015,283,315,17.44,16.94,0,0,.467,11.78
105,2015,283,330,17.22,16.64,0,0,.466,11.77
105,2015,283,345,16.99,16.23,0,0,.464,11.76
105,2015,283,400,16.76,15.84,0,0,.462,11.76
105,2015,283,415,16.54,15.31,0,0,.46,11.74
105,2015,283,430,16.33,14.95,0,0,.458,11.73
105,2015,283,445,16.09,14.72,0,0,.456,11.66
105,2015,283,500,15.87,14.55,0,0,.455,11.51
105,2015,283,515,15.63,13.98,0,0,.453,11.36
105,2015,283,530,15.32,13.51,0,0,.452,11.35
105,2015,283,545,15,13.44,0,0,.45,11.35
105,2015,283,600,14.71,13.24,0,0,.448,11.35
105,2015,283,615,14.44,12.98,0,0,.448,11.34
105,2015,283,630,14.19,12.78,0,0,.445,11.33
105,2015,283,645,13.96,12.65,0,0,.444,11.34
105,2015,283,700,13.74,12.39,0,0,.443,11.37
105,2015,283,715,13.52,12.29,0,0,.44,11.34
105,2015,283,730,13.31,12.22,0,0,.44,11.32
105,2015,283,745,13.13,12.33,0,0,.437,11.3
105,2015,283,800,12.97,12.42,0,0,.437,11.3
105,2015,283,815,12.86,13.08,0,0,.435,11.3
105,2015,283,830,12.85,13.53,0,0,.433,11.3
105,2015,283,845,12.93,14.64,0,0,.432,11.31
105,2015,283,900,13.12,14.92,0,0,.431,11.31
105,2015,283,915,13.36,15.4,0,0,.429,11.32
105,2015,283,930,13.62,15.96,0,0,.428,11.34
105,2015,283,945,13.9,16.51,0,0,.426,11.35
105,2015,283,1000,14.22,17.07,0,0,.424,11.4
105,2015,283,1015,14.55,16.66,0,0,.423,11.36
105,2015,283,1030,14.85,17.64,0,0,.421,11.37
105,2015,283,1045,15.15,17.16,0,0,.421,11.37
105,2015,283,1100,15.43,18.02,0,0,.419,11.38
105,2015,283,1115,15.73,18.41,0,0,.417,11.49
105,2015,283,1130,16.05,18.54,0,0,.416,11.54
105,2015,283,1145,16.35,18.18,0,0,.414,11.6
105,2015,283,1200,16.58,17.99,0,0,.413,11.51
105,2015,283,1215,16.72,17.98,0,0,.412,11.56
105,2015,283,1230,16.85,18.71,0,0,.41,11.62
105,2015,283,1245,17.06,19.89,0,0,.408,11.66
105,2015,283,1300,17.37,19.95,0,0,.407,11.73
105,2015,283,1315,17.69,20.11,0,0,.405,11.76
105,2015,283,1330,17.97,19.97,0,0,.404,11.76
105,2015,283,1345,18.2,20.43,0,0,.403,11.76
105,2015,283,1400,18.39,20.33,0,0,.401,11.78
105,2015,283,1415,18.54,20.77,0,0,.4,11.78
105,2015,283,1430,18.68,20.99,0,0,.399,11.82
105,2015,283,1445,18.8,19.87,0,0,.397,11.83
105,2015,283,1500,18.84,18.57,0,0,.397,11.8
105,2015,283,1515,18.74,17.33,0,0,.396,11.78
105,2015,283,1530,18.48,16.64,0,0,.396,11.71
105,2015,283,1545,18.12,16.33,0,0,.396,11.63
105,2015,283,1600,17.77,16.03,0,0,.395,11.65
105,2015,283,1615,17.44,15.89,0,0,.394,11.67
105,2015,283,1630,17.14,15.73,0,0,.394,11.66
105,2015,283,1645,16.86,15.57,0,0,.393,11.62
105,2015,283,1700,16.62,15.3,0,0,.391,11.62
105,2015,283,1715,16.38,15.16,0,0,.391,11.61
105,2015,283,1730,16.16,14.45,0,0,.391,11.64
105,2015,283,1745,15.89,14.18,0,0,.389,11.65
105,2015,283,1800,15.62,13.9,0,0,.389,11.63
105,2015,283,1815,15.37,13.55,0,0,.389,11.6
105,2015,283,1830,15.06,13.35,0,0,.388,11.5
105,2015,283,1845,14.73,12.52,0,0,.387,11.48
105,2015,283,1900,14.37,12.08,0,0,.386,11.51
105,2015,283,1915,14.01,11.64,0,0,.386,11.46
105,2015,283,1930,13.63,11.37,0,0,.385,11.39
105,2015,283,1945,13.25,11.08,0,0,.385,11.36
105,2015,283,2000,12.9,10.77,0,0,.384,11.35
105,2015,283,2015,12.56,10.35,0,0,.383,11.34
105,2015,283,2030,12.22,10.11,0,0,.382,11.35
105,2015,283,2045,11.89,9.84,0,0,.382,11.34
105,2015,283,2100,11.6,9.68,0,0,.38,11.34
105,2015,283,2115,11.34,9.69,0,0,.379,11.33
105,2015,283,2130,11.09,9.26,0,0,.378,11.33
105,2015,283,2145,10.83,9.11,0,0,.378,11.33
105,2015,283,2200,10.56,8.52,0,0,.377,11.33
105,2015,283,2215,10.26,8.67,0,0,.377,11.32
105,2015,283,2230,10,8.65,0,0,.375,11.31
105,2015,283,2245,9.79,8.69,0,0,.375,11.32
105,2015,283,2300,9.62,8.44,0,0,.374,11.32
105,2015,283,2315,9.46,8.38,0,0,.374,11.32
105,2015,283,2330,9.3,8.08,0,0,.374,11.31
105,2015,283,2345,9.14,8.13,0,0,.374,11.31
105,2015,284,0,9,8.15,0,0,.373,11.31
105,2015,284,15,8.89,7.89,0,0,.373,11.31
105,2015,284,30,8.75,7.52,0,0,.372,11.31
105,2015,284,45,8.56,7.67,0,0,.371,11.3
105,2015,284,100,8.42,7.94,0,0,.37,11.3
105,2015,284,115,8.34,7.49,0,0,.369,11.3
105,2015,284,130,8.23,7.63,0,0,.369,11.28
105,2015,284,145,8.16,7.65,0,0,.368,11.29
105,2015,284,200,8.11,7.8,0,0,.367,11.29
105,2015,284,215,8.05,7.77,0,0,.367,11.29
105,2015,284,230,8,7.72,0,0,.366,11.29
105,2015,284,245,7.95,7.72,0,0,.366,11.29
105,2015,284,300,7.89,7.44,0,0,.366,11.29
105,2015,284,315,7.78,7.08,0,0,.365,11.27
105,2015,284,330,7.67,7.26,0,0,.365,11.28
105,2015,284,345,7.58,7.03,0,0,.364,11.28
105,2015,284,400,7.5,6.936,0,0,.363,11.28
105,2015,284,415,7.41,6.742,0,0,.363,11.28
105,2015,284,430,7.32,6.916,0,0,.363,11.27
105,2015,284,445,7.25,6.839,0,0,.362,11.27
105,2015,284,500,7.17,6.535,0,0,.362,11.27
105,2015,284,515,7.09,6.735,0,0,.362,11.26
105,2015,284,530,7.02,6.597,0,0,.363,11.26
105,2015,284,545,6.966,6.573,0,0,.368,11.26
105,2015,284,600,6.92,6.715,0,0,.381,11.25
105,2015,284,615,6.885,6.887,0,0,.399,11.25
105,2015,284,630,6.869,6.828,0,0,.417,11.25
105,2015,284,645,6.832,6.64,0,0,.433,11.25
105,2015,284,700,6.771,6.68,0,0,.447,11.25
105,2015,284,715,6.707,6.352,0,0,.457,11.24
105,2015,284,730,6.638,6.462,0,0,.462,11.24
105,2015,284,745,6.6,7.08,0,0,.465,11.24
105,2015,284,800,6.654,8.89,0,0,.465,11.25
105,2015,284,815,6.929,10.76,0,0,.465,11.27
105,2015,284,830,7.4,11.78,0,0,.466,11.28
105,2015,284,845,8,12.22,0,0,.464,11.29
105,2015,284,900,8.66,14.19,0,0,.466,11.31
105,2015,284,915,9.44,16.08,0,0,.465,11.33
105,2015,284,930,10.31,17.04,0,0,.465,11.38
105,2015,284,945,11.22,18.04,0,0,.464,11.54
105,2015,284,1000,12.15,18.54,0,0,.461,11.62
105,2015,284,1015,13.05,19.57,0,0,.459,11.72
105,2015,284,1030,13.9,20.58,0,0,.456,11.76
105,2015,284,1045,14.67,20.57,0,0,.454,11.79
105,2015,284,1100,15.36,21.24,0,0,.452,11.81
105,2015,284,1115,16.06,22.18,0,0,.45,11.82
105,2015,284,1130,16.75,23.04,0,0,.447,11.84
105,2015,284,1145,17.36,23.04,0,0,.445,11.87
105,2015,284,1200,17.93,23.69,0,0,.443,11.89
105,2015,284,1215,18.49,22.4,0,0,.441,11.89
105,2015,284,1230,18.98,23.35,0,0,.439,11.88
105,2015,284,1245,19.44,23.88,0,0,.437,11.9
105,2015,284,1300,19.89,23.92,0,0,.435,11.89
105,2015,284,1315,20.34,24,0,0,.433,11.89
105,2015,284,1330,20.69,23.76,0,0,.431,11.91
105,2015,284,1345,20.96,23.23,0,0,.43,11.91
105,2015,284,1400,21.13,22.56,0,0,.428,11.87
105,2015,284,1415,21.21,23,0,0,.426,11.89
105,2015,284,1430,21.27,22.41,0,0,.425,11.89
105,2015,284,1445,21.3,22.37,0,0,.422,11.89
105,2015,284,1500,21.31,20.64,0,0,.421,11.87
105,2015,284,1515,21.2,19.68,0,0,.421,11.84
105,2015,284,1530,20.96,18.96,0,0,.421,11.82
105,2015,284,1545,20.61,18.48,0,0,.422,11.79
105,2015,284,1600,20.22,18.11,0,0,.421,11.77
105,2015,284,1615,19.84,17.95,0,0,.422,11.77
105,2015,284,1630,19.48,17.53,0,0,.421,11.76
105,2015,284,1645,19.13,17.13,0,0,.428,11.76
105,2015,284,1700,18.79,16.81,0,0,.442,11.75
105,2015,284,1715,18.45,16.56,0,0,.461,11.73
105,2015,284,1730,18.11,16.35,0,0,.483,11.73
105,2015,284,1745,17.78,16.06,0,0,.509,11.72
105,2015,284,1800,17.45,15.76,0,0,.535,11.7
105,2015,284,1815,17.13,15.27,0,0,.551,11.72
105,2015,284,1830,16.81,15.17,0,0,.557,11.69
105,2015,284,1845,16.54,14.63,0,0,.557,11.67
105,2015,284,1900,16.27,14.27,0,0,.557,11.66
105,2015,284,1915,15.92,13.43,0,0,.557,11.63
105,2015,284,1930,15.53,13.74,0,0,.553,11.54
105,2015,284,1945,15.2,13.33,0,0,.547,11.5
105,2015,284,2000,14.87,13.01,0,0,.54,11.52
105,2015,284,2015,14.51,12.2,0,0,.534,11.52
105,2015,284,2030,14.12,12.74,0,0,.528,11.47
105,2015,284,2045,13.83,12.59,0,0,.522,11.45
105,2015,284,2100,13.61,12.32,0,0,.518,11.47
105,2015,284,2115,13.36,11.55,0,0,.514,11.46
105,2015,284,2130,13.05,11.54,0,0,.509,11.43
105,2015,284,2145,12.74,11.38,0,0,.505,11.43
105,2015,284,2200,12.46,11.29,0,0,.502,11.4
105,2015,284,2215,12.21,10.97,0,0,.498,11.39
105,2015,284,2230,11.98,10.71,0,0,.493,11.37
105,2015,284,2245,11.77,11.03,0,0,.489,11.37
105,2015,284,2300,11.6,10.05,0,0,.486,11.36
105,2015,284,2315,11.37,10.02,0,0,.483,11.37
105,2015,284,2330,11.11,9.46,0,0,.48,11.36
105,2015,284,2345,10.84,9.78,0,0,.477,11.35
105,2015,285,0,10.63,9.57,0,0,.474,11.34
105,2015,285,15,10.44,9.56,0,0,.472,11.34
105,2015,285,30,10.25,8.98,0,0,.469,11.34
105,2015,285,45,10.07,9.33,0,0,.467,11.33
105,2015,285,100,9.92,9.13,0,0,.466,11.33
105,2015,285,115,9.76,8.76,0,0,.463,11.32
105,2015,285,130,9.59,9.05,0,0,.46,11.33
105,2015,285,145,9.47,8.62,0,0,.458,11.33
105,2015,285,200,9.32,9.02,0,0,.456,11.33
105,2015,285,215,9.21,9.39,0,0,.454,11.33
105,2015,285,230,9.22,9.51,0,0,.452,11.33
105,2015,285,245,9.21,9.17,0,0,.45,11.33
105,2015,285,300,9.11,8.32,0,0,.448,11.32
105,2015,285,315,8.96,8.59,0,0,.447,11.32
105,2015,285,330,8.87,9.13,0,0,.445,11.32
105,2015,285,345,8.85,9.43,0,0,.443,11.32
105,2015,285,400,8.87,9.45,0,0,.442,11.32
105,2015,285,415,8.89,9.63,0,0,.44,11.32
105,2015,285,430,8.91,9.58,0,0,.441,11.32
105,2015,285,445,8.93,9.52,0,0,.44,11.32
105,2015,285,500,8.93,9.64,0,0,.441,11.32
105,2015,285,515,8.96,9.84,0,0,.44,11.32
105,2015,285,530,8.97,9.41,0,0,.44,11.31
105,2015,285,545,8.91,8.99,0,0,.442,11.32
105,2015,285,600,8.78,8.67,0,0,.449,11.31
105,2015,285,615,8.66,9.43,0,0,.457,11.31
105,2015,285,630,8.62,9.34,0,0,.465,11.31
105,2015,285,645,8.55,8.33,0,0,.472,11.31
105,2015,285,700,8.48,9.05,0,0,.477,11.3
105,2015,285,715,8.48,8.74,0,0,.479,11.3
105,2015,285,730,8.42,8.52,0,0,.479,11.29
105,2015,285,745,8.37,8.73,0,0,.479,11.29
105,2015,285,800,8.38,10.54,0,0,.479,11.3
105,2015,285,815,8.66,12.25,0,0,.479,11.31
105,2015,285,830,9.14,14.14,0,0,.479,11.32
105,2015,285,845,9.72,15.35,0,0,.479,11.35
105,2015,285,900,10.38,16.11,0,0,.477,11.42
105,2015,285,915,11.15,16.99,0,0,.475,11.52
105,2015,285,930,11.98,18.18,0,0,.472,11.62
105,2015,285,945,12.89,18.83,0,0,.47,11.71
105,2015,285,1000,13.86,19.88,0,0,.467,11.75
105,2015,285,1015,14.81,20.7,0,0,.464,11.79
105,2015,285,1030,15.75,23.05,0,0,.462,11.83
105,2015,285,1045,16.66,24.09,0,0,.459,11.87
105,2015,285,1100,17.48,24.21,0,0,.457,11.91
105,2015,285,1115,18.25,24.12,0,0,.454,11.92
105,2015,285,1130,18.95,24.17,0,0,.452,11.92
105,2015,285,1145,19.59,24.79,0,0,.45,11.93
105,2015,285,1200,20.18,24.75,0,0,.448,11.92
105,2015,285,1215,20.72,24.93,0,0,.446,11.94
105,2015,285,1230,21.21,24.96,0,0,.444,11.95
105,2015,285,1245,21.62,24.74,0,0,.442,11.94
105,2015,285,1300,21.99,25.5,0,0,.439,11.94
105,2015,285,1315,22.33,25.39,0,0,.438,11.95
105,2015,285,1330,22.64,25.52,0,0,.436,11.95
105,2015,285,1345,22.91,25.37,0,0,.434,11.95
105,2015,285,1400,23.11,25.2,0,0,.432,11.95
105,2015,285,1415,23.26,24.8,0,0,.43,11.94
105,2015,285,1430,23.35,24.81,0,0,.429,11.94
105,2015,285,1445,23.43,24.55,0,0,.427,11.94
105,2015,285,1500,23.48,23.05,0,0,.426,11.93
105,2015,285,1515,23.41,21.84,0,0,.426,11.91
105,2015,285,1530,23.15,21.23,0,0,.425,11.87
105,2015,285,1545,22.81,20.82,0,0,.424,11.86
105,2015,285,1600,22.44,20.47,0,0,.423,11.85
105,2015,285,1615,22.08,20.27,0,0,.421,11.83
105,2015,285,1630,21.75,19.86,0,0,.42,11.84
105,2015,285,1645,21.43,19.89,0,0,.419,11.82
105,2015,285,1700,21.13,19.53,0,0,.419,11.81
105,2015,285,1715,20.8,18.65,0,0,.418,11.8
105,2015,285,1730,20.42,17.86,0,0,.418,11.8
105,2015,285,1745,19.98,17.49,0,0,.418,11.8
105,2015,285,1800,19.53,17.22,0,0,.418,11.8
105,2015,285,1815,19.12,16.9,0,0,.418,11.79
105,2015,285,1830,18.73,16.73,0,0,.418,11.77
105,2015,285,1845,18.37,16.23,0,0,.418,11.77
105,2015,285,1900,17.99,15.59,0,0,.418,11.75
105,2015,285,1915,17.6,15.51,0,0,.419,11.75
105,2015,285,1930,17.23,15.25,0,0,.419,11.74
105,2015,285,1945,16.88,15.06,0,0,.418,11.73
105,2015,285,2000,16.57,14.9,0,0,.419,11.72
105,2015,285,2015,16.32,14.85,0,0,.419,11.72
105,2015,285,2030,16.11,15.2,0,0,.419,11.7
105,2015,285,2045,15.98,15.14,0,0,.42,11.7
105,2015,285,2100,15.85,15.25,0,0,.419,11.71
105,2015,285,2115,15.77,15.09,0,0,.42,11.72
105,2015,285,2130,15.65,14.78,0,0,.419,11.72
105,2015,285,2145,15.48,14.47,0,0,.42,11.72
105,2015,285,2200,15.28,14.11,0,0,.42,11.71
105,2015,285,2215,15.05,14.03,0,0,.419,11.69
105,2015,285,2230,14.84,14.07,0,0,.419,11.69
105,2015,285,2245,14.65,14.05,0,0,.419,11.68
105,2015,285,2300,14.46,13.7,0,0,.419,11.67
105,2015,285,2315,14.3,13.63,0,0,.419,11.64
105,2015,285,2330,14.14,13.26,0,0,.419,11.64
105,2015,285,2345,13.96,13.04,0,0,.418,11.63
105,2015,286,0,13.8,13.15,0,0,.417,11.63
105,2015,286,15,13.67,13.14,0,0,.416,11.62
105,2015,286,30,13.6,13.82,0,0,.415,11.58
105,2015,286,45,13.63,13.77,0,0,.414,11.59
105,2015,286,100,13.65,13.58,0,0,.413,11.64
105,2015,286,115,13.59,13.14,0,0,.413,11.66
105,2015,286,130,13.51,13.19,0,0,.41,11.65
105,2015,286,145,13.43,13.29,0,0,.41,11.65
105,2015,286,200,13.37,13.16,0,0,.409,11.64
105,2015,286,215,13.32,13.31,0,0,.407,11.64
105,2015,286,230,13.28,13.24,0,0,.406,11.65
105,2015,286,245,13.2,12.86,0,0,.405,11.64
105,2015,286,300,13.13,13.21,0,0,.404,11.59
105,2015,286,315,13.12,13.47,0,0,.403,11.59
105,2015,286,330,13.18,13.75,0,0,.402,11.59
105,2015,286,345,13.24,13.55,0,0,.402,11.63
105,2015,286,400,13.29,13.74,0,0,.4,11.63
105,2015,286,415,13.31,13.73,0,0,.4,11.65
105,2015,286,430,13.35,13.85,0,0,.399,11.64
105,2015,286,445,13.35,13.49,0,0,.398,11.63
105,2015,286,500,13.31,13.32,0,0,.397,11.63
105,2015,286,515,13.26,13.56,0,0,.396,11.63
105,2015,286,530,13.27,13.75,0,0,.395,11.62
105,2015,286,545,13.3,13.97,0,0,.394,11.61
105,2015,286,600,13.3,13.54,0,0,.395,11.62
105,2015,286,615,13.24,13.73,0,0,.394,11.62
105,2015,286,630,13.16,13.01,0,0,.395,11.6
105,2015,286,645,13.08,13.1,0,0,.395,11.59
105,2015,286,700,13.04,14.35,0,0,.394,11.54
105,2015,286,715,13.11,13.79,0,0,.394,11.55
105,2015,286,730,13.13,13.81,0,0,.394,11.55
105,2015,286,745,13.15,13.88,0,0,.395,11.55
105,2015,286,800,13.21,14.84,0,0,.394,11.6
105,2015,286,815,13.47,16.47,0,0,.395,11.68
105,2015,286,830,13.92,17.42,0,0,.395,11.72
105,2015,286,845,14.46,18.62,0,0,.394,11.76
105,2015,286,900,15.09,18.03,0,0,.395,11.77
105,2015,286,915,15.53,18.49,0,0,.395,11.78
105,2015,286,930,15.91,18.09,0,0,.395,11.79
105,2015,286,945,16.15,17.57,0,0,.395,11.79
105,2015,286,1000,16.33,17.73,0,0,.395,11.79
105,2015,286,1015,16.53,18.62,0,0,.396,11.8
105,2015,286,1030,16.82,19.56,0,0,.395,11.81
105,2015,286,1045,17.2,20.8,0,0,.396,11.83
105,2015,286,1100,17.69,21.89,0,0,.395,11.84
105,2015,286,1115,18.24,22.07,0,0,.394,11.86
105,2015,286,1130,18.77,22.34,0,0,.395,11.87
105,2015,286,1145,19.23,22.61,0,0,.395,11.89
105,2015,286,1200,19.78,24.32,0,0,.394,11.9
105,2015,286,1215,20.5,25.01,0,0,.394,11.93
105,2015,286,1230,21.23,25.48,0,0,.393,11.94
105,2015,286,1245,21.96,26.96,0,0,.392,11.95
105,2015,286,1300,22.74,27.85,0,0,.39,11.96
105,2015,286,1315,23.46,27.35,0,0,.39,11.97
105,2015,286,1330,24.06,27.18,0,0,.388,11.97
105,2015,286,1345,24.55,27.26,0,0,.387,11.96
105,2015,286,1400,24.96,26.87,0,0,.386,11.97
105,2015,286,1415,25.27,26.32,0,0,.386,11.96
105,2015,286,1430,25.46,27.12,0,0,.385,11.96
105,2015,286,1445,25.62,24.99,0,0,.384,11.96
105,2015,286,1500,25.58,23.79,0,0,.384,11.95
105,2015,286,1515,25.38,23.07,0,0,.383,11.94
105,2015,286,1530,25.13,23.07,0,0,.383,11.92
105,2015,286,1545,24.93,23.11,0,0,.382,11.91
105,2015,286,1600,24.8,23.34,0,0,.381,11.91
105,2015,286,1615,24.71,23.14,0,0,.38,11.9
105,2015,286,1630,24.61,22.36,0,0,.38,11.91
105,2015,286,1645,24.45,21.81,0,0,.379,11.9
105,2015,286,1700,24.26,21.89,0,0,.379,11.9
105,2015,286,1715,24.07,21.62,0,0,.379,11.89
105,2015,286,1730,23.84,20.87,0,0,.379,11.89
105,2015,286,1745,23.58,20.54,0,0,.38,11.88
105,2015,286,1800,23.32,20.06,0,0,.4,11.87
105,2015,286,1815,23.05,20.27,0,0,.441,11.85
105,2015,286,1830,22.74,19.8,0,0,.488,11.83
105,2015,286,1845,22.36,19.01,0,0,.536,11.84
105,2015,286,1900,21.99,18.83,0,0,.582,11.84
105,2015,286,1915,21.66,19,0,0,.614,11.82
105,2015,286,1930,21.38,18.57,0,0,.621,11.81
105,2015,286,1945,21.12,18.28,0,0,.62,11.8
105,2015,286,2000,20.87,18.46,0,0,.62,11.79
105,2015,286,2015,20.61,17.98,0,0,.613,11.79
105,2015,286,2030,20.38,17.55,0,0,.602,11.8
105,2015,286,2045,20.17,17.45,0,0,.592,11.8
105,2015,286,2100,19.97,17.56,0,0,.582,11.79
105,2015,286,2115,19.78,17.56,0,0,.573,11.79
105,2015,286,2130,19.59,17.37,0,0,.565,11.79
105,2015,286,2145,19.4,17.26,0,0,.556,11.78
105,2015,286,2200,19.2,16.91,0,0,.549,11.77
105,2015,286,2215,19,16.68,0,0,.542,11.77
105,2015,286,2230,18.78,16.46,0,0,.535,11.8
105,2015,286,2245,18.58,16.42,0,0,.529,11.82
105,2015,286,2300,18.44,16.34,0,0,.523,11.81
105,2015,286,2315,18.34,16.08,0,0,.517,11.81
105,2015,286,2330,18.23,16.12,0,0,.513,11.81
105,2015,286,2345,18.12,15.75,0,0,.508,11.81
105,2015,287,0,17.96,15.68,0,0,.504,11.81
105,2015,287,15,17.8,15.73,0,0,.5,11.8
105,2015,287,30,17.66,15.44,0,0,.496,11.79
105,2015,287,45,17.5,15.13,0,0,.491,11.78
105,2015,287,100,17.33,14.88,0,0,.489,11.78
105,2015,287,115,17.13,14.32,0,0,.484,11.78
105,2015,287,130,16.86,13.94,0,0,.482,11.77
105,2015,287,145,16.56,13.79,0,0,.479,11.77
105,2015,287,200,16.24,13.22,0,0,.476,11.77
105,2015,287,215,15.92,13.3,0,0,.474,11.77
105,2015,287,230,15.66,13.2,0,0,.471,11.76
105,2015,287,245,15.38,12.75,0,0,.468,11.74
105,2015,287,300,15.14,12.84,0,0,.467,11.74
105,2015,287,315,14.91,12.45,0,0,.464,11.73
105,2015,287,330,14.71,13.03,0,0,.462,11.72
105,2015,287,345,14.58,12.41,0,0,.459,11.7
105,2015,287,400,14.41,12.36,0,0,.458,11.7
105,2015,287,415,14.23,11.85,0,0,.456,11.69
105,2015,287,430,14.04,12.35,0,0,.452,11.7
105,2015,287,445,13.92,12.12,0,0,.451,11.68
105,2015,287,500,13.79,11.85,0,0,.45,11.67
105,2015,287,515,13.66,12.12,0,0,.448,11.65
105,2015,287,530,13.57,11.61,0,0,.448,11.64
105,2015,287,545,13.41,11.57,0,0,.444,11.64
105,2015,287,600,13.27,11.87,0,0,.444,11.62
105,2015,287,615,13.21,11.8,0,0,.442,11.62
105,2015,287,630,13.14,11.34,0,0,.439,11.61
105,2015,287,645,13.01,11.55,0,0,.438,11.57
105,2015,287,700,12.93,11.31,0,0,.436,11.59
105,2015,287,715,12.8,10.98,0,0,.435,11.59
105,2015,287,730,12.65,11.44,0,0,.433,11.56
105,2015,287,745,12.56,10.82,0,0,.433,11.53
105,2015,287,800,12.4,10.69,0,0,.43,11.54
105,2015,287,815,12.27,12.27,0,0,.43,11.56
105,2015,287,830,12.38,13.48,0,0,.428,11.6
105,2015,287,845,12.72,14.71,0,0,.427,11.66
105,2015,287,900,13.21,16.92,0,0,.425,11.69
105,2015,287,915,13.79,15.77,0,0,.423,11.72
105,2015,287,930,14.29,17.08,0,0,.422,11.75
105,2015,287,945,14.87,18.85,0,0,.42,11.77
105,2015,287,1000,15.55,19.82,0,0,.419,11.79
105,2015,287,1015,16.27,20.59,0,0,.417,11.82
105,2015,287,1030,17,21.52,0,0,.415,11.85
105,2015,287,1045,17.74,22.12,0,0,.414,11.87
105,2015,287,1100,18.44,22.05,0,0,.412,11.89
105,2015,287,1115,19.09,22.57,0,0,.411,11.89
105,2015,287,1130,19.68,23.44,0,0,.41,11.9
105,2015,287,1145,20.26,23.02,0,0,.408,11.91
105,2015,287,1200,20.75,20.98,0,0,.407,11.89
105,2015,287,1215,20.95,20.84,0,0,.406,11.88
105,2015,287,1230,21.03,22.16,0,0,.405,11.87
105,2015,287,1245,21.26,23.46,0,0,.403,11.89
105,2015,287,1300,21.67,22.97,0,0,.402,11.9
105,2015,287,1315,22.01,22.87,0,0,.401,11.9
105,2015,287,1330,22.27,22.81,0,0,.4,11.9
105,2015,287,1345,22.52,23.34,0,0,.398,11.89
105,2015,287,1400,22.74,23.48,0,0,.397,11.91
105,2015,287,1415,22.91,23.02,0,0,.396,11.91
105,2015,287,1430,23.03,22.98,0,0,.395,11.93
105,2015,287,1445,23.1,22.03,0,0,.394,11.93
105,2015,287,1500,23.06,20.78,0,0,.393,11.91
105,2015,287,1515,22.87,19.99,0,0,.393,11.89
105,2015,287,1530,22.59,20,0,0,.393,11.87
105,2015,287,1545,22.33,19.62,0,0,.392,11.86
105,2015,287,1600,22.04,19.12,0,0,.391,11.86
105,2015,287,1615,21.75,19.06,0,0,.391,11.85
105,2015,287,1630,21.46,18.51,0,0,.39,11.83
105,2015,287,1645,21.16,17.79,0,0,.39,11.84
105,2015,287,1700,20.83,17.76,0,0,.389,11.84
105,2015,287,1715,20.56,17.98,0,0,.388,11.85
105,2015,287,1730,20.35,17.73,0,0,.388,11.85
105,2015,287,1745,20.13,17.11,0,0,.386,11.85
105,2015,287,1800,19.88,16.74,0,0,.386,11.84
105,2015,287,1815,19.59,16.3,0,0,.385,11.83
105,2015,287,1830,19.28,16,0,0,.385,11.83
105,2015,287,1845,19,15.81,0,0,.384,11.82
105,2015,287,1900,18.73,15.84,0,0,.383,11.81
105,2015,287,1915,18.47,15.89,0,0,.383,11.8
105,2015,287,1930,18.24,15.64,0,0,.382,11.79
105,2015,287,1945,18.03,15.05,0,0,.381,11.79
105,2015,287,2000,17.76,14.48,0,0,.38,11.78
105,2015,287,2015,17.44,13.78,0,0,.38,11.76
105,2015,287,2030,17.02,13.42,0,0,.38,11.75
105,2015,287,2045,16.57,13.22,0,0,.379,11.74
105,2015,287,2100,16.2,13.07,0,0,.378,11.72
105,2015,287,2115,15.89,12.85,0,0,.377,11.72
105,2015,287,2130,15.62,13.11,0,0,.377,11.72
105,2015,287,2145,15.43,12.91,0,0,.376,11.72
105,2015,287,2200,15.24,12.49,0,0,.376,11.71
105,2015,287,2215,15,11.9,0,0,.375,11.68
105,2015,287,2230,14.7,11.62,0,0,.376,11.68
105,2015,287,2245,14.36,11.43,0,0,.374,11.66
105,2015,287,2300,14.08,11.32,0,0,.374,11.63
105,2015,287,2315,13.84,10.74,0,0,.374,11.58
105,2015,287,2330,13.54,10.8,0,0,.372,11.56
105,2015,287,2345,13.31,11.04,0,0,.373,11.55
105,2015,288,0,13.17,10.96,0,0,.371,11.57
105,2015,288,15,13.02,10.85,0,0,.37,11.58
105,2015,288,30,12.88,10.86,0,0,.37,11.57
105,2015,288,45,12.75,10.29,0,0,.369,11.58
105,2015,288,100,12.54,10.11,0,0,.369,11.56
105,2015,288,115,12.3,10.14,0,0,.369,11.55
105,2015,288,130,12.07,9.38,0,0,.368,11.52
105,2015,288,145,11.81,9.34,0,0,.367,11.51
105,2015,288,200,11.58,9.37,0,0,.367,11.49
105,2015,288,215,11.43,9.75,0,0,.366,11.49
105,2015,288,230,11.39,10.32,0,0,.365,11.51
105,2015,288,245,11.42,10.33,0,0,.365,11.5
105,2015,288,300,11.44,9.81,0,0,.365,11.5
105,2015,288,315,11.36,9.4,0,0,.364,11.49
105,2015,288,330,11.22,9.85,0,0,.364,11.44
105,2015,288,345,11.14,9.42,0,0,.364,11.45
105,2015,288,400,11.09,10.28,0,0,.363,11.46
105,2015,288,415,11.15,10.33,0,0,.362,11.47
105,2015,288,430,11.24,10.03,0,0,.361,11.46
105,2015,288,445,11.27,10.27,0,0,.361,11.47
105,2015,288,500,11.31,10.46,0,0,.36,11.5
105,2015,288,515,11.37,10.57,0,0,.36,11.53
105,2015,288,530,11.42,10.61,0,0,.36,11.54
105,2015,288,545,11.49,10.61,0,0,.358,11.54
105,2015,288,600,11.54,10.49,0,0,.358,11.56
105,2015,288,615,11.55,10.29,0,0,.358,11.54
105,2015,288,630,11.53,10.11,0,0,.358,11.52
105,2015,288,645,11.47,10.15,0,0,.358,11.5
105,2015,288,700,11.41,10.01,0,0,.357,11.5
105,2015,288,715,11.34,9.78,0,0,.356,11.48
105,2015,288,730,11.26,9.67,0,0,.356,11.49
105,2015,288,745,11.17,9.69,0,0,.356,11.45
105,2015,288,800,11.09,10.56,0,0,.356,11.46
105,2015,288,815,11.12,12.19,0,0,.355,11.48
105,2015,288,830,11.33,13.25,0,0,.355,11.53
105,2015,288,845,11.73,14.28,0,0,.355,11.58
105,2015,288,900,12.23,15.38,0,0,.354,11.64
105,2015,288,915,12.81,15.82,0,0,.353,11.68
105,2015,288,930,13.4,16.39,0,0,.352,11.68
105,2015,288,945,13.99,17.27,0,0,.351,11.71
105,2015,288,1000,14.62,18.02,0,0,.35,11.73
105,2015,288,1015,15.26,18.31,0,0,.349,11.75
105,2015,288,1030,15.88,19.08,0,0,.348,11.76
105,2015,288,1045,16.51,20.04,0,0,.347,11.78
105,2015,288,1100,17.17,20,0,0,.347,11.8
105,2015,288,1115,17.74,20.36,0,0,.347,11.79
105,2015,288,1130,18.26,20.51,0,0,.346,11.81
105,2015,288,1145,18.71,21.08,0,0,.345,11.81
105,2015,288,1200,19.17,21.14,0,0,.345,11.83
105,2015,288,1215,19.58,20.96,0,0,.345,11.84