105,2015,288,1230,21.62,20.62,0,0,.343,11.83
105,2015,288,1245,22.1,21.71,0,0,.343,11.86
105,2015,288,1300,21.8,21.84,0,0,.343,11.87
105,2015,288,1315,21.72,22.3,0,0,.342,11.87
105,2015,288,1330,21.78,22.39,0,0,.341,11.89
105,2015,288,1345,21.89,22.54,0,0,.341,11.9
105,2015,288,1400,21.98,22.15,0,0,.34,11.89
105,2015,288,1415,22.07,21.67,0,0,.339,11.9
105,2015,288,1430,22.14,22.06,0,0,.339,11.91
105,2015,288,1445,22.14,21.13,0,0,.339,11.91
105,2015,288,1500,22.06,19.68,0,0,.338,11.89
105,2015,288,1515,21.86,18.29,0,0,.338,11.86
105,2015,288,1530,21.47,17.68,0,0,.338,11.83
105,2015,288,1545,21.01,17.51,0,0,.338,11.81
105,2015,288,1600,20.56,17.16,0,0,.338,11.77
105,2015,288,1615,20.15,16.94,0,0,.338,11.78
105,2015,288,1630,19.79,16.79,0,0,.338,11.78
105,2015,288,1645,19.47,16.38,0,0,.337,11.78
105,2015,288,1700,19.16,16.13,0,0,.338,11.78
105,2015,288,1715,18.85,15.91,0,0,.338,11.78
105,2015,288,1730,18.54,15.75,0,0,.338,11.78
105,2015,288,1745,18.26,15.53,0,0,.337,11.77
105,2015,288,1800,17.99,15.21,0,0,.337,11.77
105,2015,288,1815,17.71,14.52,0,0,.336,11.76
105,2015,288,1830,17.38,14.1,0,0,.337,11.76
105,2015,288,1845,16.99,13.42,0,0,.336,11.75
105,2015,288,1900,16.53,12.94,0,0,.336,11.74
105,2015,288,1915,16.02,12.52,0,0,.336,11.73
105,2015,288,1930,15.54,12.4,0,0,.336,11.7
105,2015,288,1945,15.12,11.84,0,0,.335,11.67
105,2015,288,2000,14.71,11.77,0,0,.335,11.65
105,2015,288,2015,14.34,11.06,0,0,.335,11.62
105,2015,288,2030,13.95,11.09,0,0,.335,11.59
105,2015,288,2045,13.58,10.4,0,0,.335,11.57
105,2015,288,2100,13.18,10.08,0,0,.334,11.56
105,2015,288,2115,12.78,9.69,0,0,.334,11.54
105,2015,288,2130,12.4,9.51,0,0,.334,11.52
105,2015,288,2145,12.06,9.27,0,0,.334,11.48
105,2015,288,2200,11.76,9.13,0,0,.333,11.47
105,2015,288,2215,11.5,9.03,0,0,.333,11.46
105,2015,288,2230,11.26,9.26,0,0,.333,11.44
105,2015,288,2245,11.08,9.33,0,0,.332,11.45
105,2015,288,2300,10.95,9.4,0,0,.332,11.44
105,2015,288,2315,10.84,9.32,0,0,.332,11.45
105,2015,288,2330,10.73,9.31,0,0,.332,11.45
105,2015,288,2345,10.64,9.39,0,0,.332,11.46
105,2015,289,0,10.58,9.35,0,0,.331,11.47
105,2015,289,15,10.49,9.13,0,0,.33,11.46
105,2015,289,30,10.41,9.29,0,0,.33,11.44
105,2015,289,45,10.39,9.68,0,0,.33,11.46
105,2015,289,100,10.4,9.87,0,0,.33,11.48
105,2015,289,115,10.4,9.35,0,0,.33,11.48
105,2015,289,130,10.38,9.42,0,0,.329,11.47
105,2015,289,145,10.39,9.75,0,0,.329,11.46
105,2015,289,200,10.44,9.88,0,0,.329,11.45
105,2015,289,215,10.54,10.35,0,0,.328,11.46
105,2015,289,230,10.68,10.48,0,0,.328,11.48
105,2015,289,245,10.85,10.5,0,0,.328,11.48
105,2015,289,300,11.01,10.57,0,0,.327,11.48
105,2015,289,315,11.14,10.68,0,0,.327,11.46
105,2015,289,330,11.25,10.59,0,0,.327,11.49
105,2015,289,345,11.3,10.47,0,0,.326,11.5
105,2015,289,400,11.32,10.48,0,0,.327,11.52
105,2015,289,415,11.35,10.41,0,0,.326,11.52
105,2015,289,430,11.35,10.16,0,0,.326,11.51
105,2015,289,445,11.29,9.88,0,0,.326,11.5
105,2015,289,500,11.21,9.84,0,0,.326,11.49
105,2015,289,515,11.12,9.62,0,0,.325,11.5
105,2015,289,530,11.02,9.65,0,0,.325,11.49
105,2015,289,545,10.94,9.69,0,0,.325,11.48
105,2015,289,600,10.87,9.51,0,0,.324,11.47
105,2015,289,615,10.81,9.57,0,0,.323,11.46
105,2015,289,630,10.77,9.42,0,0,.324,11.41
105,2015,289,645,10.74,9.36,0,0,.323,11.39
105,2015,289,700,10.69,9.26,0,0,.323,11.41
105,2015,289,715,10.61,9.2,0,0,.323,11.42
105,2015,289,730,10.54,9.25,0,0,.323,11.41
105,2015,289,745,10.5,9.52,0,0,.323,11.39
105,2015,289,800,10.5,9.83,0,0,.322,11.36
105,2015,289,815,10.56,11.29,0,0,.322,11.37
105,2015,289,830,10.79,12.21,0,0,.321,11.41
105,2015,289,845,11.14,13.44,0,0,.321,11.48
105,2015,289,900,11.62,15.28,0,0,.32,11.59
105,2015,289,915,12.24,16.01,0,0,.32,11.67
105,2015,289,930,12.88,16.93,0,0,.318,11.71
105,2015,289,945,13.55,17.06,0,0,.318,11.73
105,2015,289,1000,14.19,17.13,0,0,.318,11.71
105,2015,289,1015,14.78,17.61,0,0,.317,11.67
105,2015,289,1030,15.34,18.95,0,0,.316,11.69
105,2015,289,1045,15.95,18.92,0,0,.316,11.7
105,2015,289,1100,16.51,19.28,0,0,.316,11.71
105,2015,289,1115,17.02,19.9,0,0,.315,11.73
105,2015,289,1130,17.53,20.49,0,0,.314,11.76
105,2015,289,1145,18.07,21.02,0,0,.314,11.79
105,2015,289,1200,18.61,20.8,0,0,.313,11.79
105,2015,289,1215,19.08,21.38,0,0,.312,11.81
105,2015,289,1230,19.53,21.84,0,0,.312,11.83
105,2015,289,1245,19.95,21.24,0,0,.311,11.8
105,2015,289,1300,20.25,21.51,0,0,.311,11.79
105,2015,289,1315,20.51,21.96,0,0,.31,11.82
105,2015,289,1330,20.79,21.74,0,0,.31,11.83
105,2015,289,1345,21.02,21.43,0,0,.309,11.83
105,2015,289,1400,21.16,21.68,0,0,.309,11.82
105,2015,289,1415,21.31,21.6,0,0,.309,11.84
105,2015,289,1430,21.45,21.52,0,0,.308,11.85
105,2015,289,1445,21.56,20.84,0,0,.307,11.85
105,2015,289,1500,21.56,19.58,0,0,.308,11.84
105,2015,289,1515,21.42,18.49,0,0,.307,11.79
105,2015,289,1530,21.11,17.59,0,0,.307,11.77
105,2015,289,1545,20.7,17.57,0,0,.308,11.77
105,2015,289,1600,20.32,17.69,0,0,.308,11.75
105,2015,289,1615,19.99,17.3,0,0,.307,11.74
105,2015,289,1630,19.71,16.82,0,0,.308,11.76
105,2015,289,1645,19.42,16.43,0,0,.308,11.75
105,2015,289,1700,19.1,15.85,0,0,.308,11.74
105,2015,289,1715,18.74,15.52,0,0,.308,11.73
105,2015,289,1730,18.38,15.28,0,0,.308,11.73
105,2015,289,1745,18.04,15.01,0,0,.308,11.74
105,2015,289,1800,17.69,14.72,0,0,.308,11.73
105,2015,289,1815,17.37,14.44,0,0,.308,11.73
105,2015,289,1830,17.07,13.73,0,0,.308,11.72
105,2015,289,1845,16.64,12.51,0,0,.309,11.71
105,2015,289,1900,16.06,11.76,0,0,.309,11.68
105,2015,289,1915,15.44,11.38,0,0,.309,11.65
105,2015,289,1930,14.84,10.45,0,0,.309,11.61
105,2015,289,1945,14.24,10.17,0,0,.309,11.57
105,2015,289,2000,13.68,10.05,0,0,.309,11.54
105,2015,289,2015,13.2,9.98,0,0,.308,11.53
105,2015,289,2030,12.85,9.76,0,0,.308,11.48
105,2015,289,2045,12.56,9.33,0,0,.308,11.46
105,2015,289,2100,12.21,8.93,0,0,.308,11.43
105,2015,289,2115,11.87,9.74,0,0,.308,11.4
105,2015,289,2130,11.71,10.59,0,0,.308,11.39
105,2015,289,2145,11.69,10.99,0,0,.308,11.41
105,2015,289,2200,11.75,10.89,0,0,.307,11.4
105,2015,289,2215,11.79,10.91,0,0,.307,11.43
105,2015,289,2230,11.81,10.83,0,0,.307,11.45
105,2015,289,2245,11.82,10.56,0,0,.306,11.43
105,2015,289,2300,11.8,10.19,0,0,.306,11.43
105,2015,289,2315,11.66,9.74,0,0,.306,11.46
105,2015,289,2330,11.49,10.04,0,0,.306,11.44
105,2015,289,2345,11.38,9.55,0,0,.306,11.41
105,2015,290,0,11.26,9.14,0,0,.306,11.4
105,2015,290,15,11.09,8.72,0,0,.305,11.4
105,2015,290,30,10.89,8.15,0,0,.305,11.37
105,2015,290,45,10.57,7.06,0,0,.305,11.35
105,2015,290,100,10.09,6.39,0,0,.305,11.33
105,2015,290,115,9.65,6.924,0,0,.304,11.33
105,2015,290,130,9.29,6.364,0,0,.304,11.31
105,2015,290,145,8.94,6.837,0,0,.304,11.31
105,2015,290,200,8.73,6.692,0,0,.304,11.31
105,2015,290,215,8.54,6.014,0,0,.304,11.3
105,2015,290,230,8.28,5.952,0,0,.304,11.29
105,2015,290,245,8.03,5.817,0,0,.304,11.29
105,2015,290,300,7.81,5.883,0,0,.304,11.29
105,2015,290,315,7.66,5.444,0,0,.304,11.29
105,2015,290,330,7.48,5.8,0,0,.303,11.29
105,2015,290,345,7.38,5.898,0,0,.302,11.29
105,2015,290,400,7.35,5.906,0,0,.302,11.28
105,2015,290,415,7.32,6.087,0,0,.302,11.28
105,2015,290,430,7.3,5.831,0,0,.302,11.28
105,2015,290,445,7.27,5.505,0,0,.302,11.28
105,2015,290,500,7.18,5.618,0,0,.302,11.28
105,2015,290,515,7.06,5.597,0,0,.302,11.27
105,2015,290,530,6.955,5.635,0,0,.302,11.28
105,2015,290,545,6.897,5.955,0,0,.301,11.28
105,2015,290,600,6.915,5.757,0,0,.3,11.28
105,2015,290,615,6.86,4.862,0,0,.301,11.27
105,2015,290,630,6.661,5.142,0,0,.301,11.26
105,2015,290,645,6.507,5.378,0,0,.3,11.27
105,2015,290,700,6.438,5.489,0,0,.3,11.26
105,2015,290,715,6.437,5.923,0,0,.3,11.26
105,2015,290,730,6.508,5.872,0,0,.301,11.27
105,2015,290,745,6.537,5.355,0,0,.3,11.27
105,2015,290,800,6.532,6.732,0,0,.299,11.26
105,2015,290,815,6.673,8.67,0,0,.299,11.27
105,2015,290,830,7.06,10.08,0,0,.298,11.28
105,2015,290,845,7.65,12.15,0,0,.297,11.32
105,2015,290,900,8.35,12.97,0,0,.297,11.36
105,2015,290,915,9.13,13.75,0,0,.296,11.43
105,2015,290,930,9.94,14.22,0,0,.295,11.49
105,2015,290,945,10.74,14.75,0,0,.295,11.52
105,2015,290,1000,11.48,15.15,0,0,.295,11.54
105,2015,290,1015,12.18,15.72,0,0,.294,11.53
105,2015,290,1030,12.81,16.05,0,0,.293,11.51
105,2015,290,1045,13.41,16.45,0,0,.294,11.5
105,2015,290,1100,14,17.6,0,0,.292,11.63
105,2015,290,1115,14.64,18.15,0,0,.292,11.73
105,2015,290,1130,15.21,15.6,0,0,.291,11.72
105,2015,290,1145,15.45,14.59,0,0,.291,11.67
105,2015,290,1200,15.47,14.64,0,0,.291,11.64
105,2015,290,1215,15.43,14.06,0,0,.291,11.54
105,2015,290,1230,15.34,14.16,0,0,.291,11.58
105,2015,290,1245,15.28,14.51,0,0,.291,11.62
105,2015,290,1300,15.34,16.79,0,0,.29,11.68
105,2015,290,1315,15.53,13.49,0,0,.29,11.64
105,2015,290,1330,15.44,12.83,0,0,.29,11.59
105,2015,290,1345,15.22,12.79,0,0,.289,11.62
105,2015,290,1400,15,13.46,0,0,.29,11.6
105,2015,290,1415,14.87,14.08,0,0,.29,11.46
105,2015,290,1430,14.89,15.66,0,0,.289,11.5
105,2015,290,1445,15.1,15.34,0,0,.288,11.57
105,2015,290,1500,15.29,14.52,0,0,.288,11.62
105,2015,290,1515,15.37,14.38,0,0,.288,11.59
105,2015,290,1530,15.4,14.15,0,0,.288,11.61
105,2015,290,1545,15.36,13.94,0,0,.288,11.59
105,2015,290,1600,15.3,13.82,0,0,.288,11.56
105,2015,290,1615,15.21,13.58,0,0,.288,11.54
105,2015,290,1630,15.11,13.17,0,0,.288,11.49
105,2015,290,1645,14.96,12.82,0,0,.288,11.44
105,2015,290,1700,14.76,12.49,0,0,.288,11.37
105,2015,290,1715,14.52,12.2,0,0,.288,11.33
105,2015,290,1730,14.28,11.57,0,0,.288,11.35
105,2015,290,1745,14,11.46,0,0,.288,11.33
105,2015,290,1800,13.7,11.02,0,0,.288,11.33
105,2015,290,1815,13.42,10.55,0,0,.288,11.33
105,2015,290,1830,13.14,10.03,0,0,.288,11.36
105,2015,290,1845,12.79,9.22,0,0,.288,11.39
105,2015,290,1900,12.37,8.88,0,0,.288,11.36
105,2015,290,1915,11.94,8.48,0,0,.288,11.33
105,2015,290,1930,11.52,7.89,0,0,.288,11.31
105,2015,290,1945,11.1,7.6,0,0,.288,11.28
105,2015,290,2000,10.67,6.86,0,0,.288,11.28
105,2015,290,2015,10.21,7.04,0,0,.288,11.28
105,2015,290,2030,9.83,6.478,0,0,.288,11.28
105,2015,290,2045,9.45,6.6,0,0,.287,11.27
105,2015,290,2100,9.16,6.751,0,0,.287,11.27
105,2015,290,2115,8.95,6.685,0,0,.287,11.27
105,2015,290,2130,8.78,6.398,0,0,.287,11.26
105,2015,290,2145,8.57,5.817,0,0,.287,11.26
105,2015,290,2200,8.32,5.491,0,0,.286,11.26
105,2015,290,2215,8.04,5.639,0,0,.286,11.26
105,2015,290,2230,7.78,5.699,0,0,.286,11.26
105,2015,290,2245,7.58,5.485,0,0,.285,11.26
105,2015,290,2300,7.38,5.172,0,0,.285,11.26
105,2015,290,2315,7.2,5.246,0,0,.285,11.25
105,2015,290,2330,7.05,5.18,0,0,.285,11.25
105,2015,290,2345,6.903,4.913,0,0,.285,11.25
105,2015,291,0,6.75,4.967,0,0,.285,11.25
105,2015,291,15,6.631,4.898,0,0,.285,11.25
105,2015,291,30,6.478,3.857,0,0,.285,11.25
105,2015,291,45,6.237,4.259,0,0,.285,11.24
105,2015,291,100,6.063,4.101,0,0,.284,11.24
105,2015,291,115,5.902,3.541,0,0,.284,11.24
105,2015,291,130,5.685,3.141,0,0,.284,11.23
105,2015,291,145,5.43,2.936,0,0,.283,11.23
105,2015,291,200,5.2,3.286,0,0,.283,11.23
105,2015,291,215,5.027,3.142,0,0,.283,11.22
105,2015,291,230,4.863,2.967,0,0,.283,11.22
105,2015,291,245,4.696,2.351,0,0,.283,11.22
105,2015,291,300,4.498,2.286,0,0,.283,11.21
105,2015,291,315,4.29,2.101,0,0,.282,11.2
105,2015,291,330,4.089,1.858,0,0,.282,11.2
105,2015,291,345,3.878,1.497,0,0,.282,11.2
105,2015,291,400,3.669,1.46,0,0,.281,11.19
105,2015,291,415,3.483,1.784,0,0,.281,11.19
105,2015,291,430,3.356,2.012,0,0,.281,11.19
105,2015,291,445,3.293,2.285,0,0,.281,11.18
105,2015,291,500,3.285,2.022,0,0,.281,11.18
105,2015,291,515,3.245,1.864,0,0,.281,11.18
105,2015,291,530,3.193,1.72,0,0,.281,11.17
105,2015,291,545,3.117,1.744,0,0,.281,11.17
105,2015,291,600,3.039,1.648,0,0,.28,11.17
105,2015,291,615,2.968,1.483,0,0,.279,11.17
105,2015,291,630,2.894,1.418,0,0,.28,11.17
105,2015,291,645,2.805,1.213,0,0,.279,11.16
105,2015,291,700,2.703,1.016,0,0,.28,11.16
105,2015,291,715,2.579,.148,0,0,.279,11.15
105,2015,291,730,2.383,.206,0,0,.279,11.15
105,2015,291,745,2.196,.158,0,0,.279,11.15
105,2015,291,800,2.046,1.583,0,0,.279,11.14
105,2015,291,815,2.068,4.555,0,0,.278,11.15
105,2015,291,830,2.363,5.172,0,0,.278,11.15
105,2015,291,845,2.882,7.17,0,0,.277,11.16
105,2015,291,900,3.539,8.41,0,0,.276,11.19
105,2015,291,915,4.318,9.77,0,0,.275,11.21
105,2015,291,930,5.177,9.88,0,0,.274,11.23
105,2015,291,945,6.026,10.01,0,0,.274,11.23
105,2015,291,1000,6.793,10.27,0,0,.274,11.23
105,2015,291,1015,7.49,11.14,0,0,.274,11.25
105,2015,291,1030,8.2,11.72,0,0,.272,11.26
105,2015,291,1045,8.89,12.11,0,0,.272,11.27
105,2015,291,1100,9.54,12.52,0,0,.272,11.27
105,2015,291,1115,10.1,13.43,0,0,.272,11.29
105,2015,291,1130,10.7,13.99,0,0,.271,11.36
105,2015,291,1145,11.31,14.4,0,0,.271,11.46
105,2015,291,1200,11.91,15.03,0,0,.271,11.46
105,2015,291,1215,12.42,14.39,0,0,.271,11.47
105,2015,291,1230,12.79,12.37,0,0,.269,11.47
105,2015,291,1245,12.93,13.07,0,0,.269,11.37
105,2015,291,1300,13.01,12.05,0,0,.269,11.35
105,2015,291,1315,13.02,12.64,0,0,.269,11.36
105,2015,291,1330,13.03,13.07,0,0,.269,11.42
105,2015,291,1345,13.07,10.88,0,0,.269,11.4
105,2015,291,1400,12.9,9.66,0,0,.269,11.32
105,2015,291,1415,12.61,10.53,0,0,.269,11.34
105,2015,291,1430,12.41,11.29,0,0,.269,11.34
105,2015,291,1445,12.35,11.44,0,0,.269,11.32
105,2015,291,1500,12.33,10.59,0,0,.269,11.31
105,2015,291,1515,12.28,10.71,0,0,.269,11.32
105,2015,291,1530,12.21,11.19,0,0,.269,11.32
105,2015,291,1545,12.17,10.98,0,0,.269,11.26
105,2015,291,1600,12.11,10.32,0,0,.269,11.26
105,2015,291,1615,11.98,9.97,0,0,.269,11.24
105,2015,291,1630,11.79,9.87,0,0,.269,11.23
105,2015,291,1645,11.65,10.41,0,0,.269,11.27
105,2015,291,1700,11.6,10.35,0,0,.269,11.28
105,2015,291,1715,11.58,10.3,0,0,.269,11.29
105,2015,291,1730,11.53,9.73,0,0,.269,11.27
105,2015,291,1745,11.4,9.21,0,0,.269,11.25
105,2015,291,1800,11.21,8.84,0,0,.268,11.25
105,2015,291,1815,10.99,8.32,0,0,.268,11.26
105,2015,291,1830,10.71,7.85,0,0,.268,11.27
105,2015,291,1845,10.4,7.42,0,0,.268,11.27
105,2015,291,1900,10.07,7.01,0,0,.268,11.25
105,2015,291,1915,9.74,6.772,0,0,.268,11.25
105,2015,291,1930,9.42,6.528,0,0,.267,11.23
105,2015,291,1945,9.13,6.171,0,0,.267,11.23
105,2015,291,2000,8.82,5.676,0,0,.267,11.22
105,2015,291,2015,8.42,4.985,0,0,.267,11.22
105,2015,291,2030,8.02,5.237,0,0,.267,11.21
105,2015,291,2045,7.71,5.348,0,0,.267,11.21
105,2015,291,2100,7.5,5.542,0,0,.267,11.21
105,2015,291,2115,7.37,5.478,0,0,.267,11.21
105,2015,291,2130,7.23,4.798,0,0,.266,11.21
105,2015,291,2145,7,4.414,0,0,.266,11.21
105,2015,291,2200,6.743,4.748,0,0,.266,11.21
105,2015,291,2215,6.551,4.774,0,0,.265,11.21
105,2015,291,2230,6.412,4.491,0,0,.266,11.21
105,2015,291,2245,6.274,4.187,0,0,.266,11.2
105,2015,291,2300,6.09,3.715,0,0,.265,11.21
105,2015,291,2315,5.854,3.705,0,0,.265,11.2
105,2015,291,2330,5.638,3.612,0,0,.265,11.2
105,2015,291,2345,5.439,3.36,0,0,.265,11.2
105,2015,292,0,5.228,3.005,0,0,.265,11.19
105,2015,292,15,4.977,3.045,0,0,.265,11.19
105,2015,292,30,4.775,2.378,0,0,.264,11.19
105,2015,292,45,4.53,1.782,0,0,.264,11.18
105,2015,292,100,4.252,1.873,0,0,.264,11.17
105,2015,292,115,4.01,1.656,0,0,.264,11.17
105,2015,292,130,3.812,2.065,0,0,.264,11.16
105,2015,292,145,3.717,2.654,0,0,.264,11.16
105,2015,292,200,3.665,1.937,0,0,.264,11.16
105,2015,292,215,3.541,2.158,0,0,.263,11.16
105,2015,292,230,3.444,2.008,0,0,.264,11.15
105,2015,292,245,3.376,1.138,0,0,.262,11.13
105,2015,292,300,3.207,.891,0,0,.262,11.14
105,2015,292,315,2.974,.639,0,0,.263,11.14
105,2015,292,330,2.724,.643,0,0,.262,11.13
105,2015,292,345,2.503,.331,0,0,.262,11.13
105,2015,292,400,2.307,.865,0,0,.262,11.12
105,2015,292,415,2.222,1,0,0,.262,11.12
105,2015,292,430,2.203,.448,0,0,.262,11.12
105,2015,292,445,2.083,-.254,0,0,.262,11.12
105,2015,292,500,1.876,.149,0,0,.262,11.11
105,2015,292,515,1.765,.428,0,0,.261,11.1
105,2015,292,530,1.725,.402,0,0,.261,11.1
105,2015,292,545,1.681,.335,0,0,.261,11.09
105,2015,292,600,1.615,-.057,0,0,.261,11.09
105,2015,292,615,1.499,-.667,0,0,.26,11.09
105,2015,292,630,1.33,-.654,0,0,.261,11.09
105,2015,292,645,1.172,-.738,0,0,.26,11.09
105,2015,292,700,1.042,-.791,0,0,.26,11.08
105,2015,292,715,.932,-.416,0,0,.26,11.08
105,2015,292,730,.879,-.522,0,0,.259,11.07
105,2015,292,745,.841,-.854,0,0,.259,11.06
105,2015,292,800,.765,-.81,0,0,.259,11.06
105,2015,292,815,.703,1.301,0,0,.259,11.07
105,2015,292,830,.856,4.374,0,0,.258,11.08
105,2015,292,845,1.314,6.211,0,0,.257,11.11
105,2015,292,900,2.019,8.03,0,0,.257,11.13
105,2015,292,915,2.887,9.13,0,0,.256,11.15
105,2015,292,930,3.853,10.06,0,0,.255,11.19
105,2015,292,945,4.878,11.19,0,0,.255,11.22
105,2015,292,1000,5.913,12.27,0,0,.254,11.25
105,2015,292,1015,6.875,13.02,0,0,.253,11.32
105,2015,292,1030,7.76,13.07,0,0,.253,11.4
105,2015,292,1045,8.56,14.35,0,0,.253,11.43
105,2015,292,1100,9.3,14.56,0,0,.252,11.46
105,2015,292,1115,9.99,14.32,0,0,.252,11.53
105,2015,292,1130,10.61,15.14,0,0,.252,11.58
105,2015,292,1145,11.13,15.04,0,0,.252,11.63
105,2015,292,1200,11.64,15.47,0,0,.252,11.64
105,2015,292,1215,12.16,16.24,0,0,.252,11.66
105,2015,292,1230,12.68,16.03,0,0,.251,11.68
105,2015,292,1245,13.16,15.56,0,0,.251,11.68
105,2015,292,1300,13.55,16.44,0,0,.25,11.64
105,2015,292,1315,13.88,16,0,0,.25,11.68
105,2015,292,1330,14.23,15.77,0,0,.25,11.68
105,2015,292,1345,14.5,15.74,0,0,.25,11.71
105,2015,292,1400,14.7,16.04,0,0,.25,11.69
105,2015,292,1415,14.82,15.66,0,0,.249,11.73
105,2015,292,1430,14.89,15.55,0,0,.248,11.7
105,2015,292,1445,14.95,14.78,0,0,.248,11.7
105,2015,292,1500,14.95,12.97,0,0,.248,11.65
105,2015,292,1515,14.83,11.92,0,0,.248,11.55
105,2015,292,1530,14.58,11.32,0,0,.248,11.45
105,2015,292,1545,14.25,11.09,0,0,.248,11.41
105,2015,292,1600,13.9,11.06,0,0,.248,11.37
105,2015,292,1615,13.59,10.87,0,0,.248,11.31
105,2015,292,1630,13.32,10.8,0,0,.248,11.3
105,2015,292,1645,13.1,10.77,0,0,.248,11.3
105,2015,292,1700,12.89,10.42,0,0,.248,11.31
105,2015,292,1715,12.69,10.38,0,0,.248,11.32
105,2015,292,1730,12.49,10.02,0,0,.248,11.33
105,2015,292,1745,12.27,9.63,0,0,.248,11.32
105,2015,292,1800,12.03,9.45,0,0,.248,11.32
105,2015,292,1815,11.77,9.16,0,0,.248,11.32
105,2015,292,1830,11.5,8.83,0,0,.248,11.31
105,2015,292,1845,11.21,8.37,0,0,.248,11.32
105,2015,292,1900,10.9,7.98,0,0,.248,11.3
105,2015,292,1915,10.57,7.58,0,0,.248,11.29
105,2015,292,1930,10.24,7.05,0,0,.248,11.28
105,2015,292,1945,9.82,6.709,0,0,.248,11.27
105,2015,292,2000,9.38,6.361,0,0,.248,11.26
105,2015,292,2015,8.93,6.194,0,0,.248,11.24
105,2015,292,2030,8.52,5.785,0,0,.248,11.24
105,2015,292,2045,8.09,4.867,0,0,.248,11.23
105,2015,292,2100,7.64,4.383,0,0,.248,11.21
105,2015,292,2115,7.21,4.312,0,0,.248,11.2
105,2015,292,2130,6.858,4.308,0,0,.248,11.2
105,2015,292,2145,6.557,4.046,0,0,.248,11.19
105,2015,292,2200,6.313,4.42,0,0,.248,11.19
105,2015,292,2215,6.135,4.436,0,0,.248,11.19
105,2015,292,2230,5.985,4.336,0,0,.248,11.19
105,2015,292,2245,5.817,4.212,0,0,.248,11.19
105,2015,292,2300,5.646,4.189,0,0,.248,11.19
105,2015,292,2315,5.486,3.732,0,0,.248,11.19
105,2015,292,2330,5.342,3.894,0,0,.247,11.19
105,2015,292,2345,5.224,3.53,0,0,.247,11.18
105,2015,293,0,5.1,3.63,0,0,.247,11.18
105,2015,293,15,4.985,3.802,0,0,.246,11.18
105,2015,293,30,4.874,3.526,0,0,.246,11.18
105,2015,293,45,4.733,3.267,0,0,.246,11.18
105,2015,293,100,4.608,3.48,0,0,.247,11.18
105,2015,293,115,4.514,3.181,0,0,.246,11.18
105,2015,293,130,4.439,3.348,0,0,.246,11.17
105,2015,293,145,4.407,3.531,0,0,.246,11.17
105,2015,293,200,4.438,3.949,0,0,.246,11.17
105,2015,293,215,4.532,4.14,0,0,.245,11.17
105,2015,293,230,4.674,4.444,0,0,.245,11.17
105,2015,293,245,4.824,4.452,0,0,.244,11.17
105,2015,293,300,4.933,4.382,0,0,.245,11.18
105,2015,293,315,4.993,4.263,0,0,.244,11.18
105,2015,293,330,5.016,4.031,0,0,.245,11.17
105,2015,293,345,5.015,4.134,0,0,.244,11.17
105,2015,293,400,5.024,4.189,0,0,.245,11.17
105,2015,293,415,5.045,4.171,0,0,.245,11.17
105,2015,293,430,5.051,4.18,0,0,.244,11.18
105,2015,293,445,5.07,4.302,0,0,.244,11.17
105,2015,293,500,5.11,4.297,0,0,.245,11.16
105,2015,293,515,5.149,4.459,0,0,.244,11.15
105,2015,293,530,5.195,4.452,0,0,.243,11.16
105,2015,293,545,5.242,4.413,0,0,.243,11.16
105,2015,293,600,5.271,4.444,0,0,.243,11.16
105,2015,293,615,5.303,4.759,0,0,.243,11.15
105,2015,293,630,5.373,4.838,0,0,.243,11.15
105,2015,293,645,5.465,4.921,0,0,.243,11.15
105,2015,293,700,5.567,5.178,0,0,.243,11.15
105,2015,293,715,5.684,5.259,0,0,.243,11.15
105,2015,293,730,5.795,5.307,0,0,.243,11.15
105,2015,293,745,5.891,5.295,0,0,.242,11.16
105,2015,293,800,5.98,6.161,0,0,.242,11.15
105,2015,293,815,6.16,8.2,0,0,.241,11.17
105,2015,293,830,6.532,9.48,0,0,.241,11.2
105,2015,293,845,7.08,11.04,0,0,.239,11.22
105,2015,293,900,7.75,11.98,0,0,.239,11.25
105,2015,293,915,8.44,12.19,0,0,.239,11.3
105,2015,293,930,9.11,12.45,0,0,.239,11.33
105,2015,293,945,9.75,13.87,0,0,.237,11.39
105,2015,293,1000,10.45,15.04,0,0,.237,11.48
105,2015,293,1015,11.18,15.95,0,0,.237,11.57
105,2015,293,1030,11.96,17.29,0,0,.236,11.66
105,2015,293,1045,12.78,17.76,0,0,.236,11.7
105,2015,293,1100,13.59,18.55,0,0,.235,11.74
105,2015,293,1115,14.38,19.74,0,0,.234,11.76
105,2015,293,1130,15.16,19.94,0,0,.234,11.78
105,2015,293,1145,15.89,20.14,0,0,.234,11.79
105,2015,293,1200,16.6,21.59,0,0,.234,11.81
105,2015,293,1215,17.33,21.87,0,0,.233,11.83
105,2015,293,1230,18.04,22.61,0,0,.233,11.84
105,2015,293,1245,18.73,22.73,0,0,.231,11.87
105,2015,293,1300,19.37,23.02,0,0,.231,11.88
105,2015,293,1315,19.97,23.18,0,0,.231,11.9
105,2015,293,1330,20.47,23.11,0,0,.231,11.9
105,2015,293,1345,20.88,22.76,0,0,.231,11.9
105,2015,293,1400,21.22,22.88,0,0,.231,11.9
105,2015,293,1415,21.49,22.5,0,0,.229,11.89
105,2015,293,1430,21.67,22.44,0,0,.229,11.9
105,2015,293,1445,21.77,21.16,0,0,.229,11.88
105,2015,293,1500,21.75,19.49,0,0,.229,11.86
105,2015,293,1515,21.59,18.84,0,0,.229,11.82
105,2015,293,1530,21.32,18.58,0,0,.229,11.8
105,2015,293,1545,21.02,18.25,0,0,.229,11.79
105,2015,293,1600,20.74,18.13,0,0,.229,11.79
105,2015,293,1615,20.49,17.85,0,0,.229,11.78
105,2015,293,1630,20.25,18.09,0,0,.229,11.78
105,2015,293,1645,20.09,18.25,0,0,.229,11.78
105,2015,293,1700,19.97,17.69,0,0,.229,11.79
105,2015,293,1715,19.79,17.21,0,0,.229,11.78
105,2015,293,1730,19.51,16.41,0,0,.229,11.78
105,2015,293,1745,19.11,15.57,0,0,.229,11.76
105,2015,293,1800,18.67,15.35,0,0,.229,11.76
105,2015,293,1815,18.21,14.81,0,0,.23,11.75
105,2015,293,1830,17.74,14.45,0,0,.23,11.74
105,2015,293,1845,17.26,14.07,0,0,.23,11.72
105,2015,293,1900,16.78,13.37,0,0,.23,11.71
105,2015,293,1915,16.29,12.5,0,0,.23,11.69
105,2015,293,1930,15.73,12.5,0,0,.23,11.65
105,2015,293,1945,15.25,12.59,0,0,.231,11.63
105,2015,293,2000,14.88,11.96,0,0,.231,11.61
105,2015,293,2015,14.47,11.25,0,0,.231,11.58
105,2015,293,2030,14.05,11.59,0,0,.231,11.55
105,2015,293,2045,13.73,11.84,0,0,.231,11.56
105,2015,293,2100,13.55,11.1,0,0,.231,11.54
105,2015,293,2115,13.28,10.43,0,0,.231,11.53
105,2015,293,2130,12.92,10.86,0,0,.231,11.5
105,2015,293,2145,12.58,10.71,0,0,.231,11.48
105,2015,293,2200,12.29,9.71,0,0,.231,11.47
105,2015,293,2215,11.94,9.53,0,0,.231,11.44
105,2015,293,2230,11.6,9.07,0,0,.231,11.42
105,2015,293,2245,11.29,8.93,0,0,.231,11.42
105,2015,293,2300,11,8.75,0,0,.231,11.39
105,2015,293,2315,10.76,8.87,0,0,.231,11.36
105,2015,293,2330,10.59,8.66,0,0,.231,11.34
105,2015,293,2345,10.42,8.61,0,0,.231,11.34
105,2015,294,0,10.26,8.54,0,0,.231,11.33
105,2015,294,15,10.09,8.29,0,0,.231,11.34
105,2015,294,30,9.9,7.89,0,0,.231,11.33
105,2015,294,45,9.72,7.87,0,0,.231,11.32
105,2015,294,100,9.56,8.03,0,0,.231,11.33
105,2015,294,115,9.41,7.74,0,0,.231,11.32
105,2015,294,130,9.25,7.56,0,0,.231,11.32
105,2015,294,145,9.07,7.47,0,0,.231,11.31
105,2015,294,200,8.89,6.95,0,0,.231,11.31
105,2015,294,215,8.7,7.24,0,0,.231,11.29
105,2015,294,230,8.52,6.592,0,0,.231,11.28
105,2015,294,245,8.31,6.636,0,0,.231,11.27
105,2015,294,300,8.13,6.278,0,0,.231,11.26
105,2015,294,315,7.94,6.558,0,0,.231,11.25
105,2015,294,330,7.82,6.552,0,0,.231,11.26
105,2015,294,345,7.71,6.223,0,0,.231,11.26
105,2015,294,400,7.58,6.608,0,0,.231,11.25
105,2015,294,415,7.49,6.02,0,0,.231,11.25
105,2015,294,430,7.36,6.478,0,0,.231,11.24
105,2015,294,445,7.26,6.485,0,0,.231,11.25
105,2015,294,500,7.13,5.784,0,0,.231,11.25
105,2015,294,515,6.981,6.072,0,0,.231,11.24
105,2015,294,530,6.84,5.724,0,0,.23,11.24
105,2015,294,545,6.677,5.843,0,0,.23,11.23
105,2015,294,600,6.535,5.103,0,0,.23,11.22
105,2015,294,615,6.393,5.223,0,0,.23,11.22
105,2015,294,630,6.276,5.133,0,0,.23,11.22
105,2015,294,645,6.157,5.062,0,0,.23,11.21
105,2015,294,700,6.052,4.734,0,0,.229,11.2
105,2015,294,715,5.946,5.049,0,0,.229,11.2
105,2015,294,730,5.869,4.655,0,0,.229,11.2
105,2015,294,745,5.759,5.047,0,0,.228,11.2
105,2015,294,800,5.708,5.475,0,0,.229,11.2
105,2015,294,815,5.791,8.29,0,0,.228,11.22
105,2015,294,830,6.207,11.27,0,0,.227,11.25
105,2015,294,845,6.85,12.62,0,0,.226,11.28
105,2015,294,900,7.63,13.88,0,0,.227,11.36
105,2015,294,915,8.47,14.31,0,0,.226,11.45
105,2015,294,930,9.39,16.13,0,0,.225,11.51
105,2015,294,945,10.38,17.05,0,0,.225,11.63
105,2015,294,1000,11.4,17.04,0,0,.225,11.63
105,2015,294,1015,12.44,19.04,0,0,.223,11.67
105,2015,294,1030,13.47,20.29,0,0,.223,11.74
105,2015,294,1045,14.47,20.63,0,0,.223,11.77
105,2015,294,1100,15.42,21.56,0,0,.222,11.77
105,2015,294,1115,16.36,22.84,0,0,.222,11.81
105,2015,294,1130,17.3,23.43,0,0,.221,11.85
105,2015,294,1145,18.16,23.19,0,0,.221,11.87
105,2015,294,1200,18.91,23.36,0,0,.221,11.87
105,2015,294,1215,19.54,23.74,0,0,.219,11.88
105,2015,294,1230,20.12,24.46,0,0,.219,11.91
105,2015,294,1245,20.66,24.35,0,0,.219,11.92
105,2015,294,1300,21.14,24.88,0,0,.219,11.93
105,2015,294,1315,21.59,24.93,0,0,.218,11.94
105,2015,294,1330,22.01,25.07,0,0,.218,11.94
105,2015,294,1345,22.38,25.59,0,0,.217,11.94
105,2015,294,1400,22.72,25.59,0,0,.217,11.95
105,2015,294,1415,23.02,24.95,0,0,.217,11.94
105,2015,294,1430,23.28,23.88,0,0,.216,11.91
105,2015,294,1445,23.46,24.44,0,0,.216,11.92
105,2015,294,1500,23.58,22.11,0,0,.216,11.92
105,2015,294,1515,23.51,20.56,0,0,.216,11.88
105,2015,294,1530,23.22,19.75,0,0,.216,11.85
105,2015,294,1545,22.83,19.33,0,0,.216,11.83
105,2015,294,1600,22.4,18.91,0,0,.216,11.8
105,2015,294,1615,21.98,18.66,0,0,.217,11.79
105,2015,294,1630,21.6,18.34,0,0,.217,11.78
105,2015,294,1645,21.22,17.84,0,0,.217,11.78
105,2015,294,1700,20.82,17.24,0,0,.217,11.76
105,2015,294,1715,20.42,17.01,0,0,.217,11.75
105,2015,294,1730,20.02,16.53,0,0,.217,11.74
105,2015,294,1745,19.59,15.95,0,0,.217,11.73
105,2015,294,1800,19.15,15.58,0,0,.217,11.72
105,2015,294,1815,18.67,14.94,0,0,.217,11.7
105,2015,294,1830,18.2,14.48,0,0,.217,11.65
105,2015,294,1845,17.73,14.1,0,0,.217,11.62
105,2015,294,1900,17.26,13.75,0,0,.217,11.58
105,2015,294,1915,16.78,13.43,0,0,.217,11.57
105,2015,294,1930,16.32,12.92,0,0,.217,11.53
105,2015,294,1945,15.85,12.25,0,0,.217,11.52
105,2015,294,2000,15.4,12.55,0,0,.218,11.46
105,2015,294,2015,15.03,12.44,0,0,.218,11.44
105,2015,294,2030,14.73,12.4,0,0,.218,11.44
105,2015,294,2045,14.45,11.54,0,0,.218,11.4
105,2015,294,2100,14.12,11.14,0,0,.218,11.37
105,2015,294,2115,13.73,10.47,0,0,.218,11.34
105,2015,294,2130,13.3,10.2,0,0,.218,11.29
105,2015,294,2145,12.94,10.51,0,0,.218,11.28
105,2015,294,2200,12.64,10.22,0,0,.218,11.27
105,2015,294,2215,12.36,9.88,0,0,.218,11.28
105,2015,294,2230,12.05,9.84,0,0,.218,11.27
105,2015,294,2245,11.76,9.36,0,0,.218,11.27
105,2015,294,2300,11.46,9.36,0,0,.218,11.27
105,2015,294,2315,11.2,9.09,0,0,.218,11.27
105,2015,294,2330,10.96,8.77,0,0,.218,11.27
105,2015,294,2345,10.7,8.69,0,0,.218,11.26
105,2015,295,0,10.48,8.78,0,0,.218,11.26
105,2015,295,15,10.31,9.17,0,0,.218,11.26
105,2015,295,30,10.22,8.82,0,0,.218,11.26
105,2015,295,45,10.11,8.49,0,0,.218,11.26
105,2015,295,100,9.99,8.66,0,0,.218,11.26
105,2015,295,115,9.87,8.05,0,0,.218,11.26
105,2015,295,130,9.71,8.58,0,0,.218,11.25
105,2015,295,145,9.6,8.2,0,0,.218,11.26
105,2015,295,200,9.49,8.4,0,0,.218,11.25
105,2015,295,215,9.37,7.49,0,0,.218,11.24
105,2015,295,230,9.21,7.87,0,0,.218,11.24
105,2015,295,245,9.11,8.31,0,0,.218,11.24
105,2015,295,300,9.1,8.3,0,0,.218,11.24
105,2015,295,315,9.1,8.04,0,0,.218,11.24
105,2015,295,330,9.06,7.92,0,0,.218,11.24
105,2015,295,345,9,8.25,0,0,.218,11.24
105,2015,295,400,8.99,8.55,0,0,.218,11.24
105,2015,295,415,9,7.9,0,0,.218,11.23
105,2015,295,430,8.94,8.18,0,0,.218,11.24
105,2015,295,445,8.9,8.11,0,0,.218,11.24
105,2015,295,500,8.9,8.13,0,0,.218,11.23
105,2015,295,515,8.9,8.21,0,0,.218,11.23
105,2015,295,530,8.82,7.23,0,0,.218,11.23
105,2015,295,545,8.7,7.9,0,0,.218,11.22
105,2015,295,600,8.64,7.2,0,0,.218,11.22
105,2015,295,615,8.53,7.05,0,0,.218,11.22
105,2015,295,630,8.4,7.05,0,0,.218,11.21
105,2015,295,645,8.29,6.872,0,0,.217,11.2
105,2015,295,700,8.17,7.02,0,0,.217,11.2
105,2015,295,715,8.08,6.515,0,0,.217,11.2
105,2015,295,730,7.99,7.13,0,0,.217,11.2
105,2015,295,745,7.94,6.91,0,0,.217,11.19
105,2015,295,800,7.9,7.28,0,0,.216,11.2
105,2015,295,815,7.91,9.39,0,0,.216,11.2
105,2015,295,830,8.14,11.56,0,0,.215,11.21
105,2015,295,845,8.62,12.82,0,0,.215,11.23
105,2015,295,900,9.25,14.62,0,0,.215,11.24
105,2015,295,915,10.01,16.1,0,0,.214,11.24
105,2015,295,930,10.85,16.78,0,0,.213,11.38
105,2015,295,945,11.78,18.08,0,0,.213,11.46
105,2015,295,1000,12.79,19.2,0,0,.211,11.57
105,2015,295,1015,13.83,20.29,0,0,.211,11.65
105,2015,295,1030,14.88,20.91,0,0,.211,11.73
105,2015,295,1045,15.94,22.22,0,0,.211,11.76
105,2015,295,1100,16.98,23.15,0,0,.209,11.8
105,2015,295,1115,18.02,24.93,0,0,.209,11.84
105,2015,295,1130,19.09,25.25,0,0,.209,11.88
105,2015,295,1145,21.63,25.32,0,0,.207,11.92
105,2015,295,1200,22.03,24.75,0,0,.206,11.94
105,2015,295,1215,22.4,24.1,0,0,.206,11.93
105,2015,295,1230,22.81,23.29,0,0,.206,11.92
105,2015,295,1245,23.15,25.74,0,0,.206,11.91
105,2015,295,1300,23.56,26.64,0,0,.206,11.93
105,2015,295,1315,24.03,27.02,0,0,.206,11.95
105,2015,295,1330,24.48,26.69,0,0,.205,11.96
105,2015,295,1345,24.82,26.83,0,0,.205,11.96
105,2015,295,1400,25.1,26.05,0,0,.205,11.96
105,2015,295,1415,25.3,26.4,0,0,.205,11.96
105,2015,295,1430,25.48,26.5,0,0,.205,11.96
105,2015,295,1445,25.64,25.92,0,0,.205,11.96
105,2015,295,1500,25.73,24.4,0,0,.205,11.95
105,2015,295,1515,25.66,23.27,0,0,.205,11.94
105,2015,295,1530,25.44,22.79,0,0,.205,11.94
105,2015,295,1545,25.12,22.02,0,0,.205,11.93
105,2015,295,1600,24.75,21.65,0,0,.205,11.92
105,2015,295,1615,24.37,21,0,0,.204,11.91
105,2015,295,1630,23.94,20.56,0,0,.204,11.9
105,2015,295,1645,23.51,20.1,0,0,.204,11.9
105,2015,295,1700,23.07,19.75,0,0,.204,11.89
105,2015,295,1715,22.65,19.03,0,0,.204,11.88
105,2015,295,1730,22.21,18.96,0,0,.204,11.85
105,2015,295,1745,21.79,18.62,0,0,.204,11.85
105,2015,295,1800,21.38,18.28,0,0,.204,11.84
105,2015,295,1815,20.98,17.89,0,0,.204,11.84
105,2015,295,1830,20.59,17.15,0,0,.204,11.82
105,2015,295,1845,20.21,17.48,0,0,.204,11.81
105,2015,295,1900,19.9,17.32,0,0,.205,11.81
105,2015,295,1915,19.62,17.12,0,0,.205,11.81
105,2015,295,1930,19.37,16.95,0,0,.205,11.81
105,2015,295,1945,19.14,16.62,0,0,.205,11.8
105,2015,295,2000,18.89,16.57,0,0,.205,11.8
105,2015,295,2015,18.67,16.12,0,0,.205,11.8
105,2015,295,2030,18.38,15.38,0,0,.205,11.8
105,2015,295,2045,18.05,15.51,0,0,.205,11.78
105,2015,295,2100,17.74,15.11,0,0,.205,11.78
105,2015,295,2115,17.42,14.81,0,0,.205,11.77
105,2015,295,2130,17.11,14.64,0,0,.205,11.77
105,2015,295,2145,16.82,14.47,0,0,.205,11.76
105,2015,295,2200,16.53,13.86,0,0,.205,11.76
105,2015,295,2215,16.2,13.98,0,0,.205,11.75
105,2015,295,2230,15.94,13.74,0,0,.205,11.75
105,2015,295,2245,15.72,13.55,0,0,.205,11.75
105,2015,295,2300,15.56,13.9,0,0,.205,11.74
105,2015,295,2315,15.43,13.7,0,0,.205,11.74
105,2015,295,2330,15.32,13.76,0,0,.205,11.74
105,2015,295,2345,15.25,13.81,0,0,.206,11.74
105,2015,296,0,15.18,13.82,0,0,.206,11.73
105,2015,296,15,15.08,13.48,0,0,.206,11.73
105,2015,296,30,14.98,13.97,0,0,.205,11.74
105,2015,296,45,14.94,13.7,0,0,.205,11.75
105,2015,296,100,14.88,13.79,0,0,.205,11.74
105,2015,296,115,14.86,14.39,0,0,.206,11.74
105,2015,296,130,14.97,14.71,0,0,.206,11.74
105,2015,296,145,15.16,14.81,0,0,.206,11.74
105,2015,296,200,15.35,14.99,0,0,.206,11.74
105,2015,296,215,15.49,14.6,0,0,.206,11.75
105,2015,296,230,15.51,14.35,0,0,.205,11.74
105,2015,296,245,15.47,14.04,0,0,.206,11.75
105,2015,296,300,15.38,14.24,0,0,.205,11.75
105,2015,296,315,15.32,14.13,0,0,.205,11.74
105,2015,296,330,15.26,14.25,0,0,.205,11.74
105,2015,296,345,15.23,14.33,0,0,.206,11.74
105,2015,296,400,15.23,14.09,0,0,.206,11.75
105,2015,296,415,15.22,14.28,0,0,.205,11.75
105,2015,296,430,15.23,14.62,0,0,.205,11.75
105,2015,296,445,15.29,14.71,0,0,.205,11.75
105,2015,296,500,15.37,14.62,0,0,.205,11.76
105,2015,296,515,15.42,14.67,0,0,.205,11.75
105,2015,296,530,15.49,15.11,0,0,.205,11.75
105,2015,296,545,15.61,15.46,0,0,.205,11.75
105,2015,296,600,15.79,16.32,0,0,.205,11.75
105,2015,296,615,16.04,16.53,0,0,.205,11.73
105,2015,296,630,16.3,16.99,0,0,.204,11.7
105,2015,296,645,16.58,16.88,0,0,.204,11.71
105,2015,296,700,16.82,16.74,0,0,.204,11.71
105,2015,296,715,16.94,16.28,0,0,.204,11.65
105,2015,296,730,16.95,15.73,0,0,.204,11.62
105,2015,296,745,16.85,15.07,0,0,.204,11.58
105,2015,296,800,16.68,14.84,0,0,.204,11.6
105,2015,296,815,16.49,15.6,0,0,.204,11.6
105,2015,296,830,16.4,16.41,0,0,.204,11.57
105,2015,296,845,16.42,17.24,0,0,.203,11.61
105,2015,296,900,16.58,18.18,0,0,.202,11.68
105,2015,296,915,16.84,18.54,0,0,.202,11.71
105,2015,296,930,17.15,19.43,0,0,.202,11.72
105,2015,296,945,17.52,19.46,0,0,.2,11.76
105,2015,296,1000,17.86,19.78,0,0,.2,11.75
105,2015,296,1015,18.19,20.04,0,0,.2,11.76
105,2015,296,1030,18.51,20.52,0,0,.2,11.77
105,2015,296,1045,18.81,20.38,0,0,.199,11.76
105,2015,296,1100,19.1,21.32,0,0,.198,11.79
105,2015,296,1115,19.39,21.3,0,0,.198,11.79
105,2015,296,1130,19.7,21.74,0,0,.198,11.81
105,2015,296,1145,20,21.81,0,0,.198,11.82
105,2015,296,1200,20.29,22.1,0,0,.198,11.83
105,2015,296,1215,20.55,22.3,0,0,.196,11.83
105,2015,296,1230,20.8,22.78,0,0,.196,11.85
105,2015,296,1245,21.08,23.76,0,0,.195,11.88
105,2015,296,1300,21.42,23.53,0,0,.195,11.9
105,2015,296,1315,21.7,23.63,0,0,.195,11.9
105,2015,296,1330,21.93,23.68,0,0,.194,11.91
105,2015,296,1345,22.11,23.57,0,0,.194,11.91
105,2015,296,1400,22.26,23.43,0,0,.194,11.9
105,2015,296,1415,22.41,22.42,0,0,.194,11.89
105,2015,296,1430,22.49,22.74,0,0,.194,11.88
105,2015,296,1445,22.5,22.74,0,0,.193,11.9
105,2015,296,1500,22.52,20.27,0,0,.192,11.9
105,2015,296,1515,22.34,18.95,0,0,.192,11.87
105,2015,296,1530,21.97,18.31,0,0,.192,11.84
105,2015,296,1545,21.52,17.78,0,0,.192,11.8
105,2015,296,1600,21.05,17.42,0,0,.192,11.78
105,2015,296,1615,20.61,17.25,0,0,.192,11.78
105,2015,296,1630,20.23,17.03,0,0,.192,11.77
105,2015,296,1645,19.88,16.72,0,0,.192,11.76
105,2015,296,1700,19.53,16.44,0,0,.193,11.74
105,2015,296,1715,19.21,16.17,0,0,.193,11.74
105,2015,296,1730,18.89,15.91,0,0,.193,11.74
105,2015,296,1745,18.58,15.47,0,0,.193,11.72
105,2015,296,1800,18.26,15.02,0,0,.193,11.72
105,2015,296,1815,17.91,14.62,0,0,.193,11.7
105,2015,296,1830,17.55,13.76,0,0,.193,11.7
105,2015,296,1845,17.13,13.09,0,0,.193,11.69
105,2015,296,1900,16.62,12.59,0,0,.193,11.69
105,2015,296,1915,16,11.19,0,0,.193,11.64
105,2015,296,1930,15.3,10.66,0,0,.194,11.6
105,2015,296,1945,14.6,10.14,0,0,.194,11.54
105,2015,296,2000,13.96,10.24,0,0,.194,11.51
105,2015,296,2015,13.41,10.17,0,0,.194,11.47
105,2015,296,2030,13,9.95,0,0,.194,11.47
105,2015,296,2045,12.63,8.92,0,0,.194,11.42
105,2015,296,2100,12.17,9.14,0,0,.194,11.37
105,2015,296,2115,11.8,8.71,0,0,.194,11.34
105,2015,296,2130,11.45,8.37,0,0,.194,11.33
105,2015,296,2145,11.09,8.9,0,0,.194,11.32
105,2015,296,2200,10.82,8.32,0,0,.194,11.3
105,2015,296,2215,10.58,8.68,0,0,.194,11.31
105,2015,296,2230,10.39,8.23,0,0,.194,11.3
105,2015,296,2245,10.18,8.43,0,0,.194,11.29
105,2015,296,2300,10.01,7.61,0,0,.194,11.29
105,2015,296,2315,9.75,6.714,0,0,.194,11.28
105,2015,296,2330,9.45,7.19,0,0,.194,11.27
105,2015,296,2345,9.19,7.58,0,0,.193,11.26
105,2015,297,0,9.01,6.428,0,0,.193,11.27
105,2015,297,15,8.75,6.733,0,0,.194,11.26
105,2015,297,30,8.49,5.979,0,0,.193,11.26
105,2015,297,45,8.23,6.215,0,0,.192,11.25
105,2015,297,100,8,5.934,0,0,.192,11.24
105,2015,297,115,7.75,5.21,0,0,.192,11.24
105,2015,297,130,7.48,5.466,0,0,.192,11.24
105,2015,297,145,7.25,5.948,0,0,.192,11.24
105,2015,297,200,7.11,5.712,0,0,.192,11.24
105,2015,297,215,6.957,5.04,0,0,.192,11.23
105,2015,297,230,6.764,5.231,0,0,.192,11.23
105,2015,297,245,6.625,4.979,0,0,.192,11.22
105,2015,297,300,6.477,4.685,0,0,.192,11.22
105,2015,297,315,6.317,4.785,0,0,.192,11.22
105,2015,297,330,6.173,4.653,0,0,.192,11.22
105,2015,297,345,6.084,4.581,0,0,.191,11.22
105,2015,297,400,5.991,4.603,0,0,.191,11.22
105,2015,297,415,5.891,4.657,0,0,.19,11.21
105,2015,297,430,5.801,4.46,0,0,.19,11.22
105,2015,297,445,5.698,4.205,0,0,.19,11.21
105,2015,297,500,5.583,4.179,0,0,.19,11.21
105,2015,297,515,5.478,4.133,0,0,.19,11.21
105,2015,297,530,5.374,4.077,0,0,.19,11.21
105,2015,297,545,5.262,4.252,0,0,.19,11.21
105,2015,297,600,5.197,4.125,0,0,.19,11.2
105,2015,297,615,5.154,3.934,0,0,.189,11.2
105,2015,297,630,5.11,4.096,0,0,.189,11.2
105,2015,297,645,5.082,4.006,0,0,.189,11.2
105,2015,297,700,5.039,4.084,0,0,.189,11.19
105,2015,297,715,4.994,4.014,0,0,.188,11.19
105,2015,297,730,4.942,3.783,0,0,.188,11.19
105,2015,297,745,4.882,4.295,0,0,.189,11.19
105,2015,297,800,4.891,4.514,0,0,.188,11.19
105,2015,297,815,4.987,6.794,0,0,.188,11.19
105,2015,297,830,5.407,9.13,0,0,.188,11.22
105,2015,297,845,6.146,10.74,0,0,.187,11.25
105,2015,297,900,7.09,12.59,0,0,.187,11.29
105,2015,297,915,8.12,13.55,0,0,.186,11.39
105,2015,297,930,9.13,14.31,0,0,.186,11.51
105,2015,297,945,10.06,14.89,0,0,.185,11.59
105,2015,297,1000,10.87,13.88,0,0,.185,11.62
105,2015,297,1015,11.48,13.25,0,0,.185,11.63
105,2015,297,1030,11.94,13.33,0,0,.185,11.62
105,2015,297,1045,12.35,13.56,0,0,.185,11.65
105,2015,297,1100,12.72,13.75,0,0,.185,11.65
105,2015,297,1115,13.07,14.14,0,0,.185,11.69
105,2015,297,1130,13.42,14.61,0,0,.184,11.67
105,2015,297,1145,13.78,14.73,0,0,.184,11.71
105,2015,297,1200,14.12,14.85,0,0,.184,11.72
105,2015,297,1215,14.42,14.94,0,0,.183,11.72
105,2015,297,1230,14.7,15.4,0,0,.183,11.72
105,2015,297,1245,14.97,15.6,0,0,.183,11.73
105,2015,297,1300,15.25,15.73,0,0,.183,11.73
105,2015,297,1315,15.53,15.72,0,0,.183,11.74
105,2015,297,1330,15.77,16.24,0,0,.183,11.73
105,2015,297,1345,16.04,16.58,0,0,.183,11.75
105,2015,297,1400,16.32,16.75,0,0,.183,11.76
105,2015,297,1415,16.58,16.37,0,0,.183,11.77
105,2015,297,1430,16.76,16.39,0,0,.183,11.77
105,2015,297,1445,16.91,16.25,0,0,.182,11.76
105,2015,297,1500,17.03,16.04,0,0,.183,11.75
105,2015,297,1515,17.08,15.77,0,0,.183,11.75
105,2015,297,1530,17.09,15.97,0,0,.182,11.76
105,2015,297,1545,17.11,16.62,0,0,.183,11.78
105,2015,297,1600,17.2,16.43,0,0,.182,11.78
105,2015,297,1615,17.24,16.31,0,0,.182,11.78
105,2015,297,1630,17.28,16.42,0,0,.182,11.78
105,2015,297,1645,17.32,16.35,0,0,.182,11.78
105,2015,297,1700,17.36,15.96,0,0,.182,11.77
105,2015,297,1715,17.4,15.6,0,0,.182,11.77
105,2015,297,1730,17.42,15.5,0,0,.182,11.77
105,2015,297,1745,17.41,15.05,0,0,.182,11.77
105,2015,297,1800,17.37,14.73,0,0,.182,11.76
105,2015,297,1815,17.31,14.83,0,0,.182,11.76
105,2015,297,1830,17.22,14.7,0,0,.182,11.75
105,2015,297,1845,17.11,14.59,0,0,.182,11.75
105,2015,297,1900,16.98,14.59,0,0,.182,11.75
105,2015,297,1915,16.85,14.41,0,0,.184,11.75
105,2015,297,1930,16.73,14.37,0,0,.188,11.74
105,2015,297,1945,16.57,14.31,0,0,.192,11.74
105,2015,297,2000,16.42,14.09,0,0,.196,11.74
105,2015,297,2015,16.3,13.91,0,0,.2,11.73
105,2015,297,2030,16.19,13.67,0,0,.204,11.73
105,2015,297,2045,16.09,13.7,0,0,.208,11.73
105,2015,297,2100,16.01,13.65,0,0,.211,11.72
105,2015,297,2115,15.94,13.58,0,0,.215,11.72
105,2015,297,2130,15.88,13.75,0,0,.217,11.72
105,2015,297,2145,15.83,14.09,0,0,.22,11.71
105,2015,297,2200,15.84,14.47,0,0,.223,11.68
105,2015,297,2215,15.9,14.44,0,0,.225,11.67
105,2015,297,2230,15.98,14.63,0,0,.227,11.68
105,2015,297,2245,16.06,14.76,0,0,.229,11.7
105,2015,297,2300,16.14,14.77,0,0,.23,11.7
105,2015,297,2315,16.21,14.6,0,0,.232,11.71
105,2015,297,2330,16.26,14.68,0,0,.233,11.72
105,2015,297,2345,16.3,14.69,0,0,.234,11.72
105,2015,298,0,16.34,14.72,0,0,.235,11.71
105,2015,298,15,16.36,14.75,0,0,.236,11.72
105,2015,298,30,16.4,14.76,0,0,.237,11.72
105,2015,298,45,16.42,14.78,0,0,.237,11.73
105,2015,298,100,16.44,14.67,0,0,.238,11.73
105,2015,298,115,16.45,14.44,0,0,.238,11.73
105,2015,298,130,16.43,14.55,0,0,.238,11.73
105,2015,298,145,16.41,14.53,0,0,.239,11.73
105,2015,298,200,16.39,14.3,0,0,.24,11.73
105,2015,298,215,16.36,14.19,0,0,.24,11.73
105,2015,298,230,16.32,14.22,0,0,.24,11.73
105,2015,298,245,16.28,14.1,0,0,.241,11.74
105,2015,298,300,16.24,14.05,0,0,.242,11.74
105,2015,298,315,16.2,14.12,0,0,.241,11.74
105,2015,298,330,16.15,13.95,0,0,.242,11.74
105,2015,298,345,16.1,14.01,0,0,.243,11.74
105,2015,298,400,16.04,13.78,0,0,.244,11.73
105,2015,298,415,15.99,13.85,0,0,.265,11.73
105,2015,298,430,15.93,13.72,0,0,.333,11.73
105,2015,298,445,15.89,13.7,0,0,.383,11.73
105,2015,298,500,15.85,13.74,0,0,.412,11.72
105,2015,298,515,15.8,13.77,0,0,.432,11.71
105,2015,298,530,15.75,13.68,0,0,.45,11.7
105,2015,298,545,15.71,13.7,0,0,.458,11.71
105,2015,298,600,15.68,13.72,0,0,.459,11.71
105,2015,298,615,15.65,13.66,0,0,.459,11.7
105,2015,298,630,15.63,13.73,0,0,.459,11.7
105,2015,298,645,15.63,13.74,0,0,.459,11.71
105,2015,298,700,15.63,13.89,0,0,.459,11.71
105,2015,298,715,15.62,13.84,0,0,.459,11.71
105,2015,298,730,15.61,13.96,0,0,.458,11.72
105,2015,298,745,15.61,14.06,0,0,.456,11.73
105,2015,298,800,15.61,14.05,0,0,.453,11.73
105,2015,298,815,15.61,14.1,0,0,.45,11.72
105,2015,298,830,15.63,14.07,0,0,.448,11.72
105,2015,298,845,15.65,14.2,0,0,.445,11.71
105,2015,298,900,15.67,14.41,0,0,.442,11.72
105,2015,298,915,15.71,14.69,0,0,.44,11.73
105,2015,298,930,15.79,14.81,0,0,.437,11.74
105,2015,298,945,15.89,14.87,0,0,.434,11.74
105,2015,298,1000,15.99,14.8,0,0,.432,11.75
105,2015,298,1015,16.08,15.06,0,0,.43,11.75
105,2015,298,1030,16.17,15.22,0,0,.428,11.75
105,2015,298,1045,16.27,15.61,0,0,.425,11.75
105,2015,298,1100,16.42,15.72,0,0,.422,11.76
105,2015,298,1115,16.59,15.82,0,0,.42,11.76
105,2015,298,1130,16.73,15.67,0,0,.417,11.76
105,2015,298,1145,16.86,15.91,0,0,.416,11.76
105,2015,298,1200,16.99,16.05,0,0,.413,11.76
105,2015,298,1215,17.13,16.34,0,0,.41,11.77
105,2015,298,1230,17.28,16.8,0,0,.409,11.77
105,2015,298,1245,17.52,19.14,0,0,.406,11.78
105,2015,298,1300,18.01,20.49,0,0,.403,11.81
105,2015,298,1315,18.66,21.65,0,0,.401,11.84
105,2015,298,1330,19.29,21.11,0,0,.399,11.85
105,2015,298,1345,19.85,21.57,0,0,.399,11.87
105,2015,298,1400,20.31,20.95,0,0,.398,11.86
105,2015,298,1415,20.64,21.26,0,0,.398,11.85
105,2015,298,1430,20.97,21.43,0,0,.4,11.87
105,2015,298,1445,21.27,21.38,0,0,.427,11.88
105,2015,298,1500,21.53,21.15,0,0,.48,11.89
105,2015,298,1515,21.71,20.67,0,0,.556,11.89
105,2015,298,1530,21.8,20.99,0,0,.642,11.88
105,2015,298,1545,21.9,21.22,0,0,.727,11.88
105,2015,298,1600,21.93,21.14,0,0,.792,11.85
105,2015,298,1615,21.93,20.6,0,0,.81,11.86
105,2015,298,1630,21.93,20.38,0,0,.805,11.86
105,2015,298,1645,21.89,20.33,0,0,.783,11.85
105,2015,298,1700,21.83,20,0,0,.761,11.84
105,2015,298,1715,21.74,19.43,0,0,.739,11.85
105,2015,298,1730,21.64,19.07,0,0,.717,11.85
105,2015,298,1745,21.46,19.15,0,0,.696,11.8
105,2015,298,1800,21.21,18.61,0,0,.676,11.75
105,2015,298,1815,20.96,17.81,0,0,.657,11.75
105,2015,298,1830,20.68,17.12,0,0,.639,11.75
105,2015,298,1845,20.34,16.68,0,0,.62,11.76
105,2015,298,1900,19.98,16.15,0,0,.605,11.76
105,2015,298,1915,19.61,15.68,0,0,.591,11.76
105,2015,298,1930,19.22,15.51,0,0,.577,11.76
105,2015,298,1945,18.86,14.94,0,0,.566,11.76
105,2015,298,2000,18.48,14.83,0,0,.555,11.74
105,2015,298,2015,18.11,14.77,0,0,.546,11.7
105,2015,298,2030,17.8,14.51,0,0,.538,11.68
105,2015,298,2045,17.51,14.23,0,0,.529,11.68
105,2015,298,2100,17.25,13.93,0,0,.521,11.69
105,2015,298,2115,16.97,13.91,0,0,.514,11.64
105,2015,298,2130,16.74,13.81,0,0,.508,11.64
105,2015,298,2145,16.53,13.83,0,0,.502,11.61
105,2015,298,2200,16.34,13.7,0,0,.496,11.58
105,2015,298,2215,16.17,13.92,0,0,.489,11.51
105,2015,298,2230,16,13.91,0,0,.485,11.44
105,2015,298,2245,15.85,13.74,0,0,.481,11.4
105,2015,298,2300,15.72,13.54,0,0,.476,11.39
105,2015,298,2315,15.63,13.01,0,0,.472,11.51
105,2015,298,2330,15.49,13.02,0,0,.468,11.53
105,2015,298,2345,15.33,13.08,0,0,.464,11.45
105,2015,299,0,15.17,13.01,0,0,.461,11.38
105,2015,299,15,15.02,12.67,0,0,.458,11.36
105,2015,299,30,14.89,12.39,0,0,.456,11.38
105,2015,299,45,14.72,12.29,0,0,.452,11.35
105,2015,299,100,14.53,12.28,0,0,.45,11.31
105,2015,299,115,14.34,12.11,0,0,.447,11.29
105,2015,299,130,14.14,11.89,0,0,.445,11.27
105,2015,299,145,13.95,11.77,0,0,.442,11.27
105,2015,299,200,13.8,11.6,0,0,.44,11.28
105,2015,299,215,13.65,11.34,0,0,.436,11.28
105,2015,299,230,13.52,10.91,0,0,.435,11.3
105,2015,299,245,13.37,10.83,0,0,.432,11.31
105,2015,299,300,13.21,10.5,0,0,.431,11.33
105,2015,299,315,13.05,10.11,0,0,.429,11.38
105,2015,299,330,12.84,9.42,0,0,.427,11.43
105,2015,299,345,12.55,8.93,0,0,.425,11.43
105,2015,299,400,12.23,8.76,0,0,.423,11.42
105,2015,299,415,11.9,8.32,0,0,.421,11.35
105,2015,299,430,11.57,8.09,0,0,.42,11.32
105,2015,299,445,11.23,7.23,0,0,.418,11.29
105,2015,299,500,10.85,6.968,0,0,.416,11.28
105,2015,299,515,10.46,7.15,0,0,.414,11.26
105,2015,299,530,10.16,7.16,0,0,.412,11.26
105,2015,299,545,9.92,6.909,0,0,.411,11.24
105,2015,299,600,9.72,6.783,0,0,.409,11.25
105,2015,299,615,9.55,6.672,0,0,.407,11.26
105,2015,299,630,9.4,6.874,0,0,.405,11.26
105,2015,299,645,9.29,6.666,0,0,.404,11.24
105,2015,299,700,9.18,6.801,0,0,.402,11.25
105,2015,299,715,9.06,6.835,0,0,.401,11.24
105,2015,299,730,8.98,7.04,0,0,.4,11.23
105,2015,299,745,8.96,7.13,0,0,.397,11.24
105,2015,299,800,8.98,7.31,0,0,.396,11.25
105,2015,299,815,9.01,7.53,0,0,.395,11.26
105,2015,299,830,9.06,7.9,0,0,.393,11.26
105,2015,299,845,9.17,8.33,0,0,.392,11.27
105,2015,299,900,9.34,8.48,0,0,.391,11.28
105,2015,299,915,9.54,9.39,0,0,.389,11.29
105,2015,299,930,9.79,9.88,0,0,.387,11.32
105,2015,299,945,10.11,10.59,0,0,.386,11.34
105,2015,299,1000,10.47,11.29,0,0,.384,11.34
105,2015,299,1015,10.84,11.62,0,0,.383,11.32
105,2015,299,1030,11.2,12.13,0,0,.382,11.32
105,2015,299,1045,11.57,12.58,0,0,.38,11.34
105,2015,299,1100,11.94,13.47,0,0,.378,11.32
105,2015,299,1115,12.37,13.56,0,0,.377,11.41
105,2015,299,1130,12.76,14.33,0,0,.375,11.4
105,2015,299,1145,13.17,14.4,0,0,.373,11.45
105,2015,299,1200,13.55,14.75,0,0,.373,11.41
105,2015,299,1215,13.9,15,0,0,.371,11.46
105,2015,299,1230,14.23,14.65,0,0,.37,11.47
105,2015,299,1245,14.48,15.23,0,0,.368,11.46
105,2015,299,1300,14.73,15.01,0,0,.367,11.52
105,2015,299,1315,14.95,15.75,0,0,.366,11.54
105,2015,299,1330,15.2,16.55,0,0,.365,11.57
105,2015,299,1345,15.53,17.57,0,0,.363,11.69
105,2015,299,1400,15.93,17.63,0,0,.362,11.72
105,2015,299,1415,16.29,18.32,0,0,.361,11.74
105,2015,299,1430,16.67,17.79,0,0,.359,11.77
105,2015,299,1445,16.99,17.45,0,0,.358,11.78
105,2015,299,1500,17.19,15.88,0,0,.357,11.75
105,2015,299,1515,17.2,15.06,0,0,.357,11.74
105,2015,299,1530,17.05,14.65,0,0,.357,11.73
105,2015,299,1545,16.85,14.52,0,0,.357,11.72
105,2015,299,1600,16.65,14.21,0,0,.356,11.69
105,2015,299,1615,16.46,13.85,0,0,.356,11.68
105,2015,299,1630,16.25,13.53,0,0,.355,11.69
105,2015,299,1645,16.02,13.03,0,0,.354,11.68
105,2015,299,1700,15.75,12.84,0,0,.354,11.64
105,2015,299,1715,15.45,12.42,0,0,.354,11.6
105,2015,299,1730,15.15,11.67,0,0,.353,11.58
105,2015,299,1745,14.86,11.25,0,0,.353,11.54
105,2015,299,1800,14.52,10.92,0,0,.352,11.54
105,2015,299,1815,14.14,10.58,0,0,.351,11.47
105,2015,299,1830,13.74,9.48,0,0,.351,11.44
105,2015,299,1845,13.27,9.22,0,0,.351,11.4
105,2015,299,1900,12.77,8.6,0,0,.35,11.39
105,2015,299,1915,12.27,8.13,0,0,.35,11.36
105,2015,299,1930,11.81,7.88,0,0,.349,11.34
105,2015,299,1945,11.42,7.62,0,0,.348,11.33
105,2015,299,2000,11.07,7.34,0,0,.347,11.3
105,2015,299,2015,10.7,6.829,0,0,.347,11.28
105,2015,299,2030,10.31,6.579,0,0,.346,11.27
105,2015,299,2045,9.93,6.115,0,0,.346,11.26
105,2015,299,2100,9.53,5.881,0,0,.345,11.26
105,2015,299,2115,9.17,5.716,0,0,.345,11.25
105,2015,299,2130,8.84,5.45,0,0,.344,11.25
105,2015,299,2145,8.53,5.237,0,0,.344,11.24
105,2015,299,2200,8.21,5.069,0,0,.344,11.22
105,2015,299,2215,7.93,5.003,0,0,.343,11.22
105,2015,299,2230,7.7,4.913,0,0,.342,11.22
105,2015,299,2245,7.51,4.812,0,0,.342,11.21
105,2015,299,2300,7.36,5.217,0,0,.341,11.21
105,2015,299,2315,7.27,5.034,0,0,.341,11.21
105,2015,299,2330,7.18,4.831,0,0,.34,11.21
105,2015,299,2345,7.07,4.49,0,0,.34,11.21
105,2015,300,0,6.924,4.615,0,0,.339,11.21
105,2015,300,15,6.807,4.566,0,0,.339,11.2
105,2015,300,30,6.702,4.325,0,0,.338,11.2
105,2015,300,45,6.591,4.384,0,0,.337,11.2
105,2015,300,100,6.506,4.308,0,0,.337,11.2
105,2015,300,115,6.426,4.22,0,0,.336,11.19
105,2015,300,130,6.36,4.577,0,0,.336,11.2
105,2015,300,145,6.327,4.38,0,0,.335,11.2
105,2015,300,200,6.283,4.425,0,0,.334,11.2
105,2015,300,215,6.233,4.363,0,0,.334,11.2
105,2015,300,230,6.183,4.269,0,0,.333,11.19
105,2015,300,245,6.138,4.278,0,0,.334,11.19
105,2015,300,300,6.087,3.865,0,0,.332,11.18
105,2015,300,315,6.003,4.065,0,0,.332,11.18
105,2015,300,330,5.938,4.079,0,0,.332,11.18
105,2015,300,345,5.899,4.122,0,0,.331,11.18
105,2015,300,400,5.877,4.06,0,0,.33,11.18
105,2015,300,415,5.851,4.026,0,0,.33,11.18
105,2015,300,430,5.809,3.967,0,0,.33,11.18
105,2015,300,445,5.772,4.044,0,0,.33,11.17
105,2015,300,500,5.741,3.981,0,0,.328,11.17
105,2015,300,515,5.714,4.075,0,0,.329,11.17
105,2015,300,530,5.702,4.183,0,0,.329,11.17
105,2015,300,545,5.71,4.183,0,0,.328,11.17
105,2015,300,600,5.714,4.148,0,0,.327,11.18
105,2015,300,615,5.72,4.084,0,0,.327,11.18
105,2015,300,630,5.717,4.174,0,0,.326,11.18
105,2015,300,645,5.727,4.417,0,0,.327,11.18
105,2015,300,700,5.768,4.722,0,0,.326,11.18
105,2015,300,715,5.864,4.704,0,0,.326,11.18
105,2015,300,730,5.922,4.613,0,0,.325,11.18
105,2015,300,745,5.978,5.362,0,0,.325,11.18
105,2015,300,800,6.115,5.581,0,0,.324,11.18
105,2015,300,815,6.271,5.928,0,0,.323,11.19
105,2015,300,830,6.468,6.561,0,0,.323,11.2
105,2015,300,845,6.753,7.43,0,0,.323,11.21
105,2015,300,900,7.14,7.89,0,0,.321,11.23
105,2015,300,915,7.58,8.53,0,0,.322,11.23
105,2015,300,930,8.05,9.27,0,0,.321,11.24
105,2015,300,945,8.56,9.85,0,0,.32,11.25
105,2015,300,1000,9.06,10.17,0,0,.32,11.27
105,2015,300,1015,9.53,10.42,0,0,.319,11.26
105,2015,300,1030,9.96,10.8,0,0,.318,11.27
105,2015,300,1045,10.37,11.16,0,0,.318,11.27
105,2015,300,1100,10.77,11.47,0,0,.318,11.28
105,2015,300,1115,11.15,11.73,0,0,.318,11.28
105,2015,300,1130,11.51,12,0,0,.317,11.29
105,2015,300,1145,11.85,12.31,0,0,.316,11.34
105,2015,300,1200,12.18,12.8,0,0,.316,11.44
105,2015,300,1215,12.53,13.22,0,0,.316,11.46
105,2015,300,1230,12.88,13.48,0,0,.315,11.5
105,2015,300,1245,13.21,13.82,0,0,.314,11.55
105,2015,300,1300,13.54,13.92,0,0,.315,11.6
105,2015,300,1315,13.85,14.03,0,0,.314,11.63
105,2015,300,1330,14.12,13.98,0,0,.314,11.63
105,2015,300,1345,14.36,14.51,0,0,.313,11.64
105,2015,300,1400,14.61,14.51,0,0,.312,11.67
105,2015,300,1415,14.84,14.86,0,0,.313,11.67
105,2015,300,1430,15.08,15.01,0,0,.311,11.69
105,2015,300,1445,15.31,15.25,0,0,.311,11.71
105,2015,300,1500,15.54,15.37,0,0,.31,11.72
105,2015,300,1515,15.77,15.55,0,0,.311,11.72
105,2015,300,1530,15.97,15.66,0,0,.31,11.72
105,2015,300,1545,16.16,15.84,0,0,.31,11.74
105,2015,300,1600,16.35,16.04,0,0,.309,11.74
105,2015,300,1615,16.55,16.33,0,0,.309,11.74
105,2015,300,1630,16.75,16.48,0,0,.309,11.75
105,2015,300,1645,16.95,16.43,0,0,.309,11.76
105,2015,300,1700,17.1,16.21,0,0,.309,11.76
105,2015,300,1715,17.2,15.92,0,0,.309,11.75
105,2015,300,1730,17.24,15.78,0,0,.308,11.74
105,2015,300,1745,17.25,15.55,0,0,.308,11.73
105,2015,300,1800,17.22,15.36,0,0,.308,11.73
105,2015,300,1815,17.18,15.2,0,0,.308,11.72
105,2015,300,1830,17.12,14.97,0,0,.307,11.71
105,2015,300,1845,17.04,14.92,0,0,.308,11.7
105,2015,300,1900,16.96,14.73,0,0,.309,11.7
105,2015,300,1915,16.88,14.63,0,0,.315,11.65
105,2015,300,1930,16.8,14.49,0,0,.325,11.66
105,2015,300,1945,16.71,14.4,0,0,.337,11.65
105,2015,300,2000,16.62,14.34,0,0,.348,11.66
105,2015,300,2015,16.53,14.28,0,0,.357,11.65
105,2015,300,2030,16.45,14.2,0,0,.364,11.64
105,2015,300,2045,16.38,14.11,0,0,.369,11.66
105,2015,300,2100,16.31,13.98,0,0,.373,11.63
105,2015,300,2115,16.22,13.93,0,0,.378,11.61
105,2015,300,2130,16.14,13.88,0,0,.381,11.61
105,2015,300,2145,16.06,13.88,0,0,.382,11.6
105,2015,300,2200,16,13.82,0,0,.383,11.59
105,2015,300,2215,15.94,13.84,0,0,.383,11.59
105,2015,300,2230,15.9,13.86,0,0,.383,11.61
105,2015,300,2245,15.87,13.82,0,0,.383,11.6
105,2015,300,2300,15.83,13.81,0,0,.383,11.59
105,2015,300,2315,15.8,13.73,0,0,.383,11.61
105,2015,300,2330,15.77,13.72,0,0,.384,11.62
105,2015,300,2345,15.74,13.71,0,0,.383,11.65
105,2015,301,0,15.71,13.79,0,0,.383,11.64
105,2015,301,15,15.7,14.01,0,0,.384,11.65
105,2015,301,30,15.73,14.05,0,0,.383,11.66
105,2015,301,45,15.76,14.18,0,0,.383,11.66
105,2015,301,100,15.81,14.28,0,0,.383,11.65
105,2015,301,115,15.86,14.3,0,0,.383,11.64
105,2015,301,130,15.89,14.17,0,0,.384,11.65
105,2015,301,145,15.91,14.08,0,0,.382,11.64
105,2015,301,200,15.91,14.1,0,0,.382,11.64
105,2015,301,215,15.9,14.17,0,0,.381,11.64
105,2015,301,230,15.91,14.26,0,0,.381,11.64
105,2015,301,245,15.91,14.19,0,0,.38,11.64
105,2015,301,300,15.92,14.41,0,0,.379,11.62
105,2015,301,315,15.93,14.42,0,0,.378,11.61
105,2015,301,330,15.93,14.65,0,0,.377,11.62
105,2015,301,345,15.95,14.64,0,0,.377,11.62
105,2015,301,400,15.97,14.59,0,0,.375,11.63
105,2015,301,415,16,14.81,0,0,.375,11.63
105,2015,301,430,16.06,14.96,0,0,.373,11.63
105,2015,301,445,16.12,15.08,0,0,.373,11.64
105,2015,301,500,16.19,14.97,0,0,.372,11.65
105,2015,301,515,16.26,15.08,0,0,.372,11.66
105,2015,301,530,16.34,15.31,0,0,.374,11.66
105,2015,301,545,16.43,15.48,0,0,.4,11.63
105,2015,301,600,16.53,15.67,0,0,.453,11.64
105,2015,301,615,16.65,15.83,0,0,.509,11.65
105,2015,301,630,16.77,16.17,0,0,.561,11.67
105,2015,301,645,16.89,16.59,0,0,.606,11.69
105,2015,301,700,17.01,17.73,0,0,.639,11.71
105,2015,301,715,17.14,17.02,0,0,.652,11.71
105,2015,301,730,17.27,16.83,0,0,.653,11.72
105,2015,301,745,17.4,17.1,0,0,.651,11.73
105,2015,301,800,17.54,17.19,0,0,.637,11.74
105,2015,301,815,17.69,17.11,0,0,.622,11.73
105,2015,301,830,17.85,17.28,0,0,.608,11.73
105,2015,301,845,18,17.45,0,0,.597,11.72
105,2015,301,900,18.15,17.56,0,0,.584,11.72
105,2015,301,915,18.3,18.09,0,0,.572,11.74
105,2015,301,930,18.45,18.74,0,0,.563,11.73
105,2015,301,945,18.6,19.34,0,0,.554,11.75
105,2015,301,1000,18.74,18.64,0,0,.544,11.76
105,2015,301,1015,18.88,18.83,0,0,.537,11.76
105,2015,301,1030,19.04,19.12,0,0,.527,11.76
105,2015,301,1045,19.21,18.82,0,0,.519,11.76
105,2015,301,1100,19.39,18.74,0,0,.513,11.77
105,2015,301,1115,19.54,18.75,0,0,.508,11.77
105,2015,301,1130,19.66,18.94,0,0,.502,11.76
105,2015,301,1145,19.78,19.17,0,0,.495,11.77
105,2015,301,1200,19.88,19.71,0,0,.495,11.77
105,2015,301,1215,19.97,20.39,0,0,.489,11.77
105,2015,301,1230,20.08,20.34,0,0,.486,11.78
105,2015,301,1245,20.2,20.26,0,0,.481,11.78
105,2015,301,1300,20.34,19.89,0,0,.479,11.79
105,2015,301,1315,20.45,20.09,0,0,.477,11.79
105,2015,301,1330,20.57,20.17,0,0,.472,11.8
105,2015,301,1345,20.65,20.37,0,0,.468,11.81
105,2015,301,1400,20.73,21.02,0,0,.465,11.8
105,2015,301,1415,20.81,24.58,0,0,.464,11.79
105,2015,301,1430,20.9,26.53,0,0,.46,11.8
105,2015,301,1445,20.98,24.74,0,0,.458,11.81
105,2015,301,1500,21.04,23.95,0,0,.456,11.81
105,2015,301,1515,21.08,21.79,0,0,.455,11.8
105,2015,301,1530,21.13,20.67,0,0,.458,11.82
105,2015,301,1545,21.19,20.6,0,0,.476,11.81
105,2015,301,1600,21.24,20.74,0,0,.533,11.81
105,2015,301,1615,21.3,20.72,0,0,.645,11.81
105,2015,301,1630,21.33,20.53,0,0,.822,11.82
105,2015,301,1645,21.28,20.1,0,0,1.036,11.83
105,2015,301,1700,21.25,19.95,0,0,1.222,11.83
105,2015,301,1715,21.23,19.76,0,0,1.337,11.83
105,2015,301,1730,21.17,19.9,0,0,1.401,11.82
105,2015,301,1745,21.07,20.12,0,0,1.443,11.82
105,2015,301,1800,20.96,20.46,0,0,1.507,11.82
105,2015,301,1815,20.86,20.76,0,0,1.563,11.82
105,2015,301,1830,20.77,21.31,0,0,1.6,11.81
105,2015,301,1845,20.68,20.71,0,0,1.596,11.81
105,2015,301,1900,20.6,20.54,0,0,1.599,11.81
105,2015,301,1915,20.51,20.52,0,0,1.567,11.81
105,2015,301,1930,20.42,20.52,0,0,1.539,11.79
105,2015,301,1945,20.36,23.84,0,0,1.541,11.79
105,2015,301,2000,20.32,22.98,0,0,1.554,11.78
105,2015,301,2015,20.29,22.23,0,0,1.518,11.77
105,2015,301,2030,20.23,23.14,0,0,1.442,11.78
105,2015,301,2045,20.15,24.86,0,0,1.399,11.8
105,2015,301,2100,20.07,24.37,0,0,1.362,11.8
105,2015,301,2115,20.01,23.56,0,0,1.312,11.81
105,2015,301,2130,19.97,24.48,0,0,1.236,11.82
105,2015,301,2145,19.93,23.99,0,0,1.151,11.83
105,2015,301,2200,19.89,25.67,0,0,1.071,11.84
105,2015,301,2215,19.85,25.58,0,0,.996,11.84
105,2015,301,2230,19.79,25.33,0,0,.935,11.84
105,2015,301,2245,19.71,25.97,0,0,.883,11.84
105,2015,301,2300,19.63,26.52,0,0,.863,11.84
105,2015,301,2315,19.57,26.61,0,0,.859,11.84
105,2015,301,2330,19.54,25.73,0,0,.853,11.84
105,2015,301,2345,19.51,24.91,0,0,.826,11.85
105,2015,302,0,19.47,24.09,0,0,.796,11.85
105,2015,302,15,19.42,24.16,0,0,.763,11.86
105,2015,302,30,19.36,24.3,0,0,.736,11.86
105,2015,302,45,19.28,25.23,0,0,.708,11.85
105,2015,302,100,19.2,25.08,0,0,.689,11.84
105,2015,302,115,19.14,24.95,0,0,.678,11.83
105,2015,302,130,19.1,25.57,0,0,.666,11.84
105,2015,302,145,19.09,25.52,0,0,.654,11.84
105,2015,302,200,19.12,24.14,0,0,.647,11.82
105,2015,302,215,19.17,22.9,0,0,.651,11.83
105,2015,302,230,19.17,24.74,0,0,.672,11.84
105,2015,302,245,19.12,25.82,0,0,.703,11.85
105,2015,302,300,19.02,25.8,0,0,.74,11.85
105,2015,302,315,18.89,25.06,0,0,.781,11.85
105,2015,302,330,18.73,24.81,0,0,.827,11.85
105,2015,302,345,18.52,24.54,0,0,.905,11.84
105,2015,302,400,18.32,25.01,0,0,1.013,11.84
105,2015,302,415,18.14,24.33,0,0,1.132,11.84
105,2015,302,430,17.95,24.53,0,0,1.217,11.83
105,2015,302,445,17.73,23.49,0,0,1.256,11.82
105,2015,302,500,17.51,23.84,0,0,1.313,11.82
105,2015,302,515,17.3,23.71,0,0,1.386,11.82
105,2015,302,530,17.12,23.5,0,0,1.449,11.82
105,2015,302,545,16.93,23.91,0,0,1.497,11.81
105,2015,302,600,16.73,23.56,0,0,1.516,11.81
105,2015,302,615,16.52,22.96,0,0,1.494,11.78
105,2015,302,630,16.3,23.6,0,0,1.465,11.79
105,2015,302,645,16.08,23.37,0,0,1.426,11.79
105,2015,302,700,15.86,23.87,0,0,1.382,11.78
105,2015,302,715,15.68,23.85,0,0,1.333,11.78
105,2015,302,730,15.56,24.26,0,0,1.295,11.78
105,2015,302,745,15.49,23.69,0,0,1.253,11.79
105,2015,302,800,15.44,24.06,0,0,1.213,11.8
105,2015,302,815,15.4,24.06,0,0,1.156,11.8
105,2015,302,830,15.38,25.84,0,0,1.092,11.8
105,2015,302,845,15.43,27.44,0,0,1.03,11.81
105,2015,302,900,15.68,23.24,0,0,.969,11.83
105,2015,302,915,16.17,21.32,0,0,.919,11.85
105,2015,302,930,16.81,21.25,0,0,.868,11.86
105,2015,302,945,17.49,21.39,0,0,.827,11.87
105,2015,302,1000,18.2,22.04,0,0,.79,11.88
105,2015,302,1015,18.93,22.43,0,0,.761,11.89
105,2015,302,1030,19.6,22.83,0,0,.73,11.9
105,2015,302,1045,20.23,23.62,0,0,.703,11.91
105,2015,302,1100,20.84,23.82,0,0,.68,11.92
105,2015,302,1115,21.35,24.01,0,0,.659,11.92
105,2015,302,1130,21.83,24.16,0,0,.64,11.92
105,2015,302,1145,22.32,23.43,0,0,.623,11.93
105,2015,302,1200,22.72,24.54,0,0,.607,11.93
105,2015,302,1215,23.15,25.67,0,0,.593,11.94
105,2015,302,1230,23.59,22.38,0,0,.581,11.94
105,2015,302,1245,23.64,22.73,0,0,.57,11.93
105,2015,302,1300,23.62,22.24,0,0,.56,11.91
105,2015,302,1315,23.61,22.83,0,0,.551,11.91
105,2015,302,1330,23.62,22.95,0,0,.543,11.92
105,2015,302,1345,23.7,23.4,0,0,.535,11.93
105,2015,302,1400,23.81,22.64,0,0,.529,11.92
105,2015,302,1415,23.83,21.75,0,0,.521,11.92
105,2015,302,1430,23.76,22.24,0,0,.515,11.92
105,2015,302,1445,23.69,22.09,0,0,.509,11.91
105,2015,302,1500,23.63,21.71,0,0,.505,11.91
105,2015,302,1515,23.54,21.16,0,0,.5,11.9
105,2015,302,1530,23.39,20.9,0,0,.496,11.89
105,2015,302,1545,23.24,20.59,0,0,.491,11.89
105,2015,302,1600,23.08,20.46,0,0,.486,11.9
105,2015,302,1615,22.9,19.9,0,0,.483,11.89
105,2015,302,1630,22.7,19.53,0,0,.481,11.88
105,2015,302,1645,22.46,19.31,0,0,.477,11.88
105,2015,302,1700,22.22,19.07,0,0,.474,11.87
105,2015,302,1715,21.98,18.65,0,0,.473,11.87
105,2015,302,1730,21.73,17.99,0,0,.473,11.86
105,2015,302,1745,21.43,17.37,0,0,.474,11.85
105,2015,302,1800,21.09,16.93,0,0,.482,11.84
105,2015,302,1815,20.7,16.45,0,0,.517,11.83
105,2015,302,1830,20.32,15.9,0,0,.575,11.82
105,2015,302,1845,19.86,14.98,0,0,.652,11.81
105,2015,302,1900,19.3,14.72,0,0,.735,11.79
105,2015,302,1915,18.7,14.33,0,0,.814,11.78
105,2015,302,1930,17.99,13.84,0,0,.876,11.77
105,2015,302,1945,17.27,13.4,0,0,.907,11.75
105,2015,302,2000,16.62,13.45,0,0,.907,11.73
105,2015,302,2015,16.09,13.3,0,0,.885,11.72
105,2015,302,2030,15.63,12.85,0,0,.855,11.72
105,2015,302,2045,15.16,12.96,0,0,.825,11.68
105,2015,302,2100,14.77,12.74,0,0,.794,11.66
105,2015,302,2115,14.4,11.99,0,0,.766,11.66
105,2015,302,2130,14.05,12.11,0,0,.738,11.67
105,2015,302,2145,13.76,11.96,0,0,.713,11.66
105,2015,302,2200,13.5,11.69,0,0,.689,11.63
105,2015,302,2215,13.23,11.58,0,0,.67,11.6
105,2015,302,2230,12.98,11.52,0,0,.65,11.59
105,2015,302,2245,12.75,11.25,0,0,.633,11.59
105,2015,302,2300,12.52,11.28,0,0,.617,11.58
105,2015,302,2315,12.32,11.13,0,0,.604,11.57
105,2015,302,2330,12.13,10.75,0,0,.591,11.58
105,2015,302,2345,11.92,10.66,0,0,.579,11.56
105,2015,303,0,11.72,10.49,0,0,.569,11.53
105,2015,303,15,11.52,10.31,0,0,.559,11.49
105,2015,303,30,11.34,10.35,0,0,.552,11.5
105,2015,303,45,11.16,9.93,0,0,.544,11.49
105,2015,303,100,10.96,9.85,0,0,.537,11.45
105,2015,303,115,10.79,10.39,0,0,.53,11.41
105,2015,303,130,10.7,10.18,0,0,.524,11.43
105,2015,303,145,10.6,10.17,0,0,.518,11.44
105,2015,303,200,10.5,10.21,0,0,.512,11.45
105,2015,303,215,10.42,9.96,0,0,.506,11.44
105,2015,303,230,10.33,10.13,0,0,.502,11.46
105,2015,303,245,10.26,10.06,0,0,.499,11.46
105,2015,303,300,10.17,9.71,0,0,.494,11.45
105,2015,303,315,10.05,9.66,0,0,.489,11.42
105,2015,303,330,9.93,9.89,0,0,.485,11.38
105,2015,303,345,9.87,10.38,0,0,.482,11.28
105,2015,303,400,9.88,10.56,0,0,.477,11.24
105,2015,303,415,9.92,10.63,0,0,.475,11.24
105,2015,303,430,9.97,10.39,0,0,.473,11.24
105,2015,303,445,9.99,10.29,0,0,.469,11.26
105,2015,303,500,9.97,10.01,0,0,.467,11.27
105,2015,303,515,9.9,9.43,0,0,.464,11.28
105,2015,303,530,9.79,9.43,0,0,.462,11.27
105,2015,303,545,9.67,9.21,0,0,.459,11.28
105,2015,303,600,9.53,8.98,0,0,.457,11.28
105,2015,303,615,9.39,8.96,0,0,.454,11.26
105,2015,303,630,9.26,8.65,0,0,.452,11.26
105,2015,303,645,9.12,8.73,0,0,.45,11.25
105,2015,303,700,9,8.32,0,0,.448,11.24
105,2015,303,715,8.88,8.42,0,0,.446,11.24
105,2015,303,730,8.77,8.21,0,0,.444,11.24
105,2015,303,745,8.64,7.84,0,0,.442,11.25
105,2015,303,800,8.5,7.81,0,0,.441,11.25
105,2015,303,815,8.36,7.96,0,0,.438,11.25
105,2015,303,830,8.29,9.51,0,0,.436,11.25
105,2015,303,845,8.41,10.8,0,0,.434,11.25
105,2015,303,900,8.73,11.75,0,0,.432,11.27
105,2015,303,915,9.2,12.87,0,0,.431,11.31
105,2015,303,930,9.74,13.31,0,0,.429,11.33
105,2015,303,945,10.31,13.92,0,0,.427,11.41
105,2015,303,1000,10.87,14.27,0,0,.424,11.44
105,2015,303,1015,11.42,15.42,0,0,.423,11.51
105,2015,303,1030,11.97,15.21,0,0,.421,11.53
105,2015,303,1045,12.48,16.06,0,0,.42,11.58
105,2015,303,1100,12.97,16.07,0,0,.418,11.59
105,2015,303,1115,13.42,16.88,0,0,.416,11.65
105,2015,303,1130,13.9,17.57,0,0,.415,11.7
105,2015,303,1145,14.37,17.06,0,0,.413,11.68
105,2015,303,1200,14.76,17.38,0,0,.412,11.67
105,2015,303,1215,15.09,17.48,0,0,.41,11.67
105,2015,303,1230,15.4,18.42,0,0,.409,11.69
105,2015,303,1245,15.73,18.53,0,0,.407,11.72
105,2015,303,1300,16.09,18.37,0,0,.405,11.74
105,2015,303,1315,16.38,18.16,0,0,.405,11.72
105,2015,303,1330,16.59,18.36,0,0,.403,11.72
105,2015,303,1345,16.79,18.22,0,0,.401,11.75
105,2015,303,1400,16.93,18.06,0,0,.4,11.74
105,2015,303,1415,17,18.1,0,0,.399,11.75
105,2015,303,1430,17.06,18.27,0,0,.397,11.77