,15.25,15.73,0,0,.183,11.73
105,2015,297,1315,15.53,15.72,0,0,.183,11.74
105,2015,297,1330,15.77,16.24,0,0,.183,11.73
105,2015,297,1345,16.04,16.58,0,0,.183,11.75
105,2015,297,1400,16.32,16.75,0,0,.183,11.76
105,2015,297,1415,16.58,16.37,0,0,.183,11.77
105,2015,297,1430,16.76,16.39,0,0,.183,11.77
105,2015,297,1445,16.91,16.25,0,0,.182,11.76
105,2015,297,1500,17.03,16.04,0,0,.183,11.75
105,2015,297,1515,17.08,15.77,0,0,.183,11.75
105,2015,297,1530,17.09,15.97,0,0,.182,11.76
105,2015,297,1545,17.11,16.62,0,0,.183,11.78
105,2015,297,1600,17.2,16.43,0,0,.182,11.78
105,2015,297,1615,17.24,16.31,0,0,.182,11.78
105,2015,297,1630,17.28,16.42,0,0,.182,11.78
105,2015,297,1645,17.32,16.35,0,0,.182,11.78
105,2015,297,1700,17.36,15.96,0,0,.182,11.77
105,2015,297,1715,17.4,15.6,0,0,.182,11.77
105,2015,297,1730,17.42,15.5,0,0,.182,11.77
105,2015,297,1745,17.41,15.05,0,0,.182,11.77
105,2015,297,1800,17.37,14.73,0,0,.182,11.76
105,2015,297,1815,17.31,14.83,0,0,.182,11.76
105,2015,297,1830,17.22,14.7,0,0,.182,11.75
105,2015,297,1845,17.11,14.59,0,0,.182,11.75
105,2015,297,1900,16.98,14.59,0,0,.182,11.75
105,2015,297,1915,16.85,14.41,0,0,.184,11.75
105,2015,297,1930,16.73,14.37,0,0,.188,11.74
105,2015,297,1945,16.57,14.31,0,0,.192,11.74
105,2015,297,2000,16.42,14.09,0,0,.196,11.74
105,2015,297,2015,16.3,13.91,0,0,.2,11.73
105,2015,297,2030,16.19,13.67,0,0,.204,11.73
105,2015,297,2045,16.09,13.7,0,0,.208,11.73
105,2015,297,2100,16.01,13.65,0,0,.211,11.72
105,2015,297,2115,15.94,13.58,0,0,.215,11.72
105,2015,297,2130,15.88,13.75,0,0,.217,11.72
105,2015,297,2145,15.83,14.09,0,0,.22,11.71
105,2015,297,2200,15.84,14.47,0,0,.223,11.68
105,2015,297,2215,15.9,14.44,0,0,.225,11.67
105,2015,297,2230,15.98,14.63,0,0,.227,11.68
105,2015,297,2245,16.06,14.76,0,0,.229,11.7
105,2015,297,2300,16.14,14.77,0,0,.23,11.7
105,2015,297,2315,16.21,14.6,0,0,.232,11.71
105,2015,297,2330,16.26,14.68,0,0,.233,11.72
105,2015,297,2345,16.3,14.69,0,0,.234,11.72
105,2015,298,0,16.34,14.72,0,0,.235,11.71
105,2015,298,15,16.36,14.75,0,0,.236,11.72
105,2015,298,30,16.4,14.76,0,0,.237,11.72
105,2015,298,45,16.42,14.78,0,0,.237,11.73
105,2015,298,100,16.44,14.67,0,0,.238,11.73
105,2015,298,115,16.45,14.44,0,0,.238,11.73
105,2015,298,130,16.43,14.55,0,0,.238,11.73
105,2015,298,145,16.41,14.53,0,0,.239,11.73
105,2015,298,200,16.39,14.3,0,0,.24,11.73
105,2015,298,215,16.36,14.19,0,0,.24,11.73
105,2015,298,230,16.32,14.22,0,0,.24,11.73
105,2015,298,245,16.28,14.1,0,0,.241,11.74
105,2015,298,300,16.24,14.05,0,0,.242,11.74
105,2015,298,315,16.2,14.12,0,0,.241,11.74
105,2015,298,330,16.15,13.95,0,0,.242,11.74
105,2015,298,345,16.1,14.01,0,0,.243,11.74
105,2015,298,400,16.04,13.78,0,0,.244,11.73
105,2015,298,415,15.99,13.85,0,0,.265,11.73
105,2015,298,430,15.93,13.72,0,0,.333,11.73
105,2015,298,445,15.89,13.7,0,0,.383,11.73
105,2015,298,500,15.85,13.74,0,0,.412,11.72
105,2015,298,515,15.8,13.77,0,0,.432,11.71
105,2015,298,530,15.75,13.68,0,0,.45,11.7
105,2015,298,545,15.71,13.7,0,0,.458,11.71
105,2015,298,600,15.68,13.72,0,0,.459,11.71
105,2015,298,615,15.65,13.66,0,0,.459,11.7
105,2015,298,630,15.63,13.73,0,0,.459,11.7
105,2015,298,645,15.63,13.74,0,0,.459,11.71
105,2015,298,700,15.63,13.89,0,0,.459,11.71
105,2015,298,715,15.62,13.84,0,0,.459,11.71
105,2015,298,730,15.61,13.96,0,0,.458,11.72
105,2015,298,745,15.61,14.06,0,0,.456,11.73
105,2015,298,800,15.61,14.05,0,0,.453,11.73
105,2015,298,815,15.61,14.1,0,0,.45,11.72
105,2015,298,830,15.63,14.07,0,0,.448,11.72
105,2015,298,845,15.65,14.2,0,0,.445,11.71
105,2015,298,900,15.67,14.41,0,0,.442,11.72
105,2015,298,915,15.71,14.69,0,0,.44,11.73
105,2015,298,930,15.79,14.81,0,0,.437,11.74
105,2015,298,945,15.89,14.87,0,0,.434,11.74
105,2015,298,1000,15.99,14.8,0,0,.432,11.75
105,2015,298,1015,16.08,15.06,0,0,.43,11.75
105,2015,298,1030,16.17,15.22,0,0,.428,11.75
105,2015,298,1045,16.27,15.61,0,0,.425,11.75
105,2015,298,1100,16.42,15.72,0,0,.422,11.76
105,2015,298,1115,16.59,15.82,0,0,.42,11.76
105,2015,298,1130,16.73,15.67,0,0,.417,11.76
105,2015,298,1145,16.86,15.91,0,0,.416,11.76
105,2015,298,1200,16.99,16.05,0,0,.413,11.76
105,2015,298,1215,17.13,16.34,0,0,.41,11.77
105,2015,298,1230,17.28,16.8,0,0,.409,11.77
105,2015,298,1245,17.52,19.14,0,0,.406,11.78
105,2015,298,1300,18.01,20.49,0,0,.403,11.81
105,2015,298,1315,18.66,21.65,0,0,.401,11.84
105,2015,298,1330,19.29,21.11,0,0,.399,11.85
105,2015,298,1345,19.85,21.57,0,0,.399,11.87
105,2015,298,1400,20.31,20.95,0,0,.398,11.86
105,2015,298,1415,20.64,21.26,0,0,.398,11.85
105,2015,298,1430,20.97,21.43,0,0,.4,11.87
105,2015,298,1445,21.27,21.38,0,0,.427,11.88
105,2015,298,1500,21.53,21.15,0,0,.48,11.89
105,2015,298,1515,21.71,20.67,0,0,.556,11.89
105,2015,298,1530,21.8,20.99,0,0,.642,11.88
105,2015,298,1545,21.9,21.22,0,0,.727,11.88
105,2015,298,1600,21.93,21.14,0,0,.792,11.85
105,2015,298,1615,21.93,20.6,0,0,.81,11.86
105,2015,298,1630,21.93,20.38,0,0,.805,11.86
105,2015,298,1645,21.89,20.33,0,0,.783,11.85
105,2015,298,1700,21.83,20,0,0,.761,11.84
105,2015,298,1715,21.74,19.43,0,0,.739,11.85
105,2015,298,1730,21.64,19.07,0,0,.717,11.85
105,2015,298,1745,21.46,19.15,0,0,.696,11.8
105,2015,298,1800,21.21,18.61,0,0,.676,11.75
105,2015,298,1815,20.96,17.81,0,0,.657,11.75
105,2015,298,1830,20.68,17.12,0,0,.639,11.75
105,2015,298,1845,20.34,16.68,0,0,.62,11.76
105,2015,298,1900,19.98,16.15,0,0,.605,11.76
105,2015,298,1915,19.61,15.68,0,0,.591,11.76
105,2015,298,1930,19.22,15.51,0,0,.577,11.76
105,2015,298,1945,18.86,14.94,0,0,.566,11.76
105,2015,298,2000,18.48,14.83,0,0,.555,11.74
105,2015,298,2015,18.11,14.77,0,0,.546,11.7
105,2015,298,2030,17.8,14.51,0,0,.538,11.68
105,2015,298,2045,17.51,14.23,0,0,.529,11.68
105,2015,298,2100,17.25,13.93,0,0,.521,11.69
105,2015,298,2115,16.97,13.91,0,0,.514,11.64
105,2015,298,2130,16.74,13.81,0,0,.508,11.64
105,2015,298,2145,16.53,13.83,0,0,.502,11.61
105,2015,298,2200,16.34,13.7,0,0,.496,11.58
105,2015,298,2215,16.17,13.92,0,0,.489,11.51
105,2015,298,2230,16,13.91,0,0,.485,11.44
105,2015,298,2245,15.85,13.74,0,0,.481,11.4
105,2015,298,2300,15.72,13.54,0,0,.476,11.39
105,2015,298,2315,15.63,13.01,0,0,.472,11.51
105,2015,298,2330,15.49,13.02,0,0,.468,11.53
105,2015,298,2345,15.33,13.08,0,0,.464,11.45
105,2015,299,0,15.17,13.01,0,0,.461,11.38
105,2015,299,15,15.02,12.67,0,0,.458,11.36
105,2015,299,30,14.89,12.39,0,0,.456,11.38
105,2015,299,45,14.72,12.29,0,0,.452,11.35
105,2015,299,100,14.53,12.28,0,0,.45,11.31
105,2015,299,115,14.34,12.11,0,0,.447,11.29
105,2015,299,130,14.14,11.89,0,0,.445,11.27
105,2015,299,145,13.95,11.77,0,0,.442,11.27
105,2015,299,200,13.8,11.6,0,0,.44,11.28
105,2015,299,215,13.65,11.34,0,0,.436,11.28
105,2015,299,230,13.52,10.91,0,0,.435,11.3
105,2015,299,245,13.37,10.83,0,0,.432,11.31
105,2015,299,300,13.21,10.5,0,0,.431,11.33
105,2015,299,315,13.05,10.11,0,0,.429,11.38
105,2015,299,330,12.84,9.42,0,0,.427,11.43
105,2015,299,345,12.55,8.93,0,0,.425,11.43
105,2015,299,400,12.23,8.76,0,0,.423,11.42
105,2015,299,415,11.9,8.32,0,0,.421,11.35
105,2015,299,430,11.57,8.09,0,0,.42,11.32
105,2015,299,445,11.23,7.23,0,0,.418,11.29
105,2015,299,500,10.85,6.968,0,0,.416,11.28
105,2015,299,515,10.46,7.15,0,0,.414,11.26
105,2015,299,530,10.16,7.16,0,0,.412,11.26
105,2015,299,545,9.92,6.909,0,0,.411,11.24
105,2015,299,600,9.72,6.783,0,0,.409,11.25
105,2015,299,615,9.55,6.672,0,0,.407,11.26
105,2015,299,630,9.4,6.874,0,0,.405,11.26
105,2015,299,645,9.29,6.666,0,0,.404,11.24
105,2015,299,700,9.18,6.801,0,0,.402,11.25
105,2015,299,715,9.06,6.835,0,0,.401,11.24
105,2015,299,730,8.98,7.04,0,0,.4,11.23
105,2015,299,745,8.96,7.13,0,0,.397,11.24
105,2015,299,800,8.98,7.31,0,0,.396,11.25
105,2015,299,815,9.01,7.53,0,0,.395,11.26
105,2015,299,830,9.06,7.9,0,0,.393,11.26
105,2015,299,845,9.17,8.33,0,0,.392,11.27
105,2015,299,900,9.34,8.48,0,0,.391,11.28
105,2015,299,915,9.54,9.39,0,0,.389,11.29
105,2015,299,930,9.79,9.88,0,0,.387,11.32
105,2015,299,945,10.11,10.59,0,0,.386,11.34
105,2015,299,1000,10.47,11.29,0,0,.384,11.34
105,2015,299,1015,10.84,11.62,0,0,.383,11.32
105,2015,299,1030,11.2,12.13,0,0,.382,11.32
105,2015,299,1045,11.57,12.58,0,0,.38,11.34
105,2015,299,1100,11.94,13.47,0,0,.378,11.32
105,2015,299,1115,12.37,13.56,0,0,.377,11.41
105,2015,299,1130,12.76,14.33,0,0,.375,11.4
105,2015,299,1145,13.17,14.4,0,0,.373,11.45
105,2015,299,1200,13.55,14.75,0,0,.373,11.41
105,2015,299,1215,13.9,15,0,0,.371,11.46
105,2015,299,1230,14.23,14.65,0,0,.37,11.47
105,2015,299,1245,14.48,15.23,0,0,.368,11.46
105,2015,299,1300,14.73,15.01,0,0,.367,11.52
105,2015,299,1315,14.95,15.75,0,0,.366,11.54
105,2015,299,1330,15.2,16.55,0,0,.365,11.57
105,2015,299,1345,15.53,17.57,0,0,.363,11.69
105,2015,299,1400,15.93,17.63,0,0,.362,11.72
105,2015,299,1415,16.29,18.32,0,0,.361,11.74
105,2015,299,1430,16.67,17.79,0,0,.359,11.77
105,2015,299,1445,16.99,17.45,0,0,.358,11.78
105,2015,299,1500,17.19,15.88,0,0,.357,11.75
105,2015,299,1515,17.2,15.06,0,0,.357,11.74
105,2015,299,1530,17.05,14.65,0,0,.357,11.73
105,2015,299,1545,16.85,14.52,0,0,.357,11.72
105,2015,299,1600,16.65,14.21,0,0,.356,11.69
105,2015,299,1615,16.46,13.85,0,0,.356,11.68
105,2015,299,1630,16.25,13.53,0,0,.355,11.69
105,2015,299,1645,16.02,13.03,0,0,.354,11.68
105,2015,299,1700,15.75,12.84,0,0,.354,11.64
105,2015,299,1715,15.45,12.42,0,0,.354,11.6
105,2015,299,1730,15.15,11.67,0,0,.353,11.58
105,2015,299,1745,14.86,11.25,0,0,.353,11.54
105,2015,299,1800,14.52,10.92,0,0,.352,11.54
105,2015,299,1815,14.14,10.58,0,0,.351,11.47
105,2015,299,1830,13.74,9.48,0,0,.351,11.44
105,2015,299,1845,13.27,9.22,0,0,.351,11.4
105,2015,299,1900,12.77,8.6,0,0,.35,11.39
105,2015,299,1915,12.27,8.13,0,0,.35,11.36
105,2015,299,1930,11.81,7.88,0,0,.349,11.34
105,2015,299,1945,11.42,7.62,0,0,.348,11.33
105,2015,299,2000,11.07,7.34,0,0,.347,11.3
105,2015,299,2015,10.7,6.829,0,0,.347,11.28
105,2015,299,2030,10.31,6.579,0,0,.346,11.27
105,2015,299,2045,9.93,6.115,0,0,.346,11.26
105,2015,299,2100,9.53,5.881,0,0,.345,11.26
105,2015,299,2115,9.17,5.716,0,0,.345,11.25
105,2015,299,2130,8.84,5.45,0,0,.344,11.25
105,2015,299,2145,8.53,5.237,0,0,.344,11.24
105,2015,299,2200,8.21,5.069,0,0,.344,11.22
105,2015,299,2215,7.93,5.003,0,0,.343,11.22
105,2015,299,2230,7.7,4.913,0,0,.342,11.22
105,2015,299,2245,7.51,4.812,0,0,.342,11.21
105,2015,299,2300,7.36,5.217,0,0,.341,11.21
105,2015,299,2315,7.27,5.034,0,0,.341,11.21
105,2015,299,2330,7.18,4.831,0,0,.34,11.21
105,2015,299,2345,7.07,4.49,0,0,.34,11.21
105,2015,300,0,6.924,4.615,0,0,.339,11.21
105,2015,300,15,6.807,4.566,0,0,.339,11.2
105,2015,300,30,6.702,4.325,0,0,.338,11.2
105,2015,300,45,6.591,4.384,0,0,.337,11.2
105,2015,300,100,6.506,4.308,0,0,.337,11.2
105,2015,300,115,6.426,4.22,0,0,.336,11.19
105,2015,300,130,6.36,4.577,0,0,.336,11.2
105,2015,300,145,6.327,4.38,0,0,.335,11.2
105,2015,300,200,6.283,4.425,0,0,.334,11.2
105,2015,300,215,6.233,4.363,0,0,.334,11.2
105,2015,300,230,6.183,4.269,0,0,.333,11.19
105,2015,300,245,6.138,4.278,0,0,.334,11.19
105,2015,300,300,6.087,3.865,0,0,.332,11.18
105,2015,300,315,6.003,4.065,0,0,.332,11.18
105,2015,300,330,5.938,4.079,0,0,.332,11.18
105,2015,300,345,5.899,4.122,0,0,.331,11.18
105,2015,300,400,5.877,4.06,0,0,.33,11.18
105,2015,300,415,5.851,4.026,0,0,.33,11.18
105,2015,300,430,5.809,3.967,0,0,.33,11.18
105,2015,300,445,5.772,4.044,0,0,.33,11.17
105,2015,300,500,5.741,3.981,0,0,.328,11.17
105,2015,300,515,5.714,4.075,0,0,.329,11.17
105,2015,300,530,5.702,4.183,0,0,.329,11.17
105,2015,300,545,5.71,4.183,0,0,.328,11.17
105,2015,300,600,5.714,4.148,0,0,.327,11.18
105,2015,300,615,5.72,4.084,0,0,.327,11.18
105,2015,300,630,5.717,4.174,0,0,.326,11.18
105,2015,300,645,5.727,4.417,0,0,.327,11.18
105,2015,300,700,5.768,4.722,0,0,.326,11.18
105,2015,300,715,5.864,4.704,0,0,.326,11.18
105,2015,300,730,5.922,4.613,0,0,.325,11.18
105,2015,300,745,5.978,5.362,0,0,.325,11.18
105,2015,300,800,6.115,5.581,0,0,.324,11.18
105,2015,300,815,6.271,5.928,0,0,.323,11.19
105,2015,300,830,6.468,6.561,0,0,.323,11.2
105,2015,300,845,6.753,7.43,0,0,.323,11.21
105,2015,300,900,7.14,7.89,0,0,.321,11.23
105,2015,300,915,7.58,8.53,0,0,.322,11.23
105,2015,300,930,8.05,9.27,0,0,.321,11.24
105,2015,300,945,8.56,9.85,0,0,.32,11.25
105,2015,300,1000,9.06,10.17,0,0,.32,11.27
105,2015,300,1015,9.53,10.42,0,0,.319,11.26
105,2015,300,1030,9.96,10.8,0,0,.318,11.27
105,2015,300,1045,10.37,11.16,0,0,.318,11.27
105,2015,300,1100,10.77,11.47,0,0,.318,11.28
105,2015,300,1115,11.15,11.73,0,0,.318,11.28
105,2015,300,1130,11.51,12,0,0,.317,11.29
105,2015,300,1145,11.85,12.31,0,0,.316,11.34
105,2015,300,1200,12.18,12.8,0,0,.316,11.44
105,2015,300,1215,12.53,13.22,0,0,.316,11.46
105,2015,300,1230,12.88,13.48,0,0,.315,11.5
105,2015,300,1245,13.21,13.82,0,0,.314,11.55
105,2015,300,1300,13.54,13.92,0,0,.315,11.6
105,2015,300,1315,13.85,14.03,0,0,.314,11.63
105,2015,300,1330,14.12,13.98,0,0,.314,11.63
105,2015,300,1345,14.36,14.51,0,0,.313,11.64
105,2015,300,1400,14.61,14.51,0,0,.312,11.67
105,2015,300,1415,14.84,14.86,0,0,.313,11.67
105,2015,300,1430,15.08,15.01,0,0,.311,11.69
105,2015,300,1445,15.31,15.25,0,0,.311,11.71
105,2015,300,1500,15.54,15.37,0,0,.31,11.72
105,2015,300,1515,15.77,15.55,0,0,.311,11.72
105,2015,300,1530,15.97,15.66,0,0,.31,11.72
105,2015,300,1545,16.16,15.84,0,0,.31,11.74
105,2015,300,1600,16.35,16.04,0,0,.309,11.74
105,2015,300,1615,16.55,16.33,0,0,.309,11.74
105,2015,300,1630,16.75,16.48,0,0,.309,11.75
105,2015,300,1645,16.95,16.43,0,0,.309,11.76
105,2015,300,1700,17.1,16.21,0,0,.309,11.76
105,2015,300,1715,17.2,15.92,0,0,.309,11.75
105,2015,300,1730,17.24,15.78,0,0,.308,11.74
105,2015,300,1745,17.25,15.55,0,0,.308,11.73
105,2015,300,1800,17.22,15.36,0,0,.308,11.73
105,2015,300,1815,17.18,15.2,0,0,.308,11.72
105,2015,300,1830,17.12,14.97,0,0,.307,11.71
105,2015,300,1845,17.04,14.92,0,0,.308,11.7
105,2015,300,1900,16.96,14.73,0,0,.309,11.7
105,2015,300,1915,16.88,14.63,0,0,.315,11.65
105,2015,300,1930,16.8,14.49,0,0,.325,11.66
105,2015,300,1945,16.71,14.4,0,0,.337,11.65
105,2015,300,2000,16.62,14.34,0,0,.348,11.66
105,2015,300,2015,16.53,14.28,0,0,.357,11.65
105,2015,300,2030,16.45,14.2,0,0,.364,11.64
105,2015,300,2045,16.38,14.11,0,0,.369,11.66
105,2015,300,2100,16.31,13.98,0,0,.373,11.63
105,2015,300,2115,16.22,13.93,0,0,.378,11.61
105,2015,300,2130,16.14,13.88,0,0,.381,11.61
105,2015,300,2145,16.06,13.88,0,0,.382,11.6
105,2015,300,2200,16,13.82,0,0,.383,11.59
105,2015,300,2215,15.94,13.84,0,0,.383,11.59
105,2015,300,2230,15.9,13.86,0,0,.383,11.61
105,2015,300,2245,15.87,13.82,0,0,.383,11.6
105,2015,300,2300,15.83,13.81,0,0,.383,11.59
105,2015,300,2315,15.8,13.73,0,0,.383,11.61
105,2015,300,2330,15.77,13.72,0,0,.384,11.62
105,2015,300,2345,15.74,13.71,0,0,.383,11.65
105,2015,301,0,15.71,13.79,0,0,.383,11.64
105,2015,301,15,15.7,14.01,0,0,.384,11.65
105,2015,301,30,15.73,14.05,0,0,.383,11.66
105,2015,301,45,15.76,14.18,0,0,.383,11.66
105,2015,301,100,15.81,14.28,0,0,.383,11.65
105,2015,301,115,15.86,14.3,0,0,.383,11.64
105,2015,301,130,15.89,14.17,0,0,.384,11.65
105,2015,301,145,15.91,14.08,0,0,.382,11.64
105,2015,301,200,15.91,14.1,0,0,.382,11.64
105,2015,301,215,15.9,14.17,0,0,.381,11.64
105,2015,301,230,15.91,14.26,0,0,.381,11.64
105,2015,301,245,15.91,14.19,0,0,.38,11.64
105,2015,301,300,15.92,14.41,0,0,.379,11.62
105,2015,301,315,15.93,14.42,0,0,.378,11.61
105,2015,301,330,15.93,14.65,0,0,.377,11.62
105,2015,301,345,15.95,14.64,0,0,.377,11.62
105,2015,301,400,15.97,14.59,0,0,.375,11.63
105,2015,301,415,16,14.81,0,0,.375,11.63
105,2015,301,430,16.06,14.96,0,0,.373,11.63
105,2015,301,445,16.12,15.08,0,0,.373,11.64
105,2015,301,500,16.19,14.97,0,0,.372,11.65
105,2015,301,515,16.26,15.08,0,0,.372,11.66
105,2015,301,530,16.34,15.31,0,0,.374,11.66
105,2015,301,545,16.43,15.48,0,0,.4,11.63
105,2015,301,600,16.53,15.67,0,0,.453,11.64
105,2015,301,615,16.65,15.83,0,0,.509,11.65
105,2015,301,630,16.77,16.17,0,0,.561,11.67
105,2015,301,645,16.89,16.59,0,0,.606,11.69
105,2015,301,700,17.01,17.73,0,0,.639,11.71
105,2015,301,715,17.14,17.02,0,0,.652,11.71
105,2015,301,730,17.27,16.83,0,0,.653,11.72
105,2015,301,745,17.4,17.1,0,0,.651,11.73
105,2015,301,800,17.54,17.19,0,0,.637,11.74
105,2015,301,815,17.69,17.11,0,0,.622,11.73
105,2015,301,830,17.85,17.28,0,0,.608,11.73
105,2015,301,845,18,17.45,0,0,.597,11.72
105,2015,301,900,18.15,17.56,0,0,.584,11.72
105,2015,301,915,18.3,18.09,0,0,.572,11.74
105,2015,301,930,18.45,18.74,0,0,.563,11.73
105,2015,301,945,18.6,19.34,0,0,.554,11.75
105,2015,301,1000,18.74,18.64,0,0,.544,11.76
105,2015,301,1015,18.88,18.83,0,0,.537,11.76
105,2015,301,1030,19.04,19.12,0,0,.527,11.76
105,2015,301,1045,19.21,18.82,0,0,.519,11.76
105,2015,301,1100,19.39,18.74,0,0,.513,11.77
105,2015,301,1115,19.54,18.75,0,0,.508,11.77
105,2015,301,1130,19.66,18.94,0,0,.502,11.76
105,2015,301,1145,19.78,19.17,0,0,.495,11.77
105,2015,301,1200,19.88,19.71,0,0,.495,11.77
105,2015,301,1215,19.97,20.39,0,0,.489,11.77
105,2015,301,1230,20.08,20.34,0,0,.486,11.78
105,2015,301,1245,20.2,20.26,0,0,.481,11.78
105,2015,301,1300,20.34,19.89,0,0,.479,11.79
105,2015,301,1315,20.45,20.09,0,0,.477,11.79
105,2015,301,1330,20.57,20.17,0,0,.472,11.8
105,2015,301,1345,20.65,20.37,0,0,.468,11.81
105,2015,301,1400,20.73,21.02,0,0,.465,11.8
105,2015,301,1415,20.81,24.58,0,0,.464,11.79
105,2015,301,1430,20.9,26.53,0,0,.46,11.8
105,2015,301,1445,20.98,24.74,0,0,.458,11.81
105,2015,301,1500,21.04,23.95,0,0,.456,11.81
105,2015,301,1515,21.08,21.79,0,0,.455,11.8
105,2015,301,1530,21.13,20.67,0,0,.458,11.82
105,2015,301,1545,21.19,20.6,0,0,.476,11.81
105,2015,301,1600,21.24,20.74,0,0,.533,11.81
105,2015,301,1615,21.3,20.72,0,0,.645,11.81
105,2015,301,1630,21.33,20.53,0,0,.822,11.82
105,2015,301,1645,21.28,20.1,0,0,1.036,11.83
105,2015,301,1700,21.25,19.95,0,0,1.222,11.83
105,2015,301,1715,21.23,19.76,0,0,1.337,11.83
105,2015,301,1730,21.17,19.9,0,0,1.401,11.82
105,2015,301,1745,21.07,20.12,0,0,1.443,11.82
105,2015,301,1800,20.96,20.46,0,0,1.507,11.82
105,2015,301,1815,20.86,20.76,0,0,1.563,11.82
105,2015,301,1830,20.77,21.31,0,0,1.6,11.81
105,2015,301,1845,20.68,20.71,0,0,1.596,11.81
105,2015,301,1900,20.6,20.54,0,0,1.599,11.81
105,2015,301,1915,20.51,20.52,0,0,1.567,11.81
105,2015,301,1930,20.42,20.52,0,0,1.539,11.79
105,2015,301,1945,20.36,23.84,0,0,1.541,11.79
105,2015,301,2000,20.32,22.98,0,0,1.554,11.78
105,2015,301,2015,20.29,22.23,0,0,1.518,11.77
105,2015,301,2030,20.23,23.14,0,0,1.442,11.78
105,2015,301,2045,20.15,24.86,0,0,1.399,11.8
105,2015,301,2100,20.07,24.37,0,0,1.362,11.8
105,2015,301,2115,20.01,23.56,0,0,1.312,11.81
105,2015,301,2130,19.97,24.48,0,0,1.236,11.82
105,2015,301,2145,19.93,23.99,0,0,1.151,11.83
105,2015,301,2200,19.89,25.67,0,0,1.071,11.84
105,2015,301,2215,19.85,25.58,0,0,.996,11.84
105,2015,301,2230,19.79,25.33,0,0,.935,11.84
105,2015,301,2245,19.71,25.97,0,0,.883,11.84
105,2015,301,2300,19.63,26.52,0,0,.863,11.84
105,2015,301,2315,19.57,26.61,0,0,.859,11.84
105,2015,301,2330,19.54,25.73,0,0,.853,11.84
105,2015,301,2345,19.51,24.91,0,0,.826,11.85
105,2015,302,0,19.47,24.09,0,0,.796,11.85
105,2015,302,15,19.42,24.16,0,0,.763,11.86
105,2015,302,30,19.36,24.3,0,0,.736,11.86
105,2015,302,45,19.28,25.23,0,0,.708,11.85
105,2015,302,100,19.2,25.08,0,0,.689,11.84
105,2015,302,115,19.14,24.95,0,0,.678,11.83
105,2015,302,130,19.1,25.57,0,0,.666,11.84
105,2015,302,145,19.09,25.52,0,0,.654,11.84
105,2015,302,200,19.12,24.14,0,0,.647,11.82
105,2015,302,215,19.17,22.9,0,0,.651,11.83
105,2015,302,230,19.17,24.74,0,0,.672,11.84
105,2015,302,245,19.12,25.82,0,0,.703,11.85
105,2015,302,300,19.02,25.8,0,0,.74,11.85
105,2015,302,315,18.89,25.06,0,0,.781,11.85
105,2015,302,330,18.73,24.81,0,0,.827,11.85
105,2015,302,345,18.52,24.54,0,0,.905,11.84
105,2015,302,400,18.32,25.01,0,0,1.013,11.84
105,2015,302,415,18.14,24.33,0,0,1.132,11.84
105,2015,302,430,17.95,24.53,0,0,1.217,11.83
105,2015,302,445,17.73,23.49,0,0,1.256,11.82
105,2015,302,500,17.51,23.84,0,0,1.313,11.82
105,2015,302,515,17.3,23.71,0,0,1.386,11.82
105,2015,302,530,17.12,23.5,0,0,1.449,11.82
105,2015,302,545,16.93,23.91,0,0,1.497,11.81
105,2015,302,600,16.73,23.56,0,0,1.516,11.81
105,2015,302,615,16.52,22.96,0,0,1.494,11.78
105,2015,302,630,16.3,23.6,0,0,1.465,11.79
105,2015,302,645,16.08,23.37,0,0,1.426,11.79
105,2015,302,700,15.86,23.87,0,0,1.382,11.78
105,2015,302,715,15.68,23.85,0,0,1.333,11.78
105,2015,302,730,15.56,24.26,0,0,1.295,11.78
105,2015,302,745,15.49,23.69,0,0,1.253,11.79
105,2015,302,800,15.44,24.06,0,0,1.213,11.8
105,2015,302,815,15.4,24.06,0,0,1.156,11.8
105,2015,302,830,15.38,25.84,0,0,1.092,11.8
105,2015,302,845,15.43,27.44,0,0,1.03,11.81
105,2015,302,900,15.68,23.24,0,0,.969,11.83
105,2015,302,915,16.17,21.32,0,0,.919,11.85
105,2015,302,930,16.81,21.25,0,0,.868,11.86
105,2015,302,945,17.49,21.39,0,0,.827,11.87
105,2015,302,1000,18.2,22.04,0,0,.79,11.88
105,2015,302,1015,18.93,22.43,0,0,.761,11.89
105,2015,302,1030,19.6,22.83,0,0,.73,11.9
105,2015,302,1045,20.23,23.62,0,0,.703,11.91
105,2015,302,1100,20.84,23.82,0,0,.68,11.92
105,2015,302,1115,21.35,24.01,0,0,.659,11.92
105,2015,302,1130,21.83,24.16,0,0,.64,11.92
105,2015,302,1145,22.32,23.43,0,0,.623,11.93
105,2015,302,1200,22.72,24.54,0,0,.607,11.93
105,2015,302,1215,23.15,25.67,0,0,.593,11.94
105,2015,302,1230,23.59,22.38,0,0,.581,11.94
105,2015,302,1245,23.64,22.73,0,0,.57,11.93
105,2015,302,1300,23.62,22.24,0,0,.56,11.91
105,2015,302,1315,23.61,22.83,0,0,.551,11.91
105,2015,302,1330,23.62,22.95,0,0,.543,11.92
105,2015,302,1345,23.7,23.4,0,0,.535,11.93
105,2015,302,1400,23.81,22.64,0,0,.529,11.92
105,2015,302,1415,23.83,21.75,0,0,.521,11.92
105,2015,302,1430,23.76,22.24,0,0,.515,11.92
105,2015,302,1445,23.69,22.09,0,0,.509,11.91
105,2015,302,1500,23.63,21.71,0,0,.505,11.91
105,2015,302,1515,23.54,21.16,0,0,.5,11.9
105,2015,302,1530,23.39,20.9,0,0,.496,11.89
105,2015,302,1545,23.24,20.59,0,0,.491,11.89
105,2015,302,1600,23.08,20.46,0,0,.486,11.9
105,2015,302,1615,22.9,19.9,0,0,.483,11.89
105,2015,302,1630,22.7,19.53,0,0,.481,11.88
105,2015,302,1645,22.46,19.31,0,0,.477,11.88
105,2015,302,1700,22.22,19.07,0,0,.474,11.87
105,2015,302,1715,21.98,18.65,0,0,.473,11.87
105,2015,302,1730,21.73,17.99,0,0,.473,11.86
105,2015,302,1745,21.43,17.37,0,0,.474,11.85
105,2015,302,1800,21.09,16.93,0,0,.482,11.84
105,2015,302,1815,20.7,16.45,0,0,.517,11.83
105,2015,302,1830,20.32,15.9,0,0,.575,11.82
105,2015,302,1845,19.86,14.98,0,0,.652,11.81
105,2015,302,1900,19.3,14.72,0,0,.735,11.79
105,2015,302,1915,18.7,14.33,0,0,.814,11.78
105,2015,302,1930,17.99,13.84,0,0,.876,11.77
105,2015,302,1945,17.27,13.4,0,0,.907,11.75
105,2015,302,2000,16.62,13.45,0,0,.907,11.73
105,2015,302,2015,16.09,13.3,0,0,.885,11.72
105,2015,302,2030,15.63,12.85,0,0,.855,11.72
105,2015,302,2045,15.16,12.96,0,0,.825,11.68
105,2015,302,2100,14.77,12.74,0,0,.794,11.66
105,2015,302,2115,14.4,11.99,0,0,.766,11.66
105,2015,302,2130,14.05,12.11,0,0,.738,11.67
105,2015,302,2145,13.76,11.96,0,0,.713,11.66
105,2015,302,2200,13.5,11.69,0,0,.689,11.63
105,2015,302,2215,13.23,11.58,0,0,.67,11.6
105,2015,302,2230,12.98,11.52,0,0,.65,11.59
105,2015,302,2245,12.75,11.25,0,0,.633,11.59
105,2015,302,2300,12.52,11.28,0,0,.617,11.58
105,2015,302,2315,12.32,11.13,0,0,.604,11.57
105,2015,302,2330,12.13,10.75,0,0,.591,11.58
105,2015,302,2345,11.92,10.66,0,0,.579,11.56
105,2015,303,0,11.72,10.49,0,0,.569,11.53
105,2015,303,15,11.52,10.31,0,0,.559,11.49
105,2015,303,30,11.34,10.35,0,0,.552,11.5
105,2015,303,45,11.16,9.93,0,0,.544,11.49
105,2015,303,100,10.96,9.85,0,0,.537,11.45
105,2015,303,115,10.79,10.39,0,0,.53,11.41
105,2015,303,130,10.7,10.18,0,0,.524,11.43
105,2015,303,145,10.6,10.17,0,0,.518,11.44
105,2015,303,200,10.5,10.21,0,0,.512,11.45
105,2015,303,215,10.42,9.96,0,0,.506,11.44
105,2015,303,230,10.33,10.13,0,0,.502,11.46
105,2015,303,245,10.26,10.06,0,0,.499,11.46
105,2015,303,300,10.17,9.71,0,0,.494,11.45
105,2015,303,315,10.05,9.66,0,0,.489,11.42
105,2015,303,330,9.93,9.89,0,0,.485,11.38
105,2015,303,345,9.87,10.38,0,0,.482,11.28
105,2015,303,400,9.88,10.56,0,0,.477,11.24
105,2015,303,415,9.92,10.63,0,0,.475,11.24
105,2015,303,430,9.97,10.39,0,0,.473,11.24
105,2015,303,445,9.99,10.29,0,0,.469,11.26
105,2015,303,500,9.97,10.01,0,0,.467,11.27
105,2015,303,515,9.9,9.43,0,0,.464,11.28
105,2015,303,530,9.79,9.43,0,0,.462,11.27
105,2015,303,545,9.67,9.21,0,0,.459,11.28
105,2015,303,600,9.53,8.98,0,0,.457,11.28
105,2015,303,615,9.39,8.96,0,0,.454,11.26
105,2015,303,630,9.26,8.65,0,0,.452,11.26
105,2015,303,645,9.12,8.73,0,0,.45,11.25
105,2015,303,700,9,8.32,0,0,.448,11.24
105,2015,303,715,8.88,8.42,0,0,.446,11.24
105,2015,303,730,8.77,8.21,0,0,.444,11.24
105,2015,303,745,8.64,7.84,0,0,.442,11.25
105,2015,303,800,8.5,7.81,0,0,.441,11.25
105,2015,303,815,8.36,7.96,0,0,.438,11.25
105,2015,303,830,8.29,9.51,0,0,.436,11.25
105,2015,303,845,8.41,10.8,0,0,.434,11.25
105,2015,303,900,8.73,11.75,0,0,.432,11.27
105,2015,303,915,9.2,12.87,0,0,.431,11.31
105,2015,303,930,9.74,13.31,0,0,.429,11.33
105,2015,303,945,10.31,13.92,0,0,.427,11.41
105,2015,303,1000,10.87,14.27,0,0,.424,11.44
105,2015,303,1015,11.42,15.42,0,0,.423,11.51
105,2015,303,1030,11.97,15.21,0,0,.421,11.53
105,2015,303,1045,12.48,16.06,0,0,.42,11.58
105,2015,303,1100,12.97,16.07,0,0,.418,11.59
105,2015,303,1115,13.42,16.88,0,0,.416,11.65
105,2015,303,1130,13.9,17.57,0,0,.415,11.7
105,2015,303,1145,14.37,17.06,0,0,.413,11.68
105,2015,303,1200,14.76,17.38,0,0,.412,11.67
105,2015,303,1215,15.09,17.48,0,0,.41,11.67
105,2015,303,1230,15.4,18.42,0,0,.409,11.69
105,2015,303,1245,15.73,18.53,0,0,.407,11.72
105,2015,303,1300,16.09,18.37,0,0,.405,11.74
105,2015,303,1315,16.38,18.16,0,0,.405,11.72
105,2015,303,1330,16.59,18.36,0,0,.403,11.72
105,2015,303,1345,16.79,18.22,0,0,.401,11.75
105,2015,303,1400,16.93,18.06,0,0,.4,11.74
105,2015,303,1415,17,18.1,0,0,.399,11.75
105,2015,303,1430,17.06,18.27,0,0,.397,11.77
105,2015,303,1445,17.24,16.68,0,0,.396,11.74
105,2015,303,1500,17.38,15.07,0,0,.396,11.68
105,2015,303,1515,17.37,14.68,0,0,.395,11.7
105,2015,303,1530,17.22,14.34,0,0,.394,11.7
105,2015,303,1545,16.99,14.72,0,0,.393,11.68
105,2015,303,1600,16.76,14.56,0,0,.392,11.68
105,2015,303,1615,16.53,14.24,0,0,.391,11.69
105,2015,303,1630,16.29,14.1,0,0,.391,11.64
105,2015,303,1645,16.04,13.86,0,0,.39,11.65
105,2015,303,1700,15.8,13.53,0,0,.389,11.69
105,2015,303,1715,15.56,13.52,0,0,.388,11.68
105,2015,303,1730,15.33,13.21,0,0,.386,11.66
105,2015,303,1745,15.1,12.78,0,0,.386,11.67
105,2015,303,1800,14.86,12.17,0,0,.384,11.66
105,2015,303,1815,14.59,11.68,0,0,.385,11.65
105,2015,303,1830,14.27,11.12,0,0,.383,11.62
105,2015,303,1845,13.9,10.72,0,0,.383,11.57
105,2015,303,1900,13.5,10.42,0,0,.382,11.57
105,2015,303,1915,13.08,10.04,0,0,.381,11.56
105,2015,303,1930,12.66,9.85,0,0,.38,11.53
105,2015,303,1945,12.23,9.71,0,0,.379,11.52
105,2015,303,2000,11.8,9.52,0,0,.377,11.5
105,2015,303,2015,11.39,9.11,0,0,.377,11.4
105,2015,303,2030,11,8.86,0,0,.377,11.41
105,2015,303,2045,10.62,8.34,0,0,.375,11.42
105,2015,303,2100,10.26,8.14,0,0,.374,11.44
105,2015,303,2115,9.91,7.84,0,0,.374,11.43
105,2015,303,2130,9.57,7.59,0,0,.374,11.39
105,2015,303,2145,9.23,7.06,0,0,.372,11.37
105,2015,303,2200,8.9,7.22,0,0,.372,11.36
105,2015,303,2215,8.57,7.42,0,0,.371,11.34
105,2015,303,2230,8.26,7.72,0,0,.369,11.34
105,2015,303,2245,7.98,7.52,0,0,.369,11.35
105,2015,303,2300,7.73,7.18,0,0,.368,11.33
105,2015,303,2315,7.5,6.992,0,0,.367,11.3
105,2015,303,2330,7.28,6.963,0,0,.366,11.3
105,2015,303,2345,7.08,5.985,0,0,.366,11.29
105,2015,304,0,6.865,5.747,0,0,.365,11.29
105,2015,304,15,6.638,5.724,0,0,.365,11.27
105,2015,304,30,6.407,5.881,0,0,.364,11.26
105,2015,304,45,6.2,5.815,0,0,.363,11.27
105,2015,304,100,6.01,6,0,0,.363,11.27
105,2015,304,115,5.834,6.332,0,0,.362,11.27
105,2015,304,130,5.68,6.539,0,0,.361,11.28
105,2015,304,145,5.553,6.397,0,0,.361,11.29
105,2015,304,200,5.437,6.189,0,0,.359,11.29
105,2015,304,215,5.324,6.075,0,0,.359,11.29
105,2015,304,230,5.211,5.885,0,0,.359,11.28
105,2015,304,245,5.092,5.714,0,0,.358,11.28
105,2015,304,300,4.974,5.343,0,0,.358,11.27
105,2015,304,315,4.852,4.35,0,0,.358,11.26
105,2015,304,330,4.703,4.175,0,0,.357,11.25
105,2015,304,345,4.539,3.835,0,0,.356,11.24
105,2015,304,400,4.359,3.735,0,0,.356,11.24
105,2015,304,415,4.168,3.782,0,0,.356,11.23
105,2015,304,430,3.973,3.481,0,0,.356,11.22
105,2015,304,445,3.784,3.207,0,0,.356,11.22
105,2015,304,500,3.598,3.565,0,0,.355,11.22
105,2015,304,515,3.421,4.386,0,0,.354,11.2
105,2015,304,530,3.293,4.421,0,0,.354,11.2
105,2015,304,545,3.212,4.634,0,0,.354,11.22
105,2015,304,600,3.151,3.864,0,0,.354,11.22
105,2015,304,615,3.09,4.257,0,0,.353,11.22
105,2015,304,630,3.02,3.588,0,0,.353,11.22
105,2015,304,645,2.939,2.907,0,0,.353,11.21
105,2015,304,700,2.827,2.658,0,0,.351,11.21
105,2015,304,715,2.699,2.97,0,0,.351,11.19
105,2015,304,730,2.584,2.301,0,0,.351,11.19
105,2015,304,745,2.467,2.554,0,0,.351,11.18
105,2015,304,800,2.363,2.74,0,0,.35,11.18
105,2015,304,815,2.268,2.845,0,0,.349,11.18
105,2015,304,830,2.191,4.243,0,0,.349,11.19
105,2015,304,845,2.203,7.25,0,0,.347,11.2
105,2015,304,900,2.447,9.2,0,0,.347,11.22
105,2015,304,915,2.975,10.69,0,0,.346,11.25
105,2015,304,930,3.757,11.97,0,0,.345,11.3
105,2015,304,945,4.726,13.09,0,0,.344,11.35
105,2015,304,1000,5.836,15.45,0,0,.344,11.53
105,2015,304,1015,7.04,14.9,0,0,.343,11.67
105,2015,304,1030,8.22,15.68,0,0,.342,11.72
105,2015,304,1045,9.33,15.71,0,0,.342,11.73
105,2015,304,1100,10.37,15.95,0,0,.341,11.75
105,2015,304,1115,11.3,16.13,0,0,.341,11.77
105,2015,304,1130,12.14,16.2,0,0,.34,11.76
105,2015,304,1145,12.93,17.12,0,0,.339,11.76
105,2015,304,1200,13.67,16.59,0,0,.338,11.77
105,2015,304,1215,14.34,17.91,0,0,.338,11.78
105,2015,304,1230,14.99,18.04,0,0,.338,11.82
105,2015,304,1245,15.61,17.23,0,0,.337,11.83
105,2015,304,1300,16.13,17.42,0,0,.337,11.82
105,2015,304,1315,16.57,17.5,0,0,.337,11.82
105,2015,304,1330,16.95,17.62,0,0,.336,11.8
105,2015,304,1345,17.27,17.88,0,0,.335,11.81
105,2015,304,1400,17.54,17.75,0,0,.334,11.82
105,2015,304,1415,17.77,17.64,0,0,.335,11.83
105,2015,304,1430,17.94,17.89,0,0,.333,11.82
105,2015,304,1445,18.07,16.56,0,0,.332,11.83
105,2015,304,1500,18.14,14.6,0,0,.333,11.78
105,2015,304,1515,18.01,14.47,0,0,.333,11.74
105,2015,304,1530,17.74,14.44,0,0,.333,11.75
105,2015,304,1545,17.42,14.24,0,0,.333,11.74
105,2015,304,1600,17.1,13.98,0,0,.333,11.72
105,2015,304,1615,16.77,13.87,0,0,.332,11.71
105,2015,304,1630,16.46,14.03,0,0,.331,11.72
105,2015,304,1645,16.17,14.17,0,0,.331,11.73
105,2015,304,1700,15.94,14.16,0,0,.331,11.74
105,2015,304,1715,15.75,13.92,0,0,.33,11.73
105,2015,304,1730,15.58,13.8,0,0,.33,11.75
105,2015,304,1745,15.42,13.43,0,0,.33,11.75
105,2015,304,1800,15.25,13.13,0,0,.33,11.75
105,2015,304,1815,15.06,12.61,0,0,.33,11.74
105,2015,304,1830,14.86,12.43,0,0,.33,11.74
105,2015,304,1845,14.64,12.33,0,0,.329,11.72
105,2015,304,1900,14.39,12.18,0,0,.329,11.7
105,2015,304,1915,14.13,11.89,0,0,.328,11.67
105,2015,304,1930,13.86,11.61,0,0,.328,11.63
105,2015,304,1945,13.58,11.15,0,0,.328,11.63
105,2015,304,2000,13.3,11.05,0,0,.328,11.64
105,2015,304,2015,13.03,10.7,0,0,.328,11.64
105,2015,304,2030,12.78,10.85,0,0,.327,11.64
105,2015,304,2045,12.54,10.8,0,0,.327,11.64
105,2015,304,2100,12.32,10.64,0,0,.326,11.63
105,2015,304,2115,12.1,10.51,0,0,.326,11.61
105,2015,304,2130,11.87,10.5,0,0,.327,11.6
105,2015,304,2145,11.65,9.98,0,0,.327,11.59
105,2015,304,2200,11.42,9.58,0,0,.325,11.57
105,2015,304,2215,11.18,9.22,0,0,.326,11.55
105,2015,304,2230,10.94,9.23,0,0,.325,11.51
105,2015,304,2245,10.7,8.85,0,0,.325,11.51
105,2015,304,2300,10.45,8.64,0,0,.325,11.48
105,2015,304,2315,10.2,8.52,0,0,.325,11.46
105,2015,304,2330,9.95,8.63,0,0,.325,11.45
105,2015,304,2345,9.74,9.07,0,0,.324,11.45
105,2015,305,0,9.58,9.37,0,0,.323,11.47
105,2015,305,15,9.48,9.71,0,0,.323,11.5
105,2015,305,30,9.44,10.05,0,0,.323,11.52
105,2015,305,45,9.44,10.44,0,0,.323,11.53
105,2015,305,100,9.48,10.75,0,0,.322,11.55
105,2015,305,115,9.55,10.8,0,0,.321,11.58
105,2015,305,130,9.64,10.94,0,0,.321,11.58
105,2015,305,145,9.74,11.11,0,0,.321,11.61
105,2015,305,200,9.84,11.14,0,0,.322,11.64
105,2015,305,215,9.95,11.18,0,0,.32,11.64
105,2015,305,230,10.06,11.22,0,0,.32,11.61
105,2015,305,245,10.17,11.44,0,0,.32,11.62
105,2015,305,300,10.28,11.48,0,0,.319,11.65
105,2015,305,315,10.38,11.45,0,0,.319,11.67
105,2015,305,330,10.47,11.41,0,0,.319,11.66
105,2015,305,345,10.55,11.45,0,0,.319,11.66
105,2015,305,400,10.62,11.3,0,0,.318,11.65
105,2015,305,415,10.68,11.33,0,0,.318,11.66
105,2015,305,430,10.74,11.32,0,0,.318,11.63
105,2015,305,445,10.79,11.37,0,0,.318,11.66
105,2015,305,500,10.85,11.46,0,0,.318,11.64
105,2015,305,515,10.9,11.46,0,0,.317,11.64
105,2015,305,530,10.94,11.46,0,0,.317,11.65
105,2015,305,545,10.99,11.5,0,0,.316,11.66
105,2015,305,600,11.04,11.67,0,0,.316,11.66
105,2015,305,615,11.09,11.75,0,0,.316,11.65
105,2015,305,630,11.16,11.86,0,0,.316,11.65
105,2015,305,645,11.23,11.95,0,0,.316,11.66
105,2015,305,700,11.31,12.14,0,0,.315,11.65
105,2015,305,715,11.39,12.48,0,0,.314,11.63
105,2015,305,730,11.49,12.63,0,0,.314,11.62
105,2015,305,745,11.6,12.66,0,0,.314,11.61
105,2015,305,800,11.72,12.59,0,0,.314,11.58
105,2015,305,815,11.83,12.46,0,0,.314,11.59
105,2015,305,830,11.94,12.58,0,0,.314,11.61
105,2015,305,845,12.04,12.64,0,0,.313,11.63
105,2015,305,900,12.15,12.94,0,0,.313,11.63
105,2015,305,915,12.27,13.15,0,0,.312,11.65
105,2015,305,930,12.41,13.33,0,0,.312,11.7
105,2015,305,945,12.55,13.53,0,0,.311,11.69
105,2015,305,1000,12.7,13.66,0,0,.312,11.7
105,2015,305,1015,12.85,14.03,0,0,.311,11.7
105,2015,305,1030,13.01,14.27,0,0,.311,11.71
105,2015,305,1045,13.2,14.59,0,0,.311,11.74
105,2015,305,1100,13.41,14.85,0,0,.311,11.75
105,2015,305,1115,13.64,15.2,0,0,.311,11.76
105,2015,305,1130,13.89,15.52,0,0,.31,11.76
105,2015,305,1145,14.17,16.09,0,0,.309,11.77
105,2015,305,1200,14.49,16.31,0,0,.309,11.77
105,2015,305,1215,14.84,17.17,0,0,.309,11.78
105,2015,305,1230,15.21,18.18,0,0,.307,11.81
105,2015,305,1245,15.67,17.9,0,0,.307,11.82
105,2015,305,1300,16.11,19.22,0,0,.307,11.84
105,2015,305,1315,16.6,20.07,0,0,.307,11.86
105,2015,305,1330,17.15,19.31,0,0,.306,11.86
105,2015,305,1345,17.63,20.24,0,0,.305,11.89
105,2015,305,1400,18.11,21.66,0,0,.305,11.9
105,2015,305,1415,18.62,21.78,0,0,.305,11.92
105,2015,305,1430,19.16,21.73,0,0,.303,11.93
105,2015,305,1445,19.66,21.62,0,0,.303,11.93
105,2015,305,1500,20.1,20.8,0,0,.303,11.93
105,2015,305,1515,20.42,20.82,0,0,.302,11.93
105,2015,305,1530,20.64,20.75,0,0,.302,11.93
105,2015,305,1545,20.78,20.57,0,0,.302,11.93
105,2015,305,1600,20.89,20.51,0,0,.303,11.93
105,2015,305,1615,20.95,20.39,0,0,.302,11.93
105,2015,305,1630,20.98,19.98,0,0,.302,11.93
105,2015,305,1645,20.97,20,0,0,.303,11.92
105,2015,305,1700,20.94,19.55,0,0,.302,11.92
105,2015,305,1715,20.87,19.31,0,0,.302,11.91
105,2015,305,1730,20.77,18.95,0,0,.302,11.91
105,2015,305,1745,20.63,18.53,0,0,.302,11.89
105,2015,305,1800,20.44,17.74,0,0,.302,11.88
105,2015,305,1815,20.2,17.25,0,0,.302,11.88
105,2015,305,1830,19.92,16.96,0,0,.302,11.86
105,2015,305,1845,19.61,16.48,0,0,.302,11.85
105,2015,305,1900,19.27,16.03,0,0,.303,11.84
105,2015,305,1915,18.92,15.39,0,0,.302,11.84
105,2015,305,1930,18.55,15.32,0,0,.302,11.82
105,2015,305,1945,18.17,15.05,0,0,.301,11.81
105,2015,305,2000,17.81,15.12,0,0,.301,11.8
105,2015,305,2015,17.47,14.48,0,0,.301,11.8
105,2015,305,2030,17.13,13.83,0,0,.301,11.79
105,2015,305,2045,16.79,13.9,0,0,.302,11.77
105,2015,305,2100,16.44,13.76,0,0,.302,11.77
105,2015,305,2115,16.1,13.21,0,0,.302,11.77
105,2015,305,2130,15.78,13.32,0,0,.301,11.75
105,2015,305,2145,15.47,13.37,0,0,.302,11.75
105,2015,305,2200,15.18,13.35,0,0,.302,11.75
105,2015,305,2215,14.92,13.52,0,0,.302,11.74
105,2015,305,2230,14.7,13.58,0,0,.301,11.75
105,2015,305,2245,14.51,13.68,0,0,.301,11.75
105,2015,305,2300,14.34,14.38,0,0,.3,11.74
105,2015,305,2315,14.22,14.12,0,0,.3,11.75
105,2015,305,2330,14.13,14.13,0,0,.3,11.76
105,2015,305,2345,14.06,14.2,0,0,.3,11.77
105,2015,306,0,13.98,14.22,0,0,.3,11.77
105,2015,306,15,13.89,14.25,0,0,.3,11.77
105,2015,306,30,13.8,14.28,0,0,.299,11.77
105,2015,306,45,13.73,13.56,0,0,.299,11.76
105,2015,306,100,13.64,12.92,0,0,.299,11.74
105,2015,306,115,13.54,13.45,0,0,.299,11.72
105,2015,306,130,13.42,12.4,0,0,.299,11.73
105,2015,306,145,13.28,12.37,0,0,.299,11.73
105,2015,306,200,13.14,12.89,0,0,.299,11.73
105,2015,306,215,12.99,12.22,0,0,.299,11.73
105,2015,306,230,12.83,12.15,0,0,.299,11.7
105,2015,306,245,12.67,12.55,0,0,.298,11.7
105,2015,306,300,12.51,12.33,0,0,.299,11.71
105,2015,306,315,12.37,12.63,0,0,.298,11.71
105,2015,306,330,12.24,12.2,0,0,.299,11.72
105,2015,306,345,12.12,12.63,0,0,.298,11.71
105,2015,306,400,12,12.22,0,0,.297,11.71
105,2015,306,415,11.89,12.56,0,0,.297,11.69
105,2015,306,430,11.79,13.35,0,0,.297,11.7
105,2015,306,445,11.71,13.28,0,0,.297,11.7
105,2015,306,500,11.67,12.95,0,0,.296,11.71
105,2015,306,515,11.64,13.11,0,0,.297,11.68
105,2015,306,530,11.62,13.48,0,0,.296,11.68
105,2015,306,545,11.62,13.53,0,0,.297,11.71
105,2015,306,600,11.65,13.26,0,0,.295,11.73
105,2015,306,615,11.7,12.73,0,0,.295,11.74
105,2015,306,630,11.74,12.11,0,0,.295,11.74
105,2015,306,645,11.75,11.87,0,0,.295,11.72
105,2015,306,700,11.72,11.61,0,0,.295,11.71
105,2015,306,715,11.68,11.76,0,0,.295,11.71
105,2015,306,730,11.62,11.68,0,0,.296,11.72
105,2015,306,745,11.57,11.51,0,0,.296,11.69
105,2015,306,800,11.5,11.5,0,0,.295,11.7
105,2015,306,815,11.43,11.43,0,0,.295,11.68
105,2015,306,830,11.37,11.62,0,0,.295,11.68
105,2015,306,845,11.32,12.09,0,0,.295,11.69
105,2015,306,900,11.31,12.35,0,0,.294,11.69
105,2015,306,915,11.33,12.8,0,0,.294,11.7
105,2015,306,930,11.39,13.56,0,0,.293,11.72
105,2015,306,945,11.51,14.24,0,0,.293,11.75
105,2015,306,1000,11.72,14.76,0,0,.291,11.77
105,2015,306,1015,11.99,15.35,0,0,.291,11.78
105,2015,306,1030,12.31,15.27,0,0,.291,11.79
105,2015,306,1045,12.62,15.43,0,0,.291,11.8
105,2015,306,1100,12.91,15.48,0,0,.291,11.8
105,2015,306,1115,13.17,15.69,0,0,.291,11.82
105,2015,306,1130,13.42,15.69,0,0,.291,11.81
105,2015,306,1145,13.67,16.25,0,0,.29,11.83
105,2015,306,1200,13.92,16.7,0,0,.289,11.84
105,2015,306,1215,14.19,17.8,0,0,.289,11.85
105,2015,306,1230,14.52,17.51,0,0,.289,11.86
105,2015,306,1245,14.85,17.46,0,0,.288,11.87
105,2015,306,1300,15.14,17.91,0,0,.288,11.88
105,2015,306,1315,15.42,18.34,0,0,.288,11.89
105,2015,306,1330,15.71,18.28,0,0,.288,11.89
105,2015,306,1345,15.99,18.34,0,0,.288,11.89
105,2015,306,1400,16.25,18.23,0,0,.287,11.89
105,2015,306,1415,16.47,18.17,0,0,.288,11.88
105,2015,306,1430,16.65,18.32,0,0,.287,11.87
105,2015,306,1445,16.81,18.47,0,0,.286,11.86
105,2015,306,1500,16.96,18.7,0,0,.286,11.88
105,2015,306,1515,17.11,18.98,0,0,.286,11.9
105,2015,306,1530,17.27,18.87,0,0,.286,11.91
105,2015,306,1545,17.42,18.5,0,0,.286,11.91
105,2015,306,1600,17.54,18.52,0,0,.286,11.91
105,2015,306,1615,17.63,18.25,0,0,.285,11.91
105,2015,306,1630,17.68,17.95,0,0,.284,11.91
105,2015,306,1645,17.7,17.54,0,0,.284,11.89
105,2015,306,1700,17.69,17.16,0,0,.284,11.88
105,2015,306,1715,17.65,16.7,0,0,.284,11.87
105,2015,306,1730,17.57,16.1,0,0,.284,11.86
105,2015,306,1745,17.45,15.69,0,0,.284,11.84
105,2015,306,1800,17.29,15.21,0,0,.284,11.83
105,2015,306,1815,17.08,14.36,0,0,.284,11.82
105,2015,306,1830,16.84,13.91,0,0,.284,11.81
105,2015,306,1845,16.54,13.34,0,0,.284,11.79
105,2015,306,1900,16.21,12.9,0,0,.284,11.76
105,2015,306,1915,15.87,13.34,0,0,.284,11.74
105,2015,306,1930,15.52,12.76,0,0,.284,11.75
105,2015,306,1945,15.17,12.42,0,0,.285,11.74
105,2015,306,2000,14.81,12.24,0,0,.284,11.73
105,2015,306,2015,14.43,11.48,0,0,.284,11.7
105,2015,306,2030,14.04,11.08,0,0,.285,11.69
105,2015,306,2045,13.63,10.25,0,0,.285,11.66
105,2015,306,2100,13.19,10.46,0,0,.285,11.64
105,2015,306,2115,12.76,9.89,0,0,.285,11.61
105,2015,306,2130,12.34,9.88,0,0,.285,11.61
105,2015,306,2145,11.93,9.67,0,0,.285,11.59
105,2015,306,2200,11.55,9.29,0,0,.285,11.55
105,2015,306,2215,11.18,9.44,0,0,.285,11.47
105,2015,306,2230,10.86,9.43,0,0,.284,11.46
105,2015,306,2245,10.56,9.13,0,0,.285,11.46
105,2015,306,2300,10.29,8.67,0,0,.285,11.45
105,2015,306,2315,10.02,8.93,0,0,.285,11.44
105,2015,306,2330,9.75,8.44,0,0,.285,11.43
105,2015,306,2345,9.49,8.36,0,0,.284,11.4
105,2015,307,0,9.22,8.62,0,0,.283,11.41
105,2015,307,15,8.97,8.64,0,0,.283,11.39
105,2015,307,30,8.73,8.71,0,0,.282,11.4
105,2015,307,45,8.49,8.27,0,0,.282,11.36
105,2015,307,100,8.26,8.03,0,0,.282,11.35
105,2015,307,115,8.03,7.87,0,0,.282,11.34
105,2015,307,130,7.78,8.16,0,0,.282,11.32
105,2015,307,145,7.54,8.66,0,0,.282,11.33
105,2015,307,200,7.34,8.22,0,0,.281,11.32
105,2015,307,215,7.15,7.78,0,0,.281,11.3
105,2015,307,230,6.953,7.31,0,0,.28,11.29
105,2015,307,245,6.746,6.877,0,0,.28,11.28
105,2015,307,300,6.531,6.61,0,0,.28,11.28
105,2015,307,315,6.31,6.59,0,0,.28,11.27
105,2015,307,330,6.093,7.2,0,0,.28,11.26
105,2015,307,345,5.888,7.07,0,0,.28,11.26
105,2015,307,400,5.707,7.11,0,0,.28,11.27
105,2015,307,415,5.562,6.784,0,0,.281,11.26
105,2015,307,430,5.443,8.27,0,0,.279,11.25
105,2015,307,445,5.336,7.03,0,0,.279,11.26
105,2015,307,500,5.228,8.05,0,0,.279,11.26
105,2015,307,515,5.129,7.77,0,0,.279,11.25
105,2015,307,530,5.026,6.964,0,0,.279,11.25
105,2015,307,545,4.904,9.02,0,0,.278,11.25
105,2015,307,600,4.776,12.53,0,0,.278,11.25
105,2015,307,615,4.638,13.4,0,0,.277,11.25
105,2015,307,630,4.491,12.89,0,0,.278,11.23
105,2015,307,645,4.343,13.29,0,0,.278,11.23
105,2015,307,700,4.211,12.02,0,0,.278,11.23
105,2015,307,715,4.094,11.22,0,0,.276,11.23
105,2015,307,730,3.99,10.58,0,0,.276,11.22
105,2015,307,745,3.889,10.38,0,0,.276,11.22
105,2015,307,800,3.795,9.55,0,0,.276,11.22
105,2015,307,815,3.722,9.04,0,0,.276,11.22
105,2015,307,830,3.662,9.78,0,0,.276,11.22
105,2015,307,845,3.648,10.18,0,0,.276,11.24
105,2015,307,900,3.844,13.34,0,0,.274,11.27
105,2015,307,915,4.345,11.91,0,0,.275,11.31
105,2015,307,930,5.117,12.95,0,0,.273,11.37
105,2015,307,945,6.075,14.13,0,0,.274,11.51
105,2015,307,1000,7.18,16.19,0,0,.272,11.57
105,2015,307,1015,8.41,17.01,0,0,.272,11.65
105,2015,307,1030,9.7,18.15,0,0,.27,11.73
105,2015,307,1045,10.98,19.69,0,0,.27,11.78
105,2015,307,1100,12.21,20.15,0,0,.271,11.82
105,2015,307,1115,13.38,21.76,0,0,.27,11.86
105,2015,307,1130,14.47,21.62,0,0,.268,11.89
105,2015,307,1145,15.53,22.14,0,0,.268,11.89
105,2015,307,1200,16.55,23.48,0,0,.267,11.93
105,2015,307,1215,17.52,23.98,0,0,.267,11.94
105,2015,307,1230,18.44,24.84,0,0,.267,11.95
105,2015,307,1245,19.29,25.46,0,0,.266,11.96
105,2015,307,1300,20.08,25.82,0,0,.265,11.96
105,2015,307,1315,20.78,25.35,0,0,.264,11.96
105,2015,307,1330,21.38,25.36,0,0,.264,11.97
105,2015,307,1345,21.88,25.04,0,0,.264,11.97
105,2015,307,1400,22.31,24.3,0,0,.264,11.96
105,2015,307,1415,22.62,23.97,0,0,.264,11.96
105,2015,307,1430,22.87,24.57,0,0,.264,11.96
105,2015,307,1445,23.09,22.64,0,0,.263,11.95
105,2015,307,1500,23.2,20.64,0,0,.264,11.95
105,2015,307,1515,23.11,19.57,0,0,.264,11.93
105,2015,307,1530,22.82,19.04,0,0,.264,11.91
105,2015,307,1545,22.42,18.53,0,0,.263,11.88
105,2015,307,1600,21.95,18.44,0,0,.264,11.87
105,2015,307,1615,21.49,17.97,0,0,.264,11.86
105,2015,307,1630,21.03,17.63,0,0,.264,11.86
105,2015,307,1645,20.58,17.35,0,0,.264,11.84
105,2015,307,1700,20.14,17.09,0,0,.264,11.83
105,2015,307,1715,19.71,16.46,0,0,.264,11.82
105,2015,307,1730,19.28,16.1,0,0,.264,11.82
105,2015,307,1745,18.83,15.91,0,0,.265,11.81
105,2015,307,1800,18.38,14.67,0,0,.265,11.8
105,2015,307,1815,17.9,13.84,0,0,.265,11.79
105,2015,307,1830,17.37,12.98,0,0,.265,11.77
105,2015,307,1845,16.81,12.63,0,0,.265,11.75
105,2015,307,1900,16.22,11.79,0,0,.265,11.72
105,2015,307,1915,15.62,12.06,0,0,.265,11.67
105,2015,307,1930,15.03,11.61,0,0,.265,11.67
105,2015,307,1945,14.44,11.11,0,0,.265,11.66
105,2015,307,2000,13.87,10.61,0,0,.265,11.62
105,2015,307,2015,13.31,11.54,0,0,.265,11.62
105,2015,307,2030,12.79,10.59,0,0,.265,11.61
105,2015,307,2045,12.29,11.09,0,0,.265,11.57
105,2015,307,2100,11.83,10.99,0,0,.265,11.56
105,2015,307,2115,11.41,10.47,0,0,.265,11.56
105,2015,307,2130,11.03,9.85,0,0,.265,11.51
105,2015,307,2145,10.66,11.57,0,0,.265,11.48
105,2015,307,2200,10.3,10.15,0,0,.265,11.49
105,2015,307,2215,9.96,9.79,0,0,.265,11.47
105,2015,307,2230,9.63,9.48,0,0,.265,11.44
105,2015,307,2245,9.31,9.26,0,0,.265,11.41
105,2015,307,2300,9.01,10.31,0,0,.265,11.39
105,2015,307,2315,8.75,10.62,0,0,.265,11.41
105,2015,307,2330,8.52,10.55,0,0,.265,11.39
105,2015,307,2345,8.3,11.38,0,0,.265,11.36
105,2015,308,0,8.09,12.45,0,0,.265,11.35
105,2015,308,15,7.89,11.07,0,0,.265,11.37
105,2015,308,30,7.7,9.73,0,0,.265,11.34
105,2015,308,45,7.52,12.76,0,0,.264,11.35
105,2015,308,100,7.35,13.75,0,0,.263,11.32
105,2015,308,115,7.19,13.91,0,0,.263,11.31
105,2015,308,130,7.05,11.03,0,0,.263,11.33
105,2015,308,145,6.918,11.82,0,0,.263,11.31
105,2015,308,200,6.79,10.7,0,0,.263,11.31
105,2015,308,215,6.67,10.99,0,0,.263,11.32
105,2015,308,230,6.559,11.06,0,0,.263,11.33
105,2015,308,245,6.462,10.16,0,0,.263,11.33
105,2015,308,300,6.365,8.75,0,0,.263,11.32
105,2015,308,315,6.251,7.77,0,0,.263,11.29
105,2015,308,330,6.125,13.1,0,0,.262,11.3
105,2015,308,345,6.001,11.16,0,0,.262,11.3
105,2015,308,400,5.883,8.8,0,0,.262,11.28
105,2015,308,415,5.776,12.91,0,0,.261,11.28
105,2015,308,430,5.687,12.58,0,0,.262,11.28
105,2015,308,445,5.602,10.44,0,0,.262,11.27
105,2015,308,500,5.52,12.69,0,0,.261,11.28
105,2015,308,515,5.448,14.19,0,0,.261,11.26
105,2015,308,530,5.389,13.2,0,0,.261,11.26
105,2015,308,545,5.331,11.83,0,0,.26,11.26
105,2015,308,600,5.25,12.78,0,0,.261,11.26
105,2015,308,615,5.152,12.49,0,0,.26,11.26
105,2015,308,630,5.039,10.12,0,0,.259,11.25
105,2015,308,645,4.914,9.42,0,0,.259,11.24
105,2015,308,700,4.797,9.52,0,0,.259,11.25
105,2015,308,715,4.696,9.48,0,0,.259,11.24
105,2015,308,730,4.603,8.58,0,0,.258,11.24
105,2015,308,745,4.517,7.93,0,0,.258,11.23
105,2015,308,800,4.453,8.1,0,0,.258,11.22
105,2015,308,815,4.405,8.39,0,0,.258,11.23
105,2015,308,830,4.37,8.84,0,0,.258,11.24
105,2015,308,845,4.374,9.6,0,0,.257,11.24
105,2015,308,900,4.554,11.7,0,0,.258,11.3
105,2015,308,915,5.036,12.3,0,0,.257,11.39
105,2015,308,930,5.8,14.27,0,0,.257,11.49
105,2015,308,945,6.771,15.33,0,0,.255,11.54
105,2015,308,1000,7.88,16.73,0,0,.255,11.65
105,2015,308,1015,9.1,18.04,0,0,.254,11.73
105,2015,308,1030,10.4,20.2,0,0,.253,11.79
105,2015,308,1045,11.75,22.45,0,0,.253,11.85
105,2015,308,1100,13.15,22.54,0,0,.252,11.89
105,2015,308,1115,14.49,22.39,0,0,.251,11.91
105,2015,308,1130,15.71,23.44,0,0,.252,11.93
105,2015,308,1145,16.8,23.39,0,0,.252,11.93
105,2015,308,1200,17.8,24.68,0,0,.251,11.94
105,2015,308,1215,18.75,25.34,0,0,.25,11.95
105,2015,308,1230,19.68,24.76,0,0,.249,11.95
105,2015,308,1245,20.56,25.54,0,0,.249,11.96
105,2015,308,1300,21.38,25.64,0,0,.249,11.96
105,2015,308,1315,22.11,26.26,0,0,.248,11.97
105,2015,308,1330,22.78,25.66,0,0,.247,11.97
105,2015,308,1345,23.36,26.21,0,0,.247,11.97
105,2015,308,1400,23.87,26.07,0,0,.246,11.97
105,2015,308,1415,24.31,25.35,0,0,.246,11.97
105,2015,308,1430,24.65,25.37,0,0,.246,11.97
105,2015,308,1445,24.89,23.91,0,0,.246,11.96
105,2015,308,1500,25,22.11,0,0,.246,11.96
105,2015,308,1515,24.88,21.12,0,0,.246,11.95
105,2015,308,1530,24.57,20.37,0,0,.246,11.93
105,2015,308,1545,24.15,20.21,0,0,.246,11.92
105,2015,308,1600,23.68,20.24,0,0,.246,11.92
105,2015,308,1615,23.19,19.65,0,0,.246,11.91
105,2015,308,1630,22.73,19.23,0,0,.246,11.9
105,2015,308,1645,22.27,18.96,0,0,.246,11.89
105,2015,308,1700,21.81,18.33,0,0,.246,11.88
105,2015,308,1715,21.35,17.83,0,0,.246,11.87
105,2015,308,1730,20.87,17.3,0,0,.246,11.86
105,2015,308,1745,20.4,17.07,0,0,.247,11.86
105,2015,308,1800,19.91,16.73,0,0,.246,11.85
105,2015,308,1815,19.42,14.68,0,0,.247,11.83
105,2015,308,1830,18.91,14.9,0,0,.247,11.82
105,2015,308,1845,18.39,14.57,0,0,.247,11.8
105,2015,308,1900,17.89,14.91,0,0,.247,11.8
105,2015,308,1915,17.46,14.41,0,0,.247,11.78
105,2015,308,1930,17.09,15.48,0,0,.247,11.78
105,2015,308,1945,16.8,15.7,0,0,.247,11.79
105,2015,308,2000,16.56,15.15,0,0,.247,11.79
105,2015,308,2015,16.35,14.88,0,0,.247,11.79
105,2015,308,2030,16.13,14.99,0,0,.248,11.79
105,2015,308,2045,15.93,15.5,0,0,.248,11.78
105,2015,308,2100,15.74,15.2,0,0,.248,11.78
105,2015,308,2115,15.58,15.21,0,0,.247,11.79
105,2015,308,2130,15.47,15.69,0,0,.248,11.79
105,2015,308,2145,15.38,15.67,0,0,.248,11.79
105,2015,308,2200,15.32,15.57,0,0,.248,11.79
105,2015,308,2215,15.26,15.98,0,0,.248,11.79
105,2015,308,2230,15.21,15.89,0,0,.248,11.79
105,2015,308,2245,15.17,15.52,0,0,.248,11.8
105,2015,308,2300,15.12,15.73,0,0,.248,11.8
105,2015,308,2315,15.06,15.62,0,0,.248,11.79
105,2015,308,2330,15.01,15.7,0,0,.247,11.79
105,2015,308,2345,14.98,15.55,0,0,.247,11.79
105,2015,309,0,14.95,15.78,0,0,.247,11.8
105,2015,309,15,14.91,15.92,0,0,.247,11.8
105,2015,309,30,14.89,15.73,0,0,.247,11.8
105,2015,309,45,14.87,16.03,0,0,.247,11.8
105,2015,309,100,14.86,16.11,0,0,.247,11.81
105,2015,309,115,14.85,15.93,0,0,.246,11.81
105,2015,309,130,14.86,15.92,0,0,.246,11.8
105,2015,309,145,14.88,15.75,0,0,.246,11.81
105,2015,309,200,14.9,15.62,0,0,.246,11.81
105,2015,309,215,14.93,17.34,0,0,.246,11.81
105,2015,309,230,14.97,19.99,0,0,.245,11.81
105,2015,309,245,15.01,19.45,0,0,.245,11.81
105,2015,309,300,15.04,18.61,0,0,.244,11.81
105,2015,309,315,15.07,18.66,0,0,.245,11.8
105,2015,309,330,15.1,18.64,0,0,.245,11.79
105,2015,309,345,15.13,18.52,0,0,.245,11.79
105,2015,309,400,15.14,18.36,0,0,.244,11.8
105,2015,309,415,15.15,18.58,0,0,.245,11.8
105,2015,309,430,15.16,18.14,0,0,.245,11.8
105,2015,309,445,15.16,17.12,0,0,.244,11.8
105,2015,309,500,15.16,17.35,0,0,.244,11.8
105,2015,309,515,15.16,16.83,0,0,.244,11.8
105,2015,309,530,15.16,16.65,0,0,.244,11.8
105,2015,309,545,15.16,16.08,0,0,.243,11.8
105,2015,309,600,15.17,15.9,0,0,.244,11.8
105,2015,309,615,15.17,15.54,0,0,.243,11.81
105,2015,309,630,15.18,15.77,0,0,.243,11.81
105,2015,309,645,15.19,16,0,0,.244,11.8
105,2015,309,700,15.2,16.27,0,0,.243,11.79
105,2015,309,715,15.21,17.02,0,0,.244,11.8
105,2015,309,730,15.22,16.21,0,0,.244,11.8
105,2015,309,745,15.22,15.76,0,0,.243,11.8
105,2015,309,800,15.22,16.37,0,0,.245,11.78
105,2015,309,815,15.21,15.82,0,0,.243,11.79
105,2015,309,830,15.2,16.82,0,0,.245,11.79
105,2015,309,845,15.22,16.49,0,0,.244,11.79
105,2015,309,900,15.26,16.32,0,0,.244,11.8
105,2015,309,915,15.33,16.57,0,0,.244,11.81
105,2015,309,930,15.43,16.43,0,0,.241,11.81
105,2015,309,945,15.57,16.76,0,0,.242,11.82
105,2015,309,1000,15.75,17.5,0,0,.244,11.83
105,2015,309,1015,15.93,18.19,0,0,.243,11.83
105,2015,309,1030,16.14,18.82,0,0,.244,11.84
105,2015,309,1045,16.36,18.76,0,0,.243,11.84
105,2015,309,1100,16.59,18.82,0,0,.242,11.85
105,2015,309,1115,16.81,19.51,0,0,.244,11.86
105,2015,309,1130,17.03,20.26,0,0,.242,11.87
105,2015,309,1145,17.28,21.89,0,0,.244,11.87
105,2015,309,1200,17.6,21.83,0,0,.242,11.89
105,2015,309,1215,17.96,22.38,0,0,.242,11.9
105,2015,309,1230,18.3,22.07,0,0,.241,11.91
105,2015,309,1245,18.59,22.44,0,0,.241,11.91
105,2015,309,1300,18.87,23.16,0,0,.24,11.91
105,2015,309,1315,19.13,23.53,0,0,.24,11.91
105,2015,309,1330,19.37,23.25,0,0,.239,11.92
105,2015,309,1345,19.6,23.87,0,0,.24,11.92
105,2015,309,1400,19.81,24.58,0,0,.24,11.92
105,2015,309,1415,20.03,25.34,0,0,.24,11.93
105,2015,309,1430,20.27,25.63,0,0,.24,11.92
105,2015,309,1445,20.48,25.59,0,0,.24,11.92
105,2015,309,1500,20.65,25.46,0,0,.24,11.93
105,2015,309,1515,20.8,25.38,0,0,.24,11.93
105,2015,309,1530,20.93,25.54,0,0,.238,11.92
105,2015,309,1545,21.04,26.46,0,0,.238,11.93
105,2015,309,1600,21.15,26.23,0,0,.238,11.93
105,2015,309,1615,21.24,26.52,0,0,.238,11.93
105,2015,309,1630,21.31,25.78,0,0,.238,11.92
105,2015,309,1645,21.34,24.37,0,0,.238,11.92
105,2015,309,1700,21.3,24,0,0,.238,11.91
105,2015,309,1715,21.19,24.03,0,0,.238,11.91
105,2015,309,1730,21.06,23.67,0,0,.238,11.89
105,2015,309,1745,20.93,23.47,0,0,.237,11.89
105,2015,309,1800,20.81,23.31,0,0,.238,11.9
105,2015,309,1815,20.69,23.14,0,0,.238,11.9
105,2015,309,1830,20.56,22.9,0,0,.238,11.9
105,2015,309,1845,20.44,22.81,0,0,.238,11.9
105,2015,309,1900,20.32,22.13,0,0,.237,11.88
105,2015,309,1915,20.2,22.92,0,0,.238,11.87
105,2015,309,1930,20.08,22.2,0,0,.238,11.87
105,2015,309,1945,19.97,21.76,0,0,.237,11.87
105,2015,309,2000,19.87,21.7,0,0,.237,11.87
105,2015,309,2015,19.77,22.39,0,0,.238,11.86
105,2015,309,2030,19.69,21.26,0,0,.237,11.86
105,2015,309,2045,19.62,21.02,0,0,.237,11.87
105,2015,309,2100,19.54,20.84,0,0,.237,11.87
105,2015,309,2115,19.47,21.02,0,0,.237,11.87
105,2015,309,2130,19.4,20.98,0,0,.237,11.87
105,2015,309,2145,19.32,20.62,0,0,.237,11.87
105,2015,309,2200,19.25,20.77,0,0,.236,11.87
105,2015,309,2215,19.16,20.66,0,0,.237,11.87
105,2015,309,2230,19.07,20.06,0,0,.235,11.87
105,2015,309,2245,18.97,20.35,0,0,.237,11.87
105,2015,309,2300,18.87,19.92,0,0,.236,11.87
105,2015,309,2315,18.76,19.78,0,0,.237,11.87
105,2015,309,2330,18.65,19.12,0,0,.234,11.86
105,2015,309,2345,18.54,19.57,0,0,.236,11.86
105,2015,310,0,18.43,19.38,0,0,.237,11.86
105,2015,310,15,18.32,19.8,0,0,.237,11.86
105,2015,310,30,18.22,19.32,0,0,.236,11.86
105,2015,310,45,18.14,19.41,0,0,.237,11.87
105,2015,310,100,18.06,19.42,0,0,.236,11.87
105,2015,310,115,17.99,19.12,0,0,.236,11.87
105,2015,310,130,17.93,19.38,0,0,.236,11.87
105,2015,310,145,17.87,19.46,0,0,.236,11.87
105,2015,310,200,17.82,18.74,0,0,.235,11.88
105,2015,310,215,17.78,19.07,0,0,.236,11.87
105,2015,310,230,17.74,18.68,0,0,.235,11.86
105,2015,310,245,17.69,18.79,0,0,.236,11.86
105,2015,310,300,17.62,18.72,0,0,.235,11.86
105,2015,310,315,17.51,18.16,0,0,.236,11.85
105,2015,310,330,17.38,18.28,0,0,.236,11.83
105,2015,310,345,17.23,18.14,0,0,.236,11.83
105,2015,310,400,17.08,17.61,0,0,.236,11.83
105,2015,310,415,16.94,17.33,0,0,.236,11.84
105,2015,310,430,16.8,18.07,0,0,.236,11.83
105,2015,310,445,16.69,17.72,0,0,.235,11.84
105,2015,310,500,16.6,18.27,0,0,.235,11.84
105,2015,310,515,16.54,17.91,0,0,.235,11.84
105,2015,310,530,16.51,18.39,0,0,.236,11.84
105,2015,310,545,16.52,18.52,0,0,.236,11.84
105,2015,310,600,16.58,18.2,0,0,.236,11.85
105,2015,310,615,16.69,17.59,0,0,.235,11.85
105,2015,310,630,16.84,17.94,0,0,.235,11.86
105,2015,310,645,16.98,18.39,0,0,.236,11.87
105,2015,310,700,17.08,17.68,0,0,.233,11.86
105,2015,310,715,17.13,17.81,0,0,.235,11.85
105,2015,310,730,17.14,18.52,0,0,.235,11.85
105,2015,310,745,17.11,18.05,0,0,.235,11.84
105,2015,310,800,17.07,18.21,0,0,.234,11.84
105,2015,310,815,17.05,18.28,0,0,.233,11.84
105,2015,310,830,17.07,18.16,0,0,.234,11.84
105,2015,310,845,17.13,18.06,0,0,.233,11.85
105,2015,310,900,17.26,18.54,0,0,.233,11.85
105,2015,310,915,17.44,19.09,0,0,.234,11.86
105,2015,310,930,17.65,18.93,0,0,.232,11.85
105,2015,310,945,17.87,20.03,0,0,.231,11.86
105,2015,310,1000,18.11,20.86,0,0,.231,11.86
105,2015,310,1015,18.37,21.46,0,0,.231,11.87
105,2015,310,1030,18.64,22.41,0,0,.232,11.87
105,2015,310,1045,18.9,23.01,0,0,.231,11.89
105,2015,310,1100,19.16,24.26,0,0,.23,11.89
105,2015,310,1115,19.44,28.27,0,0,.23,11.9
105,2015,310,1130,19.81,28.14,0,0,.231,11.93
105,2015,310,1145,20.33,26.84,0,0,.229,11.95
105,2015,310,1200,21.01,27.23,0,0,.229,11.96
105,2015,310,1215,21.73,27.05,0,0,.229,11.97
105,2015,310,1230,22.47,27.64,0,0,.228,11.97
105,2015,310,1245,23.23,28.86,0,0,.227,11.98
105,2015,310,1300,24.02,28.58,0,0,.227,11.98
105,2015,310,1315,24.77,28.37,0,0,.227,11.98
105,2015,310,1330,25.42,27.76,0,0,.227,11.98
105,2015,310,1345,25.92,28.95,0,0,.226,11.98
105,2015,310,1400,26.37,28.93,0,0,.227,11.98
105,2015,310,1415,26.8,29.21,0,0,.226,11.98
105,2015,310,1430,27.22,29.04,0,0,.226,11.98
105,2015,310,1445,27.6,28.42,0,0,.225,11.98
105,2015,310,1500,27.88,27.15,0,0,.225,11.98
105,2015,310,1515,27.98,26.96,0,0,.226,11.98
105,2015,310,1530,27.94,26.75,0,0,.226,11.98
105,2015,310,1545,27.82,26.39,0,0,.225,11.97
105,2015,310,1600,27.64,26.08,0,0,.225,11.97
105,2015,310,1615,27.43,26.14,0,0,.225,11.97
105,2015,310,1630,27.22,25.77,0,0,.225,11.96
105,2015,310,1645,27,25.6,0,0,.225,11.96
105,2015,310,1700,26.79,25.48,0,0,.225,11.96
105,2015,310,1715,26.59,25.54,0,0,.225,11.96
105,2015,310,1730,26.43,25.46,0,0,.225,11.96
105,2015,310,1745,26.29,24.85,0,0,.225,11.96
105,2015,310,1800,26.13,24.33,0,0,.225,11.97
105,2015,310,1815,25.91,24.79,0,0,.225,11.96
105,2015,310,1830,25.62,30.13,0,0,.224,11.95
105,2015,310,1845,25.29,32.56,0,0,.224,11.95
105,2015,310,1900,24.93,33.61,0,0,.224,11.95
105,2015,310,1915,24.55,32.82,0,0,.224,11.95
105,2015,310,1930,24.17,30.9,0,0,.224,11.94
105,2015,310,1945,23.78,29.8,0,0,.224,11.94
105,2015,310,2000,23.4,27.81,0,0,.224,11.94
105,2015,310,2015,23.03,27.63,0,0,.224,11.94
105,2015,310,2030,22.67,26.88,0,0,.223,11.93
105,2015,310,2045,22.33,26.7,0,0,.224,11.93
105,2015,310,2100,22.02,26.65,0,0,.224,11.92
105,2015,310,2115,21.76,26.57,0,0,.224,11.92
105,2015,310,2130,21.56,27.08,0,0,.224,11.92
105,2015,310,2145,21.37,25.49,0,0,.223,11.93
105,2015,310,2200,21.21,26.49,0,0,.224,11.92
105,2015,310,2215,21.07,27.45,0,0,.224,11.93
105,2015,310,2230,20.99,29.33,0,0,.224,11.92
105,2015,310,2245,20.97,31.88,0,0,.224,11.92
105,2015,310,2300,20.99,31.14,0,0,.224,11.93
105,2015,310,2315,21,31.65,0,0,.224,11.93
105,2015,310,2330,20.98,28.95,0,0,.224,11.94
105,2015,310,2345,20.95,30.04,0,0,.225,11.94
105,2015,311,0,20.91,28.46,0,0,.224,11.93
105,2015,311,15,20.87,30.68,0,0,.225,11.93
105,2015,311,30,20.81,28.96,0,0,.224,11.93
105,2015,311,45,20.72,28.55,0,0,.225,11.93
105,2015,311,100,20.58,28.27,0,0,.224,11.92
105,2015,311,115,20.4,28.98,0,0,.224,11.92
105,2015,311,130,20.18,29.14,0,0,.224,11.9
105,2015,311,145,19.95,29.6,0,0,.225,11.89
105,2015,311,200,19.71,26.23,0,0,.224,11.88
105,2015,311,215,19.44,24,0,0,.225,11.85
105,2015,311,230,19.15,22.66,0,0,.224,11.82
105,2015,311,245,18.85,22.51,0,0,.225,11.82
105,2015,311,300,18.52,22.13,0,0,.225,11.8
105,2015,311,315,18.19,20.94,0,0,.224,11.8
105,2015,311,330,17.86,20.48,0,0,.224,11.79
105,2015,311,345,17.53,20.18,0,0,.225,11.8
105,2015,311,400,17.22,20.11,0,0,.224,11.79
105,2015,311,415,16.94,19.82,0,0,.224,11.78
105,2015,311,430,16.66,20.1,0,0,.225,11.78
105,2015,311,445,16.39,19.34,0,0,.225,11.77
105,2015,311,500,16.13,19.27,0,0,.225,11.76
105,2015,311,515,15.89,18.51,0,0,.224,11.75
105,2015,311,530,15.68,18.93,0,0,.225,11.75
105,2015,311,545,15.47,18.23,0,0,.224,11.74
105,2015,311,600,15.28,18.09,0,0,.224,11.74
105,2015,311,615,15.12,19.11,0,0,.224,11.76
105,2015,311,630,15.02,19.09,0,0,.223,11.78
105,2015,311,645,14.97,18.73,0,0,.222,11.79
105,2015,311,700,14.97,19.11,0,0,.223,11.79
105,2015,311,715,14.99,19.14,0,0,.224,11.8
105,2015,311,730,15.03,19.11,0,0,.223,11.8
105,2015,311,745,15.08,19.52,0,0,.224,11.81
105,2015,311,800,15.14,20.19,0,0,.224,11.81
105,2015,311,815,15.21,19.56,0,0,.223,11.82
105,2015,311,830,15.28,19.32,0,0,.223,11.82
105,2015,311,845,15.35,19.49,0,0,.223,11.82
105,2015,311,900,15.42,19.76,0,0,.223,11.82
105,2015,311,915,15.5,19.49,0,0,.223,11.82
105,2015,311,930,15.59,20.01,0,0,.223,11.83
105,2015,311,945,15.69,20.07,0,0,.223,11.84
105,2015,311,1000,15.8,20.04,0,0,.222,11.84
105,2015,311,1015,15.94,19.75,0,0,.221,11.85
105,2015,311,1030,16.1,20.64,0,0,.222,11.86
105,2015,311,1045,16.29,21.11,0,0,.222,11.86
105,2015,311,1100,16.48,21.79,0,0,.221,11.87
105,2015,311,1115,16.7,22.05,0,0,.22,11.88
105,2015,311,1130,16.94,22.46,0,0,.22,11.89
105,2015,311,1145,17.18,27.72,0,0,.22,11.86
105,2015,311,1200,17.38,28.69,0,0,.221,11.85
105,2015,311,1215,17.52,27.01,0,0,.221,11.84
105,2015,311,1230,17.62,24.31,0,0,.219,11.8
105,2015,311,1245,17.67,21.93,0,0,.22,11.8
105,2015,311,1300,17.66,21.51,0,0,.22,11.81
105,2015,311,1315,17.63,20.21,0,0,.219,11.81
105,2015,311,1330,17.58,20.03,0,0,.219,11.81
105,2015,311,1345,17.48,20.01,0,0,.222,11.79
105,2015,311,1400,17.34,19.44,0,0,.225,11.77
105,2015,311,1415,17.13,20.39,0,0,.228,11.69
105,2015,311,1430,16.86,19.36,0,0,.23,11.71
105,2015,311,1445,16.59,18.66,0,0,.229,11.73
105,2015,311,1500,16.33,19.04,0,0,.23,11.73
105,2015,311,1515,16.09,18.09,0,0,.231,11.73
105,2015,311,1530,15.87,18.28,0,0,.231,11.73
105,2015,311,1545,15.66,17.65,0,0,.23,11.72
105,2015,311,1600,15.47,17.71,0,0,.23,11.73
105,2015,311,1615,15.31,17.75,0,0,.231,11.74
105,2015,311,1630,15.16,17.79,0,0,.231,11.73
105,2015,311,1645,15.03,18.31,0,0,.231,11.75
105,2015,311,1700,14.92,18.3,0,0,.231,11.74
105,2015,311,1715,14.83,17.76,0,0,.23,11.75
105,2015,311,1730,14.75,17.52,0,0,.23,11.75
105,2015,311,1745,14.67,17.21,0,0,.23,11.75
105,2015,311,1800,14.6,17.28,0,0,.23,11.74
105,2015,311,1815,14.52,18.32,0,0,.231,11.74
105,2015,311,1830,14.41,19.81,0,0,.231,11.72
105,2015,311,1845,14.26,19.77,0,0,.23,11.7
105,2015,311,1900,14.07,20.23,0,0,.23,11.68
105,2015,311,1915,13.88,21.15,0,0,.23,11.68
105,2015,311,1930,13.68,21.92,0,0,.231,11.68
105,2015,311,1945,13.49,21.97,0,0,.231,11.67
105,2015,311,2000,13.31,20.86,0,0,.23,11.67
105,2015,311,2015,13.14,22.23,0,0,.231,11.67
105,2015,311,2030,12.99,22.45,0,0,.231,11.68
105,2015,311,2045,12.84,21.5,0,0,.231,11.67
105,2015,311,2100,12.72,20.1,0,0,.231,11.66
105,2015,311,2115,12.6,21.77,0,0,.231,11.66
105,2015,311,2130,12.5,20.87,0,0,.23,11.68
105,2015,311,2145,12.41,22,0,0,.231,11.67
105,2015,311,2200,12.32,22.01,0,0,.23,11.66
105,2015,311,2215,12.23,18.89,0,0,.231,11.68
105,2015,311,2230,12.14,20.48,0,0,.231,11.68
105,2015,311,2245,12.05,21.15,0,0,.23,11.68
105,2015,311,2300,11.97,21.04,0,0,.231,11.69
105,2015,311,2315,11.88,21.14,0,0,.231,11.69
105,2015,311,2330,11.8,21.68,0,0,.231,11.68
105,2015,311,2345,11.72,20.5,0,0,.23,11.67
105,2015,312,0,11.61,20.24,0,0,.231,11.65
105,2015,312,15,11.45,22.25,0,0,.231,11.62
105,2015,312,30,11.25,20.36,0,0,.231,11.59
105,2015,312,45,11.02,20.79,0,0,.231,11.58
105,2015,312,100,10.76,20.16,0,0,.231,11.55
105,2015,312,115,10.49,20.04,0,0,.23,11.55
105,2015,312,130,10.22,20.11,0,0,.231,11.54
105,2015,312,145,9.94,18.71,0,0,.231,11.52
105,2015,312,200,9.67,20.89,0,0,.23,11.49
105,2015,312,215,9.42,20.35,0,0,.23,11.47
105,2015,312,230,9.17,18.22,0,0,.23,11.45
105,2015,312,245,8.93,17.63,0,0,.231,11.43
105,2015,312,300,8.7,15.18,0,0,.23,11.43
105,2015,312,315,8.49,15.79,0,0,.231,11.43
105,2015,312,330,8.28,15.57,0,0,.231,11.4
105,2015,312,345,8.07,18.07,0,0,.231,11.38
105,2015,312,400,7.86,16.47,0,0,.231,11.38
105,2015,312,415,7.67,14.47,0,0,.23,11.37
105,2015,312,430,7.5,13.59,0,0,.23,11.37
105,2015,312,445,7.34,12.72,0,0,.229,11.33
105,2015,312,500,7.19,12.58,0,0,.23,11.34
105,2015,312,515,7.03,11.6,0,0,.229,11.31
105,2015,312,530,6.837,12.09,0,0,.229,11.3
105,2015,312,545,6.636,12.41,0,0,.229,11.28
105,2015,312,600,6.437,11.41,0,0,.229,11.29
105,2015,312,615,6.239,10.78,0,0,.229,11.27
105,2015,312,630,6.017,9.71,0,0,.228,11.25
105,2015,312,645,5.781,9.63,0,0,.229,11.23
105,2015,312,700,5.541,8.64,0,0,.227,11.22
105,2015,312,715,5.292,9.02,0,0,.227,11.22
105,2015,312,730,5.035,9.15,0,0,.228,11.21
105,2015,312,745,4.786,7.99,0,0,.226,11.21
105,2015,312,800,4.537,7.79,0,0,.225,11.21
105,2015,312,815,4.298,7.95,0,0,.225,11.2
105,2015,312,830,4.086,7.18,0,0,.225,11.19
105,2015,312,845,3.915,8.22,0,0,.224,11.19
105,2015,312,900,3.818,11.77,0,0,.226,11.2
105,2015,312,915,3.882,10.29,0,0,.226,11.23
105,2015,312,930,4.147,10.4,0,0,.225,11.27
105,2015,312,945,4.661,10.97,0,0,.224,11.28
105,2015,312,1000,5.366,11.18,0,0,.224,11.27
105,2015,312,1015,6.138,11.37,0,0,.224,11.29
105,2015,312,1030,6.904,12.34,0,0,.223,11.29
105,2015,312,1045,7.65,13.58,0,0,.223,11.38
105,2015,312,1100,8.45,13.7,0,0,.223,11.4
105,2015,312,1115,9.25,13.85,0,0,.223,11.44
105,2015,312,1130,9.98,13.95,0,0,.223,11.47
105,2015,312,1145,10.61,15.13,0,0,.222,11.51
105,2015,312,1200,11.18,16.61,0,0,.222,11.66
105,2015,312,1215,11.84,16.85,0,0,.221,11.68
105,2015,312,1230,12.55,17.61,0,0,.221,11.74
105,2015,312,1245,13.27,15.42,0,0,.22,11.71
105,2015,312,1300,13.83,15.62,0,0,.22,11.69
105,2015,312,1315,14.22,16.08,0,0,.22,11.72
105,2015,312,1330,14.54,16.9,0,0,.22,11.74
105,2015,312,1345,14.85,16.92,0,0,.22,11.78
105,2015,312,1400,15.15,16.96,0,0,.22,11.79
105,2015,312,1415,15.41,17.48,0,0,.22,11.78
105,2015,312,1430,15.69,17.53,0,0,.219,11.79
105,2015,312,1445,15.96,16.53,0,0,.219,11.81
105,2015,312,1500,16.18,14.65,0,0,.219,11.8
105,2015,312,1515,16.17,13.83,0,0,.219,11.77
105,2015,312,1530,15.97,13.42,0,0,.219,11.75
105,2015,312,1545,15.67,12.95,0,0,.219,11.72
105,2015,312,1600,15.32,12.53,0,0,.219,11.69
105,2015,312,1615,14.95,12.25,0,0,.219,11.66
105,2015,312,1630,14.56,11.96,0,0,.219,11.65
105,2015,312,1645,14.18,11.75,0,0,.219,11.62
105,2015,312,1700,13.8,11.28,0,0,.219,11.61
105,2015,312,1715,13.41,10.93,0,0,.219,11.6
105,2015,312,1730,13.01,10.66,0,0,.219,11.55
105,2015,312,1745,12.61,10.14,0,0,.219,11.53
105,2015,312,1800,12.21,9.65,0,0,.219,11.52
105,2015,312,1815,11.78,9.02,0,0,.219,11.5
105,2015,312,1830,11.32,8.65,0,0,.219,11.41
105,2015,312,1845,10.84,7.91,0,0,.219,11.37
105,2015,312,1900,10.33,8.66,0,0,.218,11.34
105,2015,312,1915,9.82,9.21,0,0,.218,11.32
105,2015,312,1930,9.32,7.97,0,0,.218,11.3
105,2015,312,1945,8.84,7.08,0,0,.219,11.29
105,2015,312,2000,8.36,14.78,0,0,.218,11.28
105,2015,312,2015,7.88,15.75,0,0,.217,11.27
105,2015,312,2030,7.41,12,0,0,.217,11.25
105,2015,312,2045,6.949,12.06,0,0,.216,11.25
105,2015,312,2100,6.501,11.32,0,0,.216,11.24
105,2015,312,2115,6.075,10.06,0,0,.216,11.23
105,2015,312,2130,5.673,9.96,0,0,.216,11.22
105,2015,312,2145,5.299,10.17,0,0,.216,11.22
105,2015,312,2200,4.945,9.52,0,0,.215,11.21
105,2015,312,2215,4.61,9.4,0,0,.215,11.21
105,2015,312,2230,4.292,8.52,0,0,.215,11.21
105,2015,312,2245,3.985,7.85,0,0,.215,11.2
105,2015,312,2300,3.696,7.71,0,0,.215,11.19
105,2015,312,2315,3.414,7.2,0,0,.214,11.19
105,2015,312,2330,3.141,6.792,0,0,.214,11.19
105,2015,312,2345,2.891,7.06,0,0,.214,11.19
105,2015,313,0,2.656,6.77,0,0,.213,11.18
105,2015,313,15,2.422,6.607,0,0,.213,11.18
105,2015,313,30,2.191,6.192,0,0,.213,11.18
105,2015,313,45,1.97,5.748,0,0,.212,11.18
105,2015,313,100,1.769,5.879,0,0,.213,11.17
105,2015,313,115,1.582,5.667,0,0,.213,11.17
105,2015,313,130,1.4,5.195,0,0,.212,11.17
105,2015,313,145,1.225,4.451,0,0,.212,11.16
105,2015,313,200,1.056,4.571,0,0,.211,11.16
105,2015,313,215,.887,4.203,0,0,.211,11.16
105,2015,313,230,.713,3.989,0,0,.211,11.16
105,2015,313,245,.537,4.024,0,0,.211,11.15
105,2015,313,300,.367,3.839,0,0,.211,11.14
105,2015,313,315,.215,4.319,0,0,.211,11.14
105,2015,313,330,.11,3.483,0,0,.21,11.13
105,2015,313,345,.038,3.47,0,0,.21,11.13
105,2015,313,400,-.02,3.41,0,0,.21,11.14
105,2015,313,415,-.077,3.018,0,0,.209,11.14
105,2015,313,430,-.131,3.427,0,0,.21,11.14
105,2015,313,445,-.192,2.794,0,0,.209,11.14
105,2015,313,500,-.244,3.278,0,0,.209,11.13
105,2015,313,515,-.279,3.073,0,0,.209,11.13
105,2015,313,530,-.316,3.106,0,0,.208,11.14
105,2015,313,545,-.334,2.82,0,0,.208,11.13
105,2015,313,600,-.326,2.902,0,0,.208,11.13
105,2015,313,615,-.33,2.721,0,0,.209,11.13
105,2015,313,630,-.363,3.185,0,0,.209,11.11
105,2015,313,645,-.423,2.961,0,0,.208,11.11
105,2015,313,700,-.491,2.877,0,0,.207,11.12
105,2015,313,715,-.56,2.587,0,0,.207,11.11
105,2015,313,730,-.633,2.305,0,0,.206,11.11
105,2015,313,745,-.698,2.83,0,0,.207,11.11
105,2015,313,800,-.748,2.209,0,0,.207,11.1
105,2015,313,815,-.776,2.387,0,0,.207,11.1
105,2015,313,830,-.782,2.53,0,0,.206,11.1
105,2015,313,845,-.751,3.056,0,0,.205,11.1
105,2015,313,900,-.667,3.42,0,0,.205,11.1
105,2015,313,915,-.511,4.61,0,0,.205,11.12
105,2015,313,930,-.23,6.685,0,0,.205,11.14
105,2015,313,945,.23,7.29,0,0,.205,11.16
105,2015,313,1000,.794,7.61,0,0,.203,11.19
105,2015,313,1015,1.399,8.66,0,0,.203,11.21
105,2015,313,1030,2.057,10.87,0,0,.203,11.27
105,2015,313,1045,2.774,12.83,0,0,.204,11.35
105,2015,313,1100,3.558,12.65,0,0,.202,11.4
105,2015,313,1115,4.365,13.28,0,0,.202,11.45
105,2015,313,1130,5.126,16.14,0,0,.202,11.51
105,2015,313,1145,5.817,12.82,0,0,.203,11.56
105,2015,313,1200,6.445,12.41,0,0,.203,11.59
105,2015,313,1215,7.02,12.35,0,0,.204,11.59
105,2015,313,1230,7.54,12.37,0,0,.204,11.61
105,2015,313,1245,8.02,12.78,0,0,.204,11.56
105,2015,313,1300,8.5,12.86,0,0,.204,11.6
105,2015,313,1315,8.97,13.24,0,0,.204,11.6
105,2015,313,1330,9.44,13.54,0,0,.204,11.64
105,2015,313,1345,9.92,13.3,0,0,.204,11.68
105,2015,313,1400,10.34,12.95,0,0,.204,11.64
105,2015,313,1415,10.69,12.97,0,0,.204,11.59
105,2015,313,1430,10.96,12.78,0,0,.204,11.58
105,2015,313,1445,11.18,12.7,0,0,.204,11.55
105,2015,313,1500,11.35,12.83,0,0,.204,11.56
105,2015,313,1515,11.5,12.98,0,0,.204,11.58
105,2015,313,1530,11.64,12.8,0,0,.204,11.55
105,2015,313,1545,11.76,12.82,0,0,.204,11.54
105,2015,313,1600,11.87,12.85,0,0,.204,11.5
105,2015,313,1615,11.96,12.92,0,0,.204,11.5
105,2015,313,1630,12.04,12.91,0,0,.204,11.5
105,2015,313,1645,12.11,13,0,0,.204,11.48
105,2015,313,1700,12.18,13.05,0,0,.203,11.5
105,2015,313,1715,12.23,13.21,0,0,.203,11.59
105,2015,313,1730,12.28,13.29,0,0,.203,11.57
105,2015,313,1745,12.32,13.21,0,0,.203,11.55
105,2015,313,1800,12.35,13.11,0,0,.203,11.57
105,2015,313,1815,12.37,13.1,0,0,.203,11.62
105,2015,313,1830,12.37,13.19,0,0,.203,11.65
105,2015,313,1845,12.34,13.2,0,0,.203,11.6
105,2015,313,1900,12.31,13.38,0,0,.203,11.63
105,2015,313,1915,12.28,14.18,0,0,.203,11.64
105,2015,313,1930,12.25,17.95,0,0,.202,11.57
105,2015,313,1945,12.22,20.84,0,0,.202,11.56
105,2015,313,2000,12.19,22.19,0,0,.202,11.56
105,2015,313,2015,12.16,24.17,0,0,.202,11.55
105,2015,313,2030,12.13,20.2,0,0,.202,11.58
105,2015,313,2045,12.1,17.9,0,0,.202,11.57
105,2015,313,2100,12.07,16,0,0,.202,11.59
105,2015,313,2115,12.04,15.38,0,0,.201,11.58
105,2015,313,2130,12,14.6,0,0,.201,11.54
105,2015,313,2145,11.97,15.34,0,0,.202,11.49
105,2015,313,2200,11.92,14.69,0,0,.204,11.53
105,2015,313,2215,11.87,14.2,0,0,.205,11.5
105,2015,313,2230,11.82,14.12,0,0,.208,11.41
105,2015,313,2245,11.76,13.95,0,0,.217,11.48
105,2015,313,2300,11.69,12.87,0,0,.223,11.5
105,2015,313,2315,11.63,13.28,0,0,.23,11.48
105,2015,313,2330,11.58,14.07,0,0,.24,11.46
105,2015,313,2345,11.54,14.61,0,0,.248,11.48
105,2015,314,0,11.52,15.18,0,0,.256,11.43
105,2015,314,15,11.53,15.1,0,0,.261,11.44
105,2015,314,30,11.55,15.99,0,0,.268,11.45
105,2015,314,45,11.58,16.49,0,0,.274,11.54
105,2015,314,100,11.62,16.28,0,0,.275,11.58
105,2015,314,115,11.68,16.27,0,0,.277,11.61
105,2015,314,130,11.76,16.48,0,0,.279,11.62
105,2015,314,145,11.87,16.92,0,0,.279,11.63
105,2015,314,200,12.01,16.87,0,0,.281,11.64
105,2015,314,215,12.17,16.2,0,0,.284,11.66
105,2015,314,230,12.36,17.32,0,0,.286,11.68
105,2015,314,245,12.57,16.59,0,0,.291,11.7
105,2015,314,300,12.78,14.12,0,0,.293,11.7
105,2015,314,315,12.97,13.93,0,0,.295,11.72
105,2015,314,330,13.14,14.53,0,0,.295,11.73
105,2015,314,345,13.3,14.84,0,0,.299,11.72
105,2015,314,400,13.45,14.25,0,0,.304,11.71
105,2015,314,415,13.59,14.24,0,0,.305,11.72
105,2015,314,430,13.7,13.77,0,0,.3,11.7
105,2015,314,445,13.78,13.97,0,0,.304,11.68
105,2015,314,500,13.83,13.77,0,0,.304,11.68
105,2015,314,515,13.87,14.16,0,0,.305,11.69
105,2015,314,530,13.9,14.03,0,0,.302,11.68
105,2015,314,545,13.94,14.13,0,0,.303,11.67
105,2015,314,600,13.98,14.43,0,0,.306,11.66
105,2015,314,615,14.02,14.49,0,0,.305,11.67
105,2015,314,630,14.06,14.37,0,0,.305,11.69
105,2015,314,645,14.11,14.04,0,0,.302,11.72
105,2015,314,700,14.17,15.37,0,0,.305,11.69
105,2015,314,715,14.21,16.66,0,0,.302,11.68
105,2015,314,730,14.26,18.01,0,0,.304,11.67
105,2015,314,745,14.3,16.75,0,0,.303,11.66
105,2015,314,800,14.34,16.89,0,0,.304,11.68
105,2015,314,815,14.38,15.34,0,0,.302,11.65
105,2015,314,830,14.42,17.03,0,0,.304,11.66
105,2015,314,845,14.47,17.65,0,0,.303,11.67
105,2015,314,900,14.52,19,0,0,.304,11.68
105,2015,314,915,14.58,18.38,0,0,.305,11.67
105,2015,314,930,14.66,18.93,0,0,.304,11.64
105,2015,314,945,14.75,18.93,0,0,.303,11.66
105,2015,314,1000,14.83,19.2,0,0,.3,11.69
105,2015,314,1015,14.91,20.85,0,0,.304,11.7
105,2015,314,1030,14.97,22.57,0,0,.305,11.68
105,2015,314,1045,15.03,22.26,0,0,.304,11.68
105,2015,314,1100,15.08,22.9,0,0,.304,11.66
105,2015,314,1115,15.14,21.85,0,0,.304,11.69
105,2015,314,1130,15.2,22.5,0,0,.305,11.71
105,2015,314,1145,15.25,20.4,0,0,.305,11.72
105,2015,314,1200,15.32,19.98,0,0,.303,11.74
105,2015,314,1215,15.42,19.1,0,0,.305,11.73
105,2015,314,1230,15.54,21.83,0,0,.305,11.74
105,2015,314,1245,15.69,23.66,0,0,.305,11.74
105,2015,314,1300,15.86,24.55,0,0,.302,11.75
105,2015,314,1315,16.05,22.97,0,0,.305,11.77
105,2015,314,1330,16.25,23.27,0,0,.305,11.77
105,2015,314,1345,16.43,22.87,0,0,.305,11.81
105,2015,314,1400,16.62,22.04,0,0,.304,11.81
105,2015,314,1415,16.8,20.51,0,0,.305,11.81
105,2015,314,1430,16.95,19.05,0,0,.305,11.81
105,2015,314,1445,17.08,19.98,0,0,.303,11.82
105,2015,314,1500,17.18,20.6,0,0,.304,11.82
105,2015,314,1515,17.26,21.62,0,0,.306,11.81
105,2015,314,1530,17.32,23.84,0,0,.305,11.81
105,2015,314,1545,17.35,22.16,0,0,.303,11.83
105,2015,314,1600,17.39,22.56,0,0,.303,11.82
105,2015,314,1615,17.43,22.85,0,0,.304,11.81
105,2015,314,1630,17.47,23.83,0,0,.303,11.81
105,2015,314,1645,17.5,23.11,0,0,.304,11.81
105,2015,314,1700,17.51,21.07,0,0,.303,11.8
105,2015,314,1715,17.51,20.53,0,0,.303,11.81
105,2015,314,1730,17.49,20.39,0,0,.304,11.82
105,2015,314,1745,17.45,20.58,0,0,.303,11.83
105,2015,314,1800,17.41,20.17,0,0,.303,11.83
105,2015,314,1815,17.34,19.92,0,0,.304,11.82
105,2015,314,1830,17.28,19.65,0,0,.302,11.81
105,2015,314,1845,17.19,18.2,0,0,.304,11.79
105,2015,314,1900,17.03,17.75,0,0,.306,11.75
105,2015,314,1915,16.8,16.61,0,0,.307,11.73
105,2015,314,1930,16.53,17.45,0,0,.312,11.71
105,2015,314,1945,16.24,16.03,0,0,.313,11.68
105,2015,314,2000,15.96,16.23,0,0,.316,11.65
105,2015,314,2015,15.71,16.65,0,0,.32,11.61
105,2015,314,2030,15.49,15.24,0,0,.32,11.63
105,2015,314,2045,15.32,16.24,0,0,.323,11.63
105,2015,314,2100,15.16,17.08,0,0,.325,11.61
105,2015,314,2115,15.04,16.37,0,0,.324,11.65
105,2015,314,2130,14.92,16.1,0,0,.324,11.69
105,2015,314,2145,14.82,16.33,0,0,.326,11.71
105,2015,314,2200,14.73,16.63,0,0,.327,11.71
105,2015,314,2215,14.64,16.47,0,0,.326,11.71
105,2015,314,2230,14.56,16.73,0,0,.326,11.71
105,2015,314,2245,14.48,16.57,0,0,.327,11.7
105,2015,314,2300,14.42,16.3,0,0,.324,11.68
105,2015,314,2315,14.36,17.15,0,0,.326,11.69
105,2015,314,2330,14.3,16.64,0,0,.325,11.69
105,2015,314,2345,14.24,17.71,0,0,.327,11.68
105,2015,315,0,14.17,20.29,0,0,.327,11.68
105,2015,315,15,14.1,20.51,0,0,.326,11.66
105,2015,315,30,14.02,15.55,0,0,.328,11.67
105,2015,315,45,13.94,13.85,0,0,.327,11.68
105,2015,315,100,13.85,13.14,0,0,.328,11.66
105,2015,315,115,13.75,12.8,0,0,.328,11.63
105,2015,315,130,13.64,12.57,0,0,.328,11.63
105,2015,315,145,13.51,12.42,0,0,.328,11.6
105,2015,315,200,13.37,12.35,0,0,.329,11.56
105,2015,315,215,13.23,12.29,0,0,.328,11.55
105,2015,315,230,13.09,12.13,0,0,.329,11.52
105,2015,315,245,12.96,11.74,0,0,.328,11.56
105,2015,315,300,12.8,11.4,0,0,.328,11.54
105,2015,315,315,12.61,11.52,0,0,.329,11.49
105,2015,315,330,12.41,11.2,0,0,.328,11.5
105,2015,315,345,12.21,11.09,0,0,.327,11.51
105,2015,315,400,12.01,11.1,0,0,.328,11.51
105,2015,315,415,11.82,11.26,0,0,.326,11.51
105,2015,315,430,11.66,11.61,0,0,.329,11.46
105,2015,315,445,11.55,11.61,0,0,.327,11.48
105,2015,315,500,11.48,11.77,0,0,.327,11.47
105,2015,315,515,11.44,11.74,0,0,.326,11.48
105,2015,315,530,11.42,11.56,0,0,.326,11.51
105,2015,315,545,11.39,11.41,0,0,.326,11.52
105,2015,315,600,11.35,11,0,0,.327,11.53
105,2015,315,615,11.26,10.67,0,0,.326,11.53
105,2015,315,630,11.14,10.75,0,0,.325,11.5
105,2015,315,645,11,10.3,0,0,.325,11.5
105,2015,315,700,10.84,10.24,0,0,.324,11.49
105,2015,315,715,10.68,10.25,0,0,.324,11.47
105,2015,315,730,10.53,10.33,0,0,.324,11.43
105,2015,315,745,10.39,10.06,0,0,.323,11.42
105,2015,315,800,10.25,9.96,0,0,.323,11.4
105,2015,315,815,10.11,10,0,0,.323,11.43
105,2015,315,830,9.99,10.11,0,0,.322,11.43
105,2015,315,845,9.88,10.52,0,0,.321,11.42
105,2015,315,900,9.82,12.21,0,0,.32,11.46
105,2015,315,915,9.91,13.78,0,0,.32,11.55
105,2015,315,930,10.22,14.68,0,0,.318,11.61
105,2015,315,945,10.72,15.12,0,0,.318,11.65
105,2015,315,1000,11.31,14.48,0,0,.317,11.65
105,2015,315,1015,11.82,14.38,0,0,.318,11.67
105,2015,315,1030,12.24,14.88,0,0,.317,11.7
105,2015,315,1045,12.63,15.76,0,0,.316,11.73
105,2015,315,1100,13.04,16.2,0,0,.315,11.73
105,2015,315,1115,13.48,17.72,0,0,.315,11.76
105,2015,315,1130,14.03,16.22,0,0,.314,11.75
105,2015,315,1145,14.49,15.88,0,0,.314,11.73
105,2015,315,1200,14.81,16.25,0,0,.314,11.73
105,2015,315,1215,15.05,16.47,0,0,.313,11.76
105,2015,315,1230,15.27,17.07,0,0,.313,11.75
105,2015,315,1245,15.49,17.03,0,0,.313,11.75
105,2015,315,1300,15.72,17.04,0,0,.312,11.75
105,2015,315,1315,15.93,17.23,0,0,.311,11.76
105,2015,315,1330,16.12,18.46,0,0,.311,11.78
105,2015,315,1345,16.39,19.13,0,0,.31,11.79
105,2015,315,1400,16.75,19.48,0,0,.309,11.81
105,2015,315,1415,17.15,18.53,0,0,.309,11.79
105,2015,315,1430,17.48,18.88,0,0,.309,11.8
105,2015,315,1445,17.74,18.33,0,0,.309,11.78
105,2015,315,1500,17.91,18.29,0,0,.309,11.79
105,2015,315,1515,18.01,18.01,0,0,.308,11.8
105,2015,315,1530,18.06,18.01,0,0,.308,11.82
105,2015,315,1545,18.09,17.77,0,0,.307,11.82
105,2015,315,1600,18.09,17.74,0,0,.307,11.83
105,2015,315,1615,18.08,17.46,0,0,.307,11.84
105,2015,315,1630,18.05,17.07,0,0,.307,11.83
105,2015,315,1645,17.98,16.72,0,0,.307,11.82
105,2015,315,1700,17.87,16.41,0,0,.306,11.8
105,2015,315,1715,17.72,16.02,0,0,.306,11.81
105,2015,315,1730,17.53,15.55,0,0,.306,11.8
105,2015,315,1745,17.29,14.8,0,0,.306,11.79
105,2015,315,1800,17.01,14.39,0,0,.305,11.78
105,2015,315,1815,16.7,14.05,0,0,.305,11.78
105,2015,315,1830,16.34,13.44,0,0,.305,11.76
105,2015,315,1845,15.96,13.05,0,0,.305,11.73
105,2015,315,1900,15.57,12.84,0,0,.305,11.73
105,2015,315,1915,15.17,12.42,0,0,.306,11.72
105,2015,315,1930,14.77,12.21,0,0,.306,11.71
105,2015,315,1945,14.38,11.99,0,0,.305,11.69
105,2015,315,2000,14.01,11.68,0,0,.305,11.67
105,2015,315,2015,13.64,11.44,0,0,.304,11.64
105,2015,315,2030,13.29,11.28,0,0,.304,11.63
105,2015,315,2045,12.96,11.15,0,0,.304,11.61
105,2015,315,2100,12.64,10.88,0,0,.304,11.56
105,2015,315,2115,12.34,10.57,0,0,.304,11.57
105,2015,315,2130,12.05,10.22,0,0,.303,11.59
105,2015,315,2145,11.76,10.23,0,0,.302,11.54
105,2015,315,2200,11.48,9.92,0,0,.302,11.52
105,2015,315,2215,11.2,9.93,0,0,.302,11.5
105,2015,315,2230,10.95,9.79,0,0,.302,11.51
105,2015,315,2245,10.71,9.95,0,0,.302,11.52
105,2015,315,2300,10.5,9.75,0,0,.302,11.53
105,2015,315,2315,10.3,9.81,0,0,.301,11.53
105,2015,315,2330,10.12,9.7,0,0,.3,11.5
105,2015,315,2345,9.96,9.73,0,0,.3,11.51
105,2015,316,0,9.81,9.54,0,0,.3,11.52
105,2015,316,15,9.67,9.27,0,0,.299,11.5
105,2015,316,30,9.53,9.04,0,0,.299,11.47
105,2015,316,45,9.41,8.66,0,0,.298,11.48
105,2015,316,100,9.29,8.42,0,0,.299,11.47
105,2015,316,115,9.15,8.39,0,0,.299,11.44
105,2015,316,130,9.01,8.9,0,0,.298,11.46
105,2015,316,145,8.86,7.97,0,0,.298,11.46
105,2015,316,200,8.72,8.26,0,0,.297,11.44
105,2015,316,215,8.58,7.63,0,0,.297,11.4
105,2015,316,230,8.43,7.46,0,0,.297,11.37
105,2015,316,245,8.27,7.35,0,0,.297,11.38
105,2015,316,300,8.12,7.94,0,0,.297,11.37
105,2015,316,315,7.99,7.88,0,0,.296,11.36
105,2015,316,330,7.87,7.51,0,0,.296,11.38
105,2015,316,345,7.76,8.07,0,0,.295,11.35
105,2015,316,400,7.67,7.76,0,0,.295,11.35
105,2015,316,415,7.59,8,0,0,.295,11.37
105,2015,316,430,7.51,7.82,0,0,.295,11.4
105,2015,316,445,7.45,8.31,0,0,.295,11.39
105,2015,316,500,7.43,8.19,0,0,.294,11.39
105,2015,316,515,7.43,8.36,0,0,.294,11.39
105,2015,316,530,7.45,8.38,0,0,.294,11.41
105,2015,316,545,7.48,8.24,0,0,.293,11.42
105,2015,316,600,7.51,8.55,0,0,.293,11.41
105,2015,316,615,7.53,8.48,0,0,.293,11.38
105,2015,316,630,7.57,8.33,0,0,.293,11.41
105,2015,316,645,7.59,8.3,0,0,.292,11.41
105,2015,316,700,7.62,8.58,0,0,.291,11.41
105,2015,316,715,7.65,8.48,0,0,.291,11.42
105,2015,316,730,7.67,8.68,0,0,.291,11.43
105,2015,316,745,7.7,8.45,0,0,.291,11.43
105,2015,316,800,7.73,8.74,0,0,.291,11.41
105,2015,316,815,7.76,8.66,0,0,.291,11.39
105,2015,316,830,7.79,8.89,0,0,.291,11.39
105,2015,316,845,7.82,9.8,0,0,.291,11.39
105,2015,316,900,7.9,11.32,0,0,.291,11.39
105,2015,316,915,8.11,13.03,0,0,.291,11.45
105,2015,316,930,8.5,13.67,0,0,.291,11.56
105,2015,316,945,9,13.82,0,0,.291,11.62
105,2015,316,1000,9.53,13.71,0,0,.291,11.67
105,2015,316,1015,10.02,13.79,0,0,.291,11.69
105,2015,316,1030,10.44,14.07,0,0,.291,11.71
105,2015,316,1045,10.83,13.95,0,0,.291,11.71
105,2015,316,1100,11.17,13.9,0,0,.292,11.7
105,2015,316,1115,11.47,13.93,0,0,.293,11.71
105,2015,316,1130,11.72,14.03,0,0,.295,11.72
105,2015,316,1145,11.96,14.14,0,0,.296,11.73
105,2015,316,1200,12.18,14.42,0,0,.297,11.73
105,2015,316,1215,12.4,14.66,0,0,.297,11.74
105,2015,316,1230,12.64,14.99,0,0,.298,11.74
105,2015,316,1245,12.89,14.94,0,0,.298,11.75
105,2015,316,1300,13.13,14.91,0,0,.299,11.74
105,2015,316,1315,13.33,14.83,0,0,.299,11.74
105,2015,316,1330,13.5,14.72,0,0,.3,11.75
105,2015,316,1345,13.65,15.15,0,0,.299,11.75
105,2015,316,1400,13.81,15.44,0,0,.3,11.75
105,2015,316,1415,13.98,15.87,0,0,.299,11.76
105,2015,316,1430,14.18,16.5,0,0,.299,11.77
105,2015,316,1445,14.44,16.92,0,0,.299,11.8
105,2015,316,1500,14.72,16.92,0,0,.302,11.81
105,2015,316,1515,14.97,16.93,0,0,.384,11.81
105,2015,316,1530,15.18,17.28,0,0,.545,11.81
105,2015,316,1545,15.35,17.52,0,0,.722,11.82
105,2015,316,1600,15.51,17.67,0,0,.913,11.83
105,2015,316,1615,15.67,17.34,0,0,1.11,11.83
105,2015,316,1630,15.82,17.42,0,0,1.269,11.83
105,2015,316,1645,15.94,17.49,0,0,1.372,11.84
105,2015,316,1700,16.04,17.67,0,0,1.441,11.83
105,2015,316,1715,16.14,17.42,0,0,1.475,11.83
105,2015,316,1730,16.21,17.1,0,0,1.519,11.83
105,2015,316,1745,16.25,16.52,0,0,1.564,11.83
105,2015,316,1800,16.23,15.67,0,0,1.57,11.82
105,2015,316,1815,16.14,15.23,0,0,1.575,11.81
105,2015,316,1830,15.99,14.44,0,0,1.573,11.79
105,2015,316,1845,15.78,13.85,0,0,1.575,11.78
105,2015,316,1900,15.53,13.37,0,0,1.571,11.77
105,2015,316,1915,15.24,12.76,0,0,1.545,11.75
105,2015,316,1930,14.94,12.9,0,0,1.504,11.74
105,2015,316,1945,14.64,12.66,0,0,1.45,11.73
105,2015,316,2000,14.35,12.28,0,0,1.383,11.71
105,2015,316,2015,14.06,11.85,0,0,1.32,11.71
105,2015,316,2030,13.77,12.15,0,0,1.258,11.68
105,2015,316,2045,13.47,11.76,0,0,1.214,11.69
105,2015,316,2100,13.18,11.47,0,0,1.178,11.67
105,2015,316,2115,12.9,11.29,0,0,1.139,11.64
105,2015,316,2130,12.62,11.97,0,0,1.097,11.62
105,2015,316,2145,12.38,12.44,0,0,1.048,11.62
105,2015,316,2200,12.21,12.97,0,0,.995,11.64
105,2015,316,2215,12.09,13.08,0,0,.947,11.66
105,2015,316,2230,12.01,13.41,0,0,.9,11.66
105,2015,316,2245,11.98,13.86,0,0,.857,11.67
105,2015,316,2300,11.98,14.05,0,0,.816,11.67
105,2015,316,2315,11.97,13.63,0,0,.781,11.68
105,2015,316,2330,11.95,13.68,0,0,.75,11.67
105,2015,316,2345,11.92,13.33,0,0,.722,11.66
105,2015,317,0,11.88,13.24,0,0,.696,11.64
105,2015,317,15,11.83,13.09,0,0,.675,11.66
105,2015,317,30,11.76,12.66,0,0,.655,11.67
105,2015,317,45,11.66,12.39,0,0,.637,11.67
105,2015,317,100,11.55,12.24,0,0,.62,11.66
105,2015,317,115,11.42,11.96,0,0,.607,11.65
105,2015,317,130,11.28,11.63,0,0,.594,11.65
105,2015,317,145,11.12,11.43,0,0,.58,11.63
105,2015,317,200,10.96,11.42,0,0,.57,11.62
105,2015,317,215,10.79,11.05,0,0,.56,11.6
105,2015,317,230,10.62,10.95,0,0,.551,11.57
105,2015,317,245,10.46,10.92,0,0,.544,11.55
105,2015,317,300,10.29,10.15,0,0,.539,11.56
105,2015,317,315,10.13,9.41,0,0,.535,11.53
105,2015,317,330,9.95,9.9,0,0,.534,11.51
105,2015,317,345,9.77,10.53,0,0,.533,11.5
105,2015,317,400,9.62,10.83,0,0,.534,11.52
105,2015,317,415,9.48,10.71,0,0,.537,11.55
105,2015,317,430,9.35,10.07,0,0,.55,11.56
105,2015,317,445,9.22,10.15,0,0,.569,11.55
105,2015,317,500,9.08,10.3,0,0,.592,11.53
105,2015,317,515,8.95,10.08,0,0,.619,11.49
105,2015,317,530,8.83,9.71,0,0,.651,11.49
105,2015,317,545,8.71,9.19,0,0,.685,11.49
105,2015,317,600,8.59,9.28,0,0,.707,11.46
105,2015,317,615,8.46,9.65,0,0,.711,11.45
105,2015,317,630,8.36,9.81,0,0,.71,11.41
105,2015,317,645,8.26,9.59,0,0,.702,11.42
105,2015,317,700,8.17,9.16,0,0,.689,11.41
105,2015,317,715,8.07,9.1,0,0,.677,11.43
105,2015,317,730,7.95,9.11,0,0,.666,11.41
105,2015,317,745,7.83,8.41,0,0,.653,11.44
105,2015,317,800,7.71,7.73,0,0,.641,11.38
105,2015,317,815,7.57,8.36,0,0,.628,11.33
105,2015,317,830,7.45,9.11,0,0,.614,11.31
105,2015,317,845,7.37,9.67,0,0,.601,11.32
105,2015,317,900,7.35,11.63,0,0,.589,11.39
105,2015,317,915,7.48,13.23,0,0,.576,11.49
105,2015,317,930,7.86,14.21,0,0,.566,11.56
105,2015,317,945,8.45,15.24,0,0,.555,11.62
105,2015,317,1000,9.18,16.02,0,0,.548,11.67
105,2015,317,1015,10,16.64,0,0,.539,11.7
105,2015,317,1030,10.84,17.17,0,0,.532,11.73
105,2015,317,1045,11.68,17.38,0,0,.525,11.74
105,2015,317,1100,12.51,18.5,0,0,.518,11.77
105,2015,317,1115,13.3,18.21,0,0,.512,11.79
105,2015,317,1130,14.04,18.21,0,0,.506,11.79
105,2015,317,1145,14.71,17.88,0,0,.5,11.78
105,2015,317,1200,15.32,18.18,0,0,.496,11.77
105,2015,317,1215,15.85,18.4,0,0,.491,11.76
105,2015,317,1230,16.34,18.97,0,0,.486,11.79
105,2015,317,1245,16.83,19.48,0,0,.482,11.8
105,2015,317,1300,17.32,19.26,0,0,.478,11.82
105,2015,317,1315,17.77,19.86,0,0,.474,11.82
105,2015,317,1330,18.18,19.13,0,0,.471,11.81
105,2015,317,1345,18.52,18.97,0,0,.467,11.81
105,2015,317,1400,18.77,19.12,0,0,.464,11.81
105,2015,317,1415,18.97,18.91,0,0,.461,11.82
105,2015,317,1430,19.12,18.25,0,0,.458,11.82
105,2015,317,1445,19.18,17.05,0,0,.456,11.8
105,2015,317,1500,19.07,16.28,0,0,.454,11.79
105,2015,317,1515,18.81,15.79,0,0,.452,11.78