105,2015,317,1530,18.12,15.55,0,0,.45,11.74
105,2015,317,1545,17.48,15.08,0,0,.448,11.73
105,2015,317,1600,17.12,14.59,0,0,.445,11.71
105,2015,317,1615,16.72,14.4,0,0,.443,11.72
105,2015,317,1630,16.32,14.21,0,0,.44,11.69
105,2015,317,1645,15.92,13.68,0,0,.439,11.69
105,2015,317,1700,15.52,13.46,0,0,.437,11.68
105,2015,317,1715,15.12,13.1,0,0,.435,11.67
105,2015,317,1730,14.72,12.91,0,0,.433,11.63
105,2015,317,1745,14.32,12.41,0,0,.431,11.6
105,2015,317,1800,13.92,11.83,0,0,.43,11.59
105,2015,317,1815,13.52,11.33,0,0,.427,11.61
105,2015,317,1830,13.08,10.92,0,0,.427,11.59
105,2015,317,1845,12.64,10.64,0,0,.424,11.54
105,2015,317,1900,12.19,10.33,0,0,.423,11.53
105,2015,317,1915,11.75,10.5,0,0,.422,11.5
105,2015,317,1930,11.34,9.86,0,0,.421,11.49
105,2015,317,1945,10.93,9.37,0,0,.422,11.49
105,2015,317,2000,10.53,9.31,0,0,.421,11.45
105,2015,317,2015,10.14,9.29,0,0,.421,11.4
105,2015,317,2030,9.78,8.94,0,0,.421,11.39
105,2015,317,2045,9.43,8.87,0,0,.42,11.4
105,2015,317,2100,9.1,8.78,0,0,.418,11.37
105,2015,317,2115,8.8,8.76,0,0,.417,11.34
105,2015,317,2130,8.52,8.78,0,0,.416,11.31
105,2015,317,2145,8.29,9.14,0,0,.415,11.32
105,2015,317,2200,8.09,9.35,0,0,.414,11.3
105,2015,317,2215,7.94,9.01,0,0,.412,11.3
105,2015,317,2230,7.82,9.25,0,0,.411,11.29
105,2015,317,2245,7.72,9.18,0,0,.41,11.28
105,2015,317,2300,7.64,9.27,0,0,.408,11.28
105,2015,317,2315,7.56,8.47,0,0,.407,11.29
105,2015,317,2330,7.47,8.23,0,0,.406,11.28
105,2015,317,2345,7.34,7.8,0,0,.405,11.29
105,2015,318,0,7.18,7.4,0,0,.403,11.31
105,2015,318,15,6.969,6.832,0,0,.402,11.3
105,2015,318,30,6.727,6.602,0,0,.401,11.29
105,2015,318,45,6.47,6.324,0,0,.4,11.27
105,2015,318,100,6.214,6.754,0,0,.399,11.25
105,2015,318,115,5.987,6.99,0,0,.397,11.24
105,2015,318,130,5.806,6.546,0,0,.396,11.25
105,2015,318,145,5.647,6.418,0,0,.395,11.25
105,2015,318,200,5.489,6.455,0,0,.394,11.24
105,2015,318,215,5.356,6.551,0,0,.393,11.24
105,2015,318,230,5.236,6.205,0,0,.392,11.24
105,2015,318,245,5.106,5.862,0,0,.391,11.25
105,2015,318,300,4.96,5.837,0,0,.39,11.24
105,2015,318,315,4.819,5.753,0,0,.388,11.24
105,2015,318,330,4.683,5.666,0,0,.387,11.23
105,2015,318,345,4.552,5.855,0,0,.386,11.24
105,2015,318,400,4.429,4.838,0,0,.385,11.24
105,2015,318,415,4.295,4.713,0,0,.384,11.22
105,2015,318,430,4.148,4.999,0,0,.383,11.21
105,2015,318,445,4.007,4.718,0,0,.382,11.21
105,2015,318,500,3.869,4.687,0,0,.381,11.21
105,2015,318,515,3.734,4.632,0,0,.379,11.21
105,2015,318,530,3.609,4.455,0,0,.378,11.2
105,2015,318,545,3.496,4.352,0,0,.377,11.2
105,2015,318,600,3.391,4.534,0,0,.377,11.2
105,2015,318,615,3.29,4.44,0,0,.375,11.2
105,2015,318,630,3.19,4.318,0,0,.375,11.19
105,2015,318,645,3.105,4.289,0,0,.374,11.19
105,2015,318,700,3.027,4.022,0,0,.373,11.19
105,2015,318,715,2.936,4.026,0,0,.372,11.18
105,2015,318,730,2.861,4.69,0,0,.372,11.18
105,2015,318,745,2.835,5.183,0,0,.37,11.19
105,2015,318,800,2.875,5.447,0,0,.37,11.2
105,2015,318,815,2.953,5.483,0,0,.368,11.2
105,2015,318,830,3.055,5.54,0,0,.368,11.21
105,2015,318,845,3.167,5.816,0,0,.367,11.21
105,2015,318,900,3.314,8.39,0,0,.366,11.22
105,2015,318,915,3.619,10.27,0,0,.365,11.24
105,2015,318,930,4.196,11.36,0,0,.363,11.29
105,2015,318,945,5.004,11.91,0,0,.363,11.33
105,2015,318,1000,5.956,12.29,0,0,.361,11.37
105,2015,318,1015,6.963,11.8,0,0,.361,11.33
105,2015,318,1030,7.89,12.04,0,0,.36,11.32
105,2015,318,1045,8.71,12.26,0,0,.36,11.35
105,2015,318,1100,9.44,12.11,0,0,.359,11.32
105,2015,318,1115,10.04,11.96,0,0,.358,11.28
105,2015,318,1130,10.52,12.83,0,0,.358,11.29
105,2015,318,1145,10.98,12.52,0,0,.357,11.28
105,2015,318,1200,11.39,12.6,0,0,.357,11.29
105,2015,318,1215,11.77,12.85,0,0,.356,11.3
105,2015,318,1230,12.12,12.15,0,0,.355,11.28
105,2015,318,1245,12.36,13.35,0,0,.355,11.36
105,2015,318,1300,12.66,14.45,0,0,.354,11.48
105,2015,318,1315,13.07,14.33,0,0,.353,11.45
105,2015,318,1330,13.52,15.06,0,0,.353,11.56
105,2015,318,1345,13.99,14.64,0,0,.352,11.61
105,2015,318,1400,14.39,13.2,0,0,.351,11.49
105,2015,318,1415,14.62,13.75,0,0,.351,11.51
105,2015,318,1430,14.77,13.07,0,0,.351,11.56
105,2015,318,1445,14.82,12.08,0,0,.351,11.43
105,2015,318,1500,14.69,11.68,0,0,.351,11.43
105,2015,318,1515,14.44,11.56,0,0,.349,11.41
105,2015,318,1530,14.11,11.29,0,0,.349,11.45
105,2015,318,1545,13.75,11.07,0,0,.349,11.35
105,2015,318,1600,13.38,10.85,0,0,.348,11.37
105,2015,318,1615,13.01,10.7,0,0,.347,11.37
105,2015,318,1630,12.64,10.85,0,0,.347,11.34
105,2015,318,1645,12.3,10.67,0,0,.347,11.3
105,2015,318,1700,11.99,10.58,0,0,.346,11.29
105,2015,318,1715,11.71,10.37,0,0,.346,11.31
105,2015,318,1730,11.44,9.92,0,0,.346,11.33
105,2015,318,1745,11.15,9.69,0,0,.345,11.33
105,2015,318,1800,10.85,9.19,0,0,.344,11.3
105,2015,318,1815,10.54,8.45,0,0,.344,11.3
105,2015,318,1830,10.19,8.07,0,0,.344,11.3
105,2015,318,1845,9.79,7.42,0,0,.343,11.32
105,2015,318,1900,9.37,6.682,0,0,.343,11.3
105,2015,318,1915,8.92,6.324,0,0,.342,11.27
105,2015,318,1930,8.46,5.73,0,0,.342,11.25
105,2015,318,1945,7.99,4.797,0,0,.341,11.23
105,2015,318,2000,7.51,4.74,0,0,.341,11.23
105,2015,318,2015,7.03,4.326,0,0,.34,11.22
105,2015,318,2030,6.557,4.096,0,0,.34,11.22
105,2015,318,2045,6.091,2.527,0,0,.34,11.2
105,2015,318,2100,5.62,2.165,0,0,.339,11.19
105,2015,318,2115,5.138,1.89,0,0,.339,11.18
105,2015,318,2130,4.656,1.486,0,0,.339,11.17
105,2015,318,2145,4.185,1.597,0,0,.338,11.16
105,2015,318,2200,3.742,1.497,0,0,.337,11.16
105,2015,318,2215,3.34,1.148,0,0,.337,11.15
105,2015,318,2230,2.967,1.236,0,0,.337,11.14
105,2015,318,2245,2.622,1.909,0,0,.336,11.14
105,2015,318,2300,2.322,1.362,0,0,.336,11.14
105,2015,318,2315,2.057,1.565,0,0,.335,11.14
105,2015,318,2330,1.807,.73,0,0,.335,11.14
105,2015,318,2345,1.559,.692,0,0,.334,11.13
105,2015,319,0,1.305,.601,0,0,.334,11.13
105,2015,319,15,1.055,.337,0,0,.334,11.13
105,2015,319,30,.811,.423,0,0,.333,11.13
105,2015,319,45,.576,.167,0,0,.333,11.13
105,2015,319,100,.353,.207,0,0,.332,11.13
105,2015,319,115,.152,-.163,0,0,.332,11.12
105,2015,319,130,-.034,-.075,0,0,.331,11.12
105,2015,319,145,-.21,-.332,0,0,.332,11.11
105,2015,319,200,-.367,-.426,0,0,.331,11.11
105,2015,319,215,-.512,-.817,0,0,.33,11.1
105,2015,319,230,-.657,-.997,0,0,.33,11.1
105,2015,319,245,-.797,-.85,0,0,.33,11.09
105,2015,319,300,-.938,-1.123,0,0,.33,11.09
105,2015,319,315,-1.081,-1.297,0,0,.33,11.08
105,2015,319,330,-1.224,-1.37,0,0,.329,11.07
105,2015,319,345,-1.365,-1.45,0,0,.329,11.07
105,2015,319,400,-1.501,-1.433,0,0,.328,11.07
105,2015,319,415,-1.634,-1.671,0,0,.328,11.06
105,2015,319,430,-1.762,-1.493,0,0,.327,11.06
105,2015,319,445,-1.888,-1.444,0,0,.327,11.06
105,2015,319,500,-2.008,-1.627,0,0,.327,11.06
105,2015,319,515,-2.118,-1.611,0,0,.327,11.06
105,2015,319,530,-2.219,-1.671,0,0,.326,11.06
105,2015,319,545,-2.318,-1.758,0,0,.325,11.06
105,2015,319,600,-2.411,-1.72,0,0,.325,11.05
105,2015,319,615,-2.497,-1.379,0,0,.324,11.05
105,2015,319,630,-2.562,-1.775,0,0,.325,11.05
105,2015,319,645,-2.621,-1.178,0,0,.324,11.05
105,2015,319,700,-2.669,-1.32,0,0,.323,11.05
105,2015,319,715,-2.704,-1.509,0,0,.323,11.05
105,2015,319,730,-2.739,-1.811,0,0,.323,11.04
105,2015,319,745,-2.771,-1.621,0,0,.323,11.04
105,2015,319,800,-2.797,-1.142,0,0,.322,11.04
105,2015,319,815,-2.803,-1.542,0,0,.322,11.03
105,2015,319,830,-2.794,-1.053,0,0,.321,11.03
105,2015,319,845,-2.766,-.628,0,0,.321,11.04
105,2015,319,900,-2.708,1.136,0,0,.321,11.05
105,2015,319,915,-2.542,3.828,0,0,.32,11.06
105,2015,319,930,-2.145,5.992,0,0,.319,11.09
105,2015,319,945,-1.453,7.69,0,0,.318,11.12
105,2015,319,1000,-.463,9.53,0,0,.318,11.14
105,2015,319,1015,.746,11.28,0,0,.316,11.2
105,2015,319,1030,2.116,12.6,0,0,.316,11.31
105,2015,319,1045,3.557,13.49,0,0,.316,11.44
105,2015,319,1100,5.014,14.61,0,0,.314,11.53
105,2015,319,1115,6.427,15.61,0,0,.314,11.64
105,2015,319,1130,7.79,16.71,0,0,.314,11.72
105,2015,319,1145,9.11,17.39,0,0,.313,11.76
105,2015,319,1200,10.36,17.9,0,0,.312,11.79
105,2015,319,1215,11.54,18.16,0,0,.312,11.8
105,2015,319,1230,12.61,18.87,0,0,.311,11.8
105,2015,319,1245,13.6,19.79,0,0,.311,11.83
105,2015,319,1300,14.54,19.8,0,0,.311,11.85
105,2015,319,1315,15.44,20.28,0,0,.311,11.86
105,2015,319,1330,16.26,20.82,0,0,.31,11.87
105,2015,319,1345,17.02,20.83,0,0,.31,11.88
105,2015,319,1400,17.71,21.02,0,0,.309,11.89
105,2015,319,1415,18.33,20.39,0,0,.309,11.9
105,2015,319,1430,18.83,19.85,0,0,.309,11.9
105,2015,319,1445,19.18,18.57,0,0,.309,11.88
105,2015,319,1500,19.3,17.84,0,0,.309,11.87
105,2015,319,1515,19.23,17.43,0,0,.309,11.84
105,2015,319,1530,19.02,17.07,0,0,.309,11.84
105,2015,319,1545,18.73,16.67,0,0,.309,11.83
105,2015,319,1600,18.41,16.42,0,0,.309,11.83
105,2015,319,1615,18.05,16.15,0,0,.309,11.82
105,2015,319,1630,17.69,15.79,0,0,.309,11.81
105,2015,319,1645,17.32,15.56,0,0,.309,11.79
105,2015,319,1700,16.94,15.61,0,0,.309,11.78
105,2015,319,1715,16.59,15,0,0,.309,11.77
105,2015,319,1730,16.24,14.13,0,0,.309,11.77
105,2015,319,1745,15.87,13.18,0,0,.309,11.75
105,2015,319,1800,15.46,12.57,0,0,.309,11.73
105,2015,319,1815,15.02,11.74,0,0,.309,11.71
105,2015,319,1830,14.53,11.04,0,0,.308,11.69
105,2015,319,1845,14,10.55,0,0,.307,11.63
105,2015,319,1900,13.45,9.96,0,0,.307,11.59
105,2015,319,1915,12.9,9.44,0,0,.307,11.53
105,2015,319,1930,12.34,9.24,0,0,.307,11.51
105,2015,319,1945,11.78,8.04,0,0,.307,11.49
105,2015,319,2000,11.23,7.73,0,0,.307,11.42
105,2015,319,2015,10.67,7.65,0,0,.307,11.39
105,2015,319,2030,10.12,7.09,0,0,.307,11.35
105,2015,319,2045,9.59,6.675,0,0,.307,11.32
105,2015,319,2100,9.08,6.529,0,0,.307,11.3
105,2015,319,2115,8.59,6.241,0,0,.307,11.27
105,2015,319,2130,8.14,6.353,0,0,.307,11.25
105,2015,319,2145,7.72,6.267,0,0,.306,11.25
105,2015,319,2200,7.36,6.704,0,0,.306,11.24
105,2015,319,2215,7.03,6.526,0,0,.306,11.25
105,2015,319,2230,6.755,6.928,0,0,.305,11.25
105,2015,319,2245,6.511,7.16,0,0,.305,11.26
105,2015,319,2300,6.319,7.64,0,0,.305,11.25
105,2015,319,2315,6.175,8.35,0,0,.304,11.26
105,2015,319,2330,6.09,8.42,0,0,.304,11.29
105,2015,319,2345,6.058,8.79,0,0,.304,11.3
105,2015,320,0,6.066,8.68,0,0,.304,11.32
105,2015,320,15,6.086,8.37,0,0,.304,11.34
105,2015,320,30,6.093,8.08,0,0,.304,11.35
105,2015,320,45,6.078,7.75,0,0,.303,11.33
105,2015,320,100,6.049,7.97,0,0,.303,11.33
105,2015,320,115,6.006,7.85,0,0,.302,11.35
105,2015,320,130,5.952,7.61,0,0,.302,11.35
105,2015,320,145,5.895,7.56,0,0,.302,11.33
105,2015,320,200,5.836,7.21,0,0,.302,11.33
105,2015,320,215,5.767,7.06,0,0,.302,11.33
105,2015,320,230,5.68,6.927,0,0,.302,11.31
105,2015,320,245,5.58,6.509,0,0,.302,11.31
105,2015,320,300,5.472,6.764,0,0,.301,11.28
105,2015,320,315,5.371,6.641,0,0,.301,11.28
105,2015,320,330,5.277,6.519,0,0,.301,11.28
105,2015,320,345,5.183,6.313,0,0,.3,11.28
105,2015,320,400,5.082,6.387,0,0,.3,11.28
105,2015,320,415,4.976,6.13,0,0,.3,11.27
105,2015,320,430,4.867,6.089,0,0,.3,11.26
105,2015,320,445,4.756,5.646,0,0,.3,11.25
105,2015,320,500,4.643,5.964,0,0,.299,11.23
105,2015,320,515,4.535,5.465,0,0,.299,11.25
105,2015,320,530,4.432,4.479,0,0,.299,11.23
105,2015,320,545,4.306,4.606,0,0,.299,11.22
105,2015,320,600,4.156,4.114,0,0,.298,11.21
105,2015,320,615,3.995,4.095,0,0,.299,11.21
105,2015,320,630,3.823,2.832,0,0,.299,11.18
105,2015,320,645,3.622,3.158,0,0,.299,11.17
105,2015,320,700,3.404,2.893,0,0,.299,11.17
105,2015,320,715,3.19,3.775,0,0,.297,11.17
105,2015,320,730,3.006,2.17,0,0,.297,11.16
105,2015,320,745,2.824,1.894,0,0,.297,11.15
105,2015,320,800,2.631,2.461,0,0,.297,11.14
105,2015,320,815,2.447,2.104,0,0,.297,11.13
105,2015,320,830,2.273,2.919,0,0,.297,11.14
105,2015,320,845,2.129,2.878,0,0,.297,11.14
105,2015,320,900,2.034,4.658,0,0,.296,11.15
105,2015,320,915,2.07,8.91,0,0,.295,11.17
105,2015,320,930,2.436,11.34,0,0,.294,11.23
105,2015,320,945,3.176,13.52,0,0,.293,11.35
105,2015,320,1000,4.228,15.49,0,0,.291,11.48
105,2015,320,1015,5.52,17.31,0,0,.291,11.64
105,2015,320,1030,6.967,18.4,0,0,.29,11.74
105,2015,320,1045,8.49,19.46,0,0,.29,11.8
105,2015,320,1100,10.02,20.36,0,0,.29,11.83
105,2015,320,1115,11.5,21.01,0,0,.289,11.86
105,2015,320,1130,12.93,21.77,0,0,.287,11.87
105,2015,320,1145,14.25,21.64,0,0,.286,11.87
105,2015,320,1200,15.41,22.02,0,0,.286,11.87
105,2015,320,1215,16.46,22.57,0,0,.286,11.9
105,2015,320,1230,17.45,23.18,0,0,.286,11.93
105,2015,320,1245,18.39,24.42,0,0,.286,11.93
105,2015,320,1300,19.24,25.42,0,0,.286,11.95
105,2015,320,1315,20.03,25.53,0,0,.284,11.97
105,2015,320,1330,20.78,25.25,0,0,.284,11.97
105,2015,320,1345,21.47,25.16,0,0,.283,11.97
105,2015,320,1400,22.06,24.38,0,0,.283,11.97
105,2015,320,1415,22.54,23.28,0,0,.283,11.96
105,2015,320,1430,22.88,22.22,0,0,.283,11.95
105,2015,320,1445,23.01,20.68,0,0,.283,11.95
105,2015,320,1500,22.91,19.77,0,0,.283,11.94
105,2015,320,1515,22.63,19.15,0,0,.283,11.93
105,2015,320,1530,22.24,18.74,0,0,.283,11.9
105,2015,320,1545,21.8,18.35,0,0,.283,11.89
105,2015,320,1600,21.33,18.05,0,0,.283,11.87
105,2015,320,1615,20.86,17.51,0,0,.283,11.86
105,2015,320,1630,20.39,16.64,0,0,.283,11.85
105,2015,320,1645,19.91,16.14,0,0,.283,11.84
105,2015,320,1700,19.41,15.29,0,0,.283,11.83
105,2015,320,1715,18.87,14.72,0,0,.283,11.8
105,2015,320,1730,18.33,14.25,0,0,.282,11.79
105,2015,320,1745,17.76,13.54,0,0,.283,11.77
105,2015,320,1800,17.18,12.96,0,0,.283,11.76
105,2015,320,1815,16.58,12.48,0,0,.283,11.75
105,2015,320,1830,15.96,11.75,0,0,.283,11.73
105,2015,320,1845,15.34,9.76,0,0,.283,11.71
105,2015,320,1900,14.7,8.93,0,0,.283,11.63
105,2015,320,1915,14.02,9.59,0,0,.283,11.59
105,2015,320,1930,13.35,8.18,0,0,.283,11.56
105,2015,320,1945,12.69,7.55,0,0,.283,11.49
105,2015,320,2000,12.03,7.11,0,0,.283,11.43
105,2015,320,2015,11.38,7.29,0,0,.283,11.39
105,2015,320,2030,10.75,6.615,0,0,.283,11.35
105,2015,320,2045,10.14,6.683,0,0,.283,11.33
105,2015,320,2100,9.55,6.54,0,0,.283,11.34
105,2015,320,2115,9,5.932,0,0,.283,11.32
105,2015,320,2130,8.49,5.738,0,0,.283,11.28
105,2015,320,2145,8,6.303,0,0,.283,11.28
105,2015,320,2200,7.56,5.98,0,0,.283,11.29
105,2015,320,2215,7.16,5.115,0,0,.283,11.28
105,2015,320,2230,6.794,5.607,0,0,.283,11.27
105,2015,320,2245,6.444,5.185,0,0,.283,11.26
105,2015,320,2300,6.114,4.82,0,0,.282,11.26
105,2015,320,2315,5.796,4.767,0,0,.283,11.25
105,2015,320,2330,5.489,4.474,0,0,.282,11.24
105,2015,320,2345,5.191,3.957,0,0,.282,11.23
105,2015,321,0,4.904,4.515,0,0,.282,11.22
105,2015,321,15,4.643,4.468,0,0,.281,11.23
105,2015,321,30,4.428,4.505,0,0,.281,11.23
105,2015,321,45,4.251,4.374,0,0,.281,11.22
105,2015,321,100,4.092,3.855,0,0,.281,11.22
105,2015,321,115,3.945,3.824,0,0,.281,11.21
105,2015,321,130,3.803,3.895,0,0,.281,11.2
105,2015,321,145,3.666,3.984,0,0,.281,11.2
105,2015,321,200,3.538,4.208,0,0,.28,11.2
105,2015,321,215,3.425,4.376,0,0,.28,11.21
105,2015,321,230,3.321,3.895,0,0,.279,11.21
105,2015,321,245,3.214,3.339,0,0,.279,11.2
105,2015,321,300,3.103,4.104,0,0,.279,11.19
105,2015,321,315,2.998,3.205,0,0,.279,11.19
105,2015,321,330,2.9,3.154,0,0,.279,11.19
105,2015,321,345,2.804,3.694,0,0,.278,11.17
105,2015,321,400,2.734,3.967,0,0,.278,11.18
105,2015,321,415,2.702,3.537,0,0,.278,11.18
105,2015,321,430,2.695,3.622,0,0,.278,11.18
105,2015,321,445,2.696,3.502,0,0,.277,11.19
105,2015,321,500,2.703,3.63,0,0,.277,11.18
105,2015,321,515,2.713,3.566,0,0,.277,11.18
105,2015,321,530,2.73,3.51,0,0,.277,11.17
105,2015,321,545,2.746,4.072,0,0,.277,11.18
105,2015,321,600,2.763,3.36,0,0,.277,11.18
105,2015,321,615,2.776,3.663,0,0,.277,11.18
105,2015,321,630,2.777,4.454,0,0,.276,11.18
105,2015,321,645,2.788,6.578,0,0,.276,11.19
105,2015,321,700,2.859,7.66,0,0,.275,11.23
105,2015,321,715,3.032,7.86,0,0,.275,11.25
105,2015,321,730,3.307,8.73,0,0,.274,11.26
105,2015,321,745,3.687,9.01,0,0,.274,11.31
105,2015,321,800,4.134,9.17,0,0,.274,11.34
105,2015,321,815,4.582,9.02,0,0,.274,11.37
105,2015,321,830,4.989,8.95,0,0,.274,11.39
105,2015,321,845,5.34,8.87,0,0,.273,11.39
105,2015,321,900,5.647,9.92,0,0,.273,11.4
105,2015,321,915,6.023,11.65,0,0,.272,11.43
105,2015,321,930,6.583,12.34,0,0,.272,11.46
105,2015,321,945,7.29,12.98,0,0,.271,11.53
105,2015,321,1000,8.06,13.84,0,0,.271,11.6
105,2015,321,1015,8.87,14.39,0,0,.27,11.65
105,2015,321,1030,9.71,14.59,0,0,.27,11.69
105,2015,321,1045,10.52,15.17,0,0,.27,11.71
105,2015,321,1100,11.3,16.06,0,0,.269,11.72
105,2015,321,1115,12.07,16.12,0,0,.269,11.74
105,2015,321,1130,12.81,16.88,0,0,.269,11.75
105,2015,321,1145,13.52,17.28,0,0,.269,11.78
105,2015,321,1200,14.21,17.72,0,0,.267,11.79
105,2015,321,1215,14.88,18.43,0,0,.267,11.8
105,2015,321,1230,15.53,19.16,0,0,.267,11.83
105,2015,321,1245,16.18,18.06,0,0,.267,11.83
105,2015,321,1300,16.72,17.51,0,0,.267,11.83
105,2015,321,1315,17.11,16.73,0,0,.267,11.81
105,2015,321,1330,17.33,16.45,0,0,.267,11.81
105,2015,321,1345,17.45,16.7,0,0,.267,11.8
105,2015,321,1400,17.51,16.64,0,0,.267,11.79
105,2015,321,1415,17.56,16.64,0,0,.267,11.8
105,2015,321,1430,17.58,16.41,0,0,.266,11.8
105,2015,321,1445,17.58,16.17,0,0,.265,11.8
105,2015,321,1500,17.56,15.84,0,0,.265,11.79
105,2015,321,1515,17.5,15.5,0,0,.265,11.78
105,2015,321,1530,17.4,15.44,0,0,.265,11.78
105,2015,321,1545,17.27,15.17,0,0,.265,11.77
105,2015,321,1600,17.13,15,0,0,.265,11.76
105,2015,321,1615,16.98,14.7,0,0,.265,11.76
105,2015,321,1630,16.8,14.37,0,0,.265,11.75
105,2015,321,1645,16.61,14.09,0,0,.265,11.74
105,2015,321,1700,16.4,13.83,0,0,.266,11.72
105,2015,321,1715,16.17,13.57,0,0,.265,11.71
105,2015,321,1730,15.94,13.34,0,0,.266,11.7
105,2015,321,1745,15.7,13.13,0,0,.265,11.69
105,2015,321,1800,15.45,13,0,0,.265,11.69
105,2015,321,1815,15.21,12.87,0,0,.265,11.67
105,2015,321,1830,14.98,12.73,0,0,.265,11.67
105,2015,321,1845,14.76,12.66,0,0,.265,11.67
105,2015,321,1900,14.54,12.55,0,0,.265,11.67
105,2015,321,1915,14.34,12.44,0,0,.265,11.66
105,2015,321,1930,14.16,12.3,0,0,.265,11.64
105,2015,321,1945,13.96,12.13,0,0,.265,11.57
105,2015,321,2000,13.77,12,0,0,.265,11.55
105,2015,321,2015,13.59,11.71,0,0,.264,11.55
105,2015,321,2030,13.39,11.4,0,0,.264,11.53
105,2015,321,2045,13.17,11.25,0,0,.264,11.54
105,2015,321,2100,12.95,11.11,0,0,.263,11.56
105,2015,321,2115,12.73,10.88,0,0,.264,11.56
105,2015,321,2130,12.52,10.97,0,0,.264,11.57
105,2015,321,2145,12.33,10.73,0,0,.264,11.55
105,2015,321,2200,12.15,10.42,0,0,.264,11.53
105,2015,321,2215,11.96,10.33,0,0,.264,11.54
105,2015,321,2230,11.76,10.22,0,0,.264,11.53
105,2015,321,2245,11.56,10.26,0,0,.264,11.52
105,2015,321,2300,11.38,10.12,0,0,.263,11.53
105,2015,321,2315,11.21,9.82,0,0,.263,11.55
105,2015,321,2330,11.04,9.47,0,0,.263,11.55
105,2015,321,2345,10.83,9.31,0,0,.263,11.53
105,2015,322,0,10.6,9.13,0,0,.263,11.52
105,2015,322,15,10.37,8.95,0,0,.263,11.51
105,2015,322,30,10.14,9.09,0,0,.263,11.48
105,2015,322,45,9.93,9.01,0,0,.263,11.48
105,2015,322,100,9.74,8.9,0,0,.263,11.49
105,2015,322,115,9.55,8.75,0,0,.263,11.48
105,2015,322,130,9.37,8.56,0,0,.262,11.47
105,2015,322,145,9.18,8.45,0,0,.262,11.47
105,2015,322,200,9,8.54,0,0,.262,11.47
105,2015,322,215,8.82,8.4,0,0,.262,11.48
105,2015,322,230,8.64,8.52,0,0,.261,11.45
105,2015,322,245,8.47,8.35,0,0,.262,11.46
105,2015,322,300,8.35,8.25,0,0,.261,11.45
105,2015,322,315,8.27,8.88,0,0,.261,11.46
105,2015,322,330,8.23,8.98,0,0,.26,11.49
105,2015,322,345,8.21,8.78,0,0,.26,11.49
105,2015,322,400,8.18,8.4,0,0,.261,11.49
105,2015,322,415,8.12,8.32,0,0,.26,11.46
105,2015,322,430,8.04,8.37,0,0,.26,11.46
105,2015,322,445,7.97,8.57,0,0,.26,11.44
105,2015,322,500,7.92,8.52,0,0,.26,11.43
105,2015,322,515,7.87,8.47,0,0,.26,11.44
105,2015,322,530,7.84,8.87,0,0,.259,11.45
105,2015,322,545,7.84,9.23,0,0,.258,11.47
105,2015,322,600,7.91,9.5,0,0,.258,11.49
105,2015,322,615,8.03,9.81,0,0,.258,11.5
105,2015,322,630,8.19,9.92,0,0,.258,11.48
105,2015,322,645,8.38,9.94,0,0,.258,11.5
105,2015,322,700,8.56,10.06,0,0,.258,11.5
105,2015,322,715,8.73,10.11,0,0,.257,11.52
105,2015,322,730,8.89,10.06,0,0,.257,11.53
105,2015,322,745,9.03,9.94,0,0,.257,11.54
105,2015,322,800,9.15,9.72,0,0,.257,11.53
105,2015,322,815,9.21,9.63,0,0,.257,11.53
105,2015,322,830,9.23,9.88,0,0,.257,11.51
105,2015,322,845,9.25,10.35,0,0,.257,11.54
105,2015,322,900,9.31,11.11,0,0,.257,11.56
105,2015,322,915,9.43,11.51,0,0,.256,11.59
105,2015,322,930,9.62,12.14,0,0,.257,11.61
105,2015,322,945,9.9,13.28,0,0,.328,11.67
105,2015,322,1000,10.27,13.25,0,0,.412,11.69
105,2015,322,1015,10.66,13.88,0,0,.483,11.72
105,2015,322,1030,11.07,13.38,0,0,.545,11.72
105,2015,322,1045,11.45,13.23,0,0,.603,11.71
105,2015,322,1100,11.77,13.43,0,0,.654,11.72
105,2015,322,1115,12.06,15.08,0,0,.673,11.73
105,2015,322,1130,12.42,16.81,0,0,.675,11.77
105,2015,322,1145,12.96,16.16,0,0,.673,11.8
105,2015,322,1200,13.51,15.51,0,0,.662,11.8
105,2015,322,1215,13.94,15.4,0,0,.649,11.79
105,2015,322,1230,14.28,15.72,0,0,.635,11.8
105,2015,322,1245,14.57,16.47,0,0,.62,11.81
105,2015,322,1300,14.86,17.17,0,0,.606,11.82
105,2015,322,1315,15.2,17.57,0,0,.592,11.83
105,2015,322,1330,15.57,18.02,0,0,.579,11.84
105,2015,322,1345,15.96,17.83,0,0,.567,11.84
105,2015,322,1400,16.31,17.72,0,0,.557,11.84
105,2015,322,1415,16.62,18.18,0,0,.547,11.83
105,2015,322,1430,16.92,18.21,0,0,.538,11.84
105,2015,322,1445,17.19,18.04,0,0,.53,11.84
105,2015,322,1500,17.4,17.84,0,0,.521,11.84
105,2015,322,1515,17.56,17.94,0,0,.513,11.84
105,2015,322,1530,17.69,17.98,0,0,.507,11.85
105,2015,322,1545,17.8,18.16,0,0,.5,11.86
105,2015,322,1600,17.92,18.14,0,0,.494,11.86
105,2015,322,1615,18.02,17.95,0,0,.488,11.86
105,2015,322,1630,18.09,17.66,0,0,.483,11.85
105,2015,322,1645,18.13,17.48,0,0,.478,11.84
105,2015,322,1700,18.12,17.53,0,0,.474,11.84
105,2015,322,1715,18.1,17.54,0,0,.47,11.83
105,2015,322,1730,18.07,17.5,0,0,.465,11.83
105,2015,322,1745,18.03,17.43,0,0,.462,11.82
105,2015,322,1800,17.97,17.27,0,0,.458,11.82
105,2015,322,1815,17.9,17.22,0,0,.455,11.83
105,2015,322,1830,17.83,17.18,0,0,.452,11.83
105,2015,322,1845,17.76,17.21,0,0,.449,11.82
105,2015,322,1900,17.7,17.03,0,0,.446,11.81
105,2015,322,1915,17.64,16.95,0,0,.443,11.81
105,2015,322,1930,17.57,16.84,0,0,.44,11.81
105,2015,322,1945,17.51,16.77,0,0,.438,11.81
105,2015,322,2000,17.44,16.75,0,0,.435,11.8
105,2015,322,2015,17.38,16.79,0,0,.435,11.8
105,2015,322,2030,17.31,16.72,0,0,.432,11.8
105,2015,322,2045,17.25,16.46,0,0,.431,11.79
105,2015,322,2100,17.17,16.24,0,0,.431,11.79
105,2015,322,2115,17.08,16.3,0,0,.431,11.79
105,2015,322,2130,16.97,16.2,0,0,.431,11.78
105,2015,322,2145,16.87,16.19,0,0,.44,11.78
105,2015,322,2200,16.77,16.12,0,0,.463,11.78
105,2015,322,2215,16.66,16.11,0,0,.502,11.79
105,2015,322,2230,16.57,16.29,0,0,.555,11.79
105,2015,322,2245,16.5,16.25,0,0,.615,11.8
105,2015,322,2300,16.46,16.2,0,0,.671,11.8
105,2015,322,2315,16.43,15.99,0,0,.713,11.79
105,2015,322,2330,16.39,15.98,0,0,.731,11.79
105,2015,322,2345,16.36,15.85,0,0,.733,11.8
105,2015,323,0,16.32,15.69,0,0,.726,11.8
105,2015,323,15,16.27,15.54,0,0,.708,11.81
105,2015,323,30,16.21,15.47,0,0,.692,11.81
105,2015,323,45,16.15,15.34,0,0,.675,11.81
105,2015,323,100,16.09,15.37,0,0,.66,11.81
105,2015,323,115,16.02,15.33,0,0,.644,11.81
105,2015,323,130,15.95,15.19,0,0,.629,11.81
105,2015,323,145,15.89,15.15,0,0,.614,11.8
105,2015,323,200,15.83,15.04,0,0,.6,11.8
105,2015,323,215,15.76,14.89,0,0,.588,11.81
105,2015,323,230,15.69,14.77,0,0,.575,11.81
105,2015,323,245,15.61,14.8,0,0,.564,11.81
105,2015,323,300,15.53,14.79,0,0,.554,11.81
105,2015,323,315,15.44,14.66,0,0,.546,11.81
105,2015,323,330,15.36,14.57,0,0,.537,11.81
105,2015,323,345,15.28,14.43,0,0,.529,11.8
105,2015,323,400,15.19,14.52,0,0,.522,11.8
105,2015,323,415,15.12,14.75,0,0,.514,11.8
105,2015,323,430,15.06,14.67,0,0,.508,11.8
105,2015,323,445,15.01,14.48,0,0,.503,11.8
105,2015,323,500,14.96,14.58,0,0,.497,11.8
105,2015,323,515,14.91,14.87,0,0,.491,11.8
105,2015,323,530,14.87,14.86,0,0,.486,11.81
105,2015,323,545,14.85,15.13,0,0,.482,11.81
105,2015,323,600,14.85,15.56,0,0,.477,11.8
105,2015,323,615,14.88,15.63,0,0,.473,11.8
105,2015,323,630,14.94,15.94,0,0,.469,11.8
105,2015,323,645,15.02,15.62,0,0,.466,11.8
105,2015,323,700,15.1,15.77,0,0,.462,11.79
105,2015,323,715,15.17,15.76,0,0,.459,11.79
105,2015,323,730,15.25,16.31,0,0,.456,11.79
105,2015,323,745,15.32,17.24,0,0,.454,11.79
105,2015,323,800,15.39,22.65,0,0,.45,11.79
105,2015,323,815,15.46,24.78,0,0,.449,11.78
105,2015,323,830,15.52,25.15,0,0,.445,11.77
105,2015,323,845,15.58,24.83,0,0,.441,11.76
105,2015,323,900,15.65,24.73,0,0,.44,11.76
105,2015,323,915,15.71,24.23,0,0,.438,11.77
105,2015,323,930,15.78,22.88,0,0,.434,11.76
105,2015,323,945,15.85,22.58,0,0,.433,11.76
105,2015,323,1000,15.93,22.93,0,0,.431,11.76
105,2015,323,1015,16.02,23.64,0,0,.43,11.75
105,2015,323,1030,16.12,24.24,0,0,.429,11.75
105,2015,323,1045,16.22,22.53,0,0,.425,11.75
105,2015,323,1100,16.33,24.91,0,0,.426,11.75
105,2015,323,1115,16.44,23.3,0,0,.426,11.74
105,2015,323,1130,16.55,21.73,0,0,.425,11.75
105,2015,323,1145,16.65,21.73,0,0,.424,11.76
105,2015,323,1200,16.75,23.02,0,0,.424,11.76
105,2015,323,1215,16.83,22.78,0,0,.427,11.75
105,2015,323,1230,16.9,22.25,0,0,.428,11.76
105,2015,323,1245,16.97,23.99,0,0,.433,11.76
105,2015,323,1300,17.03,25.18,0,0,.435,11.77
105,2015,323,1315,17.09,24.32,0,0,.437,11.77
105,2015,323,1330,17.13,21.84,0,0,.438,11.77
105,2015,323,1345,17.17,19.26,0,0,.44,11.77
105,2015,323,1400,17.21,18.83,0,0,.438,11.78
105,2015,323,1415,17.23,19.85,0,0,.439,11.78
105,2015,323,1430,17.23,19.08,0,0,.44,11.79
105,2015,323,1445,17.23,19.67,0,0,.444,11.78
105,2015,323,1500,17.24,20.15,0,0,.444,11.78
105,2015,323,1515,17.27,23.24,0,0,.443,11.77
105,2015,323,1530,17.31,23.63,0,0,.442,11.76
105,2015,323,1545,17.36,25.11,0,0,.444,11.75
105,2015,323,1600,17.4,23.71,0,0,.444,11.76
105,2015,323,1615,17.42,22.48,0,0,.444,11.76
105,2015,323,1630,17.42,23.71,0,0,.444,11.77
105,2015,323,1645,17.42,24.71,0,0,.444,11.76
105,2015,323,1700,17.41,23.87,0,0,.443,11.76
105,2015,323,1715,17.4,21.97,0,0,.443,11.77
105,2015,323,1730,17.38,20.04,0,0,.44,11.78
105,2015,323,1745,17.35,19.43,0,0,.441,11.78
105,2015,323,1800,17.33,20.91,0,0,.439,11.8
105,2015,323,1815,17.3,19.55,0,0,.437,11.81
105,2015,323,1830,17.27,21.67,0,0,.434,11.82
105,2015,323,1845,17.25,23.85,0,0,.433,11.81
105,2015,323,1900,17.22,24.27,0,0,.432,11.82
105,2015,323,1915,17.2,24.15,0,0,.43,11.82
105,2015,323,1930,17.18,24.15,0,0,.428,11.81
105,2015,323,1945,17.16,24.03,0,0,.426,11.81
105,2015,323,2000,17.14,23.16,0,0,.425,11.82
105,2015,323,2015,17.12,23.1,0,0,.423,11.83
105,2015,323,2030,17.1,23.23,0,0,.421,11.83
105,2015,323,2045,17.07,21.55,0,0,.42,11.83
105,2015,323,2100,17.05,20.07,0,0,.418,11.83
105,2015,323,2115,17.02,21.73,0,0,.419,11.83
105,2015,323,2130,16.99,21.18,0,0,.419,11.83
105,2015,323,2145,16.95,23.31,0,0,.419,11.82
105,2015,323,2200,16.91,23.31,0,0,.423,11.81
105,2015,323,2215,16.83,22.97,0,0,.444,11.81
105,2015,323,2230,16.73,22.2,0,0,.499,11.81
105,2015,323,2245,16.65,21.78,0,0,.586,11.81
105,2015,323,2300,16.6,22.64,0,0,.684,11.82
105,2015,323,2315,16.6,21.71,0,0,.772,11.82
105,2015,323,2330,16.65,21.47,0,0,.847,11.82
105,2015,323,2345,16.7,20.75,0,0,.896,11.83
105,2015,324,0,16.68,19.68,0,0,.931,11.83
105,2015,324,15,16.61,19.82,0,0,.943,11.81
105,2015,324,30,16.5,19.34,0,0,.929,11.82
105,2015,324,45,16.33,18.49,0,0,.896,11.81
105,2015,324,100,16.11,19,0,0,.862,11.79
105,2015,324,115,15.85,20.73,0,0,.826,11.78
105,2015,324,130,15.56,14.84,0,0,.797,11.77
105,2015,324,145,15.24,13.67,0,0,.766,11.76
105,2015,324,200,14.91,13.23,0,0,.74,11.75
105,2015,324,215,14.58,12.73,0,0,.72,11.75
105,2015,324,230,14.25,12.29,0,0,.697,11.75
105,2015,324,245,13.9,12.21,0,0,.676,11.73
105,2015,324,300,13.56,12.24,0,0,.657,11.72
105,2015,324,315,13.25,12.39,0,0,.64,11.72
105,2015,324,330,12.99,12.24,0,0,.623,11.7
105,2015,324,345,12.76,11.87,0,0,.613,11.7
105,2015,324,400,12.52,12.14,0,0,.598,11.67
105,2015,324,415,12.29,11.83,0,0,.585,11.63
105,2015,324,430,12.07,11.6,0,0,.57,11.61
105,2015,324,445,11.87,12.04,0,0,.56,11.5
105,2015,324,500,11.7,11.94,0,0,.55,11.4
105,2015,324,515,11.57,11.26,0,0,.542,11.4
105,2015,324,530,11.42,11.13,0,0,.535,11.41
105,2015,324,545,11.24,10.86,0,0,.527,11.39
105,2015,324,600,11.05,10.78,0,0,.521,11.38
105,2015,324,615,10.88,10.96,0,0,.514,11.36
105,2015,324,630,10.74,10.93,0,0,.508,11.31
105,2015,324,645,10.63,10.41,0,0,.504,11.32
105,2015,324,700,10.52,10.39,0,0,.499,11.31
105,2015,324,715,10.39,10.1,0,0,.494,11.34
105,2015,324,730,10.26,9.74,0,0,.489,11.4
105,2015,324,745,10.11,9.04,0,0,.484,11.43
105,2015,324,800,9.91,8.32,0,0,.481,11.41
105,2015,324,815,9.64,7.85,0,0,.478,11.4
105,2015,324,830,9.32,7.76,0,0,.474,11.36
105,2015,324,845,8.97,7.49,0,0,.472,11.35
105,2015,324,900,8.63,8.19,0,0,.468,11.33
105,2015,324,915,8.35,10.21,0,0,.464,11.31
105,2015,324,930,8.28,11.37,0,0,.461,11.37
105,2015,324,945,8.47,12.01,0,0,.458,11.45
105,2015,324,1000,8.85,12.23,0,0,.455,11.42
105,2015,324,1015,9.34,12.6,0,0,.452,11.41
105,2015,324,1030,9.87,13.34,0,0,.45,11.48
105,2015,324,1045,10.45,13.05,0,0,.448,11.46
105,2015,324,1100,10.98,13.15,0,0,.446,11.41
105,2015,324,1115,11.44,13.34,0,0,.443,11.37
105,2015,324,1130,11.85,13.63,0,0,.441,11.4
105,2015,324,1145,12.25,14.25,0,0,.438,11.48
105,2015,324,1200,12.69,14.72,0,0,.437,11.62
105,2015,324,1215,13.18,14.7,0,0,.434,11.63
105,2015,324,1230,13.64,14.99,0,0,.433,11.65
105,2015,324,1245,14.06,14.78,0,0,.431,11.67
105,2015,324,1300,14.46,14.57,0,0,.429,11.68
105,2015,324,1315,14.8,15.24,0,0,.427,11.68
105,2015,324,1330,15.1,14.86,0,0,.425,11.7
105,2015,324,1345,15.34,14.62,0,0,.423,11.66
105,2015,324,1400,15.49,14.15,0,0,.422,11.59
105,2015,324,1415,15.55,13.29,0,0,.421,11.56
105,2015,324,1430,15.49,12.85,0,0,.419,11.49
105,2015,324,1445,15.31,12.56,0,0,.418,11.49
105,2015,324,1500,15.05,12.22,0,0,.416,11.43
105,2015,324,1515,14.7,11.93,0,0,.415,11.46
105,2015,324,1530,14.33,11.71,0,0,.413,11.48
105,2015,324,1545,13.94,11.34,0,0,.412,11.47
105,2015,324,1600,13.55,11.26,0,0,.41,11.49
105,2015,324,1615,13.16,11.42,0,0,.408,11.36
105,2015,324,1630,12.79,11.21,0,0,.407,11.32
105,2015,324,1645,12.45,11.19,0,0,.405,11.29
105,2015,324,1700,12.15,10.75,0,0,.404,11.31
105,2015,324,1715,11.86,9.96,0,0,.403,11.37
105,2015,324,1730,11.54,9.42,0,0,.401,11.42
105,2015,324,1745,11.19,8.98,0,0,.4,11.42
105,2015,324,1800,10.8,8.58,0,0,.399,11.4
105,2015,324,1815,10.37,8.08,0,0,.398,11.36
105,2015,324,1830,9.93,6.921,0,0,.397,11.36
105,2015,324,1845,9.47,5.968,0,0,.395,11.32
105,2015,324,1900,8.99,5.626,0,0,.394,11.3
105,2015,324,1915,8.48,4.92,0,0,.393,11.25
105,2015,324,1930,7.98,4.566,0,0,.392,11.24
105,2015,324,1945,7.48,4.158,0,0,.391,11.23
105,2015,324,2000,6.989,3.527,0,0,.39,11.21
105,2015,324,2015,6.516,3.485,0,0,.388,11.19
105,2015,324,2030,6.054,2.989,0,0,.387,11.19
105,2015,324,2045,5.606,2.704,0,0,.386,11.18
105,2015,324,2100,5.18,2.693,0,0,.385,11.17
105,2015,324,2115,4.771,1.993,0,0,.384,11.17
105,2015,324,2130,4.373,1.779,0,0,.383,11.16
105,2015,324,2145,3.988,1.538,0,0,.382,11.16
105,2015,324,2200,3.615,1.728,0,0,.381,11.15
105,2015,324,2215,3.261,1.116,0,0,.379,11.14
105,2015,324,2230,2.929,1.693,0,0,.379,11.14
105,2015,324,2245,2.62,1.113,0,0,.378,11.14
105,2015,324,2300,2.34,.824,0,0,.377,11.13
105,2015,324,2315,2.077,.798,0,0,.375,11.12
105,2015,324,2330,1.824,.681,0,0,.375,11.13
105,2015,324,2345,1.579,.19,0,0,.374,11.12
105,2015,325,0,1.336,.128,0,0,.373,11.12
105,2015,325,15,1.101,.155,0,0,.372,11.11
105,2015,325,30,.876,-.019,0,0,.371,11.11
105,2015,325,45,.66,.088,0,0,.37,11.11
105,2015,325,100,.452,-.33,0,0,.369,11.11
105,2015,325,115,.248,-.479,0,0,.368,11.11
105,2015,325,130,.05,-.46,0,0,.368,11.1
105,2015,325,145,-.147,-.513,0,0,.367,11.09
105,2015,325,200,-.325,-.692,0,0,.367,11.09
105,2015,325,215,-.489,-.489,0,0,.365,11.09
105,2015,325,230,-.643,-.967,0,0,.365,11.09
105,2015,325,245,-.788,-.861,0,0,.364,11.08
105,2015,325,300,-.93,-1.046,0,0,.363,11.07
105,2015,325,315,-1.067,-1.037,0,0,.363,11.08
105,2015,325,330,-1.198,-1.042,0,0,.362,11.08
105,2015,325,345,-1.326,-.978,0,0,.362,11.07
105,2015,325,400,-1.439,-.704,0,0,.361,11.07
105,2015,325,415,-1.535,-.972,0,0,.359,11.07
105,2015,325,430,-1.609,-1.378,0,0,.359,11.06
105,2015,325,445,-1.691,-1.44,0,0,.358,11.06
105,2015,325,500,-1.789,-1.447,0,0,.357,11.06
105,2015,325,515,-1.884,-1.58,0,0,.358,11.05
105,2015,325,530,-1.97,-1.345,0,0,.357,11.05
105,2015,325,545,-2.042,-1.414,0,0,.357,11.05
105,2015,325,600,-2.103,-1.683,0,0,.356,11.05
105,2015,325,615,-2.172,-1.655,0,0,.356,11.05
105,2015,325,630,-2.257,-1.629,0,0,.356,11.05
105,2015,325,645,-2.342,-1.653,0,0,.355,11.04
105,2015,325,700,-2.429,-1.92,0,0,.354,11.04
105,2015,325,715,-2.513,-2.004,0,0,.354,11.04
105,2015,325,730,-2.597,-1.908,0,0,.354,11.03
105,2015,325,745,-2.681,-1.69,0,0,.353,11.03
105,2015,325,800,-2.753,-1.674,0,0,.352,11.02
105,2015,325,815,-2.804,-1.777,0,0,.352,11.03
105,2015,325,830,-2.851,-1.643,0,0,.351,11.03
105,2015,325,845,-2.89,-1.434,0,0,.351,11.03
105,2015,325,900,-2.902,-.571,0,0,.351,11.03
105,2015,325,915,-2.859,2.28,0,0,.35,11.04
105,2015,325,930,-2.611,4.805,0,0,.349,11.06
105,2015,325,945,-2.024,8.53,0,0,.347,11.1
105,2015,325,1000,-1.058,9.37,0,0,.345,11.14
105,2015,325,1015,.172,10.16,0,0,.345,11.19
105,2015,325,1030,1.492,10.43,0,0,.344,11.28
105,2015,325,1045,2.816,11.26,0,0,.344,11.33
105,2015,325,1100,4.072,11.35,0,0,.344,11.41
105,2015,325,1115,5.22,11.77,0,0,.343,11.47
105,2015,325,1130,6.257,12.65,0,0,.342,11.52
105,2015,325,1145,7.24,12.79,0,0,.342,11.6
105,2015,325,1200,8.14,12.63,0,0,.341,11.63
105,2015,325,1215,8.9,11.86,0,0,.34,11.63
105,2015,325,1230,9.51,12.21,0,0,.34,11.62
105,2015,325,1245,10.01,12.44,0,0,.34,11.67
105,2015,325,1300,10.45,13.12,0,0,.34,11.67
105,2015,325,1315,10.91,14.35,0,0,.339,11.72
105,2015,325,1330,11.44,14.45,0,0,.339,11.73
105,2015,325,1345,12,14.69,0,0,.338,11.74
105,2015,325,1400,12.51,13.77,0,0,.338,11.73
105,2015,325,1415,12.91,13.18,0,0,.337,11.69
105,2015,325,1430,13.2,13.3,0,0,.337,11.71
105,2015,325,1445,13.38,12.94,0,0,.337,11.7
105,2015,325,1500,13.5,12.98,0,0,.336,11.69
105,2015,325,1515,13.57,13.07,0,0,.335,11.71
105,2015,325,1530,13.63,12.82,0,0,.335,11.71
105,2015,325,1545,13.67,12.84,0,0,.336,11.7
105,2015,325,1600,13.69,13,0,0,.335,11.73
105,2015,325,1615,13.69,12.63,0,0,.334,11.72
105,2015,325,1630,13.68,12.53,0,0,.333,11.7
105,2015,325,1645,13.65,12.52,0,0,.333,11.7
105,2015,325,1700,13.6,12.95,0,0,.333,11.73
105,2015,325,1715,13.54,12.53,0,0,.333,11.73
105,2015,325,1730,13.47,12.13,0,0,.332,11.73
105,2015,325,1745,13.37,11.27,0,0,.332,11.73
105,2015,325,1800,13.19,10.4,0,0,.332,11.7
105,2015,325,1815,12.94,10.09,0,0,.332,11.67
105,2015,325,1830,12.64,10.14,0,0,.332,11.62
105,2015,325,1845,12.35,9.6,0,0,.332,11.59
105,2015,325,1900,12.05,9.28,0,0,.331,11.56
105,2015,325,1915,11.75,8.74,0,0,.33,11.52
105,2015,325,1930,11.42,8.28,0,0,.33,11.5
105,2015,325,1945,11.06,9.33,0,0,.33,11.45
105,2015,325,2000,10.72,9.33,0,0,.33,11.43
105,2015,325,2015,10.44,9.7,0,0,.33,11.45
105,2015,325,2030,10.23,10.09,0,0,.329,11.48
105,2015,325,2045,10.09,10.11,0,0,.328,11.49
105,2015,325,2100,10,10.62,0,0,.328,11.48
105,2015,325,2115,9.98,11.25,0,0,.327,11.52
105,2015,325,2130,10.02,11.28,0,0,.327,11.55
105,2015,325,2145,10.1,11.26,0,0,.326,11.55
105,2015,325,2200,10.2,11.44,0,0,.327,11.51
105,2015,325,2215,10.31,11.36,0,0,.326,11.52
105,2015,325,2230,10.42,11.23,0,0,.325,11.57
105,2015,325,2245,10.51,10.81,0,0,.324,11.6
105,2015,325,2300,10.57,10.41,0,0,.325,11.62
105,2015,325,2315,10.6,10.17,0,0,.325,11.62
105,2015,325,2330,10.59,10.12,0,0,.324,11.61
105,2015,325,2345,10.56,9.97,0,0,.324,11.58
105,2015,326,0,10.51,9.68,0,0,.323,11.57
105,2015,326,15,10.43,9.5,0,0,.323,11.56
105,2015,326,30,10.32,8.95,0,0,.323,11.55
105,2015,326,45,10.18,9.08,0,0,.323,11.55
105,2015,326,100,10.01,8.44,0,0,.323,11.53
105,2015,326,115,9.82,8.21,0,0,.323,11.51
105,2015,326,130,9.62,7.98,0,0,.323,11.5
105,2015,326,145,9.4,8.41,0,0,.322,11.47
105,2015,326,200,9.21,8.79,0,0,.321,11.46
105,2015,326,215,9.07,9.23,0,0,.321,11.44
105,2015,326,230,8.99,9.39,0,0,.321,11.45
105,2015,326,245,8.96,9.47,0,0,.323,11.48
105,2015,326,300,8.97,9.63,0,0,.332,11.48
105,2015,326,315,9.01,9.53,0,0,.348,11.52
105,2015,326,330,9.04,9.41,0,0,.367,11.54
105,2015,326,345,9.06,9.4,0,0,.384,11.55
105,2015,326,400,9.08,9.45,0,0,.396,11.56
105,2015,326,415,9.08,9.12,0,0,.406,11.57
105,2015,326,430,9.07,9.01,0,0,.413,11.54
105,2015,326,445,9.01,8.57,0,0,.419,11.51
105,2015,326,500,8.92,8.12,0,0,.423,11.52
105,2015,326,515,8.79,7.7,0,0,.424,11.5
105,2015,326,530,8.63,7.4,0,0,.425,11.43
105,2015,326,545,8.44,6.95,0,0,.425,11.42
105,2015,326,600,8.22,6.7,0,0,.425,11.36
105,2015,326,615,7.99,6.491,0,0,.424,11.35
105,2015,326,630,7.75,6.704,0,0,.425,11.31
105,2015,326,645,7.53,6.949,0,0,.425,11.3
105,2015,326,700,7.36,7.15,0,0,.425,11.28
105,2015,326,715,7.24,7.77,0,0,.425,11.25
105,2015,326,730,7.17,7.87,0,0,.425,11.22
105,2015,326,745,7.13,7.93,0,0,.425,11.23
105,2015,326,800,7.11,8.04,0,0,.423,11.21
105,2015,326,815,7.1,8.06,0,0,.422,11.21
105,2015,326,830,7.11,8.18,0,0,.421,11.18
105,2015,326,845,7.14,8.25,0,0,.42,11.19
105,2015,326,900,7.2,8.26,0,0,.418,11.18
105,2015,326,915,7.26,8.32,0,0,.416,11.18
105,2015,326,930,7.33,8.36,0,0,.415,11.16
105,2015,326,945,7.41,8.4,0,0,.414,11.17
105,2015,326,1000,7.49,8.61,0,0,.412,11.16
105,2015,326,1015,7.58,8.63,0,0,.41,11.16
105,2015,326,1030,7.69,8.57,0,0,.409,11.15
105,2015,326,1045,7.8,8.8,0,0,.408,11.14
105,2015,326,1100,7.91,8.61,0,0,.406,11.15
105,2015,326,1115,8.02,8.52,0,0,.405,11.13
105,2015,326,1130,8.1,8.9,0,0,.403,11.14
105,2015,326,1145,8.2,9.26,0,0,.402,11.15
105,2015,326,1200,8.34,9.51,0,0,.401,11.16
105,2015,326,1215,8.51,9.75,0,0,.399,11.16
105,2015,326,1230,8.71,9.13,0,0,.398,11.16
105,2015,326,1245,8.88,9.29,0,0,.397,11.14
105,2015,326,1300,9,9.03,0,0,.395,11.14
105,2015,326,1315,9.08,9.18,0,0,.395,11.14
105,2015,326,1330,9.15,9.01,0,0,.393,11.15
105,2015,326,1345,9.19,9.17,0,0,.392,11.15
105,2015,326,1400,9.23,9.3,0,0,.391,11.16
105,2015,326,1415,9.26,9.05,0,0,.389,11.15
105,2015,326,1430,9.29,8.79,0,0,.388,11.16
105,2015,326,1445,9.28,8.65,0,0,.388,11.15
105,2015,326,1500,9.24,8.52,0,0,.386,11.16
105,2015,326,1515,9.19,8.41,0,0,.385,11.15
105,2015,326,1530,9.13,8.28,0,0,.384,11.14
105,2015,326,1545,9.05,8.07,0,0,.383,11.15
105,2015,326,1600,8.95,8.13,0,0,.382,11.15
105,2015,326,1615,8.86,7.96,0,0,.381,11.14
105,2015,326,1630,8.75,7.8,0,0,.38,11.13
105,2015,326,1645,8.64,7.63,0,0,.379,11.13
105,2015,326,1700,8.52,7.46,0,0,.378,11.13
105,2015,326,1715,8.39,7.27,0,0,.377,11.13
105,2015,326,1730,8.24,7.17,0,0,.376,11.13
105,2015,326,1745,8.09,6.983,0,0,.375,11.13
105,2015,326,1800,7.93,6.781,0,0,.374,11.13
105,2015,326,1815,7.76,6.549,0,0,.373,11.13
105,2015,326,1830,7.58,6.376,0,0,.372,11.13
105,2015,326,1845,7.39,6.19,0,0,.371,11.14
105,2015,326,1900,7.2,5.826,0,0,.37,11.14
105,2015,326,1915,6.996,5.507,0,0,.37,11.14
105,2015,326,1930,6.769,4.973,0,0,.368,11.15
105,2015,326,1945,6.501,4.387,0,0,.368,11.15
105,2015,326,2000,6.187,4.687,0,0,.367,11.14
105,2015,326,2015,5.868,4.594,0,0,.366,11.12
105,2015,326,2030,5.58,4.432,0,0,.365,11.11
105,2015,326,2045,5.316,4.731,0,0,.365,11.09
105,2015,326,2100,5.102,4.452,0,0,.363,11.07
105,2015,326,2115,4.922,4.214,0,0,.363,11.07
105,2015,326,2130,4.747,3.876,0,0,.363,11.07
105,2015,326,2145,4.564,3.719,0,0,.362,11.06
105,2015,326,2200,4.373,3.334,0,0,.361,11.07
105,2015,326,2215,4.166,3.315,0,0,.361,11.06
105,2015,326,2230,3.958,3.139,0,0,.36,11.06
105,2015,326,2245,3.75,2.94,0,0,.36,11.06
105,2015,326,2300,3.542,2.858,0,0,.359,11.06
105,2015,326,2315,3.343,2.755,0,0,.358,11.05
105,2015,326,2330,3.161,2.438,0,0,.358,11.06
105,2015,326,2345,2.978,2.61,0,0,.357,11.05
105,2015,327,0,2.813,2.529,0,0,.356,11.04
105,2015,327,15,2.677,2.512,0,0,.356,11.03
105,2015,327,30,2.567,2.693,0,0,.356,11.02
105,2015,327,45,2.487,2.388,0,0,.355,11.01
105,2015,327,100,2.409,2.093,0,0,.354,11.02
105,2015,327,115,2.308,1.945,0,0,.354,11.02
105,2015,327,130,2.192,1.935,0,0,.354,11.01
105,2015,327,145,2.075,1.758,0,0,.353,11.01
105,2015,327,200,1.948,1.559,0,0,.353,11.01
105,2015,327,215,1.813,1.29,0,0,.352,11
105,2015,327,230,1.671,.868,0,0,.351,11.01
105,2015,327,245,1.506,1.003,0,0,.351,11.01
105,2015,327,300,1.335,.73,0,0,.351,11.01
105,2015,327,315,1.161,.688,0,0,.35,11.01
105,2015,327,330,.985,.354,0,0,.349,11.01
105,2015,327,345,.8,.215,0,0,.349,11.01
105,2015,327,400,.605,.192,0,0,.349,11
105,2015,327,415,.419,-.005,0,0,.349,11
105,2015,327,430,.243,-.107,0,0,.348,10.99
105,2015,327,445,.085,-.519,0,0,.348,10.99
105,2015,327,500,-.095,-.494,0,0,.347,10.98
105,2015,327,515,-.289,-.519,0,0,.347,10.98
105,2015,327,530,-.477,-.726,0,0,.345,10.97
105,2015,327,545,-.654,-.646,0,0,.346,10.97
105,2015,327,600,-.815,-.913,0,0,.346,10.96
105,2015,327,615,-.968,-.977,0,0,.345,10.96
105,2015,327,630,-1.126,-1.186,0,0,.344,10.96
105,2015,327,645,-1.288,-1.505,0,0,.344,10.96
105,2015,327,700,-1.462,-1.51,0,0,.344,10.96
105,2015,327,715,-1.643,-1.795,0,0,.343,10.96
105,2015,327,730,-1.827,-1.858,0,0,.343,10.95
105,2015,327,745,-2.016,-1.807,0,0,.343,10.95
105,2015,327,800,-2.206,-2.129,0,0,.342,10.95
105,2015,327,815,-2.392,-2.165,0,0,.342,10.95
105,2015,327,830,-2.569,-2.024,0,0,.341,10.94
105,2015,327,845,-2.726,-1.97,0,0,.341,10.95
105,2015,327,900,-2.861,-1.577,0,0,.34,10.95
105,2015,327,915,-2.944,.659,0,0,.34,10.95
105,2015,327,930,-2.857,2.422,0,0,.339,10.97
105,2015,327,945,-2.459,2.918,0,0,.339,10.97
105,2015,327,1000,-1.783,3.365,0,0,.337,10.97
105,2015,327,1015,-.967,3.956,0,0,.337,10.98
105,2015,327,1030,-.105,4.142,0,0,.337,10.98
105,2015,327,1045,.731,4.757,0,0,.336,10.98
105,2015,327,1100,1.527,5.085,0,0,.335,10.99
105,2015,327,1115,2.285,5.423,0,0,.335,11.01
105,2015,327,1130,3.019,6.032,0,0,.334,11.01
105,2015,327,1145,3.73,5.922,0,0,.333,11.03
105,2015,327,1200,4.385,5.936,0,0,.333,11.02
105,2015,327,1215,4.934,6.367,0,0,.333,11.01
105,2015,327,1230,5.414,6.656,0,0,.332,11.03
105,2015,327,1245,5.862,6.8,0,0,.332,11.04
105,2015,327,1300,6.285,7.11,0,0,.332,11.05
105,2015,327,1315,6.687,7.07,0,0,.332,11.04
105,2015,327,1330,7.02,7.22,0,0,.331,11.05
105,2015,327,1345,7.31,6.729,0,0,.33,11.05
105,2015,327,1400,7.54,6.846,0,0,.33,11.06
105,2015,327,1415,7.74,6.317,0,0,.33,11.07
105,2015,327,1430,7.84,5.952,0,0,.33,11.06
105,2015,327,1445,7.82,5.62,0,0,.33,11.06
105,2015,327,1500,7.67,4.925,0,0,.329,11.04
105,2015,327,1515,7.41,4.573,0,0,.329,11.03
105,2015,327,1530,7.08,4.435,0,0,.328,11.02
105,2015,327,1545,6.73,4.287,0,0,.328,11.02
105,2015,327,1600,6.379,4.044,0,0,.328,11.03
105,2015,327,1615,6.031,3.931,0,0,.328,11.03
105,2015,327,1630,5.697,3.867,0,0,.327,11.04
105,2015,327,1645,5.375,3.698,0,0,.327,11.03
105,2015,327,1700,5.07,3.401,0,0,.327,11.03
105,2015,327,1715,4.778,3.453,0,0,.327,11.02
105,2015,327,1730,4.493,2.693,0,0,.327,11.03
105,2015,327,1745,4.195,2.526,0,0,.327,11.04
105,2015,327,1800,3.872,2.205,0,0,.327,11.04
105,2015,327,1815,3.526,1.638,0,0,.327,11.04
105,2015,327,1830,3.158,1.495,0,0,.326,11.03
105,2015,327,1845,2.779,1.611,0,0,.326,11.03
105,2015,327,1900,2.402,.95,0,0,.325,11.03
105,2015,327,1915,2.028,.587,0,0,.325,11.02
105,2015,327,1930,1.664,-.646,0,0,.325,11.02
105,2015,327,1945,1.297,-1.242,0,0,.324,11
105,2015,327,2000,.911,-1.373,0,0,.323,11
105,2015,327,2015,.512,-1.398,0,0,.323,11
105,2015,327,2030,.121,-2.049,0,0,.323,10.99
105,2015,327,2045,-.27,-2.143,0,0,.323,10.98
105,2015,327,2100,-.66,-2.492,0,0,.323,10.98
105,2015,327,2115,-1.039,-2.954,0,0,.322,10.97
105,2015,327,2130,-1.406,-2.655,0,0,.322,10.96
105,2015,327,2145,-1.748,-2.976,0,0,.321,10.96
105,2015,327,2200,-2.067,-3.075,0,0,.321,10.95
105,2015,327,2215,-2.359,-3.02,0,0,.321,10.95
105,2015,327,2230,-2.617,-2.576,0,0,.32,10.95
105,2015,327,2245,-2.811,-2.204,0,0,.32,10.95
105,2015,327,2300,-2.911,-1.694,0,0,.319,10.96
105,2015,327,2315,-2.928,-1.26,0,0,.319,10.97
105,2015,327,2330,-2.89,-1.077,0,0,.319,10.97
105,2015,327,2345,-2.813,-1.091,0,0,.318,10.97
105,2015,328,0,-2.715,-.945,0,0,.318,10.97
105,2015,328,15,-2.614,-.595,0,0,.318,10.96
105,2015,328,30,-2.507,-.838,0,0,.318,10.97
105,2015,328,45,-2.396,-.809,0,0,.318,10.97
105,2015,328,100,-2.289,-.651,0,0,.318,10.98
105,2015,328,115,-2.19,-.591,0,0,.317,10.98
105,2015,328,130,-2.108,-.962,0,0,.317,10.98
105,2015,328,145,-2.039,-.729,0,0,.316,10.98
105,2015,328,200,-1.969,-.401,0,0,.316,10.98
105,2015,328,215,-1.894,-.428,0,0,.316,10.98
105,2015,328,230,-1.821,.063,0,0,.316,10.99
105,2015,328,245,-1.745,-.15,0,0,.316,10.99
105,2015,328,300,-1.664,-.099,0,0,.315,10.99
105,2015,328,315,-1.582,-.178,0,0,.315,10.99
105,2015,328,330,-1.506,-.379,0,0,.314,10.99
105,2015,328,345,-1.462,-.93,0,0,.314,10.99
105,2015,328,400,-1.478,-1.326,0,0,.314,10.98
105,2015,328,415,-1.564,-1.7,0,0,.314,10.98
105,2015,328,430,-1.702,-2.362,0,0,.314,10.96
105,2015,328,445,-1.872,-2.279,0,0,.314,10.96
105,2015,328,500,-2.041,-2.471,0,0,.314,10.95
105,2015,328,515,-2.216,-2.425,0,0,.313,10.95
105,2015,328,530,-2.396,-2.568,0,0,.312,10.94
105,2015,328,545,-2.567,-2.352,0,0,.313,10.94
105,2015,328,600,-2.724,-2.727,0,0,.313,10.94
105,2015,328,615,-2.857,-2.349,0,0,.311,10.94
105,2015,328,630,-2.933,-1.872,0,0,.311,10.93
105,2015,328,645,-2.948,-1.555,0,0,.311,10.94
105,2015,328,700,-2.908,-.997,0,0,.311,10.94
105,2015,328,715,-2.823,-.285,0,0,.311,10.95
105,2015,328,730,-2.702,.011,0,0,.31,10.96
105,2015,328,745,-2.548,.284,0,0,.31,10.96
105,2015,328,800,-2.37,.52,0,0,.309,10.97
105,2015,328,815,-2.178,.558,0,0,.309,10.97
105,2015,328,830,-1.977,.717,0,0,.309,10.97
105,2015,328,845,-1.773,.88,0,0,.309,10.97
105,2015,328,900,-1.567,1.203,0,0,.309,10.97
105,2015,328,915,-1.362,1.617,0,0,.309,10.98
105,2015,328,930,-1.153,2.689,0,0,.309,11
105,2015,328,945,-.882,6.178,0,0,.307,11.01
105,2015,328,1000,-.356,7.36,0,0,.307,11.05
105,2015,328,1015,.438,8.5,0,0,.306,11.09
105,2015,328,1030,1.425,9.6,0,0,.305,11.16
105,2015,328,1045,2.513,10.73,0,0,.305,11.25
105,2015,328,1100,3.665,10.02,0,0,.305,11.32
105,2015,328,1115,4.751,12.3,0,0,.305,11.4
105,2015,328,1130,5.802,12.83,0,0,.304,11.53
105,2015,328,1145,6.873,13.55,0,0,.304,11.58
105,2015,328,1200,7.93,14.41,0,0,.304,11.64
105,2015,328,1215,8.98,15.07,0,0,.303,11.67
105,2015,328,1230,10.03,14.44,0,0,.302,11.67
105,2015,328,1245,10.99,15.92,0,0,.302,11.69
105,2015,328,1300,11.89,15.45,0,0,.302,11.71
105,2015,328,1315,12.69,14.6,0,0,.302,11.65
105,2015,328,1330,13.32,14.93,0,0,.302,11.65
105,2015,328,1345,13.84,15.28,0,0,.302,11.68
105,2015,328,1400,14.29,13.93,0,0,.301,11.65
105,2015,328,1415,14.6,13.91,0,0,.301,11.68
105,2015,328,1430,14.75,12.93,0,0,.301,11.67
105,2015,328,1445,14.74,12.88,0,0,.301,11.55
105,2015,328,1500,14.63,13.14,0,0,.301,11.57
105,2015,328,1515,14.49,13.17,0,0,.301,11.62
105,2015,328,1530,14.35,12.52,0,0,.3,11.59
105,2015,328,1545,14.18,11.87,0,0,.301,11.58
105,2015,328,1600,13.96,11.19,0,0,.301,11.5
105,2015,328,1615,13.67,11.12,0,0,.301,11.42
105,2015,328,1630,13.34,10.96,0,0,.301,11.3
105,2015,328,1645,13.01,10.38,0,0,.3,11.28
105,2015,328,1700,12.67,9.95,0,0,.3,11.35
105,2015,328,1715,12.3,9.19,0,0,.301,11.38
105,2015,328,1730,11.9,8.97,0,0,.3,11.37
105,2015,328,1745,11.47,8.26,0,0,.3,11.35
105,2015,328,1800,11,6.889,0,0,.301,11.29
105,2015,328,1815,10.49,6.951,0,0,.301,11.25
105,2015,328,1830,9.94,5.056,0,0,.3,11.21
105,2015,328,1845,9.35,5.194,0,0,.3,11.18
105,2015,328,1900,8.75,3.718,0,0,.3,11.13
105,2015,328,1915,8.13,3.012,0,0,.301,11.1
105,2015,328,1930,7.49,3.605,0,0,.3,11.08
105,2015,328,1945,6.865,2.221,0,0,.3,11.08
105,2015,328,2000,6.253,2.817,0,0,.3,11.07
105,2015,328,2015,5.682,1.761,0,0,.3,11.06
105,2015,328,2030,5.139,1.505,0,0,.299,11.05
105,2015,328,2045,4.624,1.591,0,0,.299,11.04
105,2015,328,2100,4.136,.912,0,0,.299,11.04
105,2015,328,2115,3.664,1.004,0,0,.299,11.03
105,2015,328,2130,3.206,.807,0,0,.299,11.03
105,2015,328,2145,2.767,.625,0,0,.299,11.03
105,2015,328,2200,2.346,.29,0,0,.299,11.02
105,2015,328,2215,1.946,.453,0,0,.299,11.01
105,2015,328,2230,1.598,-.056,0,0,.299,11.01
105,2015,328,2245,1.272,.202,0,0,.298,11.01
105,2015,328,2300,.966,-.3,0,0,.297,11.01
105,2015,328,2315,.672,-.379,0,0,.297,11.01
105,2015,328,2330,.386,-.513,0,0,.297,11.01
105,2015,328,2345,.121,-.527,0,0,.297,11.01
105,2015,329,0,-.119,-.416,0,0,.297,10.99
105,2015,329,15,-.33,-.734,0,0,.297,10.99
105,2015,329,30,-.521,-.921,0,0,.297,10.99
105,2015,329,45,-.7,-1.294,0,0,.295,10.98
105,2015,329,100,-.87,-.77,0,0,.295,10.98
105,2015,329,115,-1.034,-1.188,0,0,.295,10.99
105,2015,329,130,-1.192,-1.365,0,0,.295,10.98
105,2015,329,145,-1.344,-1.316,0,0,.295,10.97
105,2015,329,200,-1.497,-1.578,0,0,.295,10.97
105,2015,329,215,-1.645,-1.769,0,0,.295,10.97
105,2015,329,230,-1.788,-1.438,0,0,.294,10.96
105,2015,329,245,-1.917,-1.511,0,0,.293,10.96
105,2015,329,300,-2.025,-1.721,0,0,.293,10.96
105,2015,329,315,-2.122,-1.585,0,0,.293,10.96
105,2015,329,330,-2.207,-1.873,0,0,.293,10.96
105,2015,329,345,-2.282,-1.435,0,0,.292,10.96
105,2015,329,400,-2.344,-1.504,0,0,.293,10.96
105,2015,329,415,-2.393,-1.806,0,0,.291,10.95
105,2015,329,430,-2.438,-1.43,0,0,.291,10.95
105,2015,329,445,-2.482,-1.486,0,0,.291,10.95
105,2015,329,500,-2.525,-1.858,0,0,.291,10.95
105,2015,329,515,-2.575,-1.368,0,0,.291,10.95
105,2015,329,530,-2.627,-1.817,0,0,.291,10.95
105,2015,329,545,-2.679,-1.804,0,0,.291,10.95
105,2015,329,600,-2.738,-2.132,0,0,.29,10.94
105,2015,329,615,-2.804,-2.206,0,0,.289,10.94
105,2015,329,630,-2.868,-2.201,0,0,.289,10.93
105,2015,329,645,-2.921,-2.111,0,0,.29,10.93
105,2015,329,700,-2.963,-2.206,0,0,.29,10.93
105,2015,329,715,-2.992,-2.236,0,0,.289,10.92
105,2015,329,730,-3.02,-2.121,0,0,.289,10.93
105,2015,329,745,-3.06,-2.218,0,0,.288,10.93
105,2015,329,800,-3.101,-2.583,0,0,.288,10.92
105,2015,329,815,-3.149,-2.438,0,0,.287,10.91
105,2015,329,830,-3.198,-2.505,0,0,.287,10.91
105,2015,329,845,-3.242,-1.876,0,0,.288,10.91
105,2015,329,900,-3.265,-1.402,0,0,.288,10.92
105,2015,329,915,-3.254,.214,0,0,.287,10.93
105,2015,329,930,-3.116,3.976,0,0,.286,10.95
105,2015,329,945,-2.649,7.61,0,0,.285,10.99
105,2015,329,1000,-1.726,8.99,0,0,.285,11.04
105,2015,329,1015,-.442,9.74,0,0,.282,11.14
105,2015,329,1030,.946,10.22,0,0,.282,11.24
105,2015,329,1045,2.329,11.26,0,0,.282,11.31
105,2015,329,1100,3.67,11.7,0,0,.282,11.4
105,2015,329,1115,4.955,12.29,0,0,.282,11.48
105,2015,329,1130,6.161,13.23,0,0,.281,11.58
105,2015,329,1145,7.3,13.03,0,0,.28,11.58
105,2015,329,1200,8.36,13.35,0,0,.281,11.57
105,2015,329,1215,9.32,13.9,0,0,.281,11.65
105,2015,329,1230,10.2,14.81,0,0,.281,11.68
105,2015,329,1245,11.03,14.45,0,0,.281,11.72
105,2015,329,1300,11.77,14.97,0,0,.28,11.73
105,2015,329,1315,12.44,15.3,0,0,.28,11.73
105,2015,329,1330,13.06,15.52,0,0,.28,11.74
105,2015,329,1345,13.62,15.33,0,0,.279,11.73
105,2015,329,1400,14.11,15.13,0,0,.279,11.73
105,2015,329,1415,14.51,14.14,0,0,.279,11.73
105,2015,329,1430,14.77,13.78,0,0,.279,11.72
105,2015,329,1445,14.86,13.38,0,0,.279,11.71
105,2015,329,1500,14.81,13.18,0,0,.279,11.7
105,2015,329,1515,14.67,12.66,0,0,.279,11.69
105,2015,329,1530,14.45,12.17,0,0,.279,11.66
105,2015,329,1545,14.18,12.05,0,0,.279,11.62
105,2015,329,1600,13.89,11.99,0,0,.279,11.57
105,2015,329,1615,13.58,11.68,0,0,.279,11.55
105,2015,329,1630,13.27,11.25,0,0,.279,11.55
105,2015,329,1645,12.95,11.05,0,0,.279,11.53
105,2015,329,1700,12.62,10.52,0,0,.279,11.49
105,2015,329,1715,12.29,9.79,0,0,.279,11.48
105,2015,329,1730,11.94,9.17,0,0,.279,11.43
105,2015,329,1745,11.55,8.43,0,0,.279,11.39
105,2015,329,1800,11.12,7.81,0,0,.279,11.34
105,2015,329,1815,10.67,7.01,0,0,.279,11.3
105,2015,329,1830,10.19,6.533,0,0,.279,11.27
105,2015,329,1845,9.67,5.97,0,0,.279,11.22
105,2015,329,1900,9.13,4.728,0,0,.279,11.19
105,2015,329,1915,8.58,4.386,0,0,.279,11.15
105,2015,329,1930,8.01,3.87,0,0,.279,11.12
105,2015,329,1945,7.43,3.333,0,0,.279,11.1
105,2015,329,2000,6.863,3.178,0,0,.279,11.09
105,2015,329,2015,6.306,2.684,0,0,.279,11.07
105,2015,329,2030,5.768,2.296,0,0,.279,11.06
105,2015,329,2045,5.252,2.187,0,0,.279,11.06
105,2015,329,2100,4.761,1.999,0,0,.279,11.05
105,2015,329,2115,4.297,2.05,0,0,.279,11.05
105,2015,329,2130,3.874,1.893,0,0,.279,11.05
105,2015,329,2145,3.501,1.84,0,0,.279,11.04
105,2015,329,2200,3.158,1.712,0,0,.278,11.04
105,2015,329,2215,2.84,.939,0,0,.278,11.04
105,2015,329,2230,2.533,.448,0,0,.278,11.03
105,2015,329,2245,2.224,.063,0,0,.277,11.02
105,2015,329,2300,1.913,.238,0,0,.277,11.02
105,2015,329,2315,1.617,.297,0,0,.277,11.01
105,2015,329,2330,1.356,.497,0,0,.277,11.01
105,2015,329,2345,1.141,.725,0,0,.277,11.01
105,2015,330,0,.97,.387,0,0,.277,11
105,2015,330,15,.826,.097,0,0,.277,11.01
105,2015,330,30,.684,.27,0,0,.276,11
105,2015,330,45,.548,.203,0,0,.276,11
105,2015,330,100,.417,.352,0,0,.276,11
105,2015,330,115,.294,-.449,0,0,.276,11
105,2015,330,130,.176,-.35,0,0,.275,11
105,2015,330,145,.044,-.268,0,0,.276,10.99
105,2015,330,200,-.099,-.284,0,0,.275,10.99
105,2015,330,215,-.233,.091,0,0,.275,10.99
105,2015,330,230,-.359,-.459,0,0,.274,10.99
105,2015,330,245,-.481,-.193,0,0,.274,10.99
105,2015,330,300,-.596,-.206,0,0,.274,10.99
105,2015,330,315,-.7,-.646,0,0,.274,10.99
105,2015,330,330,-.804,-.19,0,0,.274,10.98
105,2015,330,345,-.901,-.44,0,0,.274,10.99
105,2015,330,400,-.989,-.641,0,0,.274,10.98
105,2015,330,415,-1.067,-1.041,0,0,.274,10.97
105,2015,330,430,-1.144,-1.11,0,0,.274,10.97
105,2015,330,445,-1.229,-.88,0,0,.273,10.97
105,2015,330,500,-1.307,-.833,0,0,.272,10.97
105,2015,330,515,-1.372,-.491,0,0,.272,10.97
105,2015,330,530,-1.418,-.044,0,0,.272,10.97
105,2015,330,545,-1.443,-.386,0,0,.272,10.97
105,2015,330,600,-1.457,-.156,0,0,.272,10.97
105,2015,330,615,-1.458,.406,0,0,.272,10.97
105,2015,330,630,-1.428,.492,0,0,.271,10.97
105,2015,330,645,-1.373,.276,0,0,.27,10.98
105,2015,330,700,-1.317,-.324,0,0,.271,10.98
105,2015,330,715,-1.279,.42,0,0,.27,10.97
105,2015,330,730,-1.246,-.177,0,0,.271,10.97
105,2015,330,745,-1.22,.057,0,0,.27,10.96
105,2015,330,800,-1.182,.575,0,0,.27,10.96
105,2015,330,815,-1.099,.907,0,0,.27,10.97
105,2015,330,830,-.993,1.088,0,0,.27,10.98
105,2015,330,845,-.89,.882,0,0,.269,10.98
105,2015,330,900,-.785,1.295,0,0,.269,10.99
105,2015,330,915,-.667,3.157,0,0,.269,10.99
105,2015,330,930,-.455,6.279,0,0,.269,11.01
105,2015,330,945,.01,8.51,0,0,.267,11.03
105,2015,330,1000,.791,10.51,0,0,.267,11.08
105,2015,330,1015,1.84,12.47,0,0,.266,11.19
105,2015,330,1030,3.088,13.59,0,0,.265,11.36
105,2015,330,1045,4.478,14.18,0,0,.265,11.49
105,2015,330,1100,5.9,16.24,0,0,.265,11.62
105,2015,330,1115,7.31,15.81,0,0,.264,11.72
105,2015,330,1130,8.69,17.18,0,0,.263,11.75
105,2015,330,1145,10,17.5,0,0,.264,11.79
105,2015,330,1200,11.22,18.09,0,0,.264,11.81
105,2015,330,1215,12.38,19.28,0,0,.263,11.82
105,2015,330,1230,13.48,19.25,0,0,.263,11.84
105,2015,330,1245,14.48,19.54,0,0,.263,11.87
105,2015,330,1300,15.38,20.14,0,0,.263,11.89
105,2015,330,1315,16.2,20.31,0,0,.262,11.9
105,2015,330,1330,16.94,21.09,0,0,.262,11.9
105,2015,330,1345,17.65,21.61,0,0,.262,11.91
105,2015,330,1400,18.32,21.54,0,0,.261,11.91
105,2015,330,1415,18.89,19.41,0,0,.261,11.91
105,2015,330,1430,19.25,17.93,0,0,.261,11.9
105,2015,330,1445,19.37,17.56,0,0,.261,11.88
105,2015,330,1500,19.33,16.8,0,0,.261,11.87
105,2015,330,1515,19.17,16.41,0,0,.261,11.86
105,2015,330,1530,18.94,15.98,0,0,.261,11.85
105,2015,330,1545,18.66,15.64,0,0,.261,11.84
105,2015,330,1600,18.33,15.2,0,0,.261,11.82
105,2015,330,1615,17.99,14.9,0,0,.261,11.81
105,2015,330,1630,17.64,14.62,0,0,.262,11.79
105,2015,330,1645,17.29,14.1,0,0,.262,11.78
105,2015,330,1700,16.93,13.54,0,0,.262,11.76
105,2015,330,1715,16.53,12.53,0,0,.262,11.74
105,2015,330,1730,16.1,12.08,0,0,.261,11.71
105,2015,330,1745,15.64,11.49,0,0,.262,11.69
105,2015,330,1800,15.17,10.55,0,0,.262,11.67
105,2015,330,1815,14.66,9.68,0,0,.262,11.63
105,2015,330,1830,14.11,8.77,0,0,.261,11.58
105,2015,330,1845,13.53,8.12,0,0,.261,11.53
105,2015,330,1900,12.92,7.76,0,0,.262,11.46
105,2015,330,1915,12.31,7.79,0,0,.261,11.38
105,2015,330,1930,11.71,7.07,0,0,.262,11.37
105,2015,330,1945,11.15,6.465,0,0,.262,11.32
105,2015,330,2000,10.59,6.36,0,0,.261,11.29
105,2015,330,2015,10.05,6.788,0,0,.261,11.28
105,2015,330,2030,9.53,5.761,0,0,.261,11.26
105,2015,330,2045,9.04,5.824,0,0,.262,11.22
105,2015,330,2100,8.57,5.929,0,0,.261,11.19
105,2015,330,2115,8.15,5.434,0,0,.262,11.2
105,2015,330,2130,7.75,5.278,0,0,.262,11.16
105,2015,330,2145,7.38,4.869,0,0,.262,11.14
105,2015,330,2200,7.03,5.05,0,0,.261,11.13
105,2015,330,2215,6.684,4.783,0,0,.262,11.13
105,2015,330,2230,6.349,4.337,0,0,.262,11.12
105,2015,330,2245,6.027,4.196,0,0,.261,11.11
105,2015,330,2300,5.721,4.064,0,0,.261,11.11
105,2015,330,2315,5.429,4.173,0,0,.261,11.1
105,2015,330,2330,5.149,3.989,0,0,.261,11.1
105,2015,330,2345,4.888,3.199,0,0,.261,11.1
105,2015,331,0,4.637,3.906,0,0,.261,11.09
105,2015,331,15,4.397,3.041,0,0,.261,11.09
105,2015,331,30,4.161,3.441,0,0,.261,11.08
105,2015,331,45,3.93,3.268,0,0,.261,11.09
105,2015,331,100,3.71,2.749,0,0,.261,11.08
105,2015,331,115,3.492,3.112,0,0,.261,11.08
105,2015,331,130,3.285,3.035,0,0,.261,11.08
105,2015,331,145,3.104,2.808,0,0,.26,11.07
105,2015,331,200,2.94,2.973,0,0,.26,11.08
105,2015,331,215,2.794,2.489,0,0,.26,11.07
105,2015,331,230,2.657,2.496,0,0,.26,11.07
105,2015,331,245,2.523,3.13,0,0,.26,11.06
105,2015,331,300,2.404,2.757,0,0,.26,11.07
105,2015,331,315,2.3,2.688,0,0,.26,11.06
105,2015,331,330,2.187,2.64,0,0,.26,11.07
105,2015,331,345,2.072,2.144,0,0,.26,11.06
105,2015,331,400,1.949,2.179,0,0,.259,11.06
105,2015,331,415,1.815,2.687,0,0,.259,11.06
105,2015,331,430,1.693,1.869,0,0,.258,11.06
105,2015,331,445,1.583,1.946,0,0,.259,11.04
105,2015,331,500,1.479,2.355,0,0,.259,11.04
105,2015,331,515,1.386,2.053,0,0,.259,11.04
105,2015,331,530,1.291,2.44,0,0,.258,11.04
105,2015,331,545,1.199,2.214,0,0,.258,11.05
105,2015,331,600,1.108,1.708,0,0,.258,11.05
105,2015,331,615,1.014,2.336,0,0,.258,11.04
105,2015,331,630,.927,1.641,0,0,.257,11.03
105,2015,331,645,.851,2.507,0,0,.257,11.03
105,2015,331,700,.804,2.049,0,0,.257,11.03
105,2015,331,715,.78,1.887,0,0,.257,11.03
105,2015,331,730,.749,1.697,0,0,.257,11.03
105,2015,331,745,.708,1.735,0,0,.257,11.02
105,2015,331,800,.661,2.046,0,0,.257,11.02
105,2015,331,815,.608,1.605,0,0,.257,11.02
105,2015,331,830,.555,1.437,0,0,.257,11.02
105,2015,331,845,.517,1.882,0,0,.256,11.01
105,2015,331,900,.521,3.171,0,0,.256,11.02
105,2015,331,915,.59,4.672,0,0,.255,11.04
105,2015,331,930,.78,6.381,0,0,.254,11.06
105,2015,331,945,1.184,6.882,0,0,.255,11.09
105,2015,331,1000,1.746,8.19,0,0,.254,11.13
105,2015,331,1015,2.422,10.34,0,0,.253,11.21
105,2015,331,1030,3.283,11.29,0,0,.253,11.29
105,2015,331,1045,4.283,12.96,0,0,.252,11.42
105,2015,331,1100,5.419,13.15,0,0,.252,11.57
105,2015,331,1115,6.546,14.92,0,0,.252,11.62
105,2015,331,1130,7.64,17.05,0,0,.25,11.68
105,2015,331,1145,8.92,19.12,0,0,.249,11.76
105,2015,331,1200,10.31,20.26,0,0,.249,11.81
105,2015,331,1215,11.75,20.87,0,0,.248,11.85
105,2015,331,1230,13.13,21.62,0,0,.248,11.87
105,2015,331,1245,14.45,22.9,0,0,.248,11.9
105,2015,331,1300,15.71,23.11,0,0,.248,11.92
105,2015,331,1315,16.86,23.16,0,0,.247,11.94
105,2015,331,1330,17.88,21.89,0,0,.247,11.93
105,2015,331,1345,18.7,22.57,0,0,.247,11.93
105,2015,331,1400,19.38,22.28,0,0,.247,11.93
105,2015,331,1415,19.96,21.05,0,0,.247,11.93
105,2015,331,1430,20.38,20.26,0,0,.247,11.93
105,2015,331,1445,20.61,20.4,0,0,.246,11.92