,14.17,20.31,0,0,.362,11.86
105,2015,345,1345,14.96,20.64,0,0,.361,11.87
105,2015,345,1400,15.71,19.77,0,0,.361,11.89
105,2015,345,1415,16.32,19.69,0,0,.361,11.88
105,2015,345,1430,16.77,19.18,0,0,.36,11.88
105,2015,345,1445,17.12,19.54,0,0,.359,11.87
105,2015,345,1500,17.39,19.37,0,0,.359,11.88
105,2015,345,1515,17.61,18.53,0,0,.358,11.88
105,2015,345,1530,17.77,17.95,0,0,.358,11.87
105,2015,345,1545,17.85,17.61,0,0,.357,11.86
105,2015,345,1600,17.87,17.34,0,0,.356,11.86
105,2015,345,1615,17.84,17.09,0,0,.356,11.85
105,2015,345,1630,17.78,17.13,0,0,.356,11.85
105,2015,345,1645,17.69,16.44,0,0,.356,11.84
105,2015,345,1700,17.56,15.79,0,0,.355,11.82
105,2015,345,1715,17.39,15.09,0,0,.355,11.8
105,2015,345,1730,17.15,13.82,0,0,.354,11.78
105,2015,345,1745,16.83,12.94,0,0,.355,11.77
105,2015,345,1800,16.45,12.47,0,0,.355,11.74
105,2015,345,1815,16,11.26,0,0,.356,11.7
105,2015,345,1830,15.51,10.49,0,0,.375,11.67
105,2015,345,1845,14.97,10.15,0,0,.411,11.64
105,2015,345,1900,14.42,9.52,0,0,.443,11.56
105,2015,345,1915,13.85,9.89,0,0,.467,11.51
105,2015,345,1930,13.31,8.64,0,0,.487,11.51
105,2015,345,1945,12.79,8.6,0,0,.502,11.45
105,2015,345,2000,12.29,8.39,0,0,.506,11.42
105,2015,345,2015,11.82,8.25,0,0,.507,11.38
105,2015,345,2030,11.37,7.81,0,0,.507,11.37
105,2015,345,2045,10.93,7.72,0,0,.507,11.37
105,2015,345,2100,10.52,7.63,0,0,.507,11.34
105,2015,345,2115,10.13,7.4,0,0,.505,11.33
105,2015,345,2130,9.77,7.34,0,0,.502,11.3
105,2015,345,2145,9.44,7.03,0,0,.498,11.3
105,2015,345,2200,9.12,6.767,0,0,.492,11.27
105,2015,345,2215,8.81,7.52,0,0,.488,11.27
105,2015,345,2230,8.54,6.986,0,0,.484,11.28
105,2015,345,2245,8.31,7.3,0,0,.479,11.28
105,2015,345,2300,8.1,6.764,0,0,.475,11.28
105,2015,345,2315,7.9,7.12,0,0,.472,11.26
105,2015,345,2330,7.72,6.936,0,0,.469,11.28
105,2015,345,2345,7.55,7.11,0,0,.465,11.28
105,2015,346,0,7.4,6.615,0,0,.461,11.28
105,2015,346,15,7.26,6.952,0,0,.459,11.29
105,2015,346,30,7.14,6.507,0,0,.456,11.26
105,2015,346,45,7.03,6.659,0,0,.453,11.26
105,2015,346,100,6.917,6.665,0,0,.451,11.22
105,2015,346,115,6.823,6.473,0,0,.448,11.26
105,2015,346,130,6.74,6.441,0,0,.446,11.24
105,2015,346,145,6.645,6.775,0,0,.443,11.24
105,2015,346,200,6.539,5.758,0,0,.441,11.22
105,2015,346,215,6.407,5.726,0,0,.439,11.21
105,2015,346,230,6.254,5.301,0,0,.436,11.19
105,2015,346,245,6.096,5.345,0,0,.434,11.16
105,2015,346,300,5.935,5.176,0,0,.432,11.13
105,2015,346,315,5.78,5.981,0,0,.43,11.14
105,2015,346,330,5.641,5.191,0,0,.428,11.15
105,2015,346,345,5.522,5.368,0,0,.427,11.11
105,2015,346,400,5.414,5.327,0,0,.424,11.11
105,2015,346,415,5.312,4.997,0,0,.423,11.1
105,2015,346,430,5.208,5.025,0,0,.421,11.08
105,2015,346,445,5.107,4.871,0,0,.419,11.1
105,2015,346,500,5.012,4.915,0,0,.418,11.1
105,2015,346,515,4.924,5.457,0,0,.416,11.11
105,2015,346,530,4.854,5.488,0,0,.414,11.08
105,2015,346,545,4.814,5.232,0,0,.413,11.08
105,2015,346,600,4.782,5.433,0,0,.411,11.08
105,2015,346,615,4.741,5.152,0,0,.409,11.11
105,2015,346,630,4.688,4.811,0,0,.408,11.1
105,2015,346,645,4.614,4.492,0,0,.406,11.08
105,2015,346,700,4.525,4.397,0,0,.405,11.06
105,2015,346,715,4.431,4.357,0,0,.403,11.06
105,2015,346,730,4.331,4.706,0,0,.402,11.05
105,2015,346,745,4.24,4.687,0,0,.4,11.06
105,2015,346,800,4.158,4.225,0,0,.4,11.07
105,2015,346,815,4.072,4.042,0,0,.398,11.07
105,2015,346,830,3.978,4.406,0,0,.396,11.05
105,2015,346,845,3.891,4.629,0,0,.395,11.06
105,2015,346,900,3.822,4.584,0,0,.394,11.07
105,2015,346,915,3.781,5.401,0,0,.393,11.06
105,2015,346,930,3.778,6.309,0,0,.392,11.08
105,2015,346,945,3.857,8.56,0,0,.39,11.11
105,2015,346,1000,4.149,10.55,0,0,.389,11.17
105,2015,346,1015,4.719,12.44,0,0,.387,11.28
105,2015,346,1030,5.554,14.21,0,0,.385,11.45
105,2015,346,1045,6.565,14.02,0,0,.383,11.56
105,2015,346,1100,7.6,14.07,0,0,.382,11.64
105,2015,346,1115,8.51,14.2,0,0,.38,11.7
105,2015,346,1130,9.3,14.49,0,0,.38,11.73
105,2015,346,1145,10.02,15.03,0,0,.378,11.74
105,2015,346,1200,10.68,17.06,0,0,.377,11.76
105,2015,346,1215,11.42,18.13,0,0,.376,11.8
105,2015,346,1230,12.24,17.36,0,0,.374,11.82
105,2015,346,1245,12.97,17.16,0,0,.374,11.82
105,2015,346,1300,13.6,17.55,0,0,.373,11.81
105,2015,346,1315,14.17,19.52,0,0,.371,11.82
105,2015,346,1330,14.78,20.24,0,0,.37,11.86
105,2015,346,1345,15.46,21.3,0,0,.369,11.87
105,2015,346,1400,16.17,20.72,0,0,.368,11.88
105,2015,346,1415,16.82,20.62,0,0,.367,11.89
105,2015,346,1430,17.39,19.5,0,0,.367,11.89
105,2015,346,1445,17.8,19.03,0,0,.366,11.88
105,2015,346,1500,18.06,18.99,0,0,.365,11.88
105,2015,346,1515,18.21,18.89,0,0,.365,11.87
105,2015,346,1530,18.3,18.73,0,0,.364,11.88
105,2015,346,1545,18.34,18.7,0,0,.363,11.87
105,2015,346,1600,18.36,18.12,0,0,.363,11.86
105,2015,346,1615,18.34,17.96,0,0,.362,11.85
105,2015,346,1630,18.3,17.7,0,0,.361,11.85
105,2015,346,1645,18.23,17.33,0,0,.361,11.84
105,2015,346,1700,18.12,16.44,0,0,.36,11.83
105,2015,346,1715,17.98,15.9,0,0,.36,11.81
105,2015,346,1730,17.78,15.39,0,0,.36,11.8
105,2015,346,1745,17.54,14.62,0,0,.36,11.79
105,2015,346,1800,17.25,14.14,0,0,.36,11.77
105,2015,346,1815,16.92,13.12,0,0,.359,11.75
105,2015,346,1830,16.55,12.5,0,0,.358,11.74
105,2015,346,1845,16.13,12.02,0,0,.358,11.72
105,2015,346,1900,15.68,11.45,0,0,.358,11.69
105,2015,346,1915,15.23,10.95,0,0,.357,11.67
105,2015,346,1930,14.76,10.96,0,0,.356,11.65
105,2015,346,1945,14.31,11.16,0,0,.356,11.63
105,2015,346,2000,13.92,11.11,0,0,.356,11.63
105,2015,346,2015,13.59,11.2,0,0,.354,11.62
105,2015,346,2030,13.31,11.6,0,0,.355,11.62
105,2015,346,2045,13.05,10.98,0,0,.354,11.64
105,2015,346,2100,12.8,10.86,0,0,.354,11.6
105,2015,346,2115,12.54,10.48,0,0,.353,11.59
105,2015,346,2130,12.29,10.41,0,0,.353,11.56
105,2015,346,2145,12.03,9.94,0,0,.352,11.54
105,2015,346,2200,11.78,9.65,0,0,.352,11.51
105,2015,346,2215,11.54,9.91,0,0,.351,11.5
105,2015,346,2230,11.31,9.95,0,0,.351,11.53
105,2015,346,2245,11.11,9.42,0,0,.35,11.51
105,2015,346,2300,10.92,9.86,0,0,.349,11.51
105,2015,346,2315,10.74,9.55,0,0,.349,11.54
105,2015,346,2330,10.58,10.05,0,0,.349,11.49
105,2015,346,2345,10.49,10.06,0,0,.348,11.47
105,2015,347,0,10.39,9.9,0,0,.347,11.5
105,2015,347,15,10.31,10.01,0,0,.347,11.48
105,2015,347,30,10.22,9.97,0,0,.346,11.49
105,2015,347,45,10.14,9.51,0,0,.346,11.51
105,2015,347,100,10.05,9.82,0,0,.346,11.48
105,2015,347,115,9.96,9.66,0,0,.345,11.51
105,2015,347,130,9.88,9.34,0,0,.345,11.52
105,2015,347,145,9.8,9.2,0,0,.344,11.49
105,2015,347,200,9.71,9.93,0,0,.344,11.49
105,2015,347,215,9.64,9.37,0,0,.344,11.52
105,2015,347,230,9.57,9.34,0,0,.343,11.49
105,2015,347,245,9.51,8.91,0,0,.343,11.48
105,2015,347,300,9.44,9.46,0,0,.342,11.48
105,2015,347,315,9.38,9.26,0,0,.342,11.49
105,2015,347,330,9.33,9.45,0,0,.341,11.47
105,2015,347,345,9.29,9.03,0,0,.341,11.48
105,2015,347,400,9.23,8.84,0,0,.34,11.48
105,2015,347,415,9.16,8.77,0,0,.341,11.44
105,2015,347,430,9.07,8.57,0,0,.34,11.44
105,2015,347,445,8.98,8.9,0,0,.339,11.42
105,2015,347,500,8.88,8.57,0,0,.339,11.44
105,2015,347,515,8.8,9.25,0,0,.339,11.45
105,2015,347,530,8.73,9.09,0,0,.338,11.44
105,2015,347,545,8.68,8.79,0,0,.338,11.45
105,2015,347,600,8.62,8.68,0,0,.337,11.42
105,2015,347,615,8.54,9.3,0,0,.337,11.4
105,2015,347,630,8.47,8.81,0,0,.336,11.42
105,2015,347,645,8.4,8.94,0,0,.336,11.39
105,2015,347,700,8.34,8.87,0,0,.335,11.38
105,2015,347,715,8.34,8.5,0,0,.335,11.4
105,2015,347,730,8.36,8.2,0,0,.335,11.39
105,2015,347,745,8.28,8.14,0,0,.334,11.36
105,2015,347,800,8.17,8.07,0,0,.333,11.38
105,2015,347,815,8.05,8.19,0,0,.333,11.36
105,2015,347,830,7.95,8.23,0,0,.333,11.35
105,2015,347,845,7.87,8.82,0,0,.332,11.31
105,2015,347,900,7.82,9.06,0,0,.332,11.36
105,2015,347,915,7.82,9.42,0,0,.331,11.39
105,2015,347,930,7.87,10.56,0,0,.331,11.43
105,2015,347,945,8,11.48,0,0,.33,11.49
105,2015,347,1000,8.24,12.13,0,0,.33,11.54
105,2015,347,1015,8.55,12.75,0,0,.329,11.61
105,2015,347,1030,8.94,13.39,0,0,.329,11.66
105,2015,347,1045,9.38,14.19,0,0,.328,11.7
105,2015,347,1100,9.87,15.5,0,0,.327,11.72
105,2015,347,1115,10.44,16.41,0,0,.326,11.75
105,2015,347,1130,11.08,17.1,0,0,.325,11.77
105,2015,347,1145,11.75,18.5,0,0,.324,11.79
105,2015,347,1200,12.5,20.34,0,0,.323,11.82
105,2015,347,1215,13.39,21.32,0,0,.323,11.85
105,2015,347,1230,14.32,21.19,0,0,.322,11.88
105,2015,347,1245,15.17,21.11,0,0,.321,11.9
105,2015,347,1300,15.89,22.08,0,0,.321,11.91
105,2015,347,1315,16.57,22.57,0,0,.321,11.92
105,2015,347,1330,17.23,22.02,0,0,.321,11.92
105,2015,347,1345,17.83,22.54,0,0,.321,11.93
105,2015,347,1400,18.39,23.44,0,0,.32,11.93
105,2015,347,1415,18.95,23.44,0,0,.32,11.94
105,2015,347,1430,19.48,23.24,0,0,.32,11.94
105,2015,347,1445,19.95,23.36,0,0,.319,11.94
105,2015,347,1500,20.34,22.69,0,0,.318,11.94
105,2015,347,1515,20.64,22.11,0,0,.318,11.94
105,2015,347,1530,20.84,20.95,0,0,.318,11.93
105,2015,347,1545,20.93,20.48,0,0,.318,11.93
105,2015,347,1600,20.93,18.3,0,0,.317,11.9
105,2015,347,1615,20.83,17.48,0,0,.318,11.87
105,2015,347,1630,20.62,17.51,0,0,.317,11.85
105,2015,347,1645,20.37,17.44,0,0,.317,11.84
105,2015,347,1700,20.1,17.21,0,0,.317,11.85
105,2015,347,1715,19.83,16.87,0,0,.318,11.84
105,2015,347,1730,19.54,15.94,0,0,.318,11.84
105,2015,347,1745,19.21,15.01,0,0,.318,11.82
105,2015,347,1800,18.83,14.5,0,0,.317,11.8
105,2015,347,1815,18.4,14.09,0,0,.318,11.78
105,2015,347,1830,17.95,14.07,0,0,.318,11.76
105,2015,347,1845,17.49,13.66,0,0,.318,11.75
105,2015,347,1900,17.04,12.98,0,0,.318,11.74
105,2015,347,1915,16.59,12.58,0,0,.317,11.73
105,2015,347,1930,16.14,12.8,0,0,.317,11.71
105,2015,347,1945,15.72,13.07,0,0,.316,11.69
105,2015,347,2000,15.36,12.63,0,0,.316,11.69
105,2015,347,2015,15.03,12.64,0,0,.316,11.67
105,2015,347,2030,14.72,12.62,0,0,.316,11.67
105,2015,347,2045,14.44,12.3,0,0,.316,11.66
105,2015,347,2100,14.18,12.24,0,0,.316,11.66
105,2015,347,2115,13.93,12.04,0,0,.315,11.66
105,2015,347,2130,13.71,11.79,0,0,.314,11.65
105,2015,347,2145,13.48,11.26,0,0,.314,11.65
105,2015,347,2200,13.25,11.55,0,0,.314,11.64
105,2015,347,2215,13.03,11.41,0,0,.314,11.63
105,2015,347,2230,12.82,11.02,0,0,.314,11.63
105,2015,347,2245,12.63,11.14,0,0,.314,11.62
105,2015,347,2300,12.44,11.22,0,0,.313,11.6
105,2015,347,2315,12.26,10.79,0,0,.313,11.61
105,2015,347,2330,12.09,10.91,0,0,.313,11.58
105,2015,347,2345,11.92,10.5,0,0,.312,11.59
105,2015,348,0,11.75,10.62,0,0,.312,11.6
105,2015,348,15,11.57,10.54,0,0,.312,11.61
105,2015,348,30,11.4,10.44,0,0,.312,11.59
105,2015,348,45,11.22,10.31,0,0,.311,11.59
105,2015,348,100,11.06,9.69,0,0,.311,11.56
105,2015,348,115,10.88,9.77,0,0,.311,11.56
105,2015,348,130,10.7,9.69,0,0,.311,11.54
105,2015,348,145,10.52,9.36,0,0,.311,11.53
105,2015,348,200,10.35,10.19,0,0,.311,11.5
105,2015,348,215,10.21,10.05,0,0,.31,11.53
105,2015,348,230,10.1,10.81,0,0,.31,11.53
105,2015,348,245,10.01,10.51,0,0,.31,11.55
105,2015,348,300,9.96,10.55,0,0,.31,11.54
105,2015,348,315,9.9,10.43,0,0,.309,11.52
105,2015,348,330,9.82,10.92,0,0,.309,11.51
105,2015,348,345,9.76,10.94,0,0,.309,11.54
105,2015,348,400,9.71,10.8,0,0,.309,11.55
105,2015,348,415,9.68,10.68,0,0,.308,11.55
105,2015,348,430,9.64,10.61,0,0,.309,11.54
105,2015,348,445,9.59,10.69,0,0,.308,11.55
105,2015,348,500,9.54,10.28,0,0,.308,11.53
105,2015,348,515,9.48,10.31,0,0,.307,11.52
105,2015,348,530,9.41,9.98,0,0,.307,11.53
105,2015,348,545,9.35,11.66,0,0,.307,11.51
105,2015,348,600,9.31,15.06,0,0,.306,11.52
105,2015,348,615,9.27,13.15,0,0,.307,11.52
105,2015,348,630,9.22,12.82,0,0,.307,11.49
105,2015,348,645,9.17,13.33,0,0,.306,11.5
105,2015,348,700,9.11,12.45,0,0,.306,11.48
105,2015,348,715,9.06,11.73,0,0,.306,11.46
105,2015,348,730,9.02,12.92,0,0,.306,11.46
105,2015,348,745,8.98,13.35,0,0,.304,11.45
105,2015,348,800,8.96,13.93,0,0,.305,11.46
105,2015,348,815,8.93,14,0,0,.304,11.45
105,2015,348,830,8.9,14.77,0,0,.304,11.41
105,2015,348,845,8.86,13.9,0,0,.305,11.42
105,2015,348,900,8.82,14.42,0,0,.304,11.43
105,2015,348,915,8.79,15.11,0,0,.303,11.45
105,2015,348,930,8.8,14.88,0,0,.303,11.46
105,2015,348,945,8.86,16.8,0,0,.302,11.5
105,2015,348,1000,8.99,16.61,0,0,.302,11.55
105,2015,348,1015,9.24,16.27,0,0,.301,11.59
105,2015,348,1030,9.68,16.48,0,0,.301,11.66
105,2015,348,1045,10.32,16.45,0,0,.3,11.72
105,2015,348,1100,11.08,16.54,0,0,.3,11.75
105,2015,348,1115,11.8,18.55,0,0,.299,11.78
105,2015,348,1130,12.6,18.51,0,0,.299,11.81
105,2015,348,1145,13.4,18.81,0,0,.298,11.84
105,2015,348,1200,14.12,18.3,0,0,.298,11.84
105,2015,348,1215,14.73,20.99,0,0,.297,11.85
105,2015,348,1230,15.43,21.57,0,0,.297,11.89
105,2015,348,1245,16.19,20.53,0,0,.297,11.9
105,2015,348,1300,16.83,20.5,0,0,.296,11.91
105,2015,348,1315,17.38,20.04,0,0,.295,11.9
105,2015,348,1330,17.8,20.67,0,0,.295,11.88
105,2015,348,1345,18.19,21.95,0,0,.295,11.88
105,2015,348,1400,18.62,20.41,0,0,.295,11.9
105,2015,348,1415,18.96,20.39,0,0,.295,11.9
105,2015,348,1430,19.22,20.16,0,0,.295,11.9
105,2015,348,1445,19.42,20.09,0,0,.295,11.89
105,2015,348,1500,19.57,19.67,0,0,.296,11.88
105,2015,348,1515,19.66,18.96,0,0,.295,11.86
105,2015,348,1530,19.69,18.58,0,0,.295,11.85
105,2015,348,1545,19.65,18.65,0,0,.296,11.85
105,2015,348,1600,19.6,18.26,0,0,.295,11.85
105,2015,348,1615,19.53,17.67,0,0,.295,11.83
105,2015,348,1630,19.41,17.43,0,0,.295,11.81
105,2015,348,1645,19.26,17.3,0,0,.295,11.8
105,2015,348,1700,19.1,17.18,0,0,.295,11.79
105,2015,348,1715,18.94,17.14,0,0,.295,11.79
105,2015,348,1730,18.77,16.42,0,0,.295,11.77
105,2015,348,1745,18.57,15.96,0,0,.295,11.75
105,2015,348,1800,18.35,16.08,0,0,.295,11.73
105,2015,348,1815,18.13,16.21,0,0,.294,11.72
105,2015,348,1830,17.92,15.77,0,0,.294,11.7
105,2015,348,1845,17.72,15.54,0,0,.294,11.7
105,2015,348,1900,17.53,16.36,0,0,.293,11.71
105,2015,348,1915,17.35,21.97,0,0,.294,11.72
105,2015,348,1930,17.2,23.4,0,0,.292,11.72
105,2015,348,1945,17.07,21.29,0,0,.294,11.72
105,2015,348,2000,16.96,22.92,0,0,.293,11.73
105,2015,348,2015,16.85,24.14,0,0,.292,11.74
105,2015,348,2030,16.73,23.96,0,0,.293,11.74
105,2015,348,2045,16.6,24.15,0,0,.298,11.75
105,2015,348,2100,16.48,23.68,0,0,.313,11.75
105,2015,348,2115,16.37,24,0,0,.328,11.74
105,2015,348,2130,16.28,24.93,0,0,.366,11.74
105,2015,348,2145,16.21,24.47,0,0,.419,11.74
105,2015,348,2200,16.16,24.56,0,0,.455,11.76
105,2015,348,2215,16.11,24.84,0,0,.481,11.77
105,2015,348,2230,16.06,24.2,0,0,.498,11.77
105,2015,348,2245,16.01,23.94,0,0,.505,11.77
105,2015,348,2300,15.93,23.71,0,0,.505,11.76
105,2015,348,2315,15.84,23.93,0,0,.506,11.75
105,2015,348,2330,15.72,23.35,0,0,.505,11.75
105,2015,348,2345,15.6,22.85,0,0,.505,11.74
105,2015,349,0,15.49,23.12,0,0,.505,11.75
105,2015,349,15,15.42,23.23,0,0,.503,11.75
105,2015,349,30,15.37,22.8,0,0,.498,11.74
105,2015,349,45,15.35,22.87,0,0,.493,11.74
105,2015,349,100,15.37,23.28,0,0,.487,11.76
105,2015,349,115,15.49,23,0,0,.482,11.77
105,2015,349,130,15.68,24.11,0,0,.479,11.77
105,2015,349,145,15.89,23.73,0,0,.473,11.78
105,2015,349,200,16.06,24.96,0,0,.47,11.79
105,2015,349,215,16.2,24.06,0,0,.464,11.79
105,2015,349,230,16.32,24.23,0,0,.462,11.79
105,2015,349,245,16.41,23.96,0,0,.457,11.8
105,2015,349,300,16.47,25.04,0,0,.457,11.8
105,2015,349,315,16.53,21.49,0,0,.453,11.8
105,2015,349,330,16.55,17.49,0,0,.451,11.8
105,2015,349,345,16.57,17.48,0,0,.448,11.79
105,2015,349,400,16.6,16.85,0,0,.445,11.8
105,2015,349,415,16.6,16.51,0,0,.443,11.79
105,2015,349,430,16.57,16.15,0,0,.441,11.79
105,2015,349,445,16.5,15.77,0,0,.437,11.79
105,2015,349,500,16.4,15.67,0,0,.436,11.78
105,2015,349,515,16.28,15.26,0,0,.433,11.78
105,2015,349,530,16.14,14.86,0,0,.432,11.78
105,2015,349,545,15.96,14.41,0,0,.43,11.77
105,2015,349,600,15.74,14.3,0,0,.429,11.75
105,2015,349,615,15.51,14.67,0,0,.426,11.75
105,2015,349,630,15.31,15.22,0,0,.425,11.74
105,2015,349,645,15.18,15.71,0,0,.423,11.73
105,2015,349,700,15.1,15.48,0,0,.422,11.74
105,2015,349,715,15.05,15.55,0,0,.422,11.73
105,2015,349,730,15,15.68,0,0,.422,11.69
105,2015,349,745,14.94,15.18,0,0,.423,11.6
105,2015,349,800,14.89,14.76,0,0,.423,11.53
105,2015,349,815,14.82,14.26,0,0,.422,11.51
105,2015,349,830,14.73,13.97,0,0,.424,11.56
105,2015,349,845,14.6,13.48,0,0,.429,11.6
105,2015,349,900,14.43,13.67,0,0,.432,11.56
105,2015,349,915,14.25,13.46,0,0,.438,11.58
105,2015,349,930,14.07,13.58,0,0,.444,11.56
105,2015,349,945,13.91,14.86,0,0,.447,11.57
105,2015,349,1000,13.89,16.44,0,0,.447,11.64
105,2015,349,1015,14.07,17.16,0,0,.447,11.69
105,2015,349,1030,14.4,17.05,0,0,.447,11.7
105,2015,349,1045,14.8,18.14,0,0,.447,11.71
105,2015,349,1100,15.28,18.7,0,0,.447,11.75
105,2015,349,1115,15.85,18.27,0,0,.447,11.76
105,2015,349,1130,16.38,18.85,0,0,.447,11.78
105,2015,349,1145,16.88,17.95,0,0,.445,11.77
105,2015,349,1200,17.26,18.49,0,0,.444,11.77
105,2015,349,1215,17.61,18.83,0,0,.441,11.77
105,2015,349,1230,17.98,19.37,0,0,.438,11.78
105,2015,349,1245,18.38,20,0,0,.435,11.8
105,2015,349,1300,18.82,18.97,0,0,.434,11.81
105,2015,349,1315,19.19,18.87,0,0,.432,11.79
105,2015,349,1330,19.44,19.71,0,0,.43,11.8
105,2015,349,1345,19.66,18.56,0,0,.428,11.8
105,2015,349,1400,19.82,18.24,0,0,.427,11.77
105,2015,349,1415,19.87,17.95,0,0,.425,11.78
105,2015,349,1430,19.86,16.82,0,0,.423,11.77
105,2015,349,1445,19.71,16.26,0,0,.422,11.73
105,2015,349,1500,19.43,15.97,0,0,.42,11.72
105,2015,349,1515,19.06,15.83,0,0,.418,11.72
105,2015,349,1530,18.64,15.53,0,0,.416,11.7
105,2015,349,1545,18.22,15.18,0,0,.415,11.64
105,2015,349,1600,17.8,14.74,0,0,.414,11.66
105,2015,349,1615,17.39,14.85,0,0,.412,11.67
105,2015,349,1630,16.99,14.69,0,0,.41,11.66
105,2015,349,1645,16.61,14.23,0,0,.408,11.67
105,2015,349,1700,16.25,13.94,0,0,.407,11.66
105,2015,349,1715,15.89,13.43,0,0,.405,11.65
105,2015,349,1730,15.53,13.29,0,0,.404,11.65
105,2015,349,1745,15.17,12.79,0,0,.402,11.63
105,2015,349,1800,14.81,12.8,0,0,.4,11.59
105,2015,349,1815,14.46,12.37,0,0,.4,11.55
105,2015,349,1830,14.11,11.97,0,0,.398,11.53
105,2015,349,1845,13.76,11.7,0,0,.397,11.49
105,2015,349,1900,13.42,11.04,0,0,.396,11.51
105,2015,349,1915,13.06,10.72,0,0,.394,11.49
105,2015,349,1930,12.69,10.47,0,0,.393,11.46
105,2015,349,1945,12.31,10.18,0,0,.392,11.44
105,2015,349,2000,11.94,9.88,0,0,.391,11.42
105,2015,349,2015,11.58,9.72,0,0,.39,11.41
105,2015,349,2030,11.22,9.66,0,0,.389,11.41
105,2015,349,2045,10.88,9.88,0,0,.387,11.34
105,2015,349,2100,10.59,9.7,0,0,.386,11.32
105,2015,349,2115,10.35,10.48,0,0,.384,11.16
105,2015,349,2130,10.22,10.52,0,0,.382,11.07
105,2015,349,2145,10.19,10.31,0,0,.382,11.05
105,2015,349,2200,10.18,9.92,0,0,.38,11.06
105,2015,349,2215,10.13,9.14,0,0,.38,11.13
105,2015,349,2230,10.02,8.37,0,0,.38,11.19
105,2015,349,2245,9.82,8.35,0,0,.378,11.22
105,2015,349,2300,9.58,8.23,0,0,.377,11.21
105,2015,349,2315,9.32,7.87,0,0,.377,11.23
105,2015,349,2330,9.04,7.65,0,0,.375,11.24
105,2015,349,2345,8.75,7.31,0,0,.375,11.24
105,2015,350,0,8.45,7.31,0,0,.374,11.22
105,2015,350,15,8.15,7.05,0,0,.373,11.2
105,2015,350,30,7.86,6.974,0,0,.372,11.22
105,2015,350,45,7.57,6.563,0,0,.371,11.23
105,2015,350,100,7.3,5.609,0,0,.37,11.22
105,2015,350,115,7.03,4.969,0,0,.369,11.18
105,2015,350,130,6.728,4.674,0,0,.368,11.15
105,2015,350,145,6.419,4.488,0,0,.368,11.13
105,2015,350,200,6.107,4.499,0,0,.367,11.12
105,2015,350,215,5.799,4.026,0,0,.366,11.1
105,2015,350,230,5.506,3.897,0,0,.366,11.09
105,2015,350,245,5.218,3.724,0,0,.365,11.08
105,2015,350,300,4.944,3.713,0,0,.365,11.08
105,2015,350,315,4.684,3.816,0,0,.363,11.08
105,2015,350,330,4.454,3.567,0,0,.363,11.07
105,2015,350,345,4.245,3.456,0,0,.362,11.07
105,2015,350,400,4.044,3.353,0,0,.361,11.07
105,2015,350,415,3.855,3.69,0,0,.361,11.06
105,2015,350,430,3.68,3.665,0,0,.359,11.06
105,2015,350,445,3.534,3.603,0,0,.359,11.06
105,2015,350,500,3.409,3.397,0,0,.359,11.06
105,2015,350,515,3.286,2.874,0,0,.358,11.05
105,2015,350,530,3.151,2.552,0,0,.358,11.05
105,2015,350,545,3,2.23,0,0,.357,11.04
105,2015,350,600,2.828,2.207,0,0,.356,11.04
105,2015,350,615,2.651,2.114,0,0,.356,11.04
105,2015,350,630,2.481,2.101,0,0,.356,11.03
105,2015,350,645,2.311,1.91,0,0,.356,11.03
105,2015,350,700,2.14,1.866,0,0,.354,11.03
105,2015,350,715,1.981,1.746,0,0,.354,11.02
105,2015,350,730,1.857,1.602,0,0,.354,11.02
105,2015,350,745,1.716,1.915,0,0,.353,11.02
105,2015,350,800,1.597,1.49,0,0,.353,11.01
105,2015,350,815,1.492,1.425,0,0,.352,11.01
105,2015,350,830,1.396,1.754,0,0,.352,11.01
105,2015,350,845,1.309,1.751,0,0,.351,11.01
105,2015,350,900,1.239,1.99,0,0,.351,11
105,2015,350,915,1.19,2.514,0,0,.35,11.01
105,2015,350,930,1.177,3.236,0,0,.349,11.02
105,2015,350,945,1.225,5.346,0,0,.349,11.03
105,2015,350,1000,1.455,8.17,0,0,.348,11.05
105,2015,350,1015,1.996,10.56,0,0,.347,11.1
105,2015,350,1030,2.842,12.25,0,0,.346,11.17
105,2015,350,1045,3.911,13.56,0,0,.345,11.29
105,2015,350,1100,5.111,14.27,0,0,.344,11.44
105,2015,350,1115,6.355,15.13,0,0,.344,11.58
105,2015,350,1130,7.58,16.16,0,0,.343,11.66
105,2015,350,1145,8.76,16.46,0,0,.342,11.71
105,2015,350,1200,9.88,16.61,0,0,.342,11.73
105,2015,350,1215,10.9,17.36,0,0,.342,11.76
105,2015,350,1230,11.86,17.38,0,0,.341,11.79
105,2015,350,1245,12.74,17.14,0,0,.34,11.79
105,2015,350,1300,13.53,16.8,0,0,.34,11.8
105,2015,350,1315,14.2,16.56,0,0,.34,11.78
105,2015,350,1330,14.76,17.09,0,0,.338,11.8
105,2015,350,1345,15.23,17.29,0,0,.339,11.81
105,2015,350,1400,15.66,17.37,0,0,.338,11.82
105,2015,350,1415,16.02,16.1,0,0,.339,11.83
105,2015,350,1430,16.27,14.39,0,0,.339,11.81
105,2015,350,1445,16.35,13.54,0,0,.339,11.77
105,2015,350,1500,16.24,13.17,0,0,.338,11.74
105,2015,350,1515,16,12.74,0,0,.337,11.73
105,2015,350,1530,15.7,13.05,0,0,.337,11.72
105,2015,350,1545,15.39,12.33,0,0,.337,11.71
105,2015,350,1600,15.05,12.02,0,0,.337,11.67
105,2015,350,1615,14.68,11.83,0,0,.337,11.63
105,2015,350,1630,14.32,11.64,0,0,.336,11.61
105,2015,350,1645,13.96,11.41,0,0,.335,11.59
105,2015,350,1700,13.61,11.08,0,0,.335,11.59
105,2015,350,1715,13.27,10.75,0,0,.335,11.55
105,2015,350,1730,12.92,10.14,0,0,.335,11.53
105,2015,350,1745,12.56,9.32,0,0,.335,11.49
105,2015,350,1800,12.17,8.74,0,0,.334,11.44
105,2015,350,1815,11.73,7.95,0,0,.333,11.39
105,2015,350,1830,11.27,7.29,0,0,.333,11.36
105,2015,350,1845,10.78,7.29,0,0,.333,11.3
105,2015,350,1900,10.29,6.862,0,0,.333,11.28
105,2015,350,1915,9.82,6.893,0,0,.333,11.27
105,2015,350,1930,9.37,6.473,0,0,.333,11.24
105,2015,350,1945,8.94,5.671,0,0,.331,11.22
105,2015,350,2000,8.5,5.631,0,0,.331,11.17
105,2015,350,2015,8.07,4.765,0,0,.331,11.14
105,2015,350,2030,7.64,5.163,0,0,.331,11.12
105,2015,350,2045,7.23,5.075,0,0,.331,11.11
105,2015,350,2100,6.867,4.822,0,0,.33,11.09
105,2015,350,2115,6.528,4.86,0,0,.33,11.09
105,2015,350,2130,6.214,4.618,0,0,.329,11.1
105,2015,350,2145,5.912,4.297,0,0,.329,11.09
105,2015,350,2200,5.616,3.668,0,0,.329,11.08
105,2015,350,2215,5.321,4.927,0,0,.328,11.07
105,2015,350,2230,5.064,4.478,0,0,.328,11.08
105,2015,350,2245,4.874,5.133,0,0,.328,11.07
105,2015,350,2300,4.747,5.878,0,0,.327,11.08
105,2015,350,2315,4.698,6.454,0,0,.326,11.1
105,2015,350,2330,4.732,6.635,0,0,.326,11.11
105,2015,350,2345,4.798,6.438,0,0,.326,11.12
105,2015,351,0,4.856,6.516,0,0,.326,11.13
105,2015,351,15,4.9,5.585,0,0,.326,11.14
105,2015,351,30,4.912,4.695,0,0,.326,11.13
105,2015,351,45,4.869,5.438,0,0,.325,11.12
105,2015,351,100,4.804,5.623,0,0,.325,11.12
105,2015,351,115,4.749,5.881,0,0,.324,11.12
105,2015,351,130,4.71,5.299,0,0,.324,11.12
105,2015,351,145,4.665,5.039,0,0,.324,11.12
105,2015,351,200,4.606,5.453,0,0,.323,11.11
105,2015,351,215,4.549,5.678,0,0,.323,11.12
105,2015,351,230,4.508,5.377,0,0,.323,11.1
105,2015,351,245,4.478,4.804,0,0,.323,11.1
105,2015,351,300,4.435,4.911,0,0,.322,11.09
105,2015,351,315,4.391,5.182,0,0,.321,11.09
105,2015,351,330,4.378,5.431,0,0,.321,11.1
105,2015,351,345,4.408,5.566,0,0,.321,11.11
105,2015,351,400,4.464,5.936,0,0,.321,11.12
105,2015,351,415,4.537,6.318,0,0,.32,11.13
105,2015,351,430,4.637,6.481,0,0,.32,11.15
105,2015,351,445,4.762,7.05,0,0,.319,11.18
105,2015,351,500,4.91,7.14,0,0,.319,11.21
105,2015,351,515,5.082,7.43,0,0,.318,11.22
105,2015,351,530,5.261,7.98,0,0,.318,11.26
105,2015,351,545,5.465,8.22,0,0,.318,11.28
105,2015,351,600,5.696,8.45,0,0,.317,11.29
105,2015,351,615,5.941,8.51,0,0,.318,11.3
105,2015,351,630,6.194,8.66,0,0,.317,11.31
105,2015,351,645,6.448,9.19,0,0,.317,11.33
105,2015,351,700,6.708,9.45,0,0,.316,11.36
105,2015,351,715,6.967,9.67,0,0,.316,11.39
105,2015,351,730,7.23,9.84,0,0,.316,11.42
105,2015,351,745,7.5,9.79,0,0,.316,11.42
105,2015,351,800,7.74,9.76,0,0,.316,11.43
105,2015,351,815,7.98,9.74,0,0,.315,11.43
105,2015,351,830,8.19,9.81,0,0,.314,11.45
105,2015,351,845,8.37,9.99,0,0,.314,11.45
105,2015,351,900,8.55,9.98,0,0,.314,11.47
105,2015,351,915,8.7,10.27,0,0,.314,11.46
105,2015,351,930,8.86,10.46,0,0,.314,11.49
105,2015,351,945,9.01,10.51,0,0,.314,11.47
105,2015,351,1000,9.18,10.51,0,0,.314,11.45
105,2015,351,1015,9.35,10.56,0,0,.314,11.49
105,2015,351,1030,9.51,10.62,0,0,.314,11.47
105,2015,351,1045,9.67,10.63,0,0,.314,11.47
105,2015,351,1100,9.81,10.67,0,0,.314,11.5
105,2015,351,1115,9.95,10.83,0,0,.314,11.53
105,2015,351,1130,10.07,10.84,0,0,.314,11.55
105,2015,351,1145,10.19,10.92,0,0,.314,11.55
105,2015,351,1200,10.3,11.07,0,0,.314,11.58
105,2015,351,1215,10.41,11.23,0,0,.314,11.58
105,2015,351,1230,10.52,11.49,0,0,.313,11.59
105,2015,351,1245,10.62,11.56,0,0,.315,11.6
105,2015,351,1300,10.73,11.53,0,0,.315,11.57
105,2015,351,1315,10.83,11.71,0,0,.315,11.57
105,2015,351,1330,10.93,12.07,0,0,.315,11.59
105,2015,351,1345,11.04,13.77,0,0,.313,11.62
105,2015,351,1400,11.14,12.58,0,0,.314,11.64
105,2015,351,1415,11.25,12.46,0,0,.314,11.62
105,2015,351,1430,11.35,12.45,0,0,.314,11.56
105,2015,351,1445,11.44,12.52,0,0,.314,11.59
105,2015,351,1500,11.52,12.67,0,0,.316,11.61
105,2015,351,1515,11.6,12.66,0,0,.317,11.61
105,2015,351,1530,11.68,12.37,0,0,.318,11.55
105,2015,351,1545,11.77,12.29,0,0,.318,11.57
105,2015,351,1600,11.83,12.36,0,0,.319,11.57
105,2015,351,1615,11.89,12.31,0,0,.319,11.58
105,2015,351,1630,11.95,12.17,0,0,.319,11.58
105,2015,351,1645,11.99,12.16,0,0,.319,11.57
105,2015,351,1700,12.01,12.34,0,0,.321,11.62
105,2015,351,1715,12.02,12.42,0,0,.321,11.64
105,2015,351,1730,12.03,13.42,0,0,.321,11.61
105,2015,351,1745,12.02,13.78,0,0,.322,11.63
105,2015,351,1800,12.01,14.63,0,0,.321,11.61
105,2015,351,1815,11.98,15.37,0,0,.321,11.6
105,2015,351,1830,11.94,15.51,0,0,.321,11.59
105,2015,351,1845,11.91,16.53,0,0,.321,11.6
105,2015,351,1900,11.87,16.72,0,0,.322,11.61
105,2015,351,1915,11.83,16.74,0,0,.322,11.59
105,2015,351,1930,11.8,17.28,0,0,.322,11.56
105,2015,351,1945,11.76,18.2,0,0,.321,11.59
105,2015,351,2000,11.73,17.95,0,0,.322,11.61
105,2015,351,2015,11.7,18.13,0,0,.321,11.59
105,2015,351,2030,11.67,18.48,0,0,.321,11.55
105,2015,351,2045,11.64,18.86,0,0,.34,11.53
105,2015,351,2100,11.62,18.82,0,0,.403,11.51
105,2015,351,2115,11.6,18.73,0,0,.512,11.53
105,2015,351,2130,11.57,18.34,0,0,.63,11.57
105,2015,351,2145,11.55,18.29,0,0,.741,11.56
105,2015,351,2200,11.53,18.73,0,0,.857,11.54
105,2015,351,2215,11.52,17.73,0,0,.952,11.58
105,2015,351,2230,11.51,18.61,0,0,1.022,11.59
105,2015,351,2245,11.5,18.39,0,0,1.064,11.57
105,2015,351,2300,11.51,18.08,0,0,1.068,11.58
105,2015,351,2315,11.53,17.37,0,0,1.047,11.6
105,2015,351,2330,11.55,16.38,0,0,1.011,11.6
105,2015,351,2345,11.57,15.46,0,0,.967,11.57
105,2015,352,0,11.58,16.06,0,0,.922,11.58
105,2015,352,15,11.59,14.7,0,0,.885,11.59
105,2015,352,30,11.58,15.43,0,0,.85,11.58
105,2015,352,45,11.57,15.34,0,0,.819,11.56
105,2015,352,100,11.55,14.95,0,0,.8,11.6
105,2015,352,115,11.52,15.99,0,0,.784,11.61
105,2015,352,130,11.49,15.38,0,0,.764,11.63
105,2015,352,145,11.44,14.25,0,0,.743,11.64
105,2015,352,200,11.38,14.49,0,0,.716,11.61
105,2015,352,215,11.3,13.74,0,0,.694,11.59
105,2015,352,230,11.21,14.29,0,0,.672,11.6
105,2015,352,245,11.13,17.96,0,0,.652,11.56
105,2015,352,300,11.06,18.01,0,0,.633,11.56
105,2015,352,315,11.02,18.51,0,0,.615,11.54
105,2015,352,330,10.97,17.63,0,0,.603,11.57
105,2015,352,345,10.93,17.84,0,0,.588,11.58
105,2015,352,400,10.9,16.63,0,0,.576,11.57
105,2015,352,415,10.87,11.01,0,0,.566,11.5
105,2015,352,430,10.83,10.41,0,0,.556,11.52
105,2015,352,445,10.78,10.05,0,0,.547,11.51
105,2015,352,500,10.72,9.67,0,0,.539,11.45
105,2015,352,515,10.63,9.44,0,0,.531,11.43
105,2015,352,530,10.52,9.33,0,0,.524,11.42
105,2015,352,545,10.39,9.09,0,0,.517,11.42
105,2015,352,600,10.26,9.04,0,0,.512,11.37
105,2015,352,615,10.12,9.02,0,0,.504,11.3
105,2015,352,630,9.99,8.9,0,0,.5,11.19
105,2015,352,645,9.85,8.75,0,0,.495,11.19
105,2015,352,700,9.72,8.57,0,0,.491,11.17
105,2015,352,715,9.58,8.42,0,0,.486,11.15
105,2015,352,730,9.44,8.24,0,0,.483,11.13
105,2015,352,745,9.29,8.1,0,0,.478,11.11
105,2015,352,800,9.15,7.94,0,0,.475,11.09
105,2015,352,815,9,7.67,0,0,.471,11.07
105,2015,352,830,8.83,7.44,0,0,.467,11.06
105,2015,352,845,8.67,7.2,0,0,.466,11.08
105,2015,352,900,8.51,6.941,0,0,.462,11.09
105,2015,352,915,8.35,6.921,0,0,.459,11.09
105,2015,352,930,8.18,6.893,0,0,.457,11.07
105,2015,352,945,8.02,6.815,0,0,.455,11.05
105,2015,352,1000,7.86,6.7,0,0,.453,11.03
105,2015,352,1015,7.7,6.582,0,0,.452,11.01
105,2015,352,1030,7.56,6.552,0,0,.45,11
105,2015,352,1045,7.42,6.497,0,0,.449,11
105,2015,352,1100,7.3,6.447,0,0,.448,10.99
105,2015,352,1115,7.2,6.595,0,0,.447,10.99
105,2015,352,1130,7.12,6.64,0,0,.446,10.99
105,2015,352,1145,7.07,6.925,0,0,.446,10.99
105,2015,352,1200,7.06,6.686,0,0,.443,10.99
105,2015,352,1215,7.05,6.95,0,0,.442,10.99
105,2015,352,1230,7.06,7.51,0,0,.44,11
105,2015,352,1245,7.11,7.45,0,0,.439,11
105,2015,352,1300,7.2,7.77,0,0,.437,11.02
105,2015,352,1315,7.31,7.77,0,0,.435,11.01
105,2015,352,1330,7.41,8,0,0,.433,11.02
105,2015,352,1345,7.54,8.2,0,0,.432,11.04
105,2015,352,1400,7.68,7.94,0,0,.431,11.04
105,2015,352,1415,7.81,7.72,0,0,.429,11.04
105,2015,352,1430,7.9,7.83,0,0,.427,11.04
105,2015,352,1445,7.96,7.7,0,0,.424,11.04
105,2015,352,1500,7.99,7.38,0,0,.423,11.03
105,2015,352,1515,7.97,7.58,0,0,.422,11.04
105,2015,352,1530,7.92,7.54,0,0,.421,11.05
105,2015,352,1545,7.88,7.49,0,0,.418,11.04
105,2015,352,1600,7.84,7.64,0,0,.416,11.03
105,2015,352,1615,7.82,7.46,0,0,.415,11.05
105,2015,352,1630,7.81,7.19,0,0,.414,11.04
105,2015,352,1645,7.77,6.519,0,0,.412,11.05
105,2015,352,1700,7.67,6.122,0,0,.411,11.04
105,2015,352,1715,7.51,5.789,0,0,.41,11.05
105,2015,352,1730,7.32,5.637,0,0,.408,11.04
105,2015,352,1745,7.1,5.105,0,0,.407,11.02
105,2015,352,1800,6.848,4.859,0,0,.405,11.01
105,2015,352,1815,6.567,4.899,0,0,.404,10.99
105,2015,352,1830,6.297,4.655,0,0,.403,10.98
105,2015,352,1845,6.03,4.573,0,0,.401,10.96
105,2015,352,1900,5.775,4.388,0,0,.4,10.95
105,2015,352,1915,5.532,4.174,0,0,.399,10.93
105,2015,352,1930,5.297,3.765,0,0,.397,10.94
105,2015,352,1945,5.056,3.463,0,0,.396,10.94
105,2015,352,2000,4.792,3.459,0,0,.396,10.94
105,2015,352,2015,4.531,3.257,0,0,.394,10.93
105,2015,352,2030,4.279,3.141,0,0,.393,10.93
105,2015,352,2045,4.034,3.065,0,0,.393,10.94
105,2015,352,2100,3.804,2.824,0,0,.391,10.94
105,2015,352,2115,3.587,2.531,0,0,.39,10.94
105,2015,352,2130,3.366,2.696,0,0,.39,10.95
105,2015,352,2145,3.17,3.294,0,0,.388,10.95
105,2015,352,2200,3.048,3.372,0,0,.387,10.95
105,2015,352,2215,2.978,2.72,0,0,.386,10.95
105,2015,352,2230,2.898,2.299,0,0,.385,10.95
105,2015,352,2245,2.768,2.147,0,0,.384,10.95
105,2015,352,2300,2.617,2.053,0,0,.383,10.94
105,2015,352,2315,2.454,1.763,0,0,.382,10.92
105,2015,352,2330,2.274,1.441,0,0,.381,10.92
105,2015,352,2345,2.073,1.159,0,0,.38,10.92
105,2015,353,0,1.852,.633,0,0,.379,10.93
105,2015,353,15,1.612,.222,0,0,.378,10.94
105,2015,353,30,1.345,.111,0,0,.377,10.94
105,2015,353,45,1.064,-.213,0,0,.376,10.94
105,2015,353,100,.776,-.627,0,0,.375,10.93
105,2015,353,115,.483,-1.002,0,0,.374,10.93
105,2015,353,130,.197,-.856,0,0,.373,10.93
105,2015,353,145,-.075,-.538,0,0,.373,10.92
105,2015,353,200,-.317,-.354,0,0,.372,10.92
105,2015,353,215,-.535,-.58,0,0,.371,10.92
105,2015,353,230,-.738,-.707,0,0,.37,10.91
105,2015,353,245,-.928,-1.014,0,0,.369,10.91
105,2015,353,300,-1.105,-1.015,0,0,.368,10.91
105,2015,353,315,-1.267,-.635,0,0,.367,10.92
105,2015,353,330,-1.374,-.139,0,0,.367,10.91
105,2015,353,345,-1.405,.748,0,0,.366,10.9
105,2015,353,400,-1.349,1.084,0,0,.364,10.9
105,2015,353,415,-1.233,.865,0,0,.365,10.89
105,2015,353,430,-1.097,.094,0,0,.364,10.89
105,2015,353,445,-1.015,-.048,0,0,.363,10.87
105,2015,353,500,-.986,-.236,0,0,.363,10.87
105,2015,353,515,-1.002,-.329,0,0,.362,10.86
105,2015,353,530,-1.044,-.926,0,0,.362,10.86
105,2015,353,545,-1.133,-1.24,0,0,.362,10.87
105,2015,353,600,-1.281,-1.339,0,0,.361,10.87
105,2015,353,615,-1.449,-1.119,0,0,.359,10.86
105,2015,353,630,-1.608,-1.389,0,0,.36,10.86
105,2015,353,645,-1.764,-1.702,0,0,.359,10.86
105,2015,353,700,-1.936,-1.633,0,0,.358,10.86
105,2015,353,715,-2.104,-1.621,0,0,.358,10.86
105,2015,353,730,-2.251,-2.009,0,0,.357,10.85
105,2015,353,745,-2.386,-2.155,0,0,.356,10.85
105,2015,353,800,-2.528,-2.264,0,0,.356,10.85
105,2015,353,815,-2.672,-2.397,0,0,.356,10.85
105,2015,353,830,-2.817,-2.547,0,0,.355,10.85
105,2015,353,845,-2.971,-2.488,0,0,.354,10.85
105,2015,353,900,-3.13,-2.464,0,0,.354,10.85
105,2015,353,915,-3.272,-2.214,0,0,.354,10.85
105,2015,353,930,-3.381,-1.793,0,0,.354,10.85
105,2015,353,945,-3.442,-.077,0,0,.353,10.85
105,2015,353,1000,-3.329,2.406,0,0,.352,10.87
105,2015,353,1015,-2.943,4.134,0,0,.351,10.89
105,2015,353,1030,-2.278,5.041,0,0,.351,10.91
105,2015,353,1045,-1.414,5.278,0,0,.35,10.93
105,2015,353,1100,-.458,6.397,0,0,.349,10.95
105,2015,353,1115,.54,6.894,0,0,.349,10.97
105,2015,353,1130,1.548,7.57,0,0,.348,11.01
105,2015,353,1145,2.531,7.93,0,0,.347,11.02
105,2015,353,1200,3.474,7.65,0,0,.347,11.05
105,2015,353,1215,4.359,7.84,0,0,.347,11.05
105,2015,353,1230,5.144,6.393,0,0,.347,11.05
105,2015,353,1245,5.706,6.151,0,0,.347,11.02
105,2015,353,1300,6.055,6.975,0,0,.345,11.02
105,2015,353,1315,6.357,7.64,0,0,.345,11.03
105,2015,353,1330,6.702,8.5,0,0,.345,11.07
105,2015,353,1345,7.11,8.48,0,0,.344,11.09
105,2015,353,1400,7.53,8.59,0,0,.344,11.12
105,2015,353,1415,7.93,7.86,0,0,.344,11.13
105,2015,353,1430,8.26,7.41,0,0,.344,11.11
105,2015,353,1445,8.46,6.562,0,0,.343,11.06
105,2015,353,1500,8.49,6.517,0,0,.343,11.06
105,2015,353,1515,8.41,6.035,0,0,.342,11.04
105,2015,353,1530,8.24,5.828,0,0,.342,11.04
105,2015,353,1545,7.99,5.161,0,0,.342,11.02
105,2015,353,1600,7.68,4.916,0,0,.342,10.99
105,2015,353,1615,7.33,4.679,0,0,.342,10.99
105,2015,353,1630,6.956,4.473,0,0,.341,10.99
105,2015,353,1645,6.578,4.489,0,0,.341,10.99
105,2015,353,1700,6.204,4.313,0,0,.34,10.99
105,2015,353,1715,5.836,3.77,0,0,.34,10.99
105,2015,353,1730,5.473,3.739,0,0,.34,10.98
105,2015,353,1745,5.112,3.533,0,0,.339,10.97
105,2015,353,1800,4.761,3.071,0,0,.338,10.97
105,2015,353,1815,4.413,2.699,0,0,.339,10.97
105,2015,353,1830,4.054,2.407,0,0,.338,10.97
105,2015,353,1845,3.689,2.232,0,0,.337,10.96
105,2015,353,1900,3.327,1.819,0,0,.337,10.96
105,2015,353,1915,2.97,1.392,0,0,.337,10.95
105,2015,353,1930,2.615,.571,0,0,.337,10.94
105,2015,353,1945,2.251,.248,0,0,.337,10.94
105,2015,353,2000,1.872,.513,0,0,.335,10.93
105,2015,353,2015,1.493,.304,0,0,.335,10.92
105,2015,353,2030,1.134,-.04,0,0,.335,10.91
105,2015,353,2045,.799,-.654,0,0,.334,10.91
105,2015,353,2100,.47,-.923,0,0,.334,10.91
105,2015,353,2115,.145,-1.171,0,0,.334,10.91
105,2015,353,2130,-.182,-1.638,0,0,.333,10.9
105,2015,353,2145,-.509,-2.194,0,0,.333,10.89
105,2015,353,2200,-.836,-2.242,0,0,.332,10.89
105,2015,353,2215,-1.162,-2.527,0,0,.332,10.89
105,2015,353,2230,-1.474,-2.755,0,0,.332,10.88
105,2015,353,2245,-1.775,-2.772,0,0,.331,10.88
105,2015,353,2300,-2.064,-3.134,0,0,.33,10.87
105,2015,353,2315,-2.339,-3.354,0,0,.33,10.86
105,2015,353,2330,-2.607,-3.169,0,0,.33,10.86
105,2015,353,2345,-2.851,-3.086,0,0,.33,10.85
105,2015,354,0,-3.069,-2.915,0,0,.329,10.86
105,2015,354,15,-3.263,-3.716,0,0,.329,10.85
105,2015,354,30,-3.451,-3.705,0,0,.328,10.85
105,2015,354,45,-3.641,-3.84,0,0,.328,10.84
105,2015,354,100,-3.823,-4.182,0,0,.328,10.84
105,2015,354,115,-4.002,-4.177,0,0,.327,10.83
105,2015,354,130,-4.172,-3.865,0,0,.327,10.83
105,2015,354,145,-4.328,-3.609,0,0,.326,10.82
105,2015,354,200,-4.451,-3.908,0,0,.326,10.82
105,2015,354,215,-4.561,-4.217,0,0,.326,10.82
105,2015,354,230,-4.678,-4.617,0,0,.326,10.82
105,2015,354,245,-4.806,-4.505,0,0,.325,10.81
105,2015,354,300,-4.936,-4.682,0,0,.325,10.81
105,2015,354,315,-5.057,-4.729,0,0,.324,10.8
105,2015,354,330,-5.176,-5.089,0,0,.324,10.8
105,2015,354,345,-5.297,-4.856,0,0,.323,10.79
105,2015,354,400,-5.415,-4.86,0,0,.323,10.79
105,2015,354,415,-5.525,-4.606,0,0,.323,10.79
105,2015,354,430,-5.622,-4.469,0,0,.323,10.79
105,2015,354,445,-5.692,-4.942,0,0,.322,10.78
105,2015,354,500,-5.747,-4.621,0,0,.321,10.78
105,2015,354,515,-5.803,-4.806,0,0,.321,10.78
105,2015,354,530,-5.859,-5.278,0,0,.321,10.78
105,2015,354,545,-5.923,-4.996,0,0,.321,10.77
105,2015,354,600,-5.997,-5.399,0,0,.32,10.77
105,2015,354,615,-6.067,-5.091,0,0,.319,10.77
105,2015,354,630,-6.116,-5.168,0,0,.319,10.76
105,2015,354,645,-6.143,-5.214,0,0,.319,10.76
105,2015,354,700,-6.168,-5.236,0,0,.318,10.76
105,2015,354,715,-6.196,-4.859,0,0,.318,10.75
105,2015,354,730,-6.223,-5.509,0,0,.318,10.75
105,2015,354,745,-6.25,-5.078,0,0,.317,10.75
105,2015,354,800,-6.285,-5.244,0,0,.316,10.75
105,2015,354,815,-6.316,-5.436,0,0,.316,10.74
105,2015,354,830,-6.358,-4.341,0,0,.315,10.74
105,2015,354,845,-6.387,-4.562,0,0,.314,10.75
105,2015,354,900,-6.387,-4.905,0,0,.314,10.74
105,2015,354,915,-6.373,-4.529,0,0,.313,10.74
105,2015,354,930,-6.345,-4.06,0,0,.313,10.74
105,2015,354,945,-6.282,-1.374,0,0,.312,10.75
105,2015,354,1000,-6.048,1.776,0,0,.311,10.77
105,2015,354,1015,-5.493,3.703,0,0,.31,10.8
105,2015,354,1030,-4.642,4.724,0,0,.309,10.83
105,2015,354,1045,-3.595,4.793,0,0,.309,10.85
105,2015,354,1100,-2.467,4.517,0,0,.308,10.85
105,2015,354,1115,-1.353,5.544,0,0,.307,10.85
105,2015,354,1130,-.278,5.611,0,0,.307,10.87
105,2015,354,1145,.73,6.211,0,0,.307,10.86
105,2015,354,1200,1.669,7.1,0,0,.307,10.88
105,2015,354,1215,2.563,7.59,0,0,.307,10.9
105,2015,354,1230,3.432,8.79,0,0,.307,10.94
105,2015,354,1245,4.309,10.16,0,0,.306,11.04
105,2015,354,1300,5.217,9.57,0,0,.305,11.07
105,2015,354,1315,6.068,9.91,0,0,.306,11.13
105,2015,354,1330,6.834,10.82,0,0,.305,11.19
105,2015,354,1345,7.53,10.78,0,0,.305,11.3
105,2015,354,1400,8.17,11.19,0,0,.306,11.37
105,2015,354,1415,8.76,10.01,0,0,.306,11.33
105,2015,354,1430,9.22,9.22,0,0,.306,11.25
105,2015,354,1445,9.47,8.8,0,0,.305,11.29
105,2015,354,1500,9.55,8.24,0,0,.306,11.25
105,2015,354,1515,9.49,7.87,0,0,.305,11.26
105,2015,354,1530,9.3,6.943,0,0,.305,11.22
105,2015,354,1545,9.04,6.43,0,0,.306,11.15
105,2015,354,1600,8.73,5.957,0,0,.305,11.09
105,2015,354,1615,8.39,6.178,0,0,.305,11.06
105,2015,354,1630,8.06,6.352,0,0,.306,11.06
105,2015,354,1645,7.79,6.278,0,0,.306,11.05
105,2015,354,1700,7.55,5.899,0,0,.306,11.06
105,2015,354,1715,7.32,5.467,0,0,.306,11.04
105,2015,354,1730,7.08,4.762,0,0,.306,11.04
105,2015,354,1745,6.81,4.235,0,0,.306,11
105,2015,354,1800,6.51,3.815,0,0,.306,10.98
105,2015,354,1815,6.177,3.005,0,0,.305,10.97
105,2015,354,1830,5.8,2.375,0,0,.305,10.95
105,2015,354,1845,5.379,2.288,0,0,.305,10.94
105,2015,354,1900,4.93,2.009,0,0,.306,10.92
105,2015,354,1915,4.487,1.737,0,0,.306,10.91
105,2015,354,1930,4.06,.535,0,0,.305,10.9
105,2015,354,1945,3.627,.006,0,0,.306,10.89
105,2015,354,2000,3.174,-.278,0,0,.305,10.88
105,2015,354,2015,2.717,-.412,0,0,.306,10.87
105,2015,354,2030,2.281,-.486,0,0,.305,10.87
105,2015,354,2045,1.871,-.586,0,0,.305,10.86
105,2015,354,2100,1.486,-1.117,0,0,.306,10.86
105,2015,354,2115,1.119,-1.032,0,0,.306,10.86
105,2015,354,2130,.775,-1.013,0,0,.306,10.85
105,2015,354,2145,.453,-.864,0,0,.305,10.85
105,2015,354,2200,.162,-.566,0,0,.304,10.85
105,2015,354,2215,-.093,-.69,0,0,.304,10.85
105,2015,354,2230,-.316,-1.066,0,0,.304,10.85
105,2015,354,2245,-.518,-.691,0,0,.304,10.85
105,2015,354,2300,-.701,-.667,0,0,.304,10.85
105,2015,354,2315,-.856,-.593,0,0,.304,10.85
105,2015,354,2330,-.985,-.374,0,0,.302,10.84
105,2015,354,2345,-1.085,-.332,0,0,.302,10.85
105,2015,355,0,-1.154,.182,0,0,.302,10.84
105,2015,355,15,-1.188,.388,0,0,.302,10.86
105,2015,355,30,-1.195,.476,0,0,.302,10.87
105,2015,355,45,-1.185,.708,0,0,.3,10.87
105,2015,355,100,-1.147,.57,0,0,.3,10.88
105,2015,355,115,-1.098,1.034,0,0,.3,10.88
105,2015,355,130,-1.031,1.364,0,0,.3,10.88
105,2015,355,145,-.931,1.402,0,0,.3,10.89
105,2015,355,200,-.809,1.694,0,0,.299,10.89
105,2015,355,215,-.666,2.263,0,0,.299,10.89
105,2015,355,230,-.491,2.245,0,0,.298,10.9
105,2015,355,245,-.303,2.17,0,0,.298,10.9
105,2015,355,300,-.128,1.947,0,0,.298,10.91
105,2015,355,315,.013,1.814,0,0,.298,10.91
105,2015,355,330,.117,1.504,0,0,.298,10.91
105,2015,355,345,.174,1.397,0,0,.298,10.91
105,2015,355,400,.198,.91,0,0,.298,10.9
105,2015,355,415,.193,.731,0,0,.297,10.9
105,2015,355,430,.16,.921,0,0,.297,10.9
105,2015,355,445,.112,.956,0,0,.297,10.9
105,2015,355,500,.056,.595,0,0,.297,10.9
105,2015,355,515,-.003,.647,0,0,.297,10.9
105,2015,355,530,-.06,.774,0,0,.296,10.89
105,2015,355,545,-.109,.568,0,0,.297,10.89
105,2015,355,600,-.151,.679,0,0,.295,10.89
105,2015,355,615,-.186,1.014,0,0,.295,10.89
105,2015,355,630,-.203,1.141,0,0,.295,10.89
105,2015,355,645,-.201,1.277,0,0,.295,10.89
105,2015,355,700,-.185,1.451,0,0,.295,10.9
105,2015,355,715,-.153,1.176,0,0,.295,10.9
105,2015,355,730,-.115,1.353,0,0,.293,10.9
105,2015,355,745,-.073,1.6,0,0,.293,10.9
105,2015,355,800,-.021,1.23,0,0,.293,10.9
105,2015,355,815,.032,1.333,0,0,.293,10.9
105,2015,355,830,.073,1.292,0,0,.293,10.89
105,2015,355,845,.106,1.572,0,0,.292,10.89
105,2015,355,900,.139,1.629,0,0,.292,10.88
105,2015,355,915,.173,1.254,0,0,.291,10.89
105,2015,355,930,.196,1.64,0,0,.291,10.89
105,2015,355,945,.238,2.745,0,0,.291,10.9
105,2015,355,1000,.356,4.101,0,0,.291,10.91
105,2015,355,1015,.598,5.171,0,0,.289,10.93
105,2015,355,1030,.978,6.132,0,0,.289,10.94
105,2015,355,1045,1.463,7.43,0,0,.289,10.98
105,2015,355,1100,2.039,8.11,0,0,.288,11.05
105,2015,355,1115,2.66,8.81,0,0,.288,11.12
105,2015,355,1130,3.313,9.42,0,0,.288,11.17
105,2015,355,1145,3.987,10.56,0,0,.288,11.21
105,2015,355,1200,4.709,12.03,0,0,.288,11.29
105,2015,355,1215,5.524,12.83,0,0,.286,11.37
105,2015,355,1230,6.398,13.18,0,0,.286,11.45
105,2015,355,1245,7.27,13.01,0,0,.286,11.48
105,2015,355,1300,8.05,12.93,0,0,.286,11.46
105,2015,355,1315,8.72,13.29,0,0,.286,11.51
105,2015,355,1330,9.33,14.11,0,0,.286,11.56
105,2015,355,1345,9.92,14.63,0,0,.286,11.59
105,2015,355,1400,10.5,15.33,0,0,.286,11.66
105,2015,355,1415,11.1,15.62,0,0,.285,11.67
105,2015,355,1430,11.69,15.77,0,0,.284,11.69
105,2015,355,1445,12.25,15.52,0,0,.284,11.7
105,2015,355,1500,12.73,15.38,0,0,.284,11.7
105,2015,355,1515,13.13,15.04,0,0,.284,11.71
105,2015,355,1530,13.42,14.34,0,0,.283,11.71
105,2015,355,1545,13.61,13.96,0,0,.284,11.71
105,2015,355,1600,13.73,14.25,0,0,.284,11.71
105,2015,355,1615,13.8,14.66,0,0,.283,11.69
105,2015,355,1630,13.88,14.81,0,0,.284,11.7
105,2015,355,1645,13.97,14.47,0,0,.283,11.71
105,2015,355,1700,14.03,14.14,0,0,.284,11.68
105,2015,355,1715,14.06,13.51,0,0,.283,11.67
105,2015,355,1730,14.05,13.08,0,0,.283,11.67
105,2015,355,1745,14,12.93,0,0,.284,11.65
105,2015,355,1800,13.92,12.41,0,0,.283,11.63
105,2015,355,1815,13.8,12.28,0,0,.284,11.6
105,2015,355,1830,13.66,11.78,0,0,.283,11.61
105,2015,355,1845,13.51,11.54,0,0,.283,11.6
105,2015,355,1900,13.34,11.29,0,0,.283,11.59
105,2015,355,1915,13.16,11.2,0,0,.283,11.57
105,2015,355,1930,12.98,10.77,0,0,.283,11.57
105,2015,355,1945,12.79,10.59,0,0,.283,11.55
105,2015,355,2000,12.59,10.97,0,0,.283,11.51
105,2015,355,2015,12.41,11.07,0,0,.283,11.52
105,2015,355,2030,12.25,11.37,0,0,.282,11.5
105,2015,355,2045,12.1,11.6,0,0,.283,11.51
105,2015,355,2100,11.98,11.6,0,0,.283,11.52
105,2015,355,2115,11.89,11.75,0,0,.283,11.52
105,2015,355,2130,11.82,12.16,0,0,.282,11.53
105,2015,355,2145,11.77,12.07,0,0,.282,11.51
105,2015,355,2200,11.75,12.36,0,0,.282,11.56
105,2015,355,2215,11.77,12.38,0,0,.282,11.56
105,2015,355,2230,11.79,12.04,0,0,.281,11.57
105,2015,355,2245,11.81,12.01,0,0,.281,11.56
105,2015,355,2300,11.81,12.04,0,0,.281,11.57
105,2015,355,2315,11.79,11.71,0,0,.281,11.58
105,2015,355,2330,11.76,11.58,0,0,.281,11.58
105,2015,355,2345,11.7,11.14,0,0,.281,11.57
105,2015,356,0,11.61,11.11,0,0,.281,11.54
105,2015,356,15,11.51,11.14,0,0,.281,11.55
105,2015,356,30,11.4,11.12,0,0,.281,11.54
105,2015,356,45,11.31,11.3,0,0,.281,11.55
105,2015,356,100,11.24,11.26,0,0,.281,11.55
105,2015,356,115,11.19,11.4,0,0,.28,11.56
105,2015,356,130,11.16,11.54,0,0,.28,11.56
105,2015,356,145,11.15,11.67,0,0,.279,11.56
105,2015,356,200,11.17,11.59,0,0,.279,11.57
105,2015,356,215,11.19,11.67,0,0,.279,11.56
105,2015,356,230,11.22,11.47,0,0,.279,11.55
105,2015,356,245,11.24,11.65,0,0,.279,11.58
105,2015,356,300,11.27,11.7,0,0,.279,11.6
105,2015,356,315,11.29,11.81,0,0,.279,11.59
105,2015,356,330,11.33,11.73,0,0,.278,11.6
105,2015,356,345,11.36,11.82,0,0,.278,11.59
105,2015,356,400,11.39,11.81,0,0,.277,11.62
105,2015,356,415,11.41,11.58,0,0,.277,11.6
105,2015,356,430,11.42,11.52,0,0,.277,11.58
105,2015,356,445,11.42,11.78,0,0,.277,11.58
105,2015,356,500,11.42,11.53,0,0,.277,11.56
105,2015,356,515,11.41,11.36,0,0,.277,11.59
105,2015,356,530,11.39,11.3,0,0,.277,11.59
105,2015,356,545,11.36,11.33,0,0,.277,11.59
105,2015,356,600,11.33,11.41,0,0,.276,11.6
105,2015,356,615,11.31,11.46,0,0,.276,11.59
105,2015,356,630,11.29,11.61,0,0,.276,11.58
105,2015,356,645,11.28,11.68,0,0,.276,11.58
105,2015,356,700,11.29,11.86,0,0,.276,11.58
105,2015,356,715,11.31,12.02,0,0,.275,11.6
105,2015,356,730,11.35,12.06,0,0,.276,11.62
105,2015,356,745,11.4,12.17,0,0,.275,11.61
105,2015,356,800,11.46,12.34,0,0,.275,11.61
105,2015,356,815,11.53,13.45,0,0,.275,11.6
105,2015,356,830,11.61,13.34,0,0,.275,11.58
105,2015,356,845,11.68,12.75,0,0,.276,11.59
105,2015,356,900,11.74,12.24,0,0,.276,11.62
105,2015,356,915,11.8,12.14,0,0,.277,11.61
105,2015,356,930,11.84,12.09,0,0,.279,11.62
105,2015,356,945,11.88,12.38,0,0,.281,11.61
105,2015,356,1000,11.93,12.97,0,0,.282,11.53
105,2015,356,1015,11.99,13.14,0,0,.283,11.57
105,2015,356,1030,12.08,12.93,0,0,.285,11.56
105,2015,356,1045,12.18,13,0,0,.286,11.49
105,2015,356,1100,12.26,13.23,0,0,.286,11.53
105,2015,356,1115,12.33,13.09,0,0,.286,11.57
105,2015,356,1130,12.4,13.16,0,0,.287,11.58
105,2015,356,1145,12.47,13.42,0,0,.287,11.57
105,2015,356,1200,12.55,14.07,0,0,.288,11.62
105,2015,356,1215,12.66,14.35,0,0,.288,11.66
105,2015,356,1230,12.84,14.81,0,0,.287,11.7
105,2015,356,1245,13.08,15.22,0,0,.288,11.72
105,2015,356,1300,13.36,15.36,0,0,.287,11.74
105,2015,356,1315,13.66,15.35,0,0,.288,11.75
105,2015,356,1330,13.95,15.61,0,0,.287,11.74
105,2015,356,1345,14.23,15.95,0,0,.287,11.74
105,2015,356,1400,14.49,16.18,0,0,.287,11.76
105,2015,356,1415,14.76,16.15,0,0,.288,11.77
105,2015,356,1430,15,16.18,0,0,.287,11.77
105,2015,356,1445,15.22,16.15,0,0,.288,11.77
105,2015,356,1500,15.41,16.13,0,0,.287,11.77
105,2015,356,1515,15.57,16.3,0,0,.288,11.77
105,2015,356,1530,15.72,16.36,0,0,.287,11.76
105,2015,356,1545,15.86,16.37,0,0,.286,11.77
105,2015,356,1600,15.99,16.39,0,0,.288,11.78
105,2015,356,1615,16.1,16.36,0,0,.289,11.77
105,2015,356,1630,16.2,16.44,0,0,.287,11.77
105,2015,356,1645,16.28,16.38,0,0,.287,11.78
105,2015,356,1700,16.35,16.25,0,0,.287,11.79
105,2015,356,1715,16.4,16.17,0,0,.287,11.79
105,2015,356,1730,16.43,16.08,0,0,.288,11.78
105,2015,356,1745,16.44,16.02,0,0,.287,11.78
105,2015,356,1800,16.44,15.85,0,0,.288,11.78
105,2015,356,1815,16.42,15.71,0,0,.288,11.78
105,2015,356,1830,16.38,15.69,0,0,.287,11.78
105,2015,356,1845,16.33,15.32,0,0,.288,11.76
105,2015,356,1900,16.25,15.12,0,0,.287,11.76
105,2015,356,1915,16.15,15.19,0,0,.288,11.75
105,2015,356,1930,16.05,15.26,0,0,.287,11.74
105,2015,356,1945,15.95,15.15,0,0,.289,11.74
105,2015,356,2000,15.85,14.85,0,0,.288,11.74
105,2015,356,2015,15.72,14.8,0,0,.288,11.73
105,2015,356,2030,15.58,14.62,0,0,.288,11.72
105,2015,356,2045,15.44,14.66,0,0,.288,11.72
105,2015,356,2100,15.31,14.84,0,0,.288,11.73
105,2015,356,2115,15.21,14.73,0,0,.288,11.74
105,2015,356,2130,15.13,14.88,0,0,.288,11.74
105,2015,356,2145,15.06,15.06,0,0,.287,11.73
105,2015,356,2200,15.01,15.16,0,0,.287,11.73
105,2015,356,2215,14.98,15.17,0,0,.287,11.73
105,2015,356,2230,14.97,15.08,0,0,.287,11.73
105,2015,356,2245,14.96,15.05,0,0,.287,11.74
105,2015,356,2300,14.95,14.82,0,0,.287,11.75
105,2015,356,2315,14.93,14.94,0,0,.287,11.74
105,2015,356,2330,14.91,14.69,0,0,.287,11.75
105,2015,356,2345,14.89,14.67,0,0,.287,11.75
105,2015,357,0,14.86,14.6,0,0,.287,11.75
105,2015,357,15,14.83,14.59,0,0,.287,11.75
105,2015,357,30,14.8,14.56,0,0,.286,11.75
105,2015,357,45,14.78,14.59,0,0,.287,11.75
105,2015,357,100,14.75,14.62,0,0,.286,11.74
105,2015,357,115,14.73,14.6,0,0,.286,11.75
105,2015,357,130,14.71,14.57,0,0,.286,11.75
105,2015,357,145,14.68,14.5,0,0,.286,11.76
105,2015,357,200,14.66,14.24,0,0,.286,11.75
105,2015,357,215,14.63,13.89,0,0,.286,11.74
105,2015,357,230,14.59,13.76,0,0,.285,11.74
105,2015,357,245,14.53,13.6,0,0,.285,11.74
105,2015,357,300,14.47,13.74,0,0,.284,11.74
105,2015,357,315,14.41,13.78,0,0,.284,11.74
105,2015,357,330,14.35,13.65,0,0,.283,11.74
105,2015,357,345,14.28,13.57,0,0,.284,11.74
105,2015,357,400,14.23,13.47,0,0,.284,11.72
105,2015,357,415,14.17,13.41,0,0,.284,11.73
105,2015,357,430,14.11,13.43,0,0,.284,11.72
105,2015,357,445,14.06,13.55,0,0,.282,11.72
105,2015,357,500,14.01,13.54,0,0,.282,11.72
105,2015,357,515,13.97,13.46,0,0,.282,11.72
105,2015,357,530,13.93,13.48,0,0,.283,11.72
105,2015,357,545,13.89,13.46,0,0,.281,11.72
105,2015,357,600,13.85,13.37,0,0,.281,11.72
105,2015,357,615,13.82,13.33,0,0,.281,11.72
105,2015,357,630,13.78,13.28,0,0,.28,11.71
105,2015,357,645,13.74,13.32,0,0,.281,11.72
105,2015,357,700,13.7,13.54,0,0,.281,11.71
105,2015,357,715,13.67,13.49,0,0,.281,11.71
105,2015,357,730,13.64,13.38,0,0,.281,11.69
105,2015,357,745,13.62,13.31,0,0,.281,11.7
105,2015,357,800,13.59,13.22,0,0,.281,11.7
105,2015,357,815,13.55,13.26,0,0,.281,11.7
105,2015,357,830,13.52,13.28,0,0,.281,11.7
105,2015,357,845,13.49,13.48,0,0,.281,11.69
105,2015,357,900,13.45,13.41,0,0,.281,11.69
105,2015,357,915,13.43,13.46,0,0,.281,11.69
105,2015,357,930,13.41,13.56,0,0,.281,11.69
105,2015,357,945,13.4,13.86,0,0,.281,11.69
105,2015,357,1000,13.4,14.06,0,0,.279,11.7
105,2015,357,1015,13.43,14.3,0,0,.279,11.71
105,2015,357,1030,13.47,14.58,0,0,.279,11.72
105,2015,357,1045,13.53,14.89,0,0,.279,11.73
105,2015,357,1100,13.62,15.37,0,0,.279,11.74
105,2015,357,1115,13.75,15.7,0,0,.279,11.75
105,2015,357,1130,13.92,15.87,0,0,.279,11.75
105,2015,357,1145,14.1,16.05,0,0,.279,11.76
105,2015,357,1200,14.29,16.19,0,0,.279,11.76
105,2015,357,1215,14.48,16.35,0,0,.279,11.76
105,2015,357,1230,14.66,16.51,0,0,.279,11.76
105,2015,357,1245,14.84,16.65,0,0,.279,11.76
105,2015,357,1300,15,16.62,0,0,.279,11.77
105,2015,357,1315,15.16,16.49,0,0,.28,11.77
105,2015,357,1330,15.29,16.8,0,0,.28,11.78
105,2015,357,1345,15.42,17.25,0,0,.28,11.78
105,2015,357,1400,15.56,17.53,0,0,.287,11.77
105,2015,357,1415,15.73,17.5,0,0,.291,11.76
105,2015,357,1430,15.89,17.48,0,0,.292,11.77
105,2015,357,1445,16.02,17.45,0,0,.294,11.77
105,2015,357,1500,16.13,17.9,0,0,.297,11.77
105,2015,357,1515,16.23,17.68,0,0,.299,11.75
105,2015,357,1530,16.31,17.09,0,0,.299,11.74
105,2015,357,1545,16.37,16.8,0,0,.299,11.73
105,2015,357,1600,16.39,16.71,0,0,.3,11.72
105,2015,357,1615,16.38,17.49,0,0,.3,11.71
105,2015,357,1630,16.35,17.62,0,0,.301,11.7
105,2015,357,1645,16.31,16.75,0,0,.304,11.71
105,2015,357,1700,16.28,16.94,0,0,.305,11.73
105,2015,357,1715,16.25,17.23,0,0,.305,11.73
105,2015,357,1730,16.23,17.54,0,0,.306,11.72
105,2015,357,1745,16.21,18.12,0,0,.31,11.73
105,2015,357,1800,16.2,18.68,0,0,.312,11.73
105,2015,357,1815,16.19,19.57,0,0,.312,11.74
105,2015,357,1830,16.18,17.91,0,0,.314,11.74
105,2015,357,1845,16.19,17.11,0,0,.318,11.72
105,2015,357,1900,16.21,18.77,0,0,.316,11.72
105,2015,357,1915,16.24,18.59,0,0,.318,11.72
105,2015,357,1930,16.29,20.01,0,0,.318,11.73
105,2015,357,1945,16.36,20.98,0,0,.319,11.74
105,2015,357,2000,16.43,22.09,0,0,.321,11.75
105,2015,357,2015,16.49,21.43,0,0,.319,11.76
105,2015,357,2030,16.52,22.64,0,0,.318,11.77
105,2015,357,2045,16.54,20.84,0,0,.32,11.77
105,2015,357,2100,16.56,19.24,0,0,.326,11.76
105,2015,357,2115,16.58,19.5,0,0,.331,11.78
105,2015,357,2130,16.58,19.88,0,0,.334,11.78
105,2015,357,2145,16.58,22.26,0,0,.337,11.77
105,2015,357,2200,16.57,23.08,0,0,.338,11.77
105,2015,357,2215,16.57,22.39,0,0,.336,11.76
105,2015,357,2230,16.57,22.24,0,0,.336,11.76
105,2015,357,2245,16.59,22.06,0,0,.336,11.77
105,2015,357,2300,16.65,21.74,0,0,.336,11.78
105,2015,357,2315,16.72,21.13,0,0,.335,11.79
105,2015,357,2330,16.77,22.07,0,0,.336,11.79
105,2015,357,2345,16.81,22.07,0,0,.337,11.8
105,2015,358,0,16.83,21.76,0,0,.335,11.79
105,2015,358,15,16.83,22.25,0,0,.336,11.79
105,2015,358,30,16.82,21.91,0,0,.336,11.79
105,2015,358,45,16.79,21.69,0,0,.336,11.8
105,2015,358,100,16.75,21.91,0,0,.335,11.79
105,2015,358,115,16.69,21.84,0,0,.336,11.78
105,2015,358,130,16.61,22.74,0,0,.336,11.75
105,2015,358,145,16.54,23.96,0,0,.337,11.76
105,2015,358,200,16.58,23.64,0,0,.334,11.78
105,2015,358,215,16.8,23.15,0,0,.335,11.8
105,2015,358,230,17.08,21.31,0,0,.336,11.81
105,2015,358,245,17.32,22.48,0,0,.336,11.82
105,2015,358,300,17.51,21.36,0,0,.337,11.82
105,2015,358,315,17.67,21.04,0,0,.337,11.83
105,2015,358,330,17.81,21.69,0,0,.337,11.83
105,2015,358,345,17.92,21.87,0,0,.336,11.82
105,2015,358,400,17.98,20.62,0,0,.337,11.81
105,2015,358,415,18,18.93,0,0,.336,11.81
105,2015,358,430,18.02,19.07,0,0,.337,11.81
105,2015,358,445,18.06,18.83,0,0,.335,11.81
105,2015,358,500,18.1,18.77,0,0,.336,11.82
105,2015,358,515,18.13,18.47,0,0,.334,11.83
105,2015,358,530,18.12,17.87,0,0,.336,11.83
105,2015,358,545,18.09,17.33,0,0,.335,11.82
105,2015,358,600,18.01,17.89,0,0,.335,11.79
105,2015,358,615,17.95,18.67,0,0,.336,11.77
105,2015,358,630,17.94,18.89,0,0,.335,11.79
105,2015,358,645,17.98,18.78,0,0,.332,11.79
105,2015,358,700,18.02,18.77,0,0,.334,11.8
105,2015,358,715,18.08,18.57,0,0,.333,11.8
105,2015,358,730,18.12,18.8,0,0,.334,11.8
105,2015,358,745,18.15,21.47,0,0,.333,11.8
105,2015,358,800,18.18,22.94,0,0,.333,11.79
105,2015,358,815,18.2,22.97,0,0,.334,11.79
105,2015,358,830,18.21,24.44,0,0,.332,11.78
105,2015,358,845,18.23,25.25,0,0,.333,11.78
105,2015,358,900,18.26,26.37,0,0,.332,11.79
105,2015,358,915,18.28,25.59,0,0,.331,11.79
105,2015,358,930,18.27,25.44,0,0,.333,11.77
105,2015,358,945,18.24,26.29,0,0,.332,11.77
105,2015,358,1000,18.23,27.13,0,0,.333,11.77
105,2015,358,1015,18.3,28.32,0,0,.334,11.78
105,2015,358,1030,18.45,28,0,0,.332,11.79
105,2015,358,1045,18.62,28.29,0,0,.333,11.81
105,2015,358,1100,18.78,20.85,0,0,.333,11.81
105,2015,358,1115,18.84,18.29,0,0,.333,11.8
105,2015,358,1130,18.82,19.05,0,0,.334,11.78
105,2015,358,1145,18.82,20.59,0,0,.334,11.79
105,2015,358,1200,18.9,20.82,0,0,.334,11.81
105,2015,358,1215,19.03,20.67,0,0,.333,11.82
105,2015,358,1230,19.16,20.76,0,0,.332,11.83
105,2015,358,1245,19.29,21.14,0,0,.334,11.84
105,2015,358,1300,19.45,21.58,0,0,.331,11.85
105,2015,358,1315,19.66,21.73,0,0,.333,11.85
105,2015,358,1330,19.88,21.72,0,0,.332,11.86
105,2015,358,1345,20.1,21.16,0,0,.332,11.86
105,2015,358,1400,20.24,20.61,0,0,.332,11.86
105,2015,358,1415,20.31,20.42,0,0,.331,11.85
105,2015,358,1430,20.32,20.63,0,0,.331,11.85
105,2015,358,1445,20.33,21.1,0,0,.331,11.86
105,2015,358,1500,20.37,21.51,0,0,.33,11.87
105,2015,358,1515,20.45,21.49,0,0,.33,11.88
105,2015,358,1530,20.55,21.27,0,0,.33,11.88
105,2015,358,1545,20.65,21.55,0,0,.329,11.88
105,2015,358,1600,20.76,22.04,0,0,.329,11.89
105,2015,358,1615,20.89,21.64,0,0,.327,11.9
105,2015,358,1630,21.01,21.45,0,0,.327,11.89
105,2015,358,1645,21.09,21.29,0,0,.326,11.89
105,2015,358,1700,21.14,20.97,0,0,.326,11.89
105,2015,358,1715,21.13,20.65,0,0,.326,11.88
105,2015,358,1730,21.09,20.05,0,0,.326,11.88
105,2015,358,1745,21,19.85,0,0,.326,11.87
105,2015,358,1800,20.88,19.17,0,0,.327,11.87
105,2015,358,1815,20.74,18.18,0,0,.326,11.86
105,2015,358,1830,20.55,17.73,0,0,.334,11.85
105,2015,358,1845,20.31,17.71,0,0,.348,11.84
105,2015,358,1900,20.06,16.92,0,0,.363,11.83
105,2015,358,1915,19.78,16.03,0,0,.375,11.81
105,2015,358,1930,19.45,16.16,0,0,.382,11.8
105,2015,358,1945,19.11,16.27,0,0,.391,11.79
105,2015,358,2000,18.78,16.1,0,0,.395,11.79
105,2015,358,2015,18.47,16.22,0,0,.396,11.79
105,2015,358,2030,18.19,16.46,0,0,.399,11.79
105,2015,358,2045,17.95,16.49,0,0,.398,11.79
105,2015,358,2100,17.74,16.16,0,0,.399,11.79
105,2015,358,2115,17.56,15.91,0,0,.397,11.78
105,2015,358,2130,17.38,15.6,0,0,.398,11.78
105,2015,358,2145,17.19,15.65,0,0,.398,11.78
105,2015,358,2200,16.99,15.37,0,0,.397,11.77
105,2015,358,2215,16.82,15.54,0,0,.399,11.77
105,2015,358,2230,16.65,15.57,0,0,.398,11.76
105,2015,358,2245,16.5,15.64,0,0,.395,11.75
105,2015,358,2300,16.37,15.55,0,0,.397,11.76
105,2015,358,2315,16.25,15.56,0,0,.399,11.77
105,2015,358,2330,16.16,15.84,0,0,.398,11.77
105,2015,358,2345,16.08,15.99,0,0,.397,11.77
105,2015,359,0,16.02,16.06,0,0,.397,11.78
105,2015,359,15,15.98,16.06,0,0,.396,11.78
105,2015,359,30,15.95,15.76,0,0,.393,11.77
105,2015,359,45,15.91,15.27,0,0,.392,11.77
105,2015,359,100,15.84,15.02,0,0,.391,11.76
105,2015,359,115,15.75,15.23,0,0,.39,11.75
105,2015,359,130,15.66,15.4,0,0,.389,11.76
105,2015,359,145,15.6,15.64,0,0,.388,11.77
105,2015,359,200,15.56,16.03,0,0,.385,11.77
105,2015,359,215,15.55,16.2,0,0,.384,11.78
105,2015,359,230,15.57,16.25,0,0,.383,11.77
105,2015,359,245,15.6,16.34,0,0,.382,11.78
105,2015,359,300,15.64,16.5,0,0,.38,11.79
105,2015,359,315,15.7,16.61,0,0,.381,11.79
105,2015,359,330,15.76,16.69,0,0,.38,11.79
105,2015,359,345,15.83,16.71,0,0,.378,11.79
105,2015,359,400,15.9,16.93,0,0,.378,11.79
105,2015,359,415,15.97,16.76,0,0,.375,11.79
105,2015,359,430,16.05,16.82,0,0,.376,11.8
105,2015,359,445,16.11,16.93,0,0,.374,11.8
105,2015,359,500,16.18,16.95,0,0,.376,11.8
105,2015,359,515,16.24,17.04,0,0,.371,11.8
105,2015,359,530,16.31,17.02,0,0,.37,11.81
105,2015,359,545,16.37,17,0,0,.369,11.81
105,2015,359,600,16.43,17.03,0,0,.367,11.81
105,2015,359,615,16.48,17.06,0,0,.367,11.81
105,2015,359,630,16.53,17.09,0,0,.365,11.81
105,2015,359,645,16.57,16.99,0,0,.366,11.81
105,2015,359,700,16.61,17.1,0,0,.365,11.8
105,2015,359,715,16.66,17.31,0,0,.366,11.8
105,2015,359,730,16.71,17.51,0,0,.363,11.8
105,2015,359,745,16.77,17.82,0,0,.362,11.81
105,2015,359,800,16.84,17.77,0,0,.362,11.81
105,2015,359,815,16.92,18.19,0,0,.362,11.81
105,2015,359,830,17,18.81,0,0,.361,11.81
105,2015,359,845,17.12,19.62,0,0,.361,11.82
105,2015,359,900,17.26,19.94,0,0,.361,11.83
105,2015,359,915,17.45,20.27,0,0,.358,11.83
105,2015,359,930,17.65,20.58,0,0,.358,11.84
105,2015,359,945,17.88,20.75,0,0,.356,11.85
105,2015,359,1000,18.13,20.84,0,0,.356,11.86
105,2015,359,1015,18.38,21,0,0,.356,11.86
105,2015,359,1030,18.62,21.11,0,0,.355,11.87
105,2015,359,1045,18.88,21.1,0,0,.354,11.87
105,2015,359,1100,19.1,20.13,0,0,.355,11.87
105,2015,359,1115,19.26,19.2,0,0,.353,11.87
105,2015,359,1130,19.34,18.9,0,0,.353,11.86
105,2015,359,1145,19.37,19.11,0,0,.353,11.86
105,2015,359,1200,19.37,19.01,0,0,.352,11.85
105,2015,359,1215,19.36,19.74,0,0,.351,11.84
105,2015,359,1230,19.38,20.62,0,0,.352,11.86
105,2015,359,1245,19.47,20.32,0,0,.352,11.87
105,2015,359,1300,19.57,19.94,0,0,.35,11.86
105,2015,359,1315,19.65,19.61,0,0,.35,11.85
105,2015,359,1330,19.69,19.42,0,0,.347,11.84
105,2015,359,1345,19.7,19.48,0,0,.349,11.85
105,2015,359,1400,19.7,19.3,0,0,.349,11.85
105,2015,359,1415,19.68,18.92,0,0,.348,11.85
105,2015,359,1430,19.64,19.06,0,0,.346,11.85
105,2015,359,1445,19.6,19.08,0,0,.347,11.83
105,2015,359,1500,19.56,19.03,0,0,.346,11.83
105,2015,359,1515,19.52,19.15,0,0,.344,11.85
105,2015,359,1530,19.48,19.43,0,0,.346,11.85
105,2015,359,1545,19.47,19.56,0,0,.343,11.85
105,2015,359,1600,19.47,19.66,0,0,.344,11.85
105,2015,359,1615,19.46,19.69,0,0,.344,11.85
105,2015,359,1630,19.44,20.58,0,0,.343,11.84
105,2015,359,1645,19.41,21.38,0,0,.343,11.86
105,2015,359,1700,19.37,21.58,0,0,.344,11.86
105,2015,359,1715,19.32,22.51,0,0,.343,11.86
105,2015,359,1730,19.25,22.51,0,0,.342,11.85
105,2015,359,1745,19.17,21.61,0,0,.343,11.85
105,2015,359,1800,19.07,22.59,0,0,.344,11.85
105,2015,359,1815,18.94,22.64,0,0,.342,11.84
105,2015,359,1830,18.81,23.58,0,0,.343,11.83
105,2015,359,1845,18.66,23.82,0,0,.344,11.82
105,2015,359,1900,18.49,22.78,0,0,.344,11.81
105,2015,359,1915,18.33,24.47,0,0,.344,11.79
105,2015,359,1930,18.16,24.8,0,0,.344,11.8
105,2015,359,1945,18,25.45,0,0,.344,11.79
105,2015,359,2000,17.86,25.79,0,0,.344,11.77
105,2015,359,2015,17.8,24.34,0,0,.343,11.72
105,2015,359,2030,17.79,24.43,0,0,.345,11.74
105,2015,359,2045,17.75,23.87,0,0,.345,11.77
105,2015,359,2100,17.69,22.37,0,0,.343,11.78
105,2015,359,2115,17.59,22.88,0,0,.341,11.79
105,2015,359,2130,17.46,23.14,0,0,.344,11.78
105,2015,359,2145,17.31,24.46,0,0,.344,11.77
105,2015,359,2200,17.16,24.86,0,0,.344,11.76
105,2015,359,2215,17.02,24.74,0,0,.343,11.75
105,2015,359,2230,16.93,24.78,0,0,.341,11.75
105,2015,359,2245,16.85,23.89,0,0,.344,11.75
105,2015,359,2300,16.8,20.68,0,0,.343,11.75
105,2015,359,2315,16.75,19.02,0,0,.344,11.76
105,2015,359,2330,16.69,21.13,0,0,.343,11.77
105,2015,359,2345,16.6,21.41,0,0,.343,11.77
105,2015,360,0,16.5,21.6,0,0,.344,11.76
105,2015,360,15,16.41,22.28,0,0,.345,11.75
105,2015,360,30,16.34,22.75,0,0,.343,11.77
105,2015,360,45,16.29,22.67,0,0,.343,11.77
105,2015,360,100,16.26,22.71,0,0,.343,11.78
105,2015,360,115,16.24,22.67,0,0,.343,11.77
105,2015,360,130,16.21,23.39,0,0,.342,11.78
105,2015,360,145,16.18,22.6,0,0,.343,11.78
105,2015,360,200,16.13,22.61,0,0,.343,11.77
105,2015,360,215,16.07,22.93,0,0,.343,11.76
105,2015,360,230,16.02,23.22,0,0,.342,11.75
105,2015,360,245,15.97,23.52,0,0,.342,11.76
105,2015,360,300,15.92,22.9,0,0,.343,11.75
105,2015,360,315,15.87,23.64,0,0,.342,11.74
105,2015,360,330,15.86,24.43,0,0,.341,11.73
105,2015,360,345,15.89,24.19,0,0,.341,11.72
105,2015,360,400,15.97,22.78,0,0,.342,11.69
105,2015,360,415,16.06,22.69,0,0,.34,11.71
105,2015,360,430,16.13,19.62,0,0,.341,11.73
105,2015,360,445,16.19,20.46,0,0,.34,11.72
105,2015,360,500,16.22,18.03,0,0,.342,11.71
105,2015,360,515,16.23,19.1,0,0,.34,11.71
105,2015,360,530,16.23,20.45,0,0,.34,11.72
105,2015,360,545,16.22,20.84,0,0,.338,11.72
105,2015,360,600,16.19,20.55,0,0,.339,11.69
105,2015,360,615,16.15,21.13,0,0,.338,11.71
105,2015,360,630,16.11,20.22,0,0,.339,11.73
105,2015,360,645,16.07,17.7,0,0,.339,11.71
105,2015,360,700,16.03,16.82,0,0,.337,11.71
105,2015,360,715,16.01,16.59,0,0,.336,11.72
105,2015,360,730,15.99,15.87,0,0,.336,11.72
105,2015,360,745,15.94,14.55,0,0,.336,11.7
105,2015,360,800,15.83,14.18,0,0,.338,11.68
105,2015,360,815,15.66,13.9,0,0,.337,11.65
105,2015,360,830,15.46,13.74,0,0,.335,11.64
105,2015,360,845,15.25,13.63,0,0,.335,11.62
105,2015,360,900,15.05,13.51,0,0,.335,11.61
105,2015,360,915,14.86,13.39,0,0,.335,11.59
105,2015,360,930,14.67,13.01,0,0,.333,11.55
105,2015,360,945,14.47,12.89,0,0,.334,11.55
105,2015,360,1000,14.28,12.93,0,0,.334,11.56
105,2015,360,1015,14.12,12.84,0,0,.334,11.6
105,2015,360,1030,13.97,12.79,0,0,.332,11.57
105,2015,360,1045,13.82,12.9,0,0,.333,11.57
105,2015,360,1100,13.69,13.67,0,0,.332,11.61
105,2015,360,1115,13.63,13.98,0,0,.332,11.61
105,2015,360,1130,13.63,13.92,0,0,.331,11.64
105,2015,360,1145,13.66,13.55,0,0,.33,11.66
105,2015,360,1200,13.67,13.4,0,0,.33,11.67
105,2015,360,1215,13.65,13.4,0,0,.33,11.64
105,2015,360,1230,13.62,13.37,0,0,.33,11.63
105,2015,360,1245,13.59,13.16,0,0,.33,11.64
105,2015,360,1300,13.54,13.22,0,0,.328,11.64
105,2015,360,1315,13.5,13.37,0,0,.329,11.64
105,2015,360,1330,13.46,13.58,0,0,.328,11.66
105,2015,360,1345,13.45,13.4,0,0,.328,11.66
105,2015,360,1400,13.45,13.49,0,0,.327,11.66
105,2015,360,1415,13.45,13.63,0,0,.327,11.67
105,2015,360,1430,13.46,13.72,0,0,.326,11.68
105,2015,360,1445,13.49,13.87,0,0,.326,11.69
105,2015,360,1500,13.52,13.81,0,0,.326,11.69
105,2015,360,1515,13.56,13.84,0,0,.325,11.69
105,2015,360,1530,13.59,13.63,0,0,.325,11.69
105,2015,360,1545,13.61,13.41,0,0,.324,11.67
105,2015,360,1600,13.6,13.39,0,0,.325,11.66
105,2015,360,1615,13.59,13.29,0,0,.323,11.66
105,2015,360,1630,13.57,13.03,0,0,.323,11.65
105,2015,360,1645,13.54,12.81,0,0,.322,11.64
105,2015,360,1700,13.5,12.62,0,0,.323,11.6
105,2015,360,1715,13.44,12.48,0,0,.323,11.6
105,2015,360,1730,13.37,12.35,0,0,.323,11.6
105,2015,360,1745,13.3,12.19,0,0,.322,11.6
105,2015,360,1800,13.2,12.01,0,0,.321,11.58
105,2015,360,1815,13.1,11.94,0,0,.321,11.58
105,2015,360,1830,13,11.88,0,0,.321,11.59
105,2015,360,1845,12.9,11.78,0,0,.321,11.59
105,2015,360,1900,12.8,11.69,0,0,.32,11.58
105,2015,360,1915,12.69,11.62,0,0,.32,11.55
105,2015,360,1930,12.59,11.53,0,0,.319,11.55
105,2015,360,1945,12.49,11.38,0,0,.32,11.55
105,2015,360,2000,12.39,11.29,0,0,.319,11.55
105,2015,360,2015,12.3,11.24,0,0,.319,11.56
105,2015,360,2030,12.21,11.24,0,0,.318,11.55
105,2015,360,2045,12.12,11.26,0,0,.319,11.55
105,2015,360,2100,12.04,11.29,0,0,.318,11.57
105,2015,360,2115,11.97,11.37,0,0,.317,11.56
105,2015,360,2130,11.9,11.55,0,0,.317,11.55
105,2015,360,2145,11.84,11.69,0,0,.316,11.56
105,2015,360,2200,11.79,11.86,0,0,.317,11.56
105,2015,360,2215,11.73,11.74,0,0,.315,11.55
105,2015,360,2230,11.68,11.76,0,0,.316,11.55
105,2015,360,2245,11.62,11.9,0,0,.316,11.55
105,2015,360,2300,11.58,11.94,0,0,.315,11.56
105,2015,360,2315,11.53,11.86,0,0,.315,11.53
105,2015,360,2330,11.49,11.82,0,0,.315,11.52
105,2015,360,2345,11.45,11.92,0,0,.314,11.57
105,2015,361,0,11.42,11.85,0,0,.314,11.57
105,2015,361,15,11.39,11.84,0,0,.313,11.54
105,2015,361,30,11.36,12.92,0,0,.313,11.5
105,2015,361,45,11.33,12.89,0,0,.313,11.54
105,2015,361,100,11.31,13.41,0,0,.313,11.56
105,2015,361,115,11.28,12.92,0,0,.313,11.56
105,2015,361,130,11.26,12.93,0,0,.312,11.59
105,2015,361,145,11.23,12.95,0,0,.312,11.6
105,2015,361,200,11.21,13.11,0,0,.312,11.59
105,2015,361,215,11.18,14.21,0,0,.311,11.61
105,2015,361,230,11.16,14.9,0,0,.312,11.58
105,2015,361,245,11.14,14.64,0,0,.311,11.58
105,2015,361,300,11.12,14.34,0,0,.31,11.6
105,2015,361,315,11.11,14.76,0,0,.31,11.61
105,2015,361,330,11.09,14.71,0,0,.31,11.61
105,2015,361,345,11.07,14.87,0,0,.311,11.62
105,2015,361,400,11.06,13.71,0,0,.309,11.61
105,2015,361,415,11.05,11.83,0,0,.311,11.61
105,2015,361,430,11.05,11.92,0,0,.31,11.6
105,2015,361,445,11.05,11.89,0,0,.309,11.62
105,2015,361,500,11.05,11.96,0,0,.309,11.63
105,2015,361,515,11.05,12.12,0,0,.308,11.64
105,2015,361,530,11.05,12.7,0,0,.308,11.64
105,2015,361,545,11.05,12.79,0,0,.309,11.63
105,2015,361,600,11.05,13.54,0,0,.308,11.6
105,2015,361,615,11.06,13.83,0,0,.308,11.61
105,2015,361,630,11.06,14.28,0,0,.308,11.6
105,2015,361,645,11.07,15.79,0,0,.306,11.62
105,2015,361,700,11.08,14.77,0,0,.307,11.62
105,2015,361,715,11.09,15.1,0,0,.307,11.62
105,2015,361,730,11.11,16.59,0,0,.307,11.61
105,2015,361,745,11.13,17.1,0,0,.306,11.61
105,2015,361,800,11.16,17.19,0,0,.307,11.62
105,2015,361,815,11.18,17.2,0,0,.307,11.63
105,2015,361,830,11.21,18.4,0,0,.306,11.6
105,2015,361,845,11.26,18.93,0,0,.305,11.61
105,2015,361,900,11.32,19.2,0,0,.305,11.6
105,2015,361,915,11.4,17.99,0,0,.305,11.62
105,2015,361,930,11.53,15.56,0,0,.304,11.59
105,2015,361,945,11.72,14.3,0,0,.305,11.61
105,2015,361,1000,11.96,14.78,0,0,.306,11.63
105,2015,361,1015,12.27,15.33,0,0,.304,11.65
105,2015,361,1030,12.64,15.83,0,0,.304,11.67
105,2015,361,1045,13.04,16.15,0,0,.303,11.68
105,2015,361,1100,13.47,16.53,0,0,.302,11.71
105,2015,361,1115,13.91,16.85,0,0,.302,11.73
105,2015,361,1130,14.33,17.33,0,0,.302,11.74
105,2015,361,1145,14.76,18.02,0,0,.301,11.76
105,2015,361,1200,15.24,18.73,0,0,.302,11.77
105,2015,361,1215,15.74,19.16,0,0,.301,11.78
105,2015,361,1230,16.25,19.13,0,0,.301,11.79
105,2015,361,1245,16.7,19.22,0,0,.3,11.79
105,2015,361,1300,17.09,19.37,0,0,.3,11.8
105,2015,361,1315,17.44,19.44,0,0,.3,11.82
105,2015,361,1330,17.75,19.5,0,0,.3,11.82
105,2015,361,1345,18.02,19.73,0,0,.3,11.82
105,2015,361,1400,18.28,19.79,0,0,.3,11.82
105,2015,361,1415,18.53,20.2,0,0,.3,11.82
105,2015,361,1430,18.78,20.98,0,0,.299,11.84
105,2015,361,1445,19.08,21.15,0,0,.299,11.85
105,2015,361,1500,19.37,21.11,0,0,.299,11.86
105,2015,361,1515,19.62,21.01,0,0,.299,11.87
105,2015,361,1530,19.82,21.02,0,0,.298,11.87
105,2015,361,1545,19.97,20.93,0,0,.298,11.87
105,2015,361,1600,20.08,20.96,0,0,.299,11.87
105,2015,361,1615,20.18,20.9,0,0,.298,11.87
105,2015,361,1630,20.25,20.87,0,0,.299,11.87
105,2015,361,1645,20.31,20.83,0,0,.298,11.87
105,2015,361,1700,20.34,20.43,0,0,.298,11.87
105,2015,361,1715,20.35,20.18,0,0,.297,11.87
105,2015,361,1730,20.33,20.04,0,0,.298,11.87
105,2015,361,1745,20.27,19.66,0,0,.297,11.87
105,2015,361,1800,20.19,19.43,0,0,.298,11.86
105,2015,361,1815,20.08,19.3,0,0,.297,11.86
105,2015,361,1830,19.95,19.21,0,0,.297,11.86
105,2015,361,1845,19.81,19.25,0,0,.297,11.85
105,2015,361,1900,19.67,19,0,0,.297,11.85
105,2015,361,1915,19.53,18.92,0,0,.297,11.85
105,2015,361,1930,19.4,18.68,0,0,.31,11.85
105,2015,361,1945,19.26,18.62,0,0,.348,11.85
105,2015,361,2000,19.11,18.4,0,0,.397,11.84
105,2015,361,2015,18.96,18.31,0,0,.449,11.84
105,2015,361,2030,18.82,18.42,0,0,.491,11.84
105,2015,361,2045,18.69,18.25,0,0,.526,11.84
105,2015,361,2100,18.58,18.52,0,0,.555,11.84
105,2015,361,2115,18.51,19.56,0,0,.563,11.83
105,2015,361,2130,18.5,19.45,0,0,.562,11.83
105,2015,361,2145,18.55,19.52,0,0,.561,11.83
105,2015,361,2200,18.6,20.46,0,0,.56,11.83
105,2015,361,2215,18.61,22.34,0,0,.551,11.83
105,2015,361,2230,18.61,22.82,0,0,.541,11.83
105,2015,361,2245,18.57,23.5,0,0,.534,11.84
105,2015,361,2300,18.53,21.58,0,0,.526,11.82
105,2015,361,2315,18.47,17.8,0,0,.519,11.7
105,2015,361,2330,18.34,16.55,0,0,.512,11.66
105,2015,361,2345,18.17,16.15,0,0,.505,11.66
105,2015,362,0,17.95,15.76,0,0,.499,11.63
105,2015,362,15,17.68,15.55,0,0,.492,11.55
105,2015,362,30,17.4,15.23,0,0,.487,11.53
105,2015,362,45,17.14,14.91,0,0,.483,11.58
105,2015,362,100,16.87,14.47,0,0,.478,11.57
105,2015,362,115,16.58,13.98,0,0,.474,11.46
105,2015,362,130,16.26,13.67,0,0,.468,11.37
105,2015,362,145,15.93,13.32,0,0,.464,11.32
105,2015,362,200,15.59,12.95,0,0,.462,11.28
105,2015,362,215,15.25,12.35,0,0,.458,11.24
105,2015,362,230,14.89,11.83,0,0,.454,11.16
105,2015,362,245,14.51,11.39,0,0,.452,11.12
105,2015,362,300,14.12,11.01,0,0,.449,11.13
105,2015,362,315,13.73,10.47,0,0,.446,11.13
105,2015,362,330,13.3,10.15,0,0,.443,11.08
105,2015,362,345,12.86,9.96,0,0,.44,11.07
105,2015,362,400,12.43,9.81,0,0,.438,11.06
105,2015,362,415,12.05,9.59,0,0,.436,11.06
105,2015,362,430,11.71,9.3,0,0,.433,11.05
105,2015,362,445,11.4,9.1,0,0,.431,11.05
105,2015,362,500,11.11,8.95,0,0,.43,11.04
105,2015,362,515,10.83,8.8,0,0,.427,11.03
105,2015,362,530,10.57,8.63,0,0,.425,11.03
105,2015,362,545,10.32,8.5,0,0,.422,11.03
105,2015,362,600,10.08,8.36,0,0,.421,11.04
105,2015,362,615,9.86,8.21,0,0,.419,11.03
105,2015,362,630,9.64,8.03,0,0,.417,11.04
105,2015,362,645,9.43,7.88,0,0,.415,11.03
105,2015,362,700,9.22,7.56,0,0,.413,11.03
105,2015,362,715,9.01,7.43,0,0,.411,11.03
105,2015,362,730,8.81,7.22,0,0,.409,11.03
105,2015,362,745,8.6,6.8,0,0,.408,11
105,2015,362,800,8.38,6.617,0,0,.407,10.99
105,2015,362,815,8.15,6.465,0,0,.405,10.99
105,2015,362,830,7.93,6.318,0,0,.404,10.98
105,2015,362,845,7.72,6.315,0,0,.402,10.98
105,2015,362,900,7.54,6.398,0,0,.401,10.99
105,2015,362,915,7.39,6.412,0,0,.399,10.99
105,2015,362,930,7.26,6.467,0,0,.397,10.98
105,2015,362,945,7.16,6.611,0,0,.396,10.97
105,2015,362,1000,7.1,6.787,0,0,.394,10.97
105,2015,362,1015,7.06,7.03,0,0,.393,10.99
105,2015,362,1030,7.07,6.93,0,0,.392,11
105,2015,362,1045,7.08,6.735,0,0,.39,10.99
105,2015,362,1100,7.08,6.922,0,0,.389,11
105,2015,362,1115,7.08,6.845,0,0,.387,11
105,2015,362,1130,7.08,6.785,0,0,.386,11
105,2015,362,1145,7.08,6.968,0,0,.385,11.02
105,2015,362,1200,7.09,6.905,0,0,.384,11.02
105,2015,362,1215,7.1,6.773,0,0,.382,11.01
105,2015,362,1230,7.11,6.809,0,0,.381,11.01
105,2015,362,1245,7.11,7.15,0,0,.38,11.01
105,2015,362,1300,7.15,7.63,0,0,.378,11.03
105,2015,362,1315,7.22,7.29,0,0,.377,11.04
105,2015,362,1330,7.3,7.18,0,0,.376,11.02
105,2015,362,1345,7.36,7.26,0,0,.375,11.03
105,2015,362,1400,7.41,7.59,0,0,.374,11.04
105,2015,362,1415,7.46,7.45,0,0,.373,11.05
105,2015,362,1430,7.52,7.43,0,0,.372,11.06
105,2015,362,1445,7.56,7.33,0,0,.371,11.07
105,2015,362,1500,7.58,7.23,0,0,.37,11.07
105,2015,362,1515,7.58,7.29,0,0,.369,11.09
105,2015,362,1530,7.57,7.3,0,0,.368,11.09
105,2015,362,1545,7.56,7.24,0,0,.367,11.09
105,2015,362,1600,7.54,7.28,0,0,.367,11.08
105,2015,362,1615,7.53,7.34,0,0,.365,11.09
105,2015,362,1630,7.52,7.31,0,0,.365,11.09
105,2015,362,1645,7.51,7.16,0,0,.364,11.09
105,2015,362,1700,7.69,6.769,0,0,.362,11.07
105,2015,362,1715,7.7,6.67,0,0,.361,11.07
105,2015,362,1730,7.55,6.854,0,0,.361,11.07
105,2015,362,1745,7.42,6.891,0,0,.36,11.07
105,2015,362,1800,7.34,6.946,0,0,.36,11.06
105,2015,362,1815,7.29,7.02,0,0,.359,11.06
105,2015,362,1830,7.25,6.929,0,0,.358,11.05
105,2015,362,1845,7.22,6.838,0,0,.358,11.05
105,2015,362,1900,7.17,6.742,0,0,.357,11.04
105,2015,362,1915,7.12,6.683,0,0,.356,11.04
105,2015,362,1930,7.07,6.542,0,0,.356,11.05
105,2015,362,1945,7.01,6.085,0,0,.356,11.04
105,2015,362,2000,6.92,5.883,0,0,.356,11.04
105,2015,362,2015,6.823,5.93,0,0,.354,11.03
105,2015,362,2030,6.73,6.047,0,0,.354,11.03
105,2015,362,2045,6.652,6.161,0,0,.354,11.03
105,2015,362,2100,6.596,6.213,0,0,.353,11.03
105,2015,362,2115,6.56,6.136,0,0,.352,11.04
105,2015,362,2130,6.536,6.171,0,0,.353,11.04
105,2015,362,2145,6.523,6.186,0,0,.352,11.05
105,2015,362,2200,6.518,6.259,0,0,.351,11.05
105,2015,362,2215,6.522,7.22,0,0,.35,11.06
105,2015,362,2230,6.534,7.72,0,0,.35,11.06
105,2015,362,2245,6.556,7.34,0,0,.35,11.05
105,2015,362,2300,6.593,7.2,0,0,.35,11.05
105,2015,362,2315,6.635,7.75,0,0,.351,11.07
105,2015,362,2330,6.684,8.17,0,0,.35,11.08
105,2015,362,2345,6.755,8.84,0,0,.35,11.1
105,2015,363,0,6.862,8.71,0,0,.35,11.11
105,2015,363,15,6.99,8.81,0,0,.351,11.1
105,2015,363,30,7.12,9.07,0,0,.351,11.11
105,2015,363,45,7.24,9.54,0,0,.351,11.12
105,2015,363,100,7.36,8.82,0,0,.35,11.14
105,2015,363,115,7.49,9.04,0,0,.35,11.15
105,2015,363,130,7.62,9.26,0,0,.35,11.17
105,2015,363,145,7.77,9.41,0,0,.35,11.18
105,2015,363,200,7.9,9.49,0,0,.352,11.21
105,2015,363,215,8.04,9.58,0,0,.355,11.24
105,2015,363,230,8.17,9.71,0,0,.357,11.25
105,2015,363,245,8.31,9.77,0,0,.36,11.25
105,2015,363,300,8.43,9.78,0,0,.361,11.26
105,2015,363,315,8.54,9.88,0,0,.363,11.2
105,2015,363,330,8.64,9.68,0,0,.366,11.22
105,2015,363,345,8.73,9.73,0,0,.369,11.2
105,2015,363,400,8.8,9.85,0,0,.368,11.18
105,2015,363,415,8.85,9.78,0,0,.371,11.19
105,2015,363,430,8.9,9.89,0,0,.371,11.23
105,2015,363,445,8.95,9.88,0,0,.37,11.25
105,2015,363,500,9,9.89,0,0,.375,11.23
105,2015,363,515,9.05,10.09,0,0,.381,11.23
105,2015,363,530,9.1,10.2,0,0,.386,11.2
105,2015,363,545,9.16,10.16,0,0,.395,11.21
105,2015,363,600,9.22,10.11,0,0,.396,11.18
105,2015,363,615,9.26,10.12,0,0,.396,11.19
105,2015,363,630,9.28,10.04,0,0,.396,11.22
105,2015,363,645,9.3,10.07,0,0,.396,11.28
105,2015,363,700,9.31,10.4,0,0,.394,11.28
105,2015,363,715,9.33,11.51,0,0,.395,11.25
105,2015,363,730,9.36,12.72,0,0,.401,11.27
105,2015,363,745,9.4,12.29,0,0,.425,11.23
105,2015,363,800,9.43,12.01,0,0,.48,11.25
105,2015,363,815,9.47,14.35,0,0,.549,11.29
105,2015,363,830,9.5,15.68,0,0,.608,11.28
105,2015,363,845,9.53,15.83,0,0,.658,11.34
105,2015,363,900,9.56,17.56,0,0,.695,11.39
105,2015,363,915,9.58,13,0,0,.733,11.39
105,2015,363,930,9.6,13.4,0,0,.768,11.42
105,2015,363,945,9.62,15.9,0,0,.776,11.4
105,2015,363,1000,9.65,15.68,0,0,.769,11.36
105,2015,363,1015,9.67,15.54,0,0,.747,11.3
105,2015,363,1030,9.68,15.54,0,0,.722,11.29
105,2015,363,1045,9.67,16.17,0,0,.698,11.25
105,2015,363,1100,9.66,11.06,0,0,.679,11.24
105,2015,363,1115,9.66,9.76,0,0,.661,11.24
105,2015,363,1130,9.68,10.11,0,0,.643,11.29
105,2015,363,1145,9.74,10.45,0,0,.628,11.34
105,2015,363,1200,9.85,10.79,0,0,.612,11.38
105,2015,363,1215,10,11.17,0,0,.597,11.42
105,2015,363,1230,10.2,11.58,0,0,.586,11.46
105,2015,363,1245,10.45,11.86,0,0,.576,11.51
105,2015,363,1300,10.71,11.86,0,0,.564,11.53
105,2015,363,1315,10.95,12.76,0,0,.555,11.56
105,2015,363,1330,11.23,13.12,0,0,.547,11.62
105,2015,363,1345,11.56,13.08,0,0,.537,11.63
105,2015,363,1400,11.88,13.29,0,0,.53,11.65
105,2015,363,1415,12.17,13.33,0,0,.522,11.66
105,2015,363,1430,12.42,13.15,0,0,.517,11.65
105,2015,363,1445,12.62,13.51,0,0,.51,11.67
105,2015,363,1500,12.8,13.42,0,0,.505,11.68
105,2015,363,1515,12.95,13.62,0,0,.5,11.69
105,2015,363,1530,13.09,13.84,0,0,.495,11.7
105,2015,363,1545,13.22,13.46,0,0,.49,11.68
105,2015,363,1600,13.32,13.46,0,0,.485,11.68
105,2015,363,1615,13.38,13.39,0,0,.482,11.67
105,2015,363,1630,13.43,12.95,0,0,.478,11.6
105,2015,363,1645,13.45,12.92,0,0,.474,11.61
105,2015,363,1700,13.45,12.93,0,0,.471,11.63
105,2015,363,1715,13.44,12.81,0,0,.47,11.67
105,2015,363,1730,13.42,12.59,0,0,.47,11.66
105,2015,363,1745,13.39,12.39,0,0,.47,11.66
105,2015,363,1800,13.33,12.03,0,0,.474,11.65
105,2015,363,1815,13.24,11.93,0,0,.503,11.64
105,2015,363,1830,13.13,11.76,0,0,.557,11.65
105,2015,363,1845,13.01,11.72,0,0,.643,11.65
105,2015,363,1900,12.88,11.74,0,0,.766,11.65
105,2015,363,1915,12.76,11.85,0,0,.913,11.63
105,2015,363,1930,12.65,11.68,0,0,1.044,11.63
105,2015,363,1945,12.54,11.62,0,0,1.123,11.64
105,2015,363,2000,12.44,11.69,0,0,1.157,11.61
105,2015,363,2015,12.35,11.72,0,0,1.184,11.6
105,2015,363,2030,12.26,11.53,0,0,1.217,11.59
105,2015,363,2045,12.17,11.41,0,0,1.238,11.56
105,2015,363,2100,12.09,11.46,0,0,1.242,11.53
105,2015,363,2115,12.01,11.11,0,0,1.226,11.58
105,2015,363,2130,11.92,10.73,0,0,1.188,11.59
105,2015,363,2145,11.8,10.43,0,0,1.139,11.57
105,2015,363,2200,11.65,10.11,0,0,1.089,11.53
105,2015,363,2215,11.47,10.02,0,0,1.04,11.48
105,2015,363,2230,11.27,9.54,0,0,.992,11.48
105,2015,363,2245,11.05,9.51,0,0,.954,11.49
105,2015,363,2300,10.81,8.9,0,0,.918,11.45
105,2015,363,2315,10.56,8.88,0,0,.879,11.4
105,2015,363,2330,10.3,9.1,0,0,.844,11.38
105,2015,363,2345,10.04,8.61,0,0,.809,11.39
105,2015,364,0,9.79,8.32,0,0,.779,11.36
105,2015,364,15,9.54,7.99,0,0,.75,11.32
105,2015,364,30,9.29,8.21,0,0,.723,11.31
105,2015,364,45,9.04,7.5,0,0,.698,11.33
105,2015,364,100,8.79,7.29,0,0,.675,11.33
105,2015,364,115,8.53,7.16,0,0,.656,11.3
105,2015,364,130,8.27,7.06,0,0,.637,11.27
105,2015,364,145,8.04,7.69,0,0,.621,11.27
105,2015,364,200,7.85,8.32,0,0,.606,11.28
105,2015,364,215,7.75,9.26,0,0,.593,11.29
105,2015,364,230,7.73,9.47,0,0,.58,11.36
105,2015,364,245,7.78,9.71,0,0,.569,11.34
105,2015,364,300,7.87,9.74,0,0,.559,11.4
105,2015,364,315,7.98,9.91,0,0,.551,11.45
105,2015,364,330,8.1,9.9,0,0,.541,11.45
105,2015,364,345,8.22,9.99,0,0,.533,11.47
105,2015,364,400,8.35,10.05,0,0,.527,11.45
105,2015,364,415,8.46,10.1,0,0,.521,11.49
105,2015,364,430,8.58,10.15,0,0,.514,11.5
105,2015,364,445,8.69,10.33,0,0,.508,11.5
105,2015,364,500,8.8,10.41,0,0,.502,11.51
105,2015,364,515,8.91,10.6,0,0,.499,11.51
105,2015,364,530,9.04,10.98,0,0,.492,11.48
105,2015,364,545,9.19,11.11,0,0,.489,11.47
105,2015,364,600,9.35,11.18,0,0,.485,11.49
105,2015,364,615,9.5,11.17,0,0,.481,11.53
105,2015,364,630,9.62,11.07,0,0,.477,11.53
105,2015,364,645,9.71,10.87,0,0,.473,11.53
105,2015,364,700,9.76,10.76,0,0,.471,11.52
105,2015,364,715,9.78,10.51,0,0,.468,11.49
105,2015,364,730,9.77,10.58,0,0,.464,11.48
105,2015,364,745,9.77,10.65,0,0,.462,11.47
105,2015,364,800,9.76,10.3,0,0,.46,11.47
105,2015,364,815,9.73,9.92,0,0,.458,11.44
105,2015,364,830,9.67,10,0,0,.453,11.39
105,2015,364,845,9.61,10.16,0,0,.452,11.38
105,2015,364,900,9.56,10.08,0,0,.45,11.39
105,2015,364,915,9.5,10.09,0,0,.449,11.41
105,2015,364,930,9.46,10.29,0,0,.446,11.42
105,2015,364,945,9.43,10.55,0,0,.445,11.44
105,2015,364,1000,9.44,10.99,0,0,.443,11.44
105,2015,364,1015,9.48,11.28,0,0,.441,11.46
105,2015,364,1030,9.59,11.33,0,0,.44,11.5
105,2015,364,1045,9.74,11.23,0,0,.438,11.46
105,2015,364,1100,9.9,11.17,0,0,.436,11.48
105,2015,364,1115,10.05,11.32,0,0,.434,11.46
105,2015,364,1130,10.2,11.4,0,0,.432,11.5
105,2015,364,1145,10.35,11.38,0,0,.43,11.48
105,2015,364,1200,10.49,11.56,0,0,.429,11.47
105,2015,364,1215,10.66,12.04,0,0,.428,11.51
105,2015,364,1230,10.85,11.91,0,0,.426,11.57
105,2015,364,1245,11.03,12.44,0,0,.425,11.61
105,2015,364,1300,11.22,12.03,0,0,.423,11.6
105,2015,364,1315,11.4,11.6,0,0,.421,11.58
105,2015,364,1330,11.53,11.64,0,0,.42,11.58
105,2015,364,1345,11.61,11.57,0,0,.418,11.59
105,2015,364,1400,11.67,11.37,0,0,.417,11.57
105,2015,364,1415,11.69,11.15,0,0,.415,11.55
105,2015,364,1430,11.68,11.14,0,0,.414,11.54
105,2015,364,1445,11.67,11.14,0,0,.413,11.54
105,2015,364,1500,11.64,11.1,0,0,.413,11.57
105,2015,364,1515,11.62,11.03,0,0,.411,11.53
105,2015,364,1530,11.59,10.99,0,0,.41,11.54
105,2015,364,1545,11.56,11,0,0,.408,11.54
105,2015,364,1600,11.52,10.95,0,0,.407,11.53
105,2015,364,1615,11.48,10.86,0,0,.406,11.52
105,2015,364,1630,11.43,10.94,0,0,.404,11.53
105,2015,364,1645,11.39,10.9,0,0,.404,11.53
105,2015,364,1700,11.33,10.88,0,0,.402,11.53
105,2015,364,1715,11.28,10.89,0,0,.401,11.48
105,2015,364,1730,11.23,10.88,0,0,.399,11.46
105,2015,364,1745,11.18,10.91,0,0,.397,11.48
105,2015,364,1800,11.14,10.92,0,0,.398,11.53
105,2015,364,1815,11.09,10.94,0,0,.396,11.54
105,2015,364,1830,11.05,10.99,0,0,.395,11.53
105,2015,364,1845,11.02,11.07,0,0,.394,11.51
105,2015,364,1900,10.99,11.43,0,0,.395,11.53
105,2015,364,1915,10.96,11.78,0,0,.394,11.54
105,2015,364,1930,10.94,11.69,0,0,.394,11.53
105,2015,364,1945,10.92,11.92,0,0,.394,11.56
105,2015,364,2000,10.91,12.91,0,0,.393,11.55
105,2015,364,2015,10.91,13.32,0,0,.396,11.54
105,2015,364,2030,10.91,14.2,0,0,.395,11.53
105,2015,364,2045,10.91,12.31,0,0,.394,11.54
105,2015,364,2100,10.92,12,0,0,.394,11.57
105,2015,364,2115,10.92,13.04,0,0,.393,11.58
105,2015,364,2130,10.93,15.56,0,0,.393,11.58
105,2015,364,2145,10.94,15.55,0,0,.393,11.57
105,2015,364,2200,10.96,13.7,0,0,.392,11.55
105,2015,364,2215,10.97,13.16,0,0,.393,11.55
105,2015,364,2230,10.99,14.3,0,0,.393,11.54
105,2015,364,2245,11,15.84,0,0,.391,11.56
105,2015,364,2300,11.02,17.05,0,0,.39,11.56
105,2015,364,2315,11.04,17.05,0,0,.392,11.56
105,2015,364,2330,11.05,17.8,0,0,.39,11.58
105,2015,364,2345,11.07,18.44,0,0,.39,11.55
105,2015,365,0,11.08,17.31,0,0,.392,11.5
105,2015,365,15,11.09,16.91,0,0,.391,11.47
105,2015,365,30,11.09,17.75,0,0,.39,11.43
105,2015,365,45,11.08,17.81,0,0,.391,11.45
105,2015,365,100,11.07,17.08,0,0,.392,11.49
105,2015,365,115,11.05,16.66,0,0,.392,11.54
105,2015,365,130,11.03,18.03,0,0,.391,11.55
105,2015,365,145,11.01,18.25,0,0,.389,11.55
105,2015,365,200,11,17.83,0,0,.389,11.56
105,2015,365,215,10.99,18.4,0,0,.388,11.57
105,2015,365,230,10.97,18.71,0,0,.387,11.58
105,2015,365,245,10.97,19.1,0,0,.387,11.58
105,2015,365,300,10.96,19.38,0,0,.384,11.54
105,2015,365,315,10.96,19.96,0,0,.384,11.56
105,2015,365,330,10.96,19.46,0,0,.382,11.56
105,2015,365,345,10.96,19.7,0,0,.384,11.56
105,2015,365,400,10.95,19.57,0,0,.382,11.59
105,2015,365,415,10.95,19.77,0,0,.382,11.61
105,2015,365,430,10.95,19.17,0,0,.379,11.59
105,2015,365,445,10.96,19.65,0,0,.381,11.57
105,2015,365,500,10.98,19.47,0,0,.378,11.56
105,2015,365,515,11,19.56,0,0,.377,11.53
105,2015,365,530,11.02,16.53,0,0,.379,11.55
105,2015,365,545,11.04,13.99,0,0,.376,11.54
105,2015,365,600,11.05,16.87,0,0,.375,11.51
105,2015,365,615,11.04,16.49,0,0,.375,11.55
105,2015,365,630,11,16.81,0,0,.374,11.55
105,2015,365,645,10.94,15.27,0,0,.373,11.55
105,2015,365,700,10.86,13.95,0,0,.373,11.54
105,2015,365,715,10.77,13.19,0,0,.375,11.55
105,2015,365,730,10.71,14.06,0,0,.371,11.55
105,2015,365,745,10.64,14.11,0,0,.371,11.56
105,2015,365,800,10.59,14.39,0,0,.371,11.55
105,2015,365,815,10.54,15.19,0,0,.371,11.52
105,2015,365,830,10.46,14.17,0,0,.368,11.54
105,2015,365,845,10.39,13.55,0,0,.368,11.51
105,2015,365,900,10.31,12.42,0,0,.369,11.48
105,2015,365,915,10.24,12.5,0,0,.367,11.46
105,2015,365,930,10.17,12.34,0,0,.367,11.48
105,2015,365,945,10.11,12.49,0,0,.366,11.5
105,2015,365,1000,10.08,12.29,0,0,.366,11.51
105,2015,365,1015,10.09,11.7,0,0,.365,11.5
105,2015,365,1030,10.14,11.43,0,0,.364,11.52
105,2015,365,1045,10.23,11.46,0,0,.365,11.54
105,2015,365,1100,10.34,11.64,0,0,.364,11.56
105,2015,365,1115,10.47,11.53,0,0,.363,11.54
105,2015,365,1130,10.6,11.33,0,0,.363,11.45
105,2015,365,1145,10.71,11.85,0,0,.361,11.44
105,2015,365,1200,10.84,12.81,0,0,.361,11.44
105,2015,365,1215,11.05,12.48,0,0,.36,11.44
105,2015,365,1230,11.28,12.3,0,0,.359,11.38
105,2015,365,1245,11.48,12,0,0,.36,11.38
105,2015,365,1300,11.62,12.15,0,0,.359,11.43
105,2015,365,1315,11.73,12.13,0,0,.358,11.41
105,2015,365,1330,11.8,12.06,0,0,.358,11.38
105,2015,365,1345,11.86,12.42,0,0,.358,11.4
105,2015,365,1400,11.93,12.74,0,0,.357,11.42
105,2015,365,1415,12.02,12.92,0,0,.356,11.42
105,2015,365,1430,12.13,13.33,0,0,.356,11.45
105,2015,365,1445,12.27,13.22,0,0,.356,11.43
105,2015,365,1500,12.4,13.49,0,0,.356,11.56
105,2015,365,1515,12.53,13.27,0,0,.355,11.62
105,2015,365,1530,12.65,13.68,0,0,.354,11.65
105,2015,365,1545,12.76,13.58,0,0,.354,11.67