,5.003,9.85,0,0,.305,12.31
105,2014,19,1306,5.348,10.13,0,0,.305,12.31
105,2014,19,1312,5.687,10.73,0,0,.304,12.31
105,2014,19,1318,6.021,10.8,0,0,.306,12.31
105,2014,19,1324,6.347,10.54,0,0,.304,12.31
105,2014,19,1330,6.669,10.68,0,0,.305,12.31
105,2014,19,1336,6.973,10.87,0,0,.304,12.31
105,2014,19,1342,7.27,11.09,0,0,.304,12.31
105,2014,19,1348,7.56,11.61,0,0,.304,12.31
105,2014,19,1354,7.84,11.7,0,0,.304,12.31
105,2014,19,1400,8.12,11.49,0,0,.304,12.31
105,2014,19,1406,8.39,12.08,0,0,.304,12.31
105,2014,19,1412,8.66,10.87,0,0,.304,12.31
105,2014,19,1418,8.92,10.84,0,0,.304,12.31
105,2014,19,1424,9.15,11.55,0,0,.304,12.31
105,2014,19,1430,9.37,10.58,0,0,.303,12.31
105,2014,19,1436,9.58,10.97,0,0,.304,12.31
105,2014,19,1442,9.75,11.14,0,0,.303,12.31
105,2014,19,1448,9.91,10.37,0,0,.303,12.31
105,2014,19,1454,10.04,10.23,0,0,.304,12.31
105,2014,19,1500,10.14,10.33,0,0,.304,12.31
105,2014,19,1506,10.22,9.93,0,0,.303,12.31
105,2014,19,1512,10.27,9.57,0,0,.304,12.31
105,2014,19,1518,10.3,9.19,0,0,.304,12.31
105,2014,19,1524,10.29,9.26,0,0,.304,12.31
105,2014,19,1530,10.27,8.76,0,0,.304,12.31
105,2014,19,1536,10.22,8.45,0,0,.304,12.31
105,2014,19,1542,10.15,8.24,0,0,.304,12.31
105,2014,19,1548,10.07,8,0,0,.304,12.31
105,2014,19,1554,9.97,7.9,0,0,.304,12.31
105,2014,19,1600,9.87,7.8,0,0,.304,12.31
105,2014,19,1606,9.74,7.79,0,0,.304,12.31
105,2014,19,1612,9.61,7.78,0,0,.304,12.31
105,2014,19,1618,9.47,7.45,0,0,.304,12.31
105,2014,19,1624,9.33,7.32,0,0,.304,12.31
105,2014,19,1630,9.18,7.23,0,0,.304,12.31
105,2014,19,1636,9.03,7.03,0,0,.304,12.31
105,2014,19,1642,8.89,6.804,0,0,.304,12.31
105,2014,19,1648,8.74,6.74,0,0,.304,12.31
105,2014,19,1654,8.59,6.558,0,0,.304,12.31
105,2014,19,1700,8.43,6.81,0,0,.304,12.31
105,2014,19,1706,8.28,6.545,0,0,.304,12.31
105,2014,19,1712,8.13,6.65,0,0,.304,12.31
105,2014,19,1718,7.98,6.451,0,0,.304,12.31
105,2014,19,1724,7.83,6.517,0,0,.304,12.31
105,2014,19,1730,7.69,6.054,0,0,.304,12.31
105,2014,19,1736,7.54,5.965,0,0,.304,12.31
105,2014,19,1742,7.4,6.113,0,0,.304,12.31
105,2014,19,1748,7.26,5.744,0,0,.304,12.31
105,2014,19,1754,7.11,5.304,0,0,.304,12.31
105,2014,19,1800,6.966,5.181,0,0,.304,12.31
105,2014,19,1806,6.816,5.24,0,0,.304,12.31
105,2014,19,1812,6.667,5.048,0,0,.303,12.31
105,2014,19,1818,6.519,4.527,0,0,.304,12.31
105,2014,19,1824,6.369,4.213,0,0,.304,12.31
105,2014,19,1830,6.211,4.359,0,0,.304,12.31
105,2014,19,1836,6.048,3.817,0,0,.304,12.31
105,2014,19,1842,5.879,3.369,0,0,.305,12.31
105,2014,19,1848,5.707,3.236,0,0,.305,12.31
105,2014,19,1854,5.531,2.919,0,0,.305,12.31
105,2014,19,1900,5.344,2.891,0,0,.305,12.31
105,2014,19,1906,5.153,2.447,0,0,.305,12.31
105,2014,19,1912,4.96,2.204,0,0,.305,12.31
105,2014,19,1918,4.769,2.368,0,0,.305,12.31
105,2014,19,1924,4.573,2.055,0,0,.305,12.31
105,2014,19,1930,4.378,2.105,0,0,.304,12.31
105,2014,19,1936,4.183,2.241,0,0,.305,12.31
105,2014,19,1942,3.994,2.208,0,0,.305,12.31
105,2014,19,1948,3.809,2.229,0,0,.305,12.31
105,2014,19,1954,3.625,2.144,0,0,.304,12.31
105,2014,19,2000,3.449,1.824,0,0,.304,12.31
105,2014,19,2006,3.282,2.273,0,0,.304,12.31
105,2014,19,2012,3.12,2.009,0,0,.304,12.31
105,2014,19,2018,2.962,2.535,0,0,.305,12.31
105,2014,19,2024,2.81,2.281,0,0,.304,12.31
105,2014,19,2030,2.665,2.311,0,0,.304,12.31
105,2014,19,2036,2.533,2.302,0,0,.305,12.31
105,2014,19,2042,2.41,2.446,0,0,.305,12.31
105,2014,19,2048,2.291,2.316,0,0,.305,12.31
105,2014,19,2054,2.18,2.802,0,0,.304,12.31
105,2014,19,2100,2.079,2.665,0,0,.304,12.31
105,2014,19,2106,1.988,3.446,0,0,.304,12.31
105,2014,19,2112,1.913,3.302,0,0,.304,12.32
105,2014,19,2118,1.856,3.282,0,0,.304,12.32
105,2014,19,2124,1.811,3.246,0,0,.304,12.32
105,2014,19,2130,1.771,2.89,0,0,.304,12.32
105,2014,19,2136,1.735,3.251,0,0,.304,12.32
105,2014,19,2142,1.705,3.033,0,0,.304,12.32
105,2014,19,2148,1.678,2.891,0,0,.304,12.32
105,2014,19,2154,1.654,2.65,0,0,.305,12.31
105,2014,19,2200,1.63,2.689,0,0,.304,12.32
105,2014,19,2206,1.606,2.516,0,0,.304,12.31
105,2014,19,2212,1.58,2.479,0,0,.304,12.32
105,2014,19,2218,1.553,2.64,0,0,.304,12.32
105,2014,19,2224,1.524,2.472,0,0,.304,12.31
105,2014,19,2230,1.493,2.21,0,0,.305,12.31
105,2014,19,2236,1.462,2.517,0,0,.304,12.32
105,2014,19,2242,1.431,2.425,0,0,.305,12.31
105,2014,19,2248,1.4,2.679,0,0,.304,12.31
105,2014,19,2254,1.369,2.37,0,0,.305,12.31
105,2014,19,2300,1.34,2.397,0,0,.305,12.31
105,2014,19,2306,1.311,2.387,0,0,.304,12.31
105,2014,19,2312,1.281,2.362,0,0,.304,12.31
105,2014,19,2318,1.251,2.129,0,0,.304,12.31
105,2014,19,2324,1.219,2.21,0,0,.304,12.31
105,2014,19,2330,1.188,2.009,0,0,.304,12.32
105,2014,19,2336,1.156,2.019,0,0,.304,12.32
105,2014,19,2342,1.123,1.889,0,0,.304,12.32
105,2014,19,2348,1.086,1.65,0,0,.304,12.32
105,2014,19,2354,1.045,1.613,0,0,.304,12.32
105,2014,20,0,1.001,1.679,0,0,.304,12.32
105,2014,20,6,.954,1.746,0,0,.305,12.32
105,2014,20,12,.909,1.687,0,0,.304,12.32
105,2014,20,18,.862,1.508,0,0,.304,12.32
105,2014,20,24,.816,1.517,0,0,.304,12.32
105,2014,20,30,.77,1.528,0,0,.304,12.32
105,2014,20,36,.727,1.685,0,0,.304,12.32
105,2014,20,42,.687,1.611,0,0,.304,12.32
105,2014,20,48,.65,1.899,0,0,.304,12.32
105,2014,20,54,.616,1.707,0,0,.304,12.32
105,2014,20,100,.583,1.634,0,0,.304,12.32
105,2014,20,106,.553,1.656,0,0,.304,12.32
105,2014,20,112,.524,1.54,0,0,.304,12.32
105,2014,20,118,.498,1.534,0,0,.305,12.32
105,2014,20,124,.474,1.378,0,0,.304,12.32
105,2014,20,130,.449,1.471,0,0,.304,12.32
105,2014,20,136,.425,1.361,0,0,.304,12.32
105,2014,20,142,.4,1.598,0,0,.304,12.32
105,2014,20,148,.376,1.393,0,0,.304,12.31
105,2014,20,154,.353,1.886,0,0,.304,12.32
105,2014,20,200,.334,1.964,0,0,.304,12.32
105,2014,20,206,.321,1.925,0,0,.305,12.32
105,2014,20,212,.318,2.034,0,0,.304,12.32
105,2014,20,218,.311,1.936,0,0,.304,12.32
105,2014,20,224,.319,2.047,0,0,.304,12.32
105,2014,20,230,.322,2.01,0,0,.304,12.31
105,2014,20,236,.335,2.176,0,0,.304,12.32
105,2014,20,242,.35,2.041,0,0,.304,12.32
105,2014,20,248,.369,1.906,0,0,.305,12.32
105,2014,20,254,.388,2.001,0,0,.304,12.31
105,2014,20,300,.407,1.881,0,0,.304,12.32
105,2014,20,306,.424,1.667,0,0,.304,12.31
105,2014,20,312,.441,1.877,0,0,.304,12.32
105,2014,20,318,.454,2.359,0,0,.304,12.32
105,2014,20,324,.467,2.026,0,0,.305,12.32
105,2014,20,330,.483,1.958,0,0,.304,12.32
105,2014,20,336,.496,1.641,0,0,.304,12.31
105,2014,20,342,.509,1.856,0,0,.304,12.31
105,2014,20,348,.52,1.807,0,0,.304,12.31
105,2014,20,354,.528,1.502,0,0,.304,12.31
105,2014,20,400,.532,1.464,0,0,.304,12.31
105,2014,20,406,.53,1.396,0,0,.304,12.31
105,2014,20,412,.52,1.43,0,0,.304,12.31
105,2014,20,418,.507,1.105,0,0,.304,12.31
105,2014,20,424,.493,1.151,0,0,.304,12.31
105,2014,20,430,.475,1.459,0,0,.304,12.32
105,2014,20,436,.456,1.357,0,0,.304,12.31
105,2014,20,442,.437,1.429,0,0,.304,12.32
105,2014,20,448,.418,1.235,0,0,.304,12.31
105,2014,20,454,.399,1.197,0,0,.304,12.32
105,2014,20,500,.38,1.405,0,0,.304,12.32
105,2014,20,506,.364,1.324,0,0,.304,12.32
105,2014,20,512,.348,1.449,0,0,.304,12.32
105,2014,20,518,.331,1.12,0,0,.304,12.32
105,2014,20,524,.318,1.408,0,0,.305,12.32
105,2014,20,530,.297,1.513,0,0,.304,12.32
105,2014,20,536,.283,1.289,0,0,.304,12.32
105,2014,20,542,.27,1.121,0,0,.304,12.32
105,2014,20,548,.258,1.43,0,0,.304,12.32
105,2014,20,554,.248,1.47,0,0,.304,12.32
105,2014,20,600,.239,1.685,0,0,.304,12.32
105,2014,20,606,.236,1.469,0,0,.304,12.32
105,2014,20,612,.229,1.627,0,0,.305,12.32
105,2014,20,618,.226,1.747,0,0,.304,12.32
105,2014,20,624,.226,1.859,0,0,.304,12.32
105,2014,20,630,.226,1.667,0,0,.304,12.32
105,2014,20,636,.227,1.71,0,0,.304,12.32
105,2014,20,642,.235,1.661,0,0,.304,12.31
105,2014,20,648,.236,1.34,0,0,.304,12.31
105,2014,20,654,.236,1.413,0,0,.305,12.32
105,2014,20,700,.236,1.531,0,0,.304,12.32
105,2014,20,706,.236,1.279,0,0,.304,12.32
105,2014,20,712,.236,1.204,0,0,.304,12.32
105,2014,20,718,.236,1.605,0,0,.304,12.32
105,2014,20,724,.234,1.402,0,0,.304,12.32
105,2014,20,730,.229,1.596,0,0,.304,12.32
105,2014,20,736,.231,1.739,0,0,.305,12.32
105,2014,20,742,.236,1.737,0,0,.304,12.32
105,2014,20,748,.241,1.631,0,0,.304,12.32
105,2014,20,754,.248,1.56,0,0,.304,12.32
105,2014,20,800,.257,1.698,0,0,.304,12.32
105,2014,20,806,.267,1.79,0,0,.304,12.32
105,2014,20,812,.277,1.782,0,0,.304,12.32
105,2014,20,818,.288,1.607,0,0,.304,12.31
105,2014,20,824,.301,1.614,0,0,.305,12.32
105,2014,20,830,.318,1.591,0,0,.304,12.32
105,2014,20,836,.325,1.658,0,0,.304,12.32
105,2014,20,842,.335,1.53,0,0,.304,12.32
105,2014,20,848,.343,1.486,0,0,.305,12.31
105,2014,20,854,.352,1.556,0,0,.304,12.31
105,2014,20,900,.353,1.533,0,0,.304,12.32
105,2014,20,906,.361,1.566,0,0,.304,12.32
105,2014,20,912,.364,1.54,0,0,.304,12.32
105,2014,20,918,.364,1.745,0,0,.304,12.32
105,2014,20,924,.364,1.839,0,0,.304,12.32
105,2014,20,930,.373,1.962,0,0,.305,12.32
105,2014,20,936,.378,2.069,0,0,.304,12.32
105,2014,20,942,.389,2.178,0,0,.304,12.32
105,2014,20,948,.403,2.282,0,0,.304,12.32
105,2014,20,954,.422,2.437,0,0,.304,12.31
105,2014,20,1000,.445,2.475,0,0,.304,12.31
105,2014,20,1006,.471,2.58,0,0,.304,12.31
105,2014,20,1012,.5,2.611,0,0,.304,12.31
105,2014,20,1018,.531,2.798,0,0,.304,12.31
105,2014,20,1024,.565,3.075,0,0,.304,12.31
105,2014,20,1030,.602,3.326,0,0,.304,12.31
105,2014,20,1036,.643,3.581,0,0,.304,12.31
105,2014,20,1042,.691,3.572,0,0,.305,12.31
105,2014,20,1048,.747,3.759,0,0,.304,12.31
105,2014,20,1054,.809,5.866,0,0,.304,12.31
105,2014,20,1100,.886,6.842,0,0,.303,12.31
105,2014,20,1106,.998,8.22,0,0,.302,12.31
105,2014,20,1112,1.157,9.17,0,0,.302,12.31
105,2014,20,1118,1.372,9.37,0,0,.302,12.31
105,2014,20,1124,1.635,9.58,0,0,.302,12.31
105,2014,20,1130,1.936,8.16,0,0,.302,12.31
105,2014,20,1136,2.258,8.47,0,0,.302,12.31
105,2014,20,1142,2.577,9.49,0,0,.302,12.31
105,2014,20,1148,2.891,9.36,0,0,.302,12.31
105,2014,20,1154,3.208,10.56,0,0,.302,12.31
105,2014,20,1200,3.521,11.85,0,0,.302,12.31
105,2014,20,1206,3.851,11.79,0,0,.301,12.31
105,2014,20,1212,4.208,12.59,0,0,.301,12.31
105,2014,20,1218,4.594,13.74,0,0,.3,12.31
105,2014,20,1224,5.011,13.11,0,0,.299,12.31
105,2014,20,1230,5.441,13.18,0,0,.299,12.31
105,2014,20,1236,5.886,13.32,0,0,.299,12.31
105,2014,20,1242,6.334,14.09,0,0,.299,12.31
105,2014,20,1248,6.786,13.61,0,0,.3,12.31
105,2014,20,1254,7.23,14.26,0,0,.299,12.31
105,2014,20,1300,7.66,13.76,0,0,.299,12.3
105,2014,20,1306,8.08,13.86,0,0,.299,12.31
105,2014,20,1312,8.48,13.62,0,0,.299,12.31
105,2014,20,1318,8.86,13.8,0,0,.298,12.31
105,2014,20,1324,9.21,13.66,0,0,.298,12.3
105,2014,20,1330,9.53,13.9,0,0,.298,12.31
105,2014,20,1336,9.83,14.38,0,0,.298,12.3
105,2014,20,1342,10.12,14.25,0,0,.298,12.3
105,2014,20,1348,10.41,14.82,0,0,.296,12.3
105,2014,20,1354,10.68,15.37,0,0,.296,12.3
105,2014,20,1400,10.96,14.91,0,0,.296,12.3
105,2014,20,1406,11.23,15.43,0,0,.294,12.3
105,2014,20,1412,11.5,15.46,0,0,.294,12.3
105,2014,20,1418,11.76,16.29,0,0,.293,12.3
105,2014,20,1424,12.02,15.31,0,0,.293,12.3
105,2014,20,1430,12.27,14.73,0,0,.292,12.3
105,2014,20,1436,12.5,14.8,0,0,.291,12.3
105,2014,20,1442,12.7,14.36,0,0,.291,12.3
105,2014,20,1448,12.87,14.36,0,0,.289,12.3
105,2014,20,1454,13.02,14.28,0,0,.288,12.3
105,2014,20,1500,13.14,13.55,0,0,.288,12.3
105,2014,20,1506,13.24,13.62,0,0,.288,12.3
105,2014,20,1512,13.31,13.08,0,0,.288,12.3
105,2014,20,1518,13.35,12.94,0,0,.288,12.3
105,2014,20,1524,13.37,13.27,0,0,.287,12.3
105,2014,20,1530,13.39,13.05,0,0,.287,12.3
105,2014,20,1536,13.37,12.93,0,0,.287,12.3
105,2014,20,1542,13.35,13.21,0,0,.287,12.3
105,2014,20,1548,13.32,13.34,0,0,.286,12.3
105,2014,20,1554,13.28,13.33,0,0,.285,12.3
105,2014,20,1600,13.25,13.02,0,0,.285,12.3
105,2014,20,1606,13.21,12.8,0,0,.285,12.3
105,2014,20,1612,13.17,12.34,0,0,.285,12.3
105,2014,20,1618,13.12,12.2,0,0,.285,12.3
105,2014,20,1624,13.06,11.99,0,0,.285,12.31
105,2014,20,1630,12.99,11.87,0,0,.284,12.31
105,2014,20,1636,12.91,11.8,0,0,.284,12.31
105,2014,20,1642,12.82,11.48,0,0,.283,12.31
105,2014,20,1648,12.73,11.46,0,0,.282,12.31
105,2014,20,1654,12.63,11.39,0,0,.283,12.31
105,2014,20,1700,12.53,11.56,0,0,.283,12.3
105,2014,20,1706,12.42,11.41,0,0,.282,12.31
105,2014,20,1712,12.31,11.07,0,0,.282,12.31
105,2014,20,1718,12.19,10.86,0,0,.282,12.31
105,2014,20,1724,12.08,10.84,0,0,.282,12.31
105,2014,20,1730,11.97,11.09,0,0,.282,12.31
105,2014,20,1736,11.85,10.58,0,0,.281,12.31
105,2014,20,1742,11.73,10.48,0,0,.281,12.31
105,2014,20,1748,11.61,9.93,0,0,.281,12.31
105,2014,20,1754,11.49,9.37,0,0,.281,12.31
105,2014,20,1800,11.36,8.11,0,0,.281,12.31
105,2014,20,1806,11.21,8.47,0,0,.281,12.31
105,2014,20,1812,11.05,7.87,0,0,.282,12.31
105,2014,20,1818,10.88,7.22,0,0,.282,12.31
105,2014,20,1824,10.69,7.5,0,0,.282,12.31
105,2014,20,1830,10.48,7.74,0,0,.282,12.31
105,2014,20,1836,10.27,6.842,0,0,.282,12.31
105,2014,20,1842,10.06,7.06,0,0,.282,12.31
105,2014,20,1848,9.83,6.693,0,0,.282,12.31
105,2014,20,1854,9.6,7.02,0,0,.282,12.31
105,2014,20,1900,9.38,7.48,0,0,.282,12.31
105,2014,20,1906,9.16,7.16,0,0,.283,12.31
105,2014,20,1912,8.95,7.14,0,0,.282,12.31
105,2014,20,1918,8.74,6.981,0,0,.282,12.31
105,2014,20,1924,8.55,7.71,0,0,.282,12.31
105,2014,20,1930,8.37,8.26,0,0,.282,12.31
105,2014,20,1936,8.21,7.84,0,0,.281,12.31
105,2014,20,1942,8.07,7.84,0,0,.28,12.31
105,2014,20,1948,7.95,7.85,0,0,.28,12.31
105,2014,20,1954,7.85,7.64,0,0,.28,12.31
105,2014,20,2000,7.76,7.44,0,0,.28,12.31
105,2014,20,2006,7.68,7.39,0,0,.28,12.31
105,2014,20,2012,7.6,7.25,0,0,.28,12.31
105,2014,20,2018,7.53,6.802,0,0,.28,12.31
105,2014,20,2024,7.46,6.243,0,0,.279,12.31
105,2014,20,2030,7.38,5.707,0,0,.279,12.31
105,2014,20,2036,7.3,5.572,0,0,.279,12.31
105,2014,20,2042,7.2,5.37,0,0,.279,12.31
105,2014,20,2048,7.09,4.825,0,0,.279,12.31
105,2014,20,2054,6.962,4.621,0,0,.279,12.31
105,2014,20,2100,6.822,4.466,0,0,.279,12.31
105,2014,20,2106,6.67,4.849,0,0,.279,12.31
105,2014,20,2112,6.511,4.945,0,0,.279,12.31
105,2014,20,2118,6.351,4.752,0,0,.279,12.31
105,2014,20,2124,6.196,5.075,0,0,.279,12.31
105,2014,20,2130,6.047,4.885,0,0,.279,12.31
105,2014,20,2136,5.902,4.572,0,0,.279,12.31
105,2014,20,2142,5.762,4.605,0,0,.279,12.31
105,2014,20,2148,5.629,4.349,0,0,.279,12.31
105,2014,20,2154,5.499,4.717,0,0,.279,12.31
105,2014,20,2200,5.368,4.029,0,0,.279,12.31
105,2014,20,2206,5.237,3.887,0,0,.279,12.31
105,2014,20,2212,5.105,3.73,0,0,.279,12.31
105,2014,20,2218,4.97,3.862,0,0,.279,12.31
105,2014,20,2224,4.835,3.746,0,0,.279,12.31
105,2014,20,2230,4.7,3.109,0,0,.279,12.31
105,2014,20,2236,4.561,2.7,0,0,.279,12.31
105,2014,20,2242,4.42,3.332,0,0,.279,12.31
105,2014,20,2248,4.278,3.218,0,0,.279,12.31
105,2014,20,2254,4.138,2.653,0,0,.279,12.31
105,2014,20,2300,4.004,2.498,0,0,.279,12.31
105,2014,20,2306,3.871,2.754,0,0,.279,12.31
105,2014,20,2312,3.732,2.523,0,0,.279,12.31
105,2014,20,2318,3.593,2.301,0,0,.279,12.31
105,2014,20,2324,3.454,2.348,0,0,.279,12.31
105,2014,20,2330,3.314,1.716,0,0,.279,12.31
105,2014,20,2336,3.178,1.33,0,0,.279,12.31
105,2014,20,2342,3.04,1.252,0,0,.279,12.31
105,2014,20,2348,2.9,.847,0,0,.279,12.31
105,2014,20,2354,2.755,.506,0,0,.279,12.31
105,2014,21,0,2.607,-.037,0,0,.279,12.31
105,2014,21,6,2.458,.346,0,0,.279,12.32
105,2014,21,12,2.304,.542,0,0,.279,12.32
105,2014,21,18,2.147,-.4,0,0,.279,12.32
105,2014,21,24,1.989,-.362,0,0,.279,12.32
105,2014,21,30,1.834,-.477,0,0,.279,12.31
105,2014,21,36,1.68,-.729,0,0,.279,12.32
105,2014,21,42,1.524,-.664,0,0,.279,12.32
105,2014,21,48,1.366,-.688,0,0,.279,12.32
105,2014,21,54,1.211,-.518,0,0,.279,12.32
105,2014,21,100,1.058,-.261,0,0,.279,12.32
105,2014,21,106,.913,-1.034,0,0,.279,12.32
105,2014,21,112,.776,-1.5,0,0,.279,12.32
105,2014,21,118,.641,-1.518,0,0,.279,12.32
105,2014,21,124,.507,-.783,0,0,.279,12.32
105,2014,21,130,.375,-.418,0,0,.279,12.32
105,2014,21,136,.251,-1.302,0,0,.279,12.32
105,2014,21,142,.137,-.964,0,0,.279,12.32
105,2014,21,148,.028,-1.285,0,0,.279,12.32
105,2014,21,154,-.076,-1.434,0,0,.279,12.32
105,2014,21,200,-.176,-1.337,0,0,.279,12.32
105,2014,21,206,-.275,-1.776,0,0,.279,12.32
105,2014,21,212,-.374,-1.921,0,0,.279,12.32
105,2014,21,218,-.473,-1.526,0,0,.279,12.32
105,2014,21,224,-.57,-1.792,0,0,.279,12.32
105,2014,21,230,-.67,-1.809,0,0,.279,12.32
105,2014,21,236,-.77,-2.196,0,0,.279,12.32
105,2014,21,242,-.868,-1.98,0,0,.279,12.32
105,2014,21,248,-.966,-1.809,0,0,.279,12.32
105,2014,21,254,-1.061,-1.891,0,0,.279,12.32
105,2014,21,300,-1.154,-2.308,0,0,.279,12.32
105,2014,21,306,-1.243,-1.804,0,0,.279,12.32
105,2014,21,312,-1.333,-2.392,0,0,.279,12.32
105,2014,21,318,-1.421,-2.508,0,0,.279,12.32
105,2014,21,324,-1.506,-2.333,0,0,.279,12.32
105,2014,21,330,-1.59,-2.738,0,0,.279,12.32
105,2014,21,336,-1.674,-2.433,0,0,.279,12.32
105,2014,21,342,-1.758,-2.103,0,0,.279,12.32
105,2014,21,348,-1.841,-2.406,0,0,.279,12.32
105,2014,21,354,-1.92,-3.142,0,0,.279,12.32
105,2014,21,400,-1.997,-2.695,0,0,.279,12.32
105,2014,21,406,-2.077,-2.965,0,0,.279,12.32
105,2014,21,412,-2.16,-2.774,0,0,.278,12.32
105,2014,21,418,-2.242,-2.697,0,0,.279,12.32
105,2014,21,424,-2.323,-2.299,0,0,.279,12.32
105,2014,21,430,-2.401,-2.327,0,0,.278,12.32
105,2014,21,436,-2.476,-2.583,0,0,.279,12.32
105,2014,21,442,-2.543,-3.096,0,0,.278,12.32
105,2014,21,448,-2.607,-2.547,0,0,.279,12.32
105,2014,21,454,-2.664,-2.553,0,0,.278,12.32
105,2014,21,500,-2.717,-2.037,0,0,.278,12.32
105,2014,21,506,-2.763,-1.801,0,0,.279,12.32
105,2014,21,512,-2.799,-2.336,0,0,.278,12.32
105,2014,21,518,-2.823,-2.246,0,0,.278,12.32
105,2014,21,524,-2.838,-1.867,0,0,.279,12.32
105,2014,21,530,-2.846,-1.627,0,0,.279,12.32
105,2014,21,536,-2.855,-1.31,0,0,.278,12.32
105,2014,21,542,-2.857,-.853,0,0,.278,12.32
105,2014,21,548,-2.849,-.276,0,0,.278,12.32
105,2014,21,554,-2.84,-.487,0,0,.279,12.32
105,2014,21,600,-2.823,-.189,0,0,.278,12.32
105,2014,21,606,-2.798,.135,0,0,.278,12.32
105,2014,21,612,-2.766,-.01,0,0,.278,12.32
105,2014,21,618,-2.725,.088,0,0,.277,12.32
105,2014,21,624,-2.675,.199,0,0,.278,12.32
105,2014,21,630,-2.614,.383,0,0,.278,12.32
105,2014,21,636,-2.541,.538,0,0,.277,12.32
105,2014,21,642,-2.454,.634,0,0,.277,12.32
105,2014,21,648,-2.356,.713,0,0,.277,12.32
105,2014,21,654,-2.25,.682,0,0,.277,12.32
105,2014,21,700,-2.138,.636,0,0,.278,12.32
105,2014,21,706,-2.029,.705,0,0,.278,12.32
105,2014,21,712,-1.923,.895,0,0,.278,12.32
105,2014,21,718,-1.814,.87,0,0,.278,12.32
105,2014,21,724,-1.703,.889,0,0,.278,12.32
105,2014,21,730,-1.593,.998,0,0,.277,12.32
105,2014,21,736,-1.485,.888,0,0,.277,12.32
105,2014,21,742,-1.378,.89,0,0,.277,12.32
105,2014,21,748,-1.274,.99,0,0,.277,12.32
105,2014,21,754,-1.17,.951,0,0,.277,12.32
105,2014,21,800,-1.069,.827,0,0,.277,12.32
105,2014,21,806,-.976,1.007,0,0,.278,12.32
105,2014,21,812,-.886,.942,0,0,.277,12.32
105,2014,21,818,-.796,.848,0,0,.278,12.32
105,2014,21,824,-.711,.883,0,0,.277,12.32
105,2014,21,830,-.628,.857,0,0,.277,12.32
105,2014,21,836,-.549,.865,0,0,.278,12.32
105,2014,21,842,-.473,.741,0,0,.277,12.32
105,2014,21,848,-.401,.697,0,0,.277,12.32
105,2014,21,854,-.333,.62,0,0,.277,12.32
105,2014,21,900,-.271,.65,0,0,.277,12.32
105,2014,21,906,-.213,.615,0,0,.277,12.32
105,2014,21,912,-.161,.624,0,0,.277,12.32
105,2014,21,918,-.114,.616,0,0,.278,12.32
105,2014,21,924,-.07,.628,0,0,.277,12.32
105,2014,21,930,-.03,.528,0,0,.277,12.32
105,2014,21,936,.008,.527,0,0,.277,12.32
105,2014,21,942,.043,.568,0,0,.278,12.32
105,2014,21,948,.077,.56,0,0,.277,12.32
105,2014,21,954,.11,.649,0,0,.277,12.32
105,2014,21,1000,.142,.591,0,0,.277,12.32
105,2014,21,1006,.175,.577,0,0,.278,12.32
105,2014,21,1012,.209,.567,0,0,.277,12.32
105,2014,21,1018,.242,.512,0,0,.277,12.32
105,2014,21,1024,.274,.507,0,0,.277,12.32
105,2014,21,1030,.306,.501,0,0,.277,12.32
105,2014,21,1036,.334,.51,0,0,.278,12.32
105,2014,21,1042,.361,.434,0,0,.277,12.32
105,2014,21,1048,.385,.417,0,0,.277,12.32
105,2014,21,1054,.406,.251,0,0,.277,12.32
105,2014,21,1100,.422,.346,0,0,.278,12.32
105,2014,21,1106,.434,.307,0,0,.277,12.32
105,2014,21,1112,.444,.35,0,0,.277,12.32
105,2014,21,1118,.449,.275,0,0,.277,12.32
105,2014,21,1124,.459,.142,0,0,.278,12.32
105,2014,21,1130,.459,.099,0,0,.278,12.32
105,2014,21,1136,.459,-.122,0,0,.277,12.32
105,2014,21,1142,.458,-.253,0,0,.277,12.32
105,2014,21,1148,.447,-.471,0,0,.277,12.32
105,2014,21,1154,.43,-.993,0,0,.278,12.32
105,2014,21,1200,.398,-1.216,0,0,.277,12.32
105,2014,21,1206,.354,-1.507,0,0,.278,12.32
105,2014,21,1212,.297,-1.917,0,0,.278,12.32
105,2014,21,1218,.223,-2.018,0,0,.277,12.32
105,2014,21,1224,.138,-2.066,0,0,.277,12.32
105,2014,21,1230,.043,-2.091,0,0,.277,12.32
105,2014,21,1236,-.058,-2.164,0,0,.277,12.32
105,2014,21,1242,-.162,-2.206,0,0,.278,12.32
105,2014,21,1248,-.263,-2.387,0,0,.277,12.32
105,2014,21,1254,-.364,-2.429,0,0,.277,12.32
105,2014,21,1300,-.467,-2.583,0,0,.277,12.32
105,2014,21,1306,-.569,-2.701,0,0,.277,12.32
105,2014,21,1312,-.672,-2.852,0,0,.277,12.32
105,2014,21,1318,-.779,-3.018,0,0,.277,12.32
105,2014,21,1324,-.889,-3.122,0,0,.277,12.32
105,2014,21,1330,-.998,-3.194,0,0,.277,12.32
105,2014,21,1336,-1.104,-3.281,0,0,.277,12.32
105,2014,21,1342,-1.208,-3.353,0,0,.277,12.32
105,2014,21,1348,-1.312,-3.475,0,0,.277,12.32
105,2014,21,1354,-1.414,-3.595,0,0,.277,12.32
105,2014,21,1400,-1.514,-3.785,0,0,.278,12.32
105,2014,21,1406,-1.617,-3.722,0,0,.277,12.32
105,2014,21,1412,-1.715,-3.801,0,0,.277,12.32
105,2014,21,1418,-1.81,-3.659,0,0,.277,12.32
105,2014,21,1424,-1.898,-3.644,0,0,.277,12.32
105,2014,21,1430,-1.985,-3.625,0,0,.278,12.32
105,2014,21,1436,-2.068,-3.496,0,0,.278,12.32
105,2014,21,1442,-2.144,-3.588,0,0,.277,12.32
105,2014,21,1448,-2.215,-3.544,0,0,.277,12.32
105,2014,21,1454,-2.28,-3.568,0,0,.278,12.32
105,2014,21,1500,-2.339,-3.758,0,0,.277,12.32
105,2014,21,1506,-2.396,-3.711,0,0,.277,12.32
105,2014,21,1512,-2.452,-3.776,0,0,.278,12.32
105,2014,21,1518,-2.503,-3.729,0,0,.278,12.32
105,2014,21,1524,-2.552,-3.742,0,0,.278,12.32
105,2014,21,1530,-2.599,-3.826,0,0,.278,12.32
105,2014,21,1536,-2.645,-3.812,0,0,.277,12.32
105,2014,21,1542,-2.688,-3.876,0,0,.277,12.32
105,2014,21,1548,-2.73,-4.061,0,0,.278,12.32
105,2014,21,1554,-2.774,-4.113,0,0,.277,12.32
105,2014,21,1600,-2.821,-4.335,0,0,.277,12.32
105,2014,21,1606,-2.872,-4.244,0,0,.278,12.32
105,2014,21,1612,-2.925,-4.335,0,0,.277,12.32
105,2014,21,1618,-2.979,-4.477,0,0,.277,12.32
105,2014,21,1624,-3.035,-4.565,0,0,.277,12.32
105,2014,21,1630,-3.096,-4.722,0,0,.277,12.32
105,2014,21,1636,-3.158,-4.75,0,0,.278,12.32
105,2014,21,1642,-3.221,-4.909,0,0,.278,12.32
105,2014,21,1648,-3.288,-4.883,0,0,.278,12.32
105,2014,21,1654,-3.358,-4.889,0,0,.277,12.32
105,2014,21,1700,-3.43,-4.816,0,0,.278,12.32
105,2014,21,1706,-3.499,-4.808,0,0,.278,12.32
105,2014,21,1712,-3.564,-4.811,0,0,.278,12.32
105,2014,21,1718,-3.626,-4.897,0,0,.277,12.32
105,2014,21,1724,-3.685,-4.871,0,0,.277,12.32
105,2014,21,1730,-3.741,-4.992,0,0,.277,12.32
105,2014,21,1736,-3.795,-5.095,0,0,.278,12.33
105,2014,21,1742,-3.849,-5.091,0,0,.277,12.33
105,2014,21,1748,-3.902,-5.148,0,0,.277,12.33
105,2014,21,1754,-3.953,-5.206,0,0,.278,12.32
105,2014,21,1800,-4.003,-5.404,0,0,.277,12.33
105,2014,21,1806,-4.055,-5.468,0,0,.278,12.33
105,2014,21,1812,-4.111,-5.535,0,0,.277,12.33
105,2014,21,1818,-4.17,-5.6,0,0,.277,12.33
105,2014,21,1824,-4.233,-5.645,0,0,.278,12.33
105,2014,21,1830,-4.297,-5.675,0,0,.278,12.33
105,2014,21,1836,-4.362,-5.737,0,0,.278,12.33
105,2014,21,1842,-4.428,-5.835,0,0,.277,12.33
105,2014,21,1848,-4.492,-5.931,0,0,.277,12.33
105,2014,21,1854,-4.559,-5.971,0,0,.278,12.33
105,2014,21,1900,-4.628,-6.014,0,0,.278,12.33
105,2014,21,1906,-4.698,-6.042,0,0,.278,12.33
105,2014,21,1912,-4.768,-6.058,0,0,.278,12.33
105,2014,21,1918,-4.835,-6.06,0,0,.277,12.33
105,2014,21,1924,-4.899,-6.111,0,0,.277,12.33
105,2014,21,1930,-4.963,-6.147,0,0,.278,12.33
105,2014,21,1936,-5.023,-6.209,0,0,.278,12.33
105,2014,21,1942,-5.082,-6.259,0,0,.278,12.33
105,2014,21,1948,-5.138,-6.23,0,0,.278,12.33
105,2014,21,1954,-5.194,-6.26,0,0,.278,12.33
105,2014,21,2000,-5.249,-6.279,0,0,.278,12.33
105,2014,21,2006,-5.302,-6.314,0,0,.277,12.33
105,2014,21,2012,-5.351,-6.327,0,0,.277,12.33
105,2014,21,2018,-5.396,-6.282,0,0,.277,12.33
105,2014,21,2024,-5.438,-6.314,0,0,.278,12.33
105,2014,21,2030,-5.478,-6.304,0,0,.278,12.33
105,2014,21,2036,-5.517,-6.362,0,0,.278,12.33
105,2014,21,2042,-5.556,-6.428,0,0,.278,12.33
105,2014,21,2048,-5.593,-6.471,0,0,.277,12.33
105,2014,21,2054,-5.632,-6.505,0,0,.277,12.33
105,2014,21,2100,-5.669,-6.482,0,0,.277,12.33
105,2014,21,2106,-5.705,-6.571,0,0,.277,12.33
105,2014,21,2112,-5.738,-6.711,0,0,.278,12.33
105,2014,21,2118,-5.774,-6.833,0,0,.278,12.33
105,2014,21,2124,-5.812,-6.935,0,0,.277,12.33
105,2014,21,2130,-5.854,-7.1,0,0,.277,12.33
105,2014,21,2136,-5.902,-7.12,0,0,.278,12.33
105,2014,21,2142,-5.952,-7.14,0,0,.277,12.33
105,2014,21,2148,-6.004,-7.16,0,0,.277,12.33
105,2014,21,2154,-6.055,-7.25,0,0,.277,12.33
105,2014,21,2200,-6.107,-7.24,0,0,.278,12.33
105,2014,21,2206,-6.157,-7.3,0,0,.277,12.33
105,2014,21,2212,-6.208,-7.4,0,0,.278,12.33
105,2014,21,2218,-6.26,-7.47,0,0,.277,12.33
105,2014,21,2224,-6.314,-7.53,0,0,.277,12.33
105,2014,21,2230,-6.367,-7.63,0,0,.277,12.33
105,2014,21,2236,-6.421,-7.81,0,0,.278,12.33
105,2014,21,2242,-6.479,-7.87,0,0,.277,12.33
105,2014,21,2248,-6.541,-7.89,0,0,.277,12.33
105,2014,21,2254,-6.606,-7.87,0,0,.277,12.33
105,2014,21,2300,-6.672,-7.88,0,0,.277,12.33
105,2014,21,2306,-6.738,-7.93,0,0,.278,12.33
105,2014,21,2312,-6.8,-7.98,0,0,.278,12.33
105,2014,21,2318,-6.858,-7.96,0,0,.277,12.33
105,2014,21,2324,-6.914,-7.91,0,0,.277,12.33
105,2014,21,2330,-6.969,-7.97,0,0,.277,12.33
105,2014,21,2336,-7.02,-7.92,0,0,.278,12.33
105,2014,21,2342,-7.07,-7.97,0,0,.278,12.33
105,2014,21,2348,-7.11,-7.96,0,0,.277,12.33
105,2014,21,2354,-7.15,-7.99,0,0,.277,12.33
105,2014,22,0,-7.19,-8.03,0,0,.277,12.33
105,2014,22,6,-7.23,-8.02,0,0,.278,12.33
105,2014,22,12,-7.26,-8.05,0,0,.277,12.33
105,2014,22,18,-7.29,-8.23,0,0,.277,12.33
105,2014,22,24,-7.32,-8.31,0,0,.277,12.33
105,2014,22,30,-7.36,-8.42,0,0,.277,12.33
105,2014,22,36,-7.39,-8.61,0,0,.278,12.33
105,2014,22,42,-7.43,-8.68,0,0,.278,12.33
105,2014,22,48,-7.48,-8.76,0,0,.277,12.33
105,2014,22,54,-7.52,-8.85,0,0,.277,12.33
105,2014,22,100,-7.57,-8.9,0,0,.277,12.33
105,2014,22,106,-7.63,-8.9,0,0,.277,12.33
105,2014,22,112,-7.68,-8.91,0,0,.278,12.33
105,2014,22,118,-7.74,-8.92,0,0,.278,12.33
105,2014,22,124,-7.8,-8.94,0,0,.277,12.33
105,2014,22,130,-7.87,-8.98,0,0,.278,12.33
105,2014,22,136,-7.93,-8.97,0,0,.278,12.33
105,2014,22,142,-8,-9.01,0,0,.278,12.33
105,2014,22,148,-8.06,-9.08,0,0,.278,12.33
105,2014,22,154,-8.12,-9.13,0,0,.278,12.33
105,2014,22,200,-8.18,-9.27,0,0,.278,12.33
105,2014,22,206,-8.24,-9.33,0,0,.278,12.33
105,2014,22,212,-8.3,-9.46,0,0,.278,12.33
105,2014,22,218,-8.36,-9.78,0,0,.278,12.33
105,2014,22,224,-8.42,-9.97,0,0,.279,12.33
105,2014,22,230,-8.49,-10.07,0,0,.279,12.33
105,2014,22,236,-8.57,-10.14,0,0,.279,12.33
105,2014,22,242,-8.65,-10.22,0,0,.28,12.33
105,2014,22,248,-8.74,-10.44,0,0,.28,12.33
105,2014,22,254,-8.83,-10.63,0,0,.279,12.33
105,2014,22,300,-8.92,-10.75,0,0,.28,12.33
105,2014,22,306,-9.02,-10.89,0,0,.28,12.33
105,2014,22,312,-9.12,-10.95,0,0,.28,12.33
105,2014,22,318,-9.23,-11.07,0,0,.28,12.33
105,2014,22,324,-9.34,-11.27,0,0,.28,12.33
105,2014,22,330,-9.45,-11.42,0,0,.28,12.33
105,2014,22,336,-9.56,-11.67,0,0,.279,12.33
105,2014,22,342,-9.68,-11.9,0,0,.279,12.33
105,2014,22,348,-9.8,-12.03,0,0,.28,12.33
105,2014,22,354,-9.93,-12.2,0,0,.279,12.33
105,2014,22,400,-10.06,-12.33,0,0,.28,12.33
105,2014,22,406,-10.2,-12.44,0,0,.28,12.33
105,2014,22,412,-10.34,-12.52,0,0,.28,12.33
105,2014,22,418,-10.48,-12.6,0,0,.28,12.33
105,2014,22,424,-10.62,-12.67,0,0,.28,12.33
105,2014,22,430,-10.77,-12.74,0,0,.28,12.33
105,2014,22,436,-10.91,-12.84,0,0,.28,12.33
105,2014,22,442,-11.04,-12.91,0,0,.28,12.33
105,2014,22,448,-11.17,-12.92,0,0,.28,12.33
105,2014,22,454,-11.3,-12.94,0,0,.281,12.33
105,2014,22,500,-11.42,-13.07,0,0,.28,12.33
105,2014,22,506,-11.55,-13.17,0,0,.281,12.33
105,2014,22,512,-11.66,-13.25,0,0,.281,12.33
105,2014,22,518,-11.78,-13.39,0,0,.281,12.33
105,2014,22,524,-11.89,-13.45,0,0,.281,12.33
105,2014,22,530,-12.01,-13.51,0,0,.281,12.33
105,2014,22,536,-12.12,-13.59,0,0,.281,12.33
105,2014,22,542,-12.23,-13.79,0,0,.281,12.33
105,2014,22,548,-12.34,-13.82,0,0,.28,12.33
105,2014,22,554,-12.45,-13.86,0,0,.281,12.33
105,2014,22,600,-12.55,-13.92,0,0,.281,12.33
105,2014,22,606,-12.65,-13.9,0,0,.281,12.33
105,2014,22,612,-12.75,-13.98,0,0,.281,12.33
105,2014,22,618,-12.85,-13.98,0,0,.281,12.33
105,2014,22,624,-12.95,-14.04,0,0,.28,12.33
105,2014,22,630,-13.05,-14.07,0,0,.281,12.33
105,2014,22,636,-13.14,-13.98,0,0,.281,12.33
105,2014,22,642,-13.23,-14.06,0,0,.28,12.33
105,2014,22,648,-13.31,-14.05,0,0,.28,12.33
105,2014,22,654,-13.39,-14.01,0,0,.281,12.33
105,2014,22,700,-13.47,-14.04,0,0,.28,12.33
105,2014,22,706,-13.54,-14.04,0,0,.281,12.33
105,2014,22,712,-13.61,-14.09,0,0,.28,12.33
105,2014,22,718,-13.67,-14.05,0,0,.28,12.33
105,2014,22,724,-13.73,-14.15,0,0,.281,12.33
105,2014,22,730,-13.78,-14.12,0,0,.28,12.33
105,2014,22,736,-13.83,-14.09,0,0,.28,12.33
105,2014,22,742,-13.88,-14.15,0,0,.28,12.33
105,2014,22,748,-13.92,-14.27,0,0,.28,12.33
105,2014,22,754,-13.96,-14.29,0,0,.28,12.33
105,2014,22,800,-14.01,-14.3,0,0,.28,12.33
105,2014,22,806,-14.05,-14.32,0,0,.28,12.33
105,2014,22,812,-14.09,-14.39,0,0,.28,12.33
105,2014,22,818,-14.14,-14.45,0,0,.281,12.33
105,2014,22,824,-14.18,-14.5,0,0,.28,12.33
105,2014,22,830,-14.22,-14.6,0,0,.28,12.33
105,2014,22,836,-14.27,-14.59,0,0,.28,12.33
105,2014,22,842,-14.32,-14.49,0,0,.28,12.33
105,2014,22,848,-14.36,-14.54,0,0,.28,12.33
105,2014,22,854,-14.41,-14.51,0,0,.28,12.33
105,2014,22,900,-14.45,-14.48,0,0,.281,12.33
105,2014,22,906,-14.48,-14.37,0,0,.281,12.33
105,2014,22,912,-14.52,-14.18,0,0,.28,12.33
105,2014,22,918,-14.55,-13.92,0,0,.28,12.33
105,2014,22,924,-14.57,-13.36,0,0,.28,12.33
105,2014,22,930,-14.58,-12.94,0,0,.28,12.33
105,2014,22,936,-14.56,-12.56,0,0,.28,12.33
105,2014,22,942,-14.52,-12.28,0,0,.281,12.33
105,2014,22,948,-14.44,-12.64,0,0,.28,12.33
105,2014,22,954,-14.34,-12.09,0,0,.28,12.33
105,2014,22,1000,-14.21,-12.15,0,0,.28,12.33
105,2014,22,1006,-14.07,-12.09,0,0,.28,12.33
105,2014,22,1012,-13.92,-12.03,0,0,.281,12.33
105,2014,22,1018,-13.76,-11.33,0,0,.281,12.33
105,2014,22,1024,-13.59,-11.49,0,0,.281,12.33
105,2014,22,1030,-13.42,-11.46,0,0,.28,12.33
105,2014,22,1036,-13.25,-11.06,0,0,.28,12.33
105,2014,22,1042,-13.08,-11.24,0,0,.28,12.33
105,2014,22,1048,-12.9,-11.38,0,0,.28,12.33
105,2014,22,1054,-12.74,-10.84,0,0,.28,12.33
105,2014,22,1100,-12.58,-10.82,0,0,.28,12.33
105,2014,22,1106,-12.41,-10.9,0,0,.28,12.33
105,2014,22,1112,-12.24,-10.22,0,0,.281,12.33
105,2014,22,1118,-12.07,-10.24,0,0,.28,12.33
105,2014,22,1124,-11.9,-9.95,0,0,.281,12.33
105,2014,22,1130,-11.73,-9.2,0,0,.281,12.33
105,2014,22,1136,-11.55,-9.21,0,0,.28,12.33
105,2014,22,1142,-11.35,-9.3,0,0,.28,12.33
105,2014,22,1148,-11.15,-9.18,0,0,.28,12.33
105,2014,22,1154,-10.93,-8.43,0,0,.28,12.33
105,2014,22,1200,-10.71,-9.05,0,0,.279,12.33
105,2014,22,1206,-10.49,-8.75,0,0,.28,12.33
105,2014,22,1212,-10.29,-8.37,0,0,.279,12.33
105,2014,22,1218,-10.1,-7.78,0,0,.279,12.33
105,2014,22,1224,-9.89,-8.22,0,0,.279,12.33
105,2014,22,1230,-9.68,-8.79,0,0,.279,12.33
105,2014,22,1236,-9.49,-8,0,0,.279,12.33
105,2014,22,1242,-9.3,-7.96,0,0,.28,12.33
105,2014,22,1248,-9.1,-7.55,0,0,.28,12.32
105,2014,22,1254,-8.9,-8.09,0,0,.279,12.32
105,2014,22,1300,-8.7,-7.54,0,0,.279,12.33
105,2014,22,1306,-8.5,-7.85,0,0,.279,12.33
105,2014,22,1312,-8.31,-6.713,0,0,.28,12.33
105,2014,22,1318,-8.12,-7.25,0,0,.28,12.32
105,2014,22,1324,-7.94,-6.693,0,0,.279,12.32
105,2014,22,1330,-7.75,-7.03,0,0,.279,12.32
105,2014,22,1336,-7.56,-6.985,0,0,.279,12.32
105,2014,22,1342,-7.38,-6.985,0,0,.28,12.32
105,2014,22,1348,-7.2,-7.24,0,0,.28,12.32
105,2014,22,1354,-7.02,-7.95,0,0,.28,12.32
105,2014,22,1400,-6.878,-7.72,0,0,.28,12.33
105,2014,22,1406,-6.771,-7.57,0,0,.28,12.33
105,2014,22,1412,-6.692,-7.59,0,0,.28,12.32
105,2014,22,1418,-6.619,-7.51,0,0,.28,12.32
105,2014,22,1424,-6.547,-7.63,0,0,.28,12.32
105,2014,22,1430,-6.476,-7.4,0,0,.279,12.32
105,2014,22,1436,-6.411,-6.947,0,0,.28,12.33
105,2014,22,1442,-6.348,-7.77,0,0,.28,12.32
105,2014,22,1448,-6.296,-7.84,0,0,.28,12.33
105,2014,22,1454,-6.263,-8.18,0,0,.28,12.33
105,2014,22,1500,-6.25,-8.08,0,0,.28,12.33
105,2014,22,1506,-6.253,-8,0,0,.28,12.33
105,2014,22,1512,-6.272,-8.49,0,0,.28,12.33
105,2014,22,1518,-6.307,-8.96,0,0,.279,12.33
105,2014,22,1524,-6.368,-8.27,0,0,.28,12.33
105,2014,22,1530,-6.442,-8.76,0,0,.28,12.33
105,2014,22,1536,-6.528,-8.91,0,0,.279,12.33
105,2014,22,1542,-6.62,-9.14,0,0,.28,12.33
105,2014,22,1548,-6.723,-9.15,0,0,.28,12.33
105,2014,22,1554,-6.833,-9.24,0,0,.28,12.33
105,2014,22,1600,-6.948,-9.41,0,0,.279,12.33
105,2014,22,1606,-7.07,-9.47,0,0,.28,12.33
105,2014,22,1612,-7.19,-9.51,0,0,.28,12.33
105,2014,22,1618,-7.31,-9.59,0,0,.28,12.33
105,2014,22,1624,-7.44,-9.66,0,0,.279,12.33
105,2014,22,1630,-7.57,-9.68,0,0,.28,12.33
105,2014,22,1636,-7.7,-9.62,0,0,.28,12.33
105,2014,22,1642,-7.82,-9.75,0,0,.279,12.33
105,2014,22,1648,-7.95,-9.8,0,0,.279,12.33
105,2014,22,1654,-8.07,-9.8,0,0,.279,12.33
105,2014,22,1700,-8.19,-9.76,0,0,.28,12.33
105,2014,22,1706,-8.32,-9.54,0,0,.28,12.33
105,2014,22,1712,-8.44,-9.84,0,0,.28,12.33
105,2014,22,1718,-8.55,-9.97,0,0,.28,12.33
105,2014,22,1724,-8.66,-10.11,0,0,.28,12.33
105,2014,22,1730,-8.77,-9.89,0,0,.28,12.33
105,2014,22,1736,-8.88,-10.08,0,0,.28,12.33
105,2014,22,1742,-8.99,-10.2,0,0,.28,12.33
105,2014,22,1748,-9.09,-10.12,0,0,.28,12.33
105,2014,22,1754,-9.2,-10.36,0,0,.28,12.33
105,2014,22,1800,-9.3,-10.46,0,0,.28,12.33
105,2014,22,1806,-9.41,-10.61,0,0,.28,12.33
105,2014,22,1812,-9.52,-10.64,0,0,.28,12.33
105,2014,22,1818,-9.62,-10.9,0,0,.28,12.33
105,2014,22,1824,-9.73,-10.99,0,0,.28,12.33
105,2014,22,1830,-9.85,-11.45,0,0,.281,12.33
105,2014,22,1836,-9.97,-11.42,0,0,.28,12.33
105,2014,22,1842,-10.1,-11.7,0,0,.281,12.33
105,2014,22,1848,-10.24,-11.66,0,0,.28,12.33
105,2014,22,1854,-10.38,-11.61,0,0,.28,12.33
105,2014,22,1900,-10.53,-11.44,0,0,.28,12.33
105,2014,22,1906,-10.68,-11.6,0,0,.281,12.33
105,2014,22,1912,-10.84,-12.01,0,0,.281,12.33
105,2014,22,1918,-10.99,-12.25,0,0,.28,12.33
105,2014,22,1924,-11.14,-12.53,0,0,.281,12.32
105,2014,22,1930,-11.29,-12.96,0,0,.281,12.33
105,2014,22,1936,-11.46,-12.94,0,0,.281,12.33
105,2014,22,1942,-11.62,-13.04,0,0,.281,12.33
105,2014,22,1948,-11.78,-13.09,0,0,.281,12.33
105,2014,22,1954,-11.95,-12.98,0,0,.281,12.33
105,2014,22,2000,-12.11,-13.47,0,0,.282,12.33
105,2014,22,2006,-12.28,-14.88,0,0,.282,12.33
105,2014,22,2012,-12.44,-14.41,0,0,.283,12.33
105,2014,22,2018,-12.6,-14.1,0,0,.283,12.33
105,2014,22,2024,-12.77,-13.93,0,0,.283,12.33
105,2014,22,2030,-12.93,-14.32,0,0,.283,12.33
105,2014,22,2036,-13.1,-14.37,0,0,.282,12.33
105,2014,22,2042,-13.26,-14.35,0,0,.283,12.33
105,2014,22,2048,-13.42,-14.67,0,0,.283,12.33
105,2014,22,2054,-13.58,-14.83,0,0,.283,12.33
105,2014,22,2100,-13.74,-14.94,0,0,.282,12.33
105,2014,22,2106,-13.89,-15.21,0,0,.283,12.33
105,2014,22,2112,-14.04,-15.53,0,0,.283,12.33
105,2014,22,2118,-14.2,-14.87,0,0,.283,12.33
105,2014,22,2124,-14.35,-14.75,0,0,.283,12.33
105,2014,22,2130,-14.5,-15.79,0,0,.283,12.33
105,2014,22,2136,-14.64,-15.41,0,0,.282,12.33
105,2014,22,2142,-14.77,-15.45,0,0,.282,12.33
105,2014,22,2148,-14.91,-16.44,0,0,.283,12.33
105,2014,22,2154,-15.04,-15.92,0,0,.282,12.33
105,2014,22,2200,-15.18,-16.13,0,0,.282,12.33
105,2014,22,2206,-15.31,-15.95,0,0,.282,12.33
105,2014,22,2212,-15.44,-16.28,0,0,.283,12.33
105,2014,22,2218,-15.57,-15.62,0,0,.283,12.33
105,2014,22,2224,-15.7,-15.43,0,0,.283,12.33
105,2014,22,2230,-15.83,-15.75,0,0,.283,12.33
105,2014,22,2236,-15.94,-16.33,0,0,.283,12.33
105,2014,22,2242,-16.06,-15.76,0,0,.283,12.33
105,2014,22,2248,-16.16,-15.4,0,0,.282,12.33
105,2014,22,2254,-16.26,-15.69,0,0,.283,12.33
105,2014,22,2300,-16.35,-16.18,0,0,.283,12.33
105,2014,22,2306,-16.43,-16.08,0,0,.283,12.33
105,2014,22,2312,-16.49,-15.23,0,0,.283,12.33
105,2014,22,2318,-16.55,-14.47,0,0,.283,12.33
105,2014,22,2324,-16.59,-13.83,0,0,.283,12.33
105,2014,22,2330,-16.62,-13.3,0,0,.283,12.33
105,2014,22,2336,-16.63,-12.92,0,0,.282,12.33
105,2014,22,2342,-16.61,-12.58,0,0,.282,12.33
105,2014,22,2348,-16.58,-12.39,0,0,.282,12.33
105,2014,22,2354,-16.52,-12.37,0,0,.282,12.33
105,2014,23,0,-16.46,-12.24,0,0,.282,12.33
105,2014,23,6,-16.38,-12.21,0,0,.282,12.33
105,2014,23,12,-16.29,-12.16,0,0,.282,12.33
105,2014,23,18,-16.2,-12.02,0,0,.281,12.33
105,2014,23,24,-16.1,-11.64,0,0,.282,12.33
105,2014,23,30,-15.99,-11.5,0,0,.282,12.33
105,2014,23,36,-15.88,-11.71,0,0,.281,12.33
105,2014,23,42,-15.77,-11.71,0,0,.282,12.33
105,2014,23,48,-15.65,-11.6,0,0,.283,12.33
105,2014,23,54,-15.54,-11.45,0,0,.282,12.33
105,2014,23,100,-15.42,-11.18,0,0,.282,12.33
105,2014,23,106,-15.31,-11.22,0,0,.282,12.33
105,2014,23,112,-15.2,-11.41,0,0,.282,12.33
105,2014,23,118,-15.09,-11.39,0,0,.282,12.33
105,2014,23,124,-14.99,-11.7,0,0,.282,12.33
105,2014,23,130,-14.89,-11.69,0,0,.282,12.33
105,2014,23,136,-14.8,-11.66,0,0,.282,12.33
105,2014,23,142,-14.72,-11.82,0,0,.282,12.33
105,2014,23,148,-14.63,-11.74,0,0,.282,12.33
105,2014,23,154,-14.56,-11.61,0,0,.282,12.33
105,2014,23,200,-14.48,-11.58,0,0,.282,12.33
105,2014,23,206,-14.41,-11.72,0,0,.282,12.33
105,2014,23,212,-14.35,-11.83,0,0,.282,12.33
105,2014,23,218,-14.29,-11.83,0,0,.282,12.33
105,2014,23,224,-14.24,-12.07,0,0,.283,12.33
105,2014,23,230,-14.2,-12.16,0,0,.283,12.33
105,2014,23,236,-14.16,-12.11,0,0,.283,12.33
105,2014,23,242,-14.13,-12.04,0,0,.283,12.33
105,2014,23,248,-14.1,-12.07,0,0,.283,12.33
105,2014,23,254,-14.08,-12.22,0,0,.283,12.33
105,2014,23,300,-14.07,-12.53,0,0,.283,12.33
105,2014,23,306,-14.06,-12.65,0,0,.283,12.33
105,2014,23,312,-14.06,-12.61,0,0,.283,12.33
105,2014,23,318,-14.07,-12.93,0,0,.282,12.33
105,2014,23,324,-14.08,-13.05,0,0,.282,12.33
105,2014,23,330,-14.1,-13,0,0,.283,12.33
105,2014,23,336,-14.13,-13.03,0,0,.283,12.33
105,2014,23,342,-14.15,-13.05,0,0,.283,12.33
105,2014,23,348,-14.18,-13.05,0,0,.283,12.33
105,2014,23,354,-14.21,-13.12,0,0,.283,12.33
105,2014,23,400,-14.24,-13.19,0,0,.283,12.33
105,2014,23,406,-14.27,-13.14,0,0,.282,12.33
105,2014,23,412,-14.29,-13.11,0,0,.283,12.33
105,2014,23,418,-14.31,-13.13,0,0,.283,12.33
105,2014,23,424,-14.33,-13.18,0,0,.283,12.33
105,2014,23,430,-14.35,-12.93,0,0,.283,12.33
105,2014,23,436,-14.36,-12.92,0,0,.282,12.33
105,2014,23,442,-14.36,-12.94,0,0,.283,12.33
105,2014,23,448,-14.37,-13.02,0,0,.282,12.33
105,2014,23,454,-14.38,-13.06,0,0,.283,12.33
105,2014,23,500,-14.38,-13.1,0,0,.283,12.33
105,2014,23,506,-14.38,-13.31,0,0,.283,12.33
105,2014,23,512,-14.38,-13.5,0,0,.283,12.33
105,2014,23,518,-14.39,-13.71,0,0,.283,12.33
105,2014,23,524,-14.41,-14.25,0,0,.282,12.33
105,2014,23,530,-14.44,-14.3,0,0,.283,12.33
105,2014,23,536,-14.48,-14.47,0,0,.283,12.33
105,2014,23,542,-14.52,-14.61,0,0,.283,12.33
105,2014,23,548,-14.58,-15.22,0,0,.283,12.33
105,2014,23,554,-14.64,-15.12,0,0,.283,12.33
105,2014,23,600,-14.71,-15.14,0,0,.283,12.33
105,2014,23,606,-14.79,-15.56,0,0,.283,12.33
105,2014,23,612,-14.87,-15.59,0,0,.283,12.33
105,2014,23,618,-14.97,-16.05,0,0,.283,12.33
105,2014,23,624,-15.06,-15.84,0,0,.283,12.33
105,2014,23,630,-15.16,-15.82,0,0,.283,12.33
105,2014,23,636,-15.27,-15.79,0,0,.284,12.33
105,2014,23,642,-15.38,-15.63,0,0,.283,12.33
105,2014,23,648,-15.49,-15.68,0,0,.283,12.33
105,2014,23,654,-15.6,-16.13,0,0,.283,12.33
105,2014,23,700,-15.71,-16.65,0,0,.283,12.33
105,2014,23,706,-15.82,-16.57,0,0,.283,12.33
105,2014,23,712,-15.93,-16.93,0,0,.283,12.33
105,2014,23,718,-16.04,-17.15,0,0,.284,12.33
105,2014,23,724,-16.15,-16.88,0,0,.283,12.33
105,2014,23,730,-16.27,-17.44,0,0,.283,12.33
105,2014,23,736,-16.39,-17.29,0,0,.283,12.33
105,2014,23,742,-16.51,-17.48,0,0,.283,12.33
105,2014,23,748,-16.64,-17.46,0,0,.283,12.33
105,2014,23,754,-16.76,-17.14,0,0,.283,12.33
105,2014,23,800,-16.88,-16.88,0,0,.283,12.33
105,2014,23,806,-16.99,-17.24,0,0,.283,12.33
105,2014,23,812,-17.11,-17.24,0,0,.283,12.33
105,2014,23,818,-17.21,-16.71,0,0,.283,12.33
105,2014,23,824,-17.32,-16.7,0,0,.283,12.33
105,2014,23,830,-17.42,-17.27,0,0,.284,12.33
105,2014,23,836,-17.51,-17.35,0,0,.283,12.33
105,2014,23,842,-17.59,-17.22,0,0,.283,12.33
105,2014,23,848,-17.67,-17.02,0,0,.283,12.33
105,2014,23,854,-17.75,-16.71,0,0,.283,12.33
105,2014,23,900,-17.81,-16.65,0,0,.283,12.33
105,2014,23,906,-17.86,-16.54,0,0,.284,12.33
105,2014,23,912,-17.9,-16.33,0,0,.283,12.33
105,2014,23,918,-17.93,-15.75,0,0,.283,12.33
105,2014,23,924,-17.94,-14.23,0,0,.283,12.33
105,2014,23,930,-17.93,-12.89,0,0,.283,12.33
105,2014,23,936,-17.89,-11.69,0,0,.283,12.33
105,2014,23,942,-17.79,-10.89,0,0,.281,12.33
105,2014,23,948,-17.63,-10.03,0,0,.281,12.33
105,2014,23,954,-17.41,-9.3,0,0,.281,12.33
105,2014,23,1000,-17.13,-8.27,0,0,.282,12.33
105,2014,23,1006,-16.8,-7.12,0,0,.281,12.33
105,2014,23,1012,-16.41,-6.17,0,0,.28,12.32
105,2014,23,1018,-15.98,-5.168,0,0,.28,12.32
105,2014,23,1024,-15.5,-4.768,0,0,.28,12.32
105,2014,23,1030,-15,-4.632,0,0,.28,12.32
105,2014,23,1036,-14.46,-3.845,0,0,.28,12.32
105,2014,23,1042,-13.92,-3.509,0,0,.28,12.32
105,2014,23,1048,-13.37,-3.679,0,0,.28,12.32
105,2014,23,1054,-12.83,-3.496,0,0,.28,12.32
105,2014,23,1100,-12.3,-2.652,0,0,.279,12.32
105,2014,23,1106,-11.78,-3.25,0,0,.279,12.32
105,2014,23,1112,-11.28,-3.25,0,0,.279,12.32
105,2014,23,1118,-10.8,-3.865,0,0,.279,12.32
105,2014,23,1124,-10.33,-3.293,0,0,.279,12.32
105,2014,23,1130,-9.89,-2.438,0,0,.279,12.32
105,2014,23,1136,-9.47,-3.024,0,0,.279,12.32
105,2014,23,1142,-9.06,-1.24,0,0,.279,12.32
105,2014,23,1148,-8.64,-2.234,0,0,.28,12.32
105,2014,23,1154,-8.21,-1.15,0,0,.28,12.32
105,2014,23,1200,-7.78,.384,0,0,.278,12.32
105,2014,23,1206,-7.36,-2.288,0,0,.278,12.32
105,2014,23,1212,-6.928,-2.342,0,0,.278,12.32
105,2014,23,1218,-6.506,-1.634,0,0,.279,12.32
105,2014,23,1224,-6.098,-.678,0,0,.278,12.32
105,2014,23,1230,-5.7,.221,0,0,.277,12.32
105,2014,23,1236,-5.309,-.75,0,0,.277,12.32
105,2014,23,1242,-4.916,-.508,0,0,.277,12.32
105,2014,23,1248,-4.537,-.603,0,0,.277,12.32
105,2014,23,1254,-4.173,-.73,0,0,.278,12.32
105,2014,23,1300,-3.83,.307,0,0,.278,12.32
105,2014,23,1306,-3.494,-.039,0,0,.278,12.32
105,2014,23,1312,-3.162,1.103,0,0,.277,12.32
105,2014,23,1318,-2.833,1.235,0,0,.277,12.32
105,2014,23,1324,-2.509,1.496,0,0,.277,12.32
105,2014,23,1330,-2.179,1.664,0,0,.278,12.31
105,2014,23,1336,-1.854,.836,0,0,.278,12.32
105,2014,23,1342,-1.534,1.332,0,0,.278,12.32
105,2014,23,1348,-1.227,.824,0,0,.277,12.32
105,2014,23,1354,-.925,.014,0,0,.278,12.32
105,2014,23,1400,-.643,1.267,0,0,.277,12.32
105,2014,23,1406,-.379,-1.698,0,0,.278,12.32
105,2014,23,1412,-.146,-.586,0,0,.278,12.32
105,2014,23,1418,.039,.364,0,0,.277,12.32
105,2014,23,1424,.193,-.707,0,0,.278,12.32
105,2014,23,1430,.332,-.787,0,0,.277,12.32
105,2014,23,1436,.454,-.403,0,0,.278,12.32
105,2014,23,1442,.555,-1.127,0,0,.277,12.32
105,2014,23,1448,.633,-.995,0,0,.278,12.32
105,2014,23,1454,.691,-1.967,0,0,.278,12.32
105,2014,23,1500,.721,-2.573,0,0,.278,12.32
105,2014,23,1506,.725,-2.731,0,0,.277,12.32
105,2014,23,1512,.697,-3.439,0,0,.278,12.32
105,2014,23,1518,.623,-3.683,0,0,.278,12.32
105,2014,23,1524,.507,-3.481,0,0,.278,12.32
105,2014,23,1530,.364,-2.977,0,0,.277,12.32
105,2014,23,1536,.209,-3.344,0,0,.277,12.32
105,2014,23,1542,.054,-3.164,0,0,.277,12.32
105,2014,23,1548,-.102,-3.502,0,0,.278,12.32
105,2014,23,1554,-.271,-3.939,0,0,.277,12.32
105,2014,23,1600,-.452,-3.952,0,0,.277,12.32
105,2014,23,1606,-.631,-3.683,0,0,.277,12.32
105,2014,23,1612,-.797,-3.852,0,0,.277,12.32
105,2014,23,1618,-.954,-3.675,0,0,.277,12.32
105,2014,23,1624,-1.102,-3.723,0,0,.277,12.32
105,2014,23,1630,-1.239,-3.575,0,0,.278,12.32
105,2014,23,1636,-1.363,-3.641,0,0,.277,12.32
105,2014,23,1642,-1.474,-3.827,0,0,.277,12.32
105,2014,23,1648,-1.574,-3.842,0,0,.277,12.32
105,2014,23,1654,-1.666,-4.271,0,0,.277,12.32
105,2014,23,1700,-1.759,-4.377,0,0,.277,12.32
105,2014,23,1706,-1.852,-4.618,0,0,.277,12.32
105,2014,23,1712,-1.948,-4.577,0,0,.278,12.32
105,2014,23,1718,-2.046,-4.628,0,0,.278,12.32
105,2014,23,1724,-2.144,-4.7,0,0,.278,12.32
105,2014,23,1730,-2.247,-4.785,0,0,.278,12.32
105,2014,23,1736,-2.35,-4.918,0,0,.278,12.32
105,2014,23,1742,-2.461,-4.807,0,0,.278,12.32
105,2014,23,1748,-2.578,-4.877,0,0,.278,12.32
105,2014,23,1754,-2.697,-5.255,0,0,.278,12.32
105,2014,23,1800,-2.82,-5.478,0,0,.278,12.32
105,2014,23,1806,-2.953,-5.777,0,0,.278,12.32
105,2014,23,1812,-3.089,-6.057,0,0,.277,12.32
105,2014,23,1818,-3.233,-6.094,0,0,.277,12.32
105,2014,23,1824,-3.389,-6.349,0,0,.278,12.32
105,2014,23,1830,-3.553,-6.433,0,0,.278,12.32
105,2014,23,1836,-3.721,-6.659,0,0,.277,12.32
105,2014,23,1842,-3.895,-6.781,0,0,.278,12.32
105,2014,23,1848,-4.074,-6.977,0,0,.278,12.32
105,2014,23,1854,-4.255,-7.2,0,0,.278,12.32
105,2014,23,1900,-4.44,-7.4,0,0,.278,12.32
105,2014,23,1906,-4.624,-7.27,0,0,.278,12.32
105,2014,23,1912,-4.805,-6.98,0,0,.28,12.32
105,2014,23,1918,-4.983,-7.14,0,0,.279,12.32
105,2014,23,1924,-5.155,-7.19,0,0,.279,12.33
105,2014,23,1930,-5.319,-7.66,0,0,.279,12.33
105,2014,23,1936,-5.477,-7.44,0,0,.279,12.32
105,2014,23,1942,-5.634,-7.54,0,0,.279,12.32
105,2014,23,1948,-5.787,-7.57,0,0,.279,12.33
105,2014,23,1954,-5.935,-7.64,0,0,.279,12.33
105,2014,23,2000,-6.076,-8.05,0,0,.28,12.33
105,2014,23,2006,-6.213,-7.9,0,0,.28,12.33
105,2014,23,2012,-6.351,-8.13,0,0,.28,12.33
105,2014,23,2018,-6.489,-8.16,0,0,.28,12.33
105,2014,23,2024,-6.626,-7.9,0,0,.279,12.33
105,2014,23,2030,-6.759,-8.67,0,0,.28,12.33
105,2014,23,2036,-6.887,-8.56,0,0,.279,12.33
105,2014,23,2042,-7.02,-8.34,0,0,.28,12.33
105,2014,23,2048,-7.14,-8.96,0,0,.28,12.32
105,2014,23,2054,-7.27,-8.75,0,0,.28,12.33
105,2014,23,2100,-7.39,-8.44,0,0,.28,12.33
105,2014,23,2106,-7.51,-8.74,0,0,.28,12.33
105,2014,23,2112,-7.63,-8.44,0,0,.28,12.33
105,2014,23,2118,-7.75,-8.84,0,0,.28,12.33
105,2014,23,2124,-7.86,-8.72,0,0,.28,12.33
105,2014,23,2130,-7.97,-9.06,0,0,.28,12.33
105,2014,23,2136,-8.07,-9.06,0,0,.28,12.33
105,2014,23,2142,-8.17,-9.21,0,0,.28,12.33
105,2014,23,2148,-8.27,-9.17,0,0,.28,12.33
105,2014,23,2154,-8.37,-9.41,0,0,.28,12.33
105,2014,23,2200,-8.48,-9.63,0,0,.28,12.33
105,2014,23,2206,-8.58,-9.39,0,0,.28,12.33
105,2014,23,2212,-8.68,-9.77,0,0,.28,12.33
105,2014,23,2218,-8.79,-9.79,0,0,.28,12.33
105,2014,23,2224,-8.89,-9.87,0,0,.28,12.33
105,2014,23,2230,-9,-9.94,0,0,.28,12.33
105,2014,23,2236,-9.11,-10.16,0,0,.28,12.33
105,2014,23,2242,-9.22,-9.95,0,0,.279,12.33
105,2014,23,2248,-9.33,-10.25,0,0,.28,12.33
105,2014,23,2254,-9.44,-10.32,0,0,.28,12.33
105,2014,23,2300,-9.54,-10.33,0,0,.28,12.33
105,2014,23,2306,-9.65,-10.11,0,0,.28,12.33
105,2014,23,2312,-9.75,-10.09,0,0,.279,12.33
105,2014,23,2318,-9.85,-10.13,0,0,.28,12.33
105,2014,23,2324,-9.95,-10.27,0,0,.28,12.33
105,2014,23,2330,-10.05,-10.45,0,0,.28,12.33
105,2014,23,2336,-10.14,-10.52,0,0,.28,12.33
105,2014,23,2342,-10.23,-10.4,0,0,.28,12.33
105,2014,23,2348,-10.32,-10.89,0,0,.279,12.33
105,2014,23,2354,-10.4,-10.67,0,0,.28,12.33
105,2014,24,0,-10.49,-10.57,0,0,.279,12.33
105,2014,24,6,-10.57,-10.69,0,0,.279,12.33
105,2014,24,12,-10.66,-11.07,0,0,.28,12.33
105,2014,24,18,-10.74,-11.64,0,0,.28,12.33
105,2014,24,24,-10.83,-11.57,0,0,.28,12.33
105,2014,24,30,-10.91,-11.67,0,0,.28,12.33
105,2014,24,36,-11.01,-12.07,0,0,.28,12.33
105,2014,24,42,-11.11,-12.02,0,0,.28,12.33
105,2014,24,48,-11.22,-12.04,0,0,.28,12.33
105,2014,24,54,-11.34,-12.02,0,0,.281,12.33
105,2014,24,100,-11.45,-12.17,0,0,.281,12.33
105,2014,24,106,-11.57,-12.21,0,0,.281,12.33
105,2014,24,112,-11.69,-12.2,0,0,.281,12.33
105,2014,24,118,-11.81,-12.33,0,0,.281,12.33
105,2014,24,124,-11.92,-12.49,0,0,.281,12.33
105,2014,24,130,-12.04,-12.43,0,0,.28,12.33
105,2014,24,136,-12.16,-12.19,0,0,.281,12.33
105,2014,24,142,-12.28,-12.55,0,0,.281,12.33
105,2014,24,148,-12.39,-12.68,0,0,.281,12.33
105,2014,24,154,-12.5,-12.53,0,0,.281,12.33
105,2014,24,200,-12.61,-12.91,0,0,.28,12.33
105,2014,24,206,-12.72,-12.99,0,0,.28,12.33
105,2014,24,212,-12.82,-12.98,0,0,.281,12.33
105,2014,24,218,-12.93,-13.32,0,0,.281,12.33
105,2014,24,224,-13.04,-13.27,0,0,.28,12.33
105,2014,24,230,-13.15,-13.3,0,0,.28,12.33
105,2014,24,236,-13.25,-13.16,0,0,.28,12.33
105,2014,24,242,-13.36,-13.29,0,0,.281,12.33
105,2014,24,248,-13.46,-13.46,0,0,.281,12.33
105,2014,24,254,-13.57,-13.4,0,0,.28,12.33
105,2014,24,300,-13.67,-13.63,0,0,.28,12.33
105,2014,24,306,-13.77,-13.74,0,0,.28,12.33
105,2014,24,312,-13.87,-13.54,0,0,.28,12.33
105,2014,24,318,-13.96,-13.49,0,0,.28,12.33
105,2014,24,324,-14.05,-13.63,0,0,.28,12.33
105,2014,24,330,-14.13,-13.54,0,0,.28,12.33
105,2014,24,336,-14.21,-13.8,0,0,.28,12.33
105,2014,24,342,-14.29,-13.83,0,0,.28,12.33
105,2014,24,348,-14.37,-13.67,0,0,.28,12.33
105,2014,24,354,-14.45,-13.62,0,0,.28,12.33
105,2014,24,400,-14.53,-13.7,0,0,.28,12.33
105,2014,24,406,-14.6,-13.85,0,0,.281,12.33
105,2014,24,412,-14.68,-14.04,0,0,.281,12.33
105,2014,24,418,-14.75,-14.01,0,0,.28,12.33
105,2014,24,424,-14.82,-14.06,0,0,.28,12.33
105,2014,24,430,-14.89,-13.87,0,0,.28,12.33
105,2014,24,436,-14.96,-13.88,0,0,.28,12.33
105,2014,24,442,-15.03,-13.98,0,0,.28,12.33
105,2014,24,448,-15.1,-13.36,0,0,.28,12.33
105,2014,24,454,-15.16,-13.2,0,0,.28,12.33
105,2014,24,500,-15.21,-13.43,0,0,.28,12.33
105,2014,24,506,-15.25,-13.15,0,0,.28,12.33
105,2014,24,512,-15.27,-13.37,0,0,.28,12.33
105,2014,24,518,-15.29,-13.08,0,0,.28,12.33
105,2014,24,524,-15.3,-13.21,0,0,.28,12.33
105,2014,24,530,-15.31,-13.38,0,0,.28,12.33
105,2014,24,536,-15.32,-13.51,0,0,.281,12.33
105,2014,24,542,-15.32,-13.87,0,0,.28,12.33
105,2014,24,548,-15.33,-14.14,0,0,.28,12.33
105,2014,24,554,-15.33,-13.96,0,0,.28,12.33
105,2014,24,600,-15.35,-13.98,0,0,.28,12.33
105,2014,24,606,-15.37,-14.12,0,0,.28,12.33
105,2014,24,612,-15.39,-14.14,0,0,.28,12.33
105,2014,24,618,-15.42,-13.86,0,0,.28,12.33
105,2014,24,624,-15.45,-14.01,0,0,.28,12.33
105,2014,24,630,-15.49,-14.2,0,0,.28,12.33
105,2014,24,636,-15.52,-14.01,0,0,.28,12.33
105,2014,24,642,-15.55,-14.29,0,0,.28,12.33
105,2014,24,648,-15.58,-14.26,0,0,.28,12.33
105,2014,24,654,-15.62,-14.43,0,0,.28,12.33
105,2014,24,700,-15.65,-14.19,0,0,.28,12.33
105,2014,24,706,-15.69,-14.49,0,0,.28,12.33
105,2014,24,712,-15.73,-14.78,0,0,.28,12.33
105,2014,24,718,-15.77,-14.9,0,0,.28,12.33
105,2014,24,724,-15.82,-14.75,0,0,.28,12.33
105,2014,24,730,-15.86,-14.6,0,0,.28,12.33
105,2014,24,736,-15.91,-14.76,0,0,.28,12.33
105,2014,24,742,-15.96,-14.94,0,0,.281,12.33
105,2014,24,748,-16.01,-14.8,0,0,.281,12.33
105,2014,24,754,-16.06,-14.92,0,0,.28,12.33
105,2014,24,800,-16.11,-14.79,0,0,.28,12.33
105,2014,24,806,-16.16,-14.75,0,0,.28,12.33
105,2014,24,812,-16.21,-14.61,0,0,.28,12.33
105,2014,24,818,-16.26,-14.9,0,0,.28,12.33
105,2014,24,824,-16.3,-14.8,0,0,.28,12.33
105,2014,24,830,-16.34,-14.83,0,0,.28,12.33
105,2014,24,836,-16.38,-14.78,0,0,.28,12.33
105,2014,24,842,-16.42,-14.8,0,0,.28,12.33
105,2014,24,848,-16.46,-14.38,0,0,.28,12.33
105,2014,24,854,-16.49,-14.2,0,0,.281,12.33
105,2014,24,900,-16.52,-14.1,0,0,.28,12.33
105,2014,24,906,-16.55,-14.18,0,0,.28,12.33
105,2014,24,912,-16.57,-14.17,0,0,.28,12.33
105,2014,24,918,-16.58,-13.6,0,0,.28,12.33
105,2014,24,924,-16.58,-12.36,0,0,.28,12.33
105,2014,24,930,-16.56,-10.8,0,0,.28,12.33
105,2014,24,936,-16.51,-9.91,0,0,.28,12.33
105,2014,24,942,-16.4,-9.57,0,0,.28,12.33
105,2014,24,948,-16.23,-9.12,0,0,.281,12.33
105,2014,24,954,-16.01,-9.08,0,0,.28,12.33
105,2014,24,1000,-15.73,-8.89,0,0,.28,12.33
105,2014,24,1006,-15.42,-8.39,0,0,.281,12.33
105,2014,24,1012,-15.06,-8.01,0,0,.28,12.33
105,2014,24,1018,-14.67,-7.73,0,0,.28,12.33
105,2014,24,1024,-14.26,-7.21,0,0,.28,12.32
105,2014,24,1030,-13.84,-6.906,0,0,.28,12.32
105,2014,24,1036,-13.4,-6.303,0,0,.28,12.32
105,2014,24,1042,-12.95,-6.728,0,0,.28,12.33
105,2014,24,1048,-12.51,-6.472,0,0,.28,12.32
105,2014,24,1054,-12.06,-6.752,0,0,.28,12.32
105,2014,24,1100,-11.61,-6.959,0,0,.28,12.32
105,2014,24,1106,-11.18,-6.351,0,0,.28,12.32
105,2014,24,1112,-10.75,-6.503,0,0,.28,12.32
105,2014,24,1118,-10.34,-6.211,0,0,.28,12.32
105,2014,24,1124,-9.96,-5.808,0,0,.28,12.32
105,2014,24,1130,-9.59,-4.858,0,0,.28,12.32
105,2014,24,1136,-9.24,-5.582,0,0,.28,12.32
105,2014,24,1142,-8.89,-5.651,0,0,.28,12.32
105,2014,24,1148,-8.56,-5.633,0,0,.28,12.32
105,2014,24,1154,-8.24,-4.97,0,0,.28,12.32
105,2014,24,1200,-7.94,-4.445,0,0,.28,12.32
105,2014,24,1206,-7.66,-4.317,0,0,.279,12.32
105,2014,24,1212,-7.37,-4.147,0,0,.28,12.32
105,2014,24,1218,-7.09,-4.27,0,0,.279,12.32
105,2014,24,1224,-6.809,-3.669,0,0,.279,12.32
105,2014,24,1230,-6.517,-3.687,0,0,.279,12.32
105,2014,24,1236,-6.231,-4.722,0,0,.28,12.32
105,2014,24,1242,-5.954,-4.175,0,0,.28,12.32
105,2014,24,1248,-5.695,-3.518,0,0,.279,12.32
105,2014,24,1254,-5.44,-3.184,0,0,.28,12.32
105,2014,24,1300,-5.179,-3.101,0,0,.279,12.32
105,2014,24,1306,-4.918,-4.035,0,0,.28,12.32
105,2014,24,1312,-4.658,-3.783,0,0,.279,12.32
105,2014,24,1318,-4.419,-4.583,0,0,.28,12.32
105,2014,24,1324,-4.217,-3.216,0,0,.279,12.32
105,2014,24,1330,-4.026,-2.593,0,0,.28,12.32
105,2014,24,1336,-3.851,-3.067,0,0,.279,12.32
105,2014,24,1342,-3.687,-3.435,0,0,.28,12.32
105,2014,24,1348,-3.529,-2.888,0,0,.279,12.32
105,2014,24,1354,-3.371,-2.254,0,0,.279,12.32
105,2014,24,1400,-3.219,-2.257,0,0,.28,12.32
105,2014,24,1406,-3.067,-2.641,0,0,.28,12.32
105,2014,24,1412,-2.912,-2.228,0,0,.28,12.32
105,2014,24,1418,-2.754,-2.765,0,0,.28,12.32
105,2014,24,1424,-2.604,-2.195,0,0,.279,12.32
105,2014,24,1430,-2.463,-2.596,0,0,.279,12.32
105,2014,24,1436,-2.327,-3.38,0,0,.279,12.32
105,2014,24,1442,-2.201,-3.316,0,0,.279,12.32
105,2014,24,1448,-2.087,-3.813,0,0,.28,12.32
105,2014,24,1454,-2,-4.135,0,0,.279,12.32
105,2014,24,1500,-1.936,-3.509,0,0,.279,12.32
105,2014,24,1506,-1.896,-4.066,0,0,.279,12.32
105,2014,24,1512,-1.879,-4.644,0,0,.279,12.32
105,2014,24,1518,-1.889,-4.507,0,0,.28,12.32
105,2014,24,1524,-1.916,-4.84,0,0,.28,12.32
105,2014,24,1530,-1.964,-4.956,0,0,.28,12.32
105,2014,24,1536,-2.03,-5.624,0,0,.279,12.32
105,2014,24,1542,-2.116,-5.894,0,0,.28,12.32
105,2014,24,1548,-2.222,-5.916,0,0,.28,12.32
105,2014,24,1554,-2.346,-6.167,0,0,.28,12.32
105,2014,24,1600,-2.487,-6.078,0,0,.28,12.32
105,2014,24,1606,-2.638,-6.02,0,0,.28,12.32
105,2014,24,1612,-2.801,-6.209,0,0,.279,12.32
105,2014,24,1618,-2.969,-6.438,0,0,.279,12.32
105,2014,24,1624,-3.138,-6.557,0,0,.279,12.32
105,2014,24,1630,-3.31,-6.745,0,0,.28,12.32
105,2014,24,1636,-3.487,-6.699,0,0,.28,12.32
105,2014,24,1642,-3.666,-6.598,0,0,.279,12.32
105,2014,24,1648,-3.844,-6.83,0,0,.28,12.32
105,2014,24,1654,-4.022,-6.917,0,0,.28,12.32
105,2014,24,1700,-4.199,-7.03,0,0,.28,12.32
105,2014,24,1706,-4.373,-7.07,0,0,.279,12.32
105,2014,24,1712,-4.543,-7.14,0,0,.28,12.32
105,2014,24,1718,-4.709,-7.23,0,0,.28,12.32
105,2014,24,1724,-4.876,-7.42,0,0,.28,12.32
105,2014,24,1730,-5.041,-7.34,0,0,.279,12.32
105,2014,24,1736,-5.201,-7.46,0,0,.28,12.32
105,2014,24,1742,-5.358,-7.84,0,0,.279,12.32
105,2014,24,1748,-5.518,-7.68,0,0,.279,12.32
105,2014,24,1754,-5.675,-7.88,0,0,.28,12.32
105,2014,24,1800,-5.83,-8.04,0,0,.28,12.32
105,2014,24,1806,-5.986,-8.15,0,0,.28,12.32
105,2014,24,1812,-6.141,-8.56,0,0,.28,12.32
105,2014,24,1818,-6.301,-8.62,0,0,.28,12.32
105,2014,24,1824,-6.465,-8.85,0,0,.28,12.32
105,2014,24,1830,-6.631,-8.99,0,0,.28,12.32
105,2014,24,1836,-6.8,-9.18,0,0,.28,12.32
105,2014,24,1842,-6.977,-9.57,0,0,.28,12.32
105,2014,24,1848,-7.16,-9.59,0,0,.28,12.32
105,2014,24,1854,-7.35,-10.12,0,0,.28,12.32
105,2014,24,1900,-7.54,-10.38,0,0,.28,12.32
105,2014,24,1906,-7.73,-10.35,0,0,.281,12.32
105,2014,24,1912,-7.93,-10.79,0,0,.28,12.32
105,2014,24,1918,-8.13,-10.85,0,0,.281,12.32
105,2014,24,1924,-8.33,-10.67,0,0,.281,12.32
105,2014,24,1930,-8.53,-10.65,0,0,.281,12.32
105,2014,24,1936,-8.73,-11.04,0,0,.281,12.32
105,2014,24,1942,-8.93,-11.43,0,0,.281,12.32
105,2014,24,1948,-9.13,-11.46,0,0,.281,12.33
105,2014,24,1954,-9.32,-11.64,0,0,.28,12.33
105,2014,24,2000,-9.52,-11.89,0,0,.281,12.32
105,2014,24,2006,-9.71,-11.85,0,0,.281,12.32
105,2014,24,2012,-9.9,-12.02,0,0,.281,12.33
105,2014,24,2018,-10.09,-11.98,0,0,.281,12.33
105,2014,24,2024,-10.28,-12.03,0,0,.281,12.33
105,2014,24,2030,-10.46,-11.59,0,0,.281,12.33
105,2014,24,2036,-10.63,-11.39,0,0,.281,12.33
105,2014,24,2042,-10.81,-11.58,0,0,.281,12.33
105,2014,24,2048,-10.97,-11.64,0,0,.28,12.33
105,2014,24,2054,-11.13,-12.04,0,0,.281,12.33
105,2014,24,2100,-11.28,-11.8,0,0,.281,12.33
105,2014,24,2106,-11.43,-11.91,0,0,.281,12.33
105,2014,24,2112,-11.57,-11.32,0,0,.28,12.33
105,2014,24,2118,-11.7,-11.54,0,0,.281,12.33
105,2014,24,2124,-11.83,-11.94,0,0,.281,12.33
105,2014,24,2130,-11.95,-12.06,0,0,.281,12.33
105,2014,24,2136,-12.07,-11.76,0,0,.281,12.33
105,2014,24,2142,-12.18,-12.07,0,0,.281,12.33
105,2014,24,2148,-12.29,-12.4,0,0,.28,12.33
105,2014,24,2154,-12.39,-12.28,0,0,.28,12.33
105,2014,24,2200,-12.5,-12.09,0,0,.281,12.33
105,2014,24,2206,-12.6,-12.57,0,0,.281,12.33
105,2014,24,2212,-12.7,-12.21,0,0,.281,12.33
105,2014,24,2218,-12.79,-12.2,0,0,.281,12.33
105,2014,24,2224,-12.89,-12.64,0,0,.28,12.33
105,2014,24,2230,-12.98,-11.96,0,0,.28,12.33
105,2014,24,2236,-13.07,-12.12,0,0,.28,12.33
105,2014,24,2242,-13.15,-12.34,0,0,.28,12.33
105,2014,24,2248,-13.23,-12.34,0,0,.28,12.33
105,2014,24,2254,-13.31,-12.33,0,0,.28,12.33
105,2014,24,2300,-13.38,-12.38,0,0,.281,12.33
105,2014,24,2306,-13.45,-12,0,0,.281,12.33
105,2014,24,2312,-13.52,-11.74,0,0,.281,12.33
105,2014,24,2318,-13.58,-12,0,0,.281,12.33
105,2014,24,2324,-13.64,-12.2,0,0,.28,12.33
105,2014,24,2330,-13.69,-12.05,0,0,.28,12.33
105,2014,24,2336,-13.74,-11.81,0,0,.28,12.33
105,2014,24,2342,-13.79,-12,0,0,.28,12.33
105,2014,24,2348,-13.83,-11.25,0,0,.28,12.33
105,2014,24,2354,-13.86,-11.08,0,0,.281,12.33
105,2014,25,0,-13.89,-11.4,0,0,.28,12.33
105,2014,25,6,-13.9,-10.6,0,0,.28,12.33
105,2014,25,12,-13.91,-10.36,0,0,.281,12.33
105,2014,25,18,-13.91,-10.37,0,0,.281,12.32
105,2014,25,24,-13.9,-10.29,0,0,.28,12.32
105,2014,25,30,-13.88,-10.24,0,0,.28,12.32
105,2014,25,36,-13.85,-10.02,0,0,.281,12.32
105,2014,25,42,-13.81,-9.8,0,0,.28,12.32
105,2014,25,48,-13.76,-9.68,0,0,.281,12.32
105,2014,25,54,-13.7,-9.27,0,0,.281,12.32
105,2014,25,100,-13.64,-9.14,0,0,.28,12.32
105,2014,25,106,-13.56,-8.97,0,0,.281,12.32
105,2014,25,112,-13.47,-9.16,0,0,.28,12.33
105,2014,25,118,-13.37,-8.56,0,0,.28,12.33
105,2014,25,124,-13.25,-8.42,0,0,.281,12.33
105,2014,25,130,-13.13,-8.54,0,0,.28,12.32
105,2014,25,136,-12.99,-8.46,0,0,.28,12.32
105,2014,25,142,-12.86,-8.04,0,0,.281,12.32
105,2014,25,148,-12.72,-8.23,0,0,.28,12.33
105,2014,25,154,-12.58,-8.13,0,0,.28,12.33
105,2014,25,200,-12.44,-8.13,0,0,.281,12.32
105,2014,25,206,-12.31,-7.79,0,0,.28,12.32
105,2014,25,212,-12.17,-7.69,0,0,.28,12.32
105,2014,25,218,-12.02,-7.96,0,0,.281,12.32
105,2014,25,224,-11.89,-8.01,0,0,.281,12.32
105,2014,25,230,-11.75,-8.08,0,0,.281,12.33
105,2014,25,236,-11.62,-8.07,0,0,.28,12.33
105,2014,25,242,-11.49,-8.12,0,0,.281,12.32
105,2014,25,248,-11.38,-8,0,0,.28,12.32
105,2014,25,254,-11.27,-7.85,0,0,.281,12.32
105,2014,25,300,-11.16,-7.64,0,0,.281,12.32
105,2014,25,306,-11.05,-7.89,0,0,.281,12.33
105,2014,25,312,-10.94,-7.66,0,0,.281,12.33
105,2014,25,318,-10.84,-8.24,0,0,.281,12.33
105,2014,25,324,-10.73,-8.27,0,0,.281,12.33
105,2014,25,330,-10.64,-8.26,0,0,.281,12.32
105,2014,25,336,-10.56,-8.31,0,0,.281,12.32
105,2014,25,342,-10.49,-8.33,0,0,.281,12.32
105,2014,25,348,-10.43,-8.17,0,0,.281,12.32
105,2014,25,354,-10.38,-8.12,0,0,.281,12.32
105,2014,25,400,-10.33,-8.45,0,0,.281,12.32
105,2014,25,406,-10.29,-8.62,0,0,.28,12.32
105,2014,25,412,-10.25,-8.8,0,0,.281,12.33
105,2014,25,418,-10.22,-8.69,0,0,.281,12.32
105,2014,25,424,-10.2,-9.05,0,0,.281,12.33
105,2014,25,430,-10.18,-8.9,0,0,.281,12.32
105,2014,25,436,-10.17,-8.42,0,0,.281,12.33
105,2014,25,442,-10.16,-8.35,0,0,.281,12.32
105,2014,25,448,-10.15,-7.97,0,0,.28,12.33
105,2014,25,454,-10.13,-7.94,0,0,.281,12.33
105,2014,25,500,-10.1,-7.79,0,0,.28,12.33
105,2014,25,506,-10.07,-7.52,0,0,.28,12.32
105,2014,25,512,-10.04,-7.58,0,0,.28,12.32
105,2014,25,518,-9.99,-7.36,0,0,.28,12.32
105,2014,25,524,-9.94,-7.54,0,0,.28,12.32
105,2014,25,530,-9.88,-7.34,0,0,.281,12.32
105,2014,25,536,-9.82,-7.2,0,0,.28,12.32
105,2014,25,542,-9.75,-7.18,0,0,.281,12.32
105,2014,25,548,-9.67,-7.17,0,0,.281,12.32
105,2014,25,554,-9.6,-6.953,0,0,.281,12.32
105,2014,25,600,-9.52,-7.03,0,0,.281,12.33
105,2014,25,606,-9.44,-7.13,0,0,.281,12.32
105,2014,25,612,-9.36,-7.29,0,0,.281,12.32
105,2014,25,618,-9.28,-7.11,0,0,.281,12.32
105,2014,25,624,-9.2,-7.02,0,0,.281,12.32
105,2014,25,630,-9.13,-6.988,0,0,.281,12.32
105,2014,25,636,-9.06,-6.812,0,0,.28,12.32
105,2014,25,642,-9,-6.979,0,0,.281,12.32
105,2014,25,648,-8.93,-6.724,0,0,.281,12.32
105,2014,25,654,-8.86,-6.787,0,0,.281,12.32
105,2014,25,700,-8.79,-6.771,0,0,.281,12.32
105,2014,25,706,-8.73,-6.857,0,0,.28,12.32
105,2014,25,712,-8.67,-7,0,0,.281,12.32
105,2014,25,718,-8.61,-6.926,0,0,.281,12.32
105,2014,25,724,-8.56,-6.458,0,0,.281,12.32
105,2014,25,730,-8.51,-6.808,0,0,.281,12.32
105,2014,25,736,-8.46,-6.708,0,0,.281,12.32
105,2014,25,742,-8.41,-6.64,0,0,.281,12.32
105,2014,25,748,-8.37,-6.577,0,0,.281,12.32
105,2014,25,754,-8.32,-6.601,0,0,.28,12.32
105,2014,25,800,-8.28,-6.399,0,0,.28,12.32
105,2014,25,806,-8.23,-6.477,0,0,.281,12.32
105,2014,25,812,-8.18,-6.501,0,0,.28,12.32
105,2014,25,818,-8.13,-6.597,0,0,.281,12.32
105,2014,25,824,-8.08,-6.434,0,0,.281,12.32
105,2014,25,830,-8.03,-6.404,0,0,.281,12.32
105,2014,25,836,-7.99,-6.231,0,0,.281,12.32
105,2014,25,842,-7.94,-6.195,0,0,.281,12.32
105,2014,25,848,-7.89,-6.266,0,0,.281,12.32
105,2014,25,854,-7.83,-5.963,0,0,.28,12.32
105,2014,25,900,-7.78,-6.092,0,0,.28,12.32
105,2014,25,906,-7.72,-5.92,0,0,.28,12.32
105,2014,25,912,-7.67,-5.797,0,0,.281,12.32
105,2014,25,918,-7.61,-5.635,0,0,.28,12.32
105,2014,25,924,-7.55,-5.588,0,0,.281,12.32
105,2014,25,930,-7.49,-5.534,0,0,.28,12.32
105,2014,25,936,-7.42,-5.454,0,0,.28,12.32
105,2014,25,942,-7.34,-5.473,0,0,.281,12.32
105,2014,25,948,-7.26,-5.47,0,0,.281,12.32
105,2014,25,954,-7.18,-5.295,0,0,.28,12.32
105,2014,25,1000,-7.1,-5.216,0,0,.281,12.32
105,2014,25,1006,-7.02,-5.139,0,0,.281,12.32
105,2014,25,1012,-6.934,-5.076,0,0,.281,12.32
105,2014,25,1018,-6.852,-4.948,0,0,.28,12.32
105,2014,25,1024,-6.769,-4.819,0,0,.281,12.32
105,2014,25,1030,-6.682,-4.742,0,0,.28,12.32
105,2014,25,1036,-6.592,-4.718,0,0,.281,12.32
105,2014,25,1042,-6.499,-4.747,0,0,.28,12.32
105,2014,25,1048,-6.405,-4.687,0,0,.281,12.32
105,2014,25,1054,-6.312,-4.578,0,0,.28,12.32
105,2014,25,1100,-6.221,-4.549,0,0,.281,12.32
105,2014,25,1106,-6.133,-4.513,0,0,.28,12.32
105,2014,25,1112,-6.047,-4.397,0,0,.281,12.32
105,2014,25,1118,-5.961,-4.401,0,0,.281,12.32
105,2014,25,1124,-5.875,-4.492,0,0,.28,12.32
105,2014,25,1130,-5.79,-4.367,0,0,.281,12.32
105,2014,25,1136,-5.708,-4.206,0,0,.28,12.32
105,2014,25,1142,-5.628,-4.217,0,0,.28,12.32
105,2014,25,1148,-5.549,-4.03,0,0,.28,12.32
105,2014,25,1154,-5.469,-3.989,0,0,.28,12.32
105,2014,25,1200,-5.391,-3.98,0,0,.28,12.32
105,2014,25,1206,-5.311,-4.01,0,0,.28,12.32
105,2014,25,1212,-5.23,-3.908,0,0,.28,12.32
105,2014,25,1218,-5.149,-3.604,0,0,.28,12.32
105,2014,25,1224,-5.071,-3.653,0,0,.28,12.32
105,2014,25,1230,-4.988,-3.618,0,0,.28,12.32
105,2014,25,1236,-4.905,-3.507,0,0,.28,12.32
105,2014,25,1242,-4.82,-3.286,0,0,.28,12.32
105,2014,25,1248,-4.734,-3.369,0,0,.279,12.32
105,2014,25,1254,-4.647,-3.353,0,0,.28,12.32
105,2014,25,1300,-4.556,-3.15,0,0,.279,12.32
105,2014,25,1306,-4.462,-3.062,0,0,.28,12.32
105,2014,25,1312,-4.365,-2.813,0,0,.28,12.32
105,2014,25,1318,-4.266,-2.685,0,0,.28,12.32
105,2014,25,1324,-4.162,-2.452,0,0,.28,12.32
105,2014,25,1330,-4.055,-2.424,0,0,.28,12.32
105,2014,25,1336,-3.942,-2.489,0,0,.28,12.32
105,2014,25,1342,-3.822,-2.415,0,0,.28,12.32
105,2014,25,1348,-3.701,-2.41,0,0,.28,12.32
105,2014,25,1354,-3.582,-2.448,0,0,.279,12.32
105,2014,25,1400,-3.466,-2.333,0,0,.28,12.32
105,2014,25,1406,-3.356,-2.444,0,0,.279,12.32
105,2014,25,1412,-3.252,-2.183,0,0,.28,12.32
105,2014,25,1418,-3.155,-1.916,0,0,.279,12.32
105,2014,25,1424,-3.056,-2.236,0,0,.28,12.32
105,2014,25,1430,-2.955,-1.946,0,0,.28,12.32
105,2014,25,1436,-2.855,-1.909,0,0,.28,12.32
105,2014,25,1442,-2.754,-1.722,0,0,.28,12.32
105,2014,25,1448,-2.654,-1.804,0,0,.279,12.32
105,2014,25,1454,-2.556,-2.086,0,0,.279,12.32
105,2014,25,1500,-2.463,-2.058,0,0,.279,12.32
105,2014,25,1506,-2.375,-2.131,0,0,.279,12.32
105,2014,25,1512,-2.295,-1.932,0,0,.279,12.32
105,2014,25,1518,-2.223,-1.645,0,0,.28,12.32
105,2014,25,1524,-2.156,-1.479,0,0,.279,12.32
105,2014,25,1530,-2.09,-1.445,0,0,.278,12.32
105,2014,25,1536,-2.026,-1.019,0,0,.278,12.32
105,2014,25,1542,-1.96,-.886,0,0,.279,12.32
105,2014,25,1548,-1.89,-.965,0,0,.279,12.32
105,2014,25,1554,-1.817,-.705,0,0,.277,12.32
105,2014,25,1600,-1.74,-.753,0,0,.277,12.32
105,2014,25,1606,-1.659,-.705,0,0,.277,12.32
105,2014,25,1612,-1.577,-.793,0,0,.278,12.32
105,2014,25,1618,-1.498,-.68,0,0,.277,12.32
105,2014,25,1624,-1.423,-1.097,0,0,.278,12.32
105,2014,25,1630,-1.356,-1.314,0,0,.277,12.32
105,2014,25,1636,-1.301,-1.677,0,0,.277,12.32
105,2014,25,1642,-1.261,-1.749,0,0,.278,12.32
105,2014,25,1648,-1.239,-1.884,0,0,.277,12.32
105,2014,25,1654,-1.235,-2.007,0,0,.278,12.32
105,2014,25,1700,-1.248,-2.002,0,0,.278,12.32
105,2014,25,1706,-1.274,-1.96,0,0,.278,12.32
105,2014,25,1712,-1.313,-2.063,0,0,.278,12.32
105,2014,25,1718,-1.362,-2.403,0,0,.278,12.32
105,2014,25,1724,-1.421,-2.372,0,0,.278,12.32
105,2014,25,1730,-1.487,-2.481,0,0,.279,12.32
105,2014,25,1736,-1.557,-2.587,0,0,.277,12.32
105,2014,25,1742,-1.632,-2.555,0,0,.278,12.32
105,2014,25,1748,-1.713,-2.824,0,0,.277,12.32
105,2014,25,1754,-1.795,-2.581,0,0,.277,12.32
105,2014,25,1800,-1.88,-2.614,0,0,.277,12.32
105,2014,25,1806,-1.962,-2.39,0,0,.278,12.32
105,2014,25,1812,-2.041,-2.42,0,0,.278,12.32
105,2014,25,1818,-2.114,-2.547,0,0,.278,12.32
105,2014,25,1824,-2.182,-2.748,0,0,.278,12.32
105,2014,25,1830,-2.249,-2.9,0,0,.278,12.32
105,2014,25,1836,-2.318,-3.088,0,0,.278,12.32
105,2014,25,1842,-2.387,-3.025,0,0,.279,12.32
105,2014,25,1848,-2.458,-3.023,0,0,.279,12.32
105,2014,25,1854,-2.526,-2.903,0,0,.279,12.32
105,2014,25,1900,-2.593,-2.86,0,0,.278,12.32
105,2014,25,1906,-2.657,-2.994,0,0,.279,12.32
105,2014,25,1912,-2.72,-3.283,0,0,.279,12.32
105,2014,25,1918,-2.781,-3.342,0,0,.279,12.32
105,2014,25,1924,-2.846,-3.518,0,0,.279,12.32
105,2014,25,1930,-2.91,-3.627,0,0,.279,12.32
105,2014,25,1936,-2.98,-3.522,0,0,.28,12.32
105,2014,25,1942,-3.052,-3.395,0,0,.28,12.32
105,2014,25,1948,-3.124,-3.184,0,0,.28,12.32
105,2014,25,1954,-3.192,-3.205,0,0,.279,12.32
105,2014,25,2000,-3.253,-3.295,0,0,.28,12.32
105,2014,25,2006,-3.313,-3.249,0,0,.28,12.32
105,2014,25,2012,-3.368,-3.238,0,0,.279,12.32
105,2014,25,2018,-3.42,-3.379,0,0,.279,12.32
105,2014,25,2024,-3.469,-3.632,0,0,.279,12.32
105,2014,25,2030,-3.519,-3.919,0,0,.279,12.32
105,2014,25,2036,-3.573,-4.059,0,0,.28,12.32
105,2014,25,2042,-3.632,-4.11,0,0,.279,12.32
105,2014,25,2048,-3.697,-4.015,0,0,.28,12.32
105,2014,25,2054,-3.767,-3.997,0,0,.279,12.32
105,2014,25,2100,-3.836,-3.673,0,0,.28,12.32
105,2014,25,2106,-3.898,-3.34,0,0,.28,12.32
105,2014,25,2112,-3.956,-3.463,0,0,.279,12.32
105,2014,25,2118,-4.01,-3.438,0,0,.279,12.32
105,2014,25,2124,-4.062,-3.799,0,0,.279,12.32
105,2014,25,2130,-4.115,-4.04,0,0,.279,12.32
105,2014,25,2136,-4.174,-4.261,0,0,.279,12.32
105,2014,25,2142,-4.239,-4.539,0,0,.279,12.32
105,2014,25,2148,-4.31,-4.56,0,0,.28,12.32
105,2014,25,2154,-4.386,-4.498,0,0,.28,12.32
105,2014,25,2200,-4.468,-4.73,0,0,.279,12.32
105,2014,25,2206,-4.554,-4.935,0,0,.28,12.32
105,2014,25,2212,-4.646,-5.186,0,0,.28,12.32
105,2014,25,2218,-4.744,-5.089,0,0,.28,12.32
105,2014,25,2224,-4.847,-5.623,0,0,.279,12.32
105,2014,25,2230,-4.955,-5.794,0,0,.279,12.32
105,2014,25,2236,-5.064,-5.959,0,0,.28,12.32
105,2014,25,2242,-5.173,-5.711,0,0,.279,12.32
105,2014,25,2248,-5.287,-5.732,0,0,.279,12.32
105,2014,25,2254,-5.405,-5.664,0,0,.28,12.32
105,2014,25,2300,-5.521,-5.93,0,0,.28,12.32
105,2014,25,2306,-5.632,-5.574,0,0,.28,12.32
105,2014,25,2312,-5.74,-4.899,0,0,.28,12.32
105,2014,25,2318,-5.833,-3.654,0,0,.28,12.32
105,2014,25,2324,-5.904,-2.611,0,0,.28,12.32
105,2014,25,2330,-5.947,-2.254,0,0,.28,12.32
105,2014,25,2336,-5.959,-2.038,0,0,.28,12.32
105,2014,25,2342,-5.946,-1.481,0,0,.279,12.32
105,2014,25,2348,-5.899,-1.356,0,0,.279,12.32
105,2014,25,2354,-5.82,-1.132,0,0,.279,12.32
105,2014,26,0,-5.712,-1.148,0,0,.278,12.32
105,2014,26,6,-5.581,-1.77,0,0,.278,12.32
105,2014,26,12,-5.445,-2.096,0,0,.278,12.32
105,2014,26,18,-5.314,-2.314,0,0,.279,12.32
105,2014,26,24,-5.193,-2.383,0,0,.279,12.32
105,2014,26,30,-5.086,-2.985,0,0,.28,12.32
105,2014,26,36,-4.992,-2.494,0,0,.279,12.32
105,2014,26,42,-4.911,-2.403,0,0,.279,12.32
105,2014,26,48,-4.842,-2.913,0,0,.279,12.32
105,2014,26,54,-4.782,-2.845,0,0,.28,12.32
105,2014,26,100,-4.734,-2.862,0,0,.28,12.32
105,2014,26,106,-4.692,-2.887,0,0,.28,12.32
105,2014,26,112,-4.659,-3.003,0,0,.279,12.32
105,2014,26,118,-4.632,-2.465,0,0,.28,12.32
105,2014,26,124,-4.608,-2.566,0,0,.279,12.32
105,2014,26,130,-4.582,-2.559,0,0,.28,12.32
105,2014,26,136,-4.558,-2.471,0,0,.28,12.32
105,2014,26,142,-4.536,-3.103,0,0,.28,12.32
105,2014,26,148,-4.516,-3.171,0,0,.28,12.32
105,2014,26,154,-4.503,-3.037,0,0,.28,12.32
105,2014,26,200,-4.5,-3.133,0,0,.28,12.32
105,2014,26,206,-4.5,-2.867,0,0,.279,12.32
105,2014,26,212,-4.5,-3.119,0,0,.28,12.32
105,2014,26,218,-4.5,-3.177,0,0,.279,12.32
105,2014,26,224,-4.5,-3.369,0,0,.279,12.32
105,2014,26,230,-4.497,-3.81,0,0,.279,12.32
105,2014,26,236,-4.489,-3.884,0,0,.28,12.32
105,2014,26,242,-4.489,-3.985,0,0,.28,12.32
105,2014,26,248,-4.489,-4.281,0,0,.279,12.32
105,2014,26,254,-4.497,-4.472,0,0,.279,12.32
105,2014,26,300,-4.516,-4.542,0,0,.279,12.32
105,2014,26,306,-4.543,-4.607,0,0,.279,12.32
105,2014,26,312,-4.577,-4.889,0,0,.279,12.32
105,2014,26,318,-4.618,-4.985,0,0,.279,12.32
105,2014,26,324,-4.67,-5.176,0,0,.28,12.32
105,2014,26,330,-4.731,-5.31,0,0,.28,12.32
105,2014,26,336,-4.799,-5.178,0,0,.28,12.32
105,2014,26,342,-4.868,-4.981,0,0,.28,12.32
105,2014,26,348,-4.934,-5.096,0,0,.28,12.32
105,2014,26,354,-4.993,-5.105,0,0,.279,12.32
105,2014,26,400,-5.049,-4.715,0,0,.279,12.32
105,2014,26,406,-5.098,-4.743,0,0,.28,12.32
105,2014,26,412,-5.144,-5.273,0,0,.28,12.32
105,2014,26,418,-5.192,-5.735,0,0,.28,12.32
105,2014,26,424,-5.244,-5.851,0,0,.28,12.32
105,2014,26,430,-5.307,-6.025,0,0,.279,12.32
105,2014,26,436,-5.378,-6.153,0,0,.28,12.32
105,2014,26,442,-5.456,-5.975,0,0,.279,12.32
105,2014,26,448,-5.54,-6.31,0,0,.28,12.32
105,2014,26,454,-5.63,-6.338,0,0,.28,12.32
105,2014,26,500,-5.725,-6.219,0,0,.28,12.32
105,2014,26,506,-5.822,-6.148,0,0,.28,12.32
105,2014,26,512,-5.919,-6.177,0,0,.279,12.32
105,2014,26,518,-6.017,-6.198,0,0,.28,12.32
105,2014,26,524,-6.112,-6.185,0,0,.28,12.32
105,2014,26,530,-6.206,-5.923,0,0,.279,12.32
105,2014,26,536,-6.296,-6.364,0,0,.28,12.32
105,2014,26,542,-6.38,-6.238,0,0,.28,12.32
105,2014,26,548,-6.46,-6.221,0,0,.28,12.32
105,2014,26,554,-6.536,-6.496,0,0,.28,12.32
105,2014,26,600,-6.611,-6.908,0,0,.28,12.32
105,2014,26,606,-6.69,-6.966,0,0,.28,12.32
105,2014,26,612,-6.776,-7.05,0,0,.28,12.32
105,2014,26,618,-6.866,-7.1,0,0,.279,12.32
105,2014,26,624,-6.962,-7.39,0,0,.28,12.32
105,2014,26,630,-7.06,-7.49,0,0,.28,12.32
105,2014,26,636,-7.16,-7.21,0,0,.28,12.32
105,2014,26,642,-7.25,-7.4,0,0,.279,12.32
105,2014,26,648,-7.34,-7.54,0,0,.28,12.32
105,2014,26,654,-7.43,-7.52,0,0,.279,12.32
105,2014,26,700,-7.51,-7.76,0,0,.28,12.32
105,2014,26,706,-7.6,-7.85,0,0,.28,12.32
105,2014,26,712,-7.68,-7.85,0,0,.279,12.32
105,2014,26,718,-7.77,-7.61,0,0,.279,12.32
105,2014,26,724,-7.86,-7.45,0,0,.28,12.32
105,2014,26,730,-7.94,-7.86,0,0,.28,12.32
105,2014,26,736,-8.01,-7.51,0,0,.279,12.32
105,2014,26,742,-8.08,-7.58,0,0,.28,12.32
105,2014,26,748,-8.16,-8.21,0,0,.28,12.32
105,2014,26,754,-8.22,-8.01,0,0,.279,12.32
105,2014,26,800,-8.3,-8.18,0,0,.279,12.32
105,2014,26,806,-8.37,-8.71,0,0,.279,12.32
105,2014,26,812,-8.45,-9.14,0,0,.28,12.32
105,2014,26,818,-8.53,-8.83,0,0,.28,12.32
105,2014,26,824,-8.62,-9.28,0,0,.28,12.32
105,2014,26,830,-8.71,-9.3,0,0,.28,12.32
105,2014,26,836,-8.81,-8.52,0,0,.28,12.32
105,2014,26,842,-8.9,-8.54,0,0,.28,12.32
105,2014,26,848,-8.99,-9.03,0,0,.28,12.32
105,2014,26,854,-9.08,-9.5,0,0,.28,12.32
105,2014,26,900,-9.17,-10.2,0,0,.28,12.32
105,2014,26,906,-9.25,-9.65,0,0,.28,12.32
105,2014,26,912,-9.33,-8.81,0,0,.28,12.32
105,2014,26,918,-9.41,-7.45,0,0,.28,12.32
105,2014,26,924,-9.48,-6.822,0,0,.28,12.32
105,2014,26,930,-9.52,-5.859,0,0,.279,12.32
105,2014,26,936,-9.52,-3.981,0,0,.28,12.32
105,2014,26,942,-9.47,-3.389,0,0,.279,12.32
105,2014,26,948,-9.36,-2.965,0,0,.279,12.32
105,2014,26,954,-9.19,-3.419,0,0,.279,12.32
105,2014,26,1000,-8.98,-2.47,0,0,.279,12.32
105,2014,26,1006,-8.71,-1.308,0,0,.279,12.32
105,2014,26,1012,-8.4,-1.216,0,0,.278,12.32
105,2014,26,1018,-8.06,-2.04,0,0,.277,12.32
105,2014,26,1024,-7.7,-1.567,0,0,.278,12.32
105,2014,26,1030,-7.32,-.54,0,0,.278,12.32
105,2014,26,1036,-6.934,-.853,0,0,.277,12.32
105,2014,26,1042,-6.546,-.591,0,0,.277,12.32
105,2014,26,1048,-6.155,1.273,0,0,.277,12.32
105,2014,26,1054,-5.761,-.223,0,0,.277,12.32
105,2014,26,1100,-5.364,.057,0,0,.277,12.32
105,2014,26,1106,-4.978,-.118,0,0,.277,12.32
105,2014,26,1112,-4.599,.459,0,0,.278,12.32
105,2014,26,1118,-4.224,1.73,0,0,.277,12.32
105,2014,26,1124,-3.856,1.878,0,0,.277,12.32
105,2014,26,1130,-3.498,2.65,0,0,.277,12.32
105,2014,26,1136,-3.141,1.674,0,0,.278,12.32
105,2014,26,1142,-2.785,1.456,0,0,.278,12.32
105,2014,26,1148,-2.438,1.556,0,0,.278,12.32
105,2014,26,1154,-2.104,-.16,0,0,.278,12.32
105,2014,26,1200,-1.795,1.201,0,0,.277,12.32
105,2014,26,1206,-1.516,2.007,0,0,.277,12.32
105,2014,26,1212,-1.258,2.246,0,0,.278,12.32
105,2014,26,1218,-.999,2.096,0,0,.278,12.32
105,2014,26,1224,-.744,1.307,0,0,.277,12.32
105,2014,26,1230,-.502,.391,0,0,.277,12.32
105,2014,26,1236,-.274,1.447,0,0,.278,12.32
105,2014,26,1242,-.076,.95,0,0,.277,12.32
105,2014,26,1248,.093,.773,0,0,.278,12.32
105,2014,26,1254,.252,1.632,0,0,.277,12.32
105,2014,26,1300,.398,.929,0,0,.277,12.32
105,2014,26,1306,.536,-.043,0,0,.277,12.32
105,2014,26,1312,.664,-.21,0,0,.277,12.32
105,2014,26,1318,.78,-.407,0,0,.277,12.32
105,2014,26,1324,.875,-.788,0,0,.278,12.32
105,2014,26,1330,.953,-.905,0,0,.277,12.32
105,2014,26,1336,1.011,-1.239,0,0,.278,12.32
105,2014,26,1342,1.04,-1.536,0,0,.277,12.32
105,2014,26,1348,1.036,-1.425,0,0,.277,12.32
105,2014,26,1354,1.013,-1.435,0,0,.278,12.32
105,2014,26,1400,.981,-1.539,0,0,.278,12.32
105,2014,26,1406,.941,-1.471,0,0,.278,12.32
105,2014,26,1412,.898,-1.307,0,0,.277,12.32
105,2014,26,1418,.849,-1.551,0,0,.278,12.32
105,2014,26,1424,.792,-1.411,0,0,.277,12.32
105,2014,26,1430,.732,-1.117,0,0,.278,12.32
105,2014,26,1436,.676,-1.222,0,0,.277,12.32
105,2014,26,1442,.618,-1.546,0,0,.277,12.32
105,2014,26,1448,.559,-1.407,0,0,.277,12.32
105,2014,26,1454,.498,-1.338,0,0,.277,12.32
105,2014,26,1500,.439,-1.276,0,0,.278,12.32
105,2014,26,1506,.383,-1.333,0,0,.278,12.32
105,2014,26,1512,.329,-1.213,0,0,.278,12.32
105,2014,26,1518,.275,-1.461,0,0,.277,12.32
105,2014,26,1524,.226,-1.164,0,0,.277,12.32
105,2014,26,1530,.179,-1.071,0,0,.277,12.32
105,2014,26,1536,.133,-1.323,0,0,.277,12.32
105,2014,26,1542,.086,-1.411,0,0,.278,12.32
105,2014,26,1548,.038,-1.362,0,0,.277,12.32
105,2014,26,1554,-.01,-.933,0,0,.277,12.32
105,2014,26,1600,-.058,-.873,0,0,.277,12.32
105,2014,26,1606,-.102,-.61,0,0,.277,12.32
105,2014,26,1612,-.138,-.282,0,0,.278,12.32
105,2014,26,1618,-.167,-.148,0,0,.278,12.32
105,2014,26,1624,-.187,.001,0,0,.277,12.32
105,2014,26,1630,-.194,.389,0,0,.277,12.32
105,2014,26,1636,-.191,.07,0,0,.277,12.32
105,2014,26,1642,-.178,.155,0,0,.278,12.32
105,2014,26,1648,-.157,.213,0,0,.277,12.32
105,2014,26,1654,-.132,.141,0,0,.277,12.32
105,2014,26,1700,-.104,.057,0,0,.277,12.32
105,2014,26,1706,-.074,-.041,0,0,.277,12.32
105,2014,26,1712,-.044,-.15,0,0,.277,12.32
105,2014,26,1718,-.014,-.7,0,0,.277,12.32
105,2014,26,1724,.005,-.938,0,0,.277,12.32
105,2014,26,1730,.009,-1.117,0,0,.277,12.32
105,2014,26,1736,.003,-.732,0,0,.277,12.32
105,2014,26,1742,-.019,-.751,0,0,.278,12.32
105,2014,26,1748,-.046,-.623,0,0,.278,12.32
105,2014,26,1754,-.079,-.766,0,0,.278,12.32
105,2014,26,1800,-.114,-.846,0,0,.277,12.32
105,2014,26,1806,-.151,-.749,0,0,.277,12.32
105,2014,26,1812,-.188,-.747,0,0,.277,12.32
105,2014,26,1818,-.222,-.713,0,0,.277,12.32
105,2014,26,1824,-.255,-.726,0,0,.277,12.32
105,2014,26,1830,-.284,-.713,0,0,.278,12.32
105,2014,26,1836,-.311,-.805,0,0,.277,12.32
105,2014,26,1842,-.337,-.876,0,0,.277,12.32
105,2014,26,1848,-.361,-.707,0,0,.278,12.32
105,2014,26,1854,-.385,-.775,0,0,.278,12.32
105,2014,26,1900,-.406,-.769,0,0,.277,12.32
105,2014,26,1906,-.428,-.783,0,0,.277,12.32
105,2014,26,1912,-.448,-.773,0,0,.277,12.32
105,2014,26,1918,-.467,-.811,0,0,.278,12.32
105,2014,26,1924,-.485,-.694,0,0,.277,12.32
105,2014,26,1930,-.5,-.688,0,0,.277,12.32
105,2014,26,1936,-.515,-.654,0,0,.278,12.32
105,2014,26,1942,-.528,-.727,0,0,.277,12.32
105,2014,26,1948,-.54,-.596,0,0,.277,12.32
105,2014,26,1954,-.553,-.441,0,0,.277,12.32
105,2014,26,2000,-.564,-.885,0,0,.278,12.32
105,2014,26,2006,-.577,-1.126,0,0,.277,12.32
105,2014,26,2012,-.592,-1.487,0,0,.277,12.32
105,2014,26,2018,-.618,-1.938,0,0,.277,12.32
105,2014,26,2024,-.657,-2.227,0,0,.277,12.32
105,2014,26,2030,-.713,-2.515,0,0,.277,12.32
105,2014,26,2036,-.785,-2.915,0,0,.278,12.32
105,2014,26,2042,-.875,-3.029,0,0,.277,12.32
105,2014,26,2048,-.98,-3.152,0,0,.277,12.32
105,2014,26,2054,-1.097,-3.11,0,0,.277,12.32
105,2014,26,2100,-1.223,-2.987,0,0,.278,12.32
105,2014,26,2106,-1.352,-3.076,0,0,.277,12.32
105,2014,26,2112,-1.482,-2.994,0,0,.277,12.32
105,2014,26,2118,-1.608,-3.404,0,0,.277,12.32
105,2014,26,2124,-1.736,-3.285,0,0,.277,12.32
105,2014,26,2130,-1.866,-3.752,0,0,.278,12.32
105,2014,26,2136,-1.996,-3.722,0,0,.278,12.32
105,2014,26,2142,-2.125,-3.672,0,0,.278,12.32
105,2014,26,2148,-2.255,-3.62,0,0,.278,12.32
105,2014,26,2154,-2.379,-4.014,0,0,.277,12.32
105,2014,26,2200,-2.504,-3.988,0,0,.277,12.32
105,2014,26,2206,-2.627,-3.849,0,0,.278,12.32
105,2014,26,2212,-2.749,-3.926,0,0,.277,12.32
105,2014,26,2218,-2.87,-4.1,0,0,.278,12.32
105,2014,26,2224,-2.989,-4.221,0,0,.277,12.32
105,2014,26,2230,-3.106,-4.793,0,0,.278,12.32
105,2014,26,2236,-3.226,-5.105,0,0,.277,12.32
105,2014,26,2242,-3.348,-4.927,0,0,.278,12.32
105,2014,26,2248,-3.474,-5.476,0,0,.277,12.32
105,2014,26,2254,-3.601,-5.204,0,0,.277,12.32
105,2014,26,2300,-3.729,-4.956,0,0,.277,12.32
105,2014,26,2306,-3.856,-5.181,0,0,.277,12.32
105,2014,26,2312,-3.984,-5.523,0,0,.278,12.32
105,2014,26,2318,-4.113,-5.651,0,0,.277,12.32
105,2014,26,2324,-4.239,-5.848,0,0,.277,12.32
105,2014,26,2330,-4.364,-5.888,0,0,.277,12.32
105,2014,26,2336,-4.491,-6.394,0,0,.278,12.32
105,2014,26,2342,-4.618,-6.484,0,0,.278,12.32
105,2014,26,2348,-4.743,-6.548,0,0,.277,12.32
105,2014,26,2354,-4.871,-6.563,0,0,.278,12.32
105,2014,27,0,-5,-6.484,0,0,.278,12.32
105,2014,27,6,-5.125,-6.351,0,0,.278,12.32
105,2014,27,12,-5.247,-6.632,0,0,.278,12.32
105,2014,27,18,-5.368,-6.789,0,0,.278,12.32
105,2014,27,24,-5.488,-7.18,0,0,.278,12.32
105,2014,27,30,-5.605,-7.01,0,0,.278,12.32
105,2014,27,36,-5.72,-6.932,0,0,.279,12.32
105,2014,27,42,-5.833,-6.926,0,0,.279,12.32
105,2014,27,48,-5.943,-6.677,0,0,.279,12.32
105,2014,27,54,-6.05,-7.22,0,0,.279,12.32
105,2014,27,100,-6.154,-6.677,0,0,.28,12.32
105,2014,27,106,-6.252,-6.063,0,0,.279,12.32
105,2014,27,112,-6.34,-5.267,0,0,.279,12.32
105,2014,27,118,-6.415,-5.133,0,0,.279,12.32
105,2014,27,124,-6.472,-5.171,0,0,.279,12.32
105,2014,27,130,-6.512,-4.665,0,0,.279,12.32
105,2014,27,136,-6.534,-4.013,0,0,.279,12.32
105,2014,27,142,-6.538,-3.636,0,0,.279,12.32
105,2014,27,148,-6.526,-2.836,0,0,.278,12.32
105,2014,27,154,-6.495,-2.377,0,0,.278,12.32
105,2014,27,200,-6.449,-2.505,0,0,.278,12.32
105,2014,27,206,-6.387,-2.244,0,0,.278,12.32
105,2014,27,212,-6.312,-2.013,0,0,.278,12.32
105,2014,27,218,-6.226,-1.703,0,0,.278,12.32
105,2014,27,224,-6.13,-1.212,0,0,.278,12.32
105,2014,27,230,-6.023,-.812,0,0,.278,12.32
105,2014,27,236,-5.904,-1.127,0,0,.278,12.32
105,2014,27,242,-5.775,-.592,0,0,.278,12.32
105,2014,27,248,-5.632,-.351,0,0,.277,12.32
105,2014,27,254,-5.483,-.212,0,0,.278,12.32
105,2014,27,300,-5.326,.349,0,0,.278,12.32
105,2014,27,306,-5.162,.838,0,0,.278,12.32
105,2014,27,312,-4.989,1.16,0,0,.278,12.32
105,2014,27,318,-4.808,1.244,0,0,.277,12.32
105,2014,27,324,-4.62,1.406,0,0,.278,12.32
105,2014,27,330,-4.421,1.577,0,0,.278,12.32
105,2014,27,336,-4.215,1.776,0,0,.277,12.32
105,2014,27,342,-4.007,1.874,0,0,.278,12.32
105,2014,27,348,-3.794,1.848,0,0,.278,12.32
105,2014,27,354,-3.579,1.963,0,0,.277,12.32
105,2014,27,400,-3.367,2.24,0,0,.278,12.32
105,2014,27,406,-3.158,2.344,0,0,.278,12.32
105,2014,27,412,-2.946,2.203,0,0,.278,12.32
105,2014,27,418,-2.735,2.468,0,0,.278,12.32
105,2014,27,424,-2.53,2.497,0,0,.277,12.32
105,2014,27,430,-2.334,2.792,0,0,.278,12.32
105,2014,27,436,-2.14,2.941,0,0,.278,12.32
105,2014,27,442,-1.951,2.898,0,0,.278,12.32
105,2014,27,448,-1.763,2.809,0,0,.277,12.32
105,2014,27,454,-1.582,3.089,0,0,.277,12.32
105,2014,27,500,-1.403,2.708,0,0,.277,12.32
105,2014,27,506,-1.229,2.898,0,0,.278,12.32
105,2014,27,512,-1.061,2.961,0,0,.278,12.31
105,2014,27,518,-.902,3.003,0,0,.277,12.31
105,2014,27,524,-.746,3.207,0,0,.277,12.32
105,2014,27,530,-.596,2.908,0,0,.277,12.32
105,2014,27,536,-.449,3.09,0,0,.278,12.32
105,2014,27,542,-.309,3.025,0,0,.277,12.31
105,2014,27,548,-.177,2.786,0,0,.277,12.31
105,2014,27,554,-.049,2.9,0,0,.278,12.31
105,2014,27,600,.072,2.937,0,0,.277,12.31
105,2014,27,606,.187,3.09,0,0,.277,12.32
105,2014,27,612,.296,2.79,0,0,.277,12.31
105,2014,27,618,.396,2.813,0,0,.278,12.31
105,2014,27,624,.486,2.6,0,0,.277,12.31
105,2014,27,630,.571,2.737,0,0,.277,12.31
105,2014,27,636,.649,2.759,0,0,.277,12.31
105,2014,27,642,.721,2.874,0,0,.277,12.31
105,2014,27,648,.787,2.693,0,0,.277,12.31
105,2014,27,654,.848,2.808,0,0,.277,12.31
105,2014,27,700,.904,2.401,0,0,.278,12.31
105,2014,27,706,.952,2.109,0,0,.277,12.32
105,2014,27,712,.989,2.168,0,0,.278,12.31
105,2014,27,718,1.015,2.136,0,0,.278,12.31
105,2014,27,724,1.03,2.217,0,0,.278,12.31
105,2014,27,730,1.039,1.977,0,0,.278,12.32
105,2014,27,736,1.039,1.933,0,0,.277,12.32
105,2014,27,742,1.034,1.89,0,0,.277,12.31
105,2014,27,748,1.027,2.137,0,0,.277,12.32
105,2014,27,754,1.017,1.964,0,0,.278,12.31
105,2014,27,800,1.008,2.166,0,0,.278,12.32
105,2014,27,806,.998,2.146,0,0,.278,12.32
105,2014,27,812,.997,2.357,0,0,.277,12.32
105,2014,27,818,.996,2.624,0,0,.277,12.32
105,2014,27,824,.997,2.581,0,0,.278,12.31
105,2014,27,830,1.005,2.774,0,0,.277,12.32
105,2014,27,836,1.022,2.959,0,0,.278,12.32
105,2014,27,842,1.047,2.949,0,0,.278,12.31
105,2014,27,848,1.08,2.779,0,0,.277,12.31
105,2014,27,854,1.119,2.677,0,0,.278,12.31
105,2014,27,900,1.162,3.22,0,0,.278,12.31
105,2014,27,906,1.208,3.114,0,0,.278,12.31
105,2014,27,912,1.258,3.268,0,0,.278,12.31
105,2014,27,918,1.311,3.482,0,0,.278,12.31
105,2014,27,924,1.369,3.528,0,0,.279,12.31
105,2014,27,930,1.431,3.595,0,0,.277,12.31
105,2014,27,936,1.5,3.736,0,0,.278,12.31
105,2014,27,942,1.572,3.895,0,0,.277,12.31
105,2014,27,948,1.649,3.913,0,0,.277,12.31
105,2014,27,954,1.731,4.029,0,0,.277,12.31
105,2014,27,1000,1.815,4.225,0,0,.277,12.31
105,2014,27,1006,1.902,4.481,0,0,.277,12.31
105,2014,27,1012,1.995,4.79,0,0,.276,12.31
105,2014,27,1018,2.094,4.997,0,0,.276,12.31
105,2014,27,1024,2.2,5.37,0,0,.276,12.31
105,2014,27,1030,2.316,5.729,0,0,.276,12.31
105,2014,27,1036,2.444,5.704,0,0,.277,12.31
105,2014,27,1042,2.582,5.645,0,0,.276,12.31
105,2014,27,1048,2.722,5.978,0,0,.276,12.31
105,2014,27,1054,2.864,7.29,0,0,.276,12.31
105,2014,27,1100,3.012,8.88,0,0,.274,12.31
105,2014,27,1106,3.186,9.51,0,0,.274,12.31
105,2014,27,1112,3.404,10.25,0,0,.274,12.31
105,2014,27,1118,3.67,11.83,0,0,.274,12.31
105,2014,27,1124,3.99,12.48,0,0,.273,12.31
105,2014,27,1130,4.361,12.31,0,0,.272,12.31
105,2014,27,1136,4.769,12.59,0,0,.272,12.31
105,2014,27,1142,5.212,12.37,0,0,.272,12.31
105,2014,27,1148,5.664,11.29,0,0,.271,12.31
105,2014,27,1154,6.117,11.03,0,0,.271,12.31
105,2014,27,1200,6.54,12.07,0,0,.271,12.31
105,2014,27,1206,6.934,11.85,0,0,.271,12.31
105,2014,27,1212,7.3,12.6,0,0,.271,12.31
105,2014,27,1218,7.65,13.49,0,0,.271,12.31
105,2014,27,1224,8,14.46,0,0,.271,12.31
105,2014,27,1230,8.37,15.01,0,0,.271,12.31
105,2014,27,1236,8.74,14.84,0,0,.271,12.3
105,2014,27,1242,9.14,14.72,0,0,.271,12.3
105,2014,27,1248,9.54,14.96,0,0,.271,12.3
105,2014,27,1254,9.95,14.36,0,0,.271,12.3
105,2014,27,1300,10.34,12.63,0,0,.271,12.31
105,2014,27,1306,10.7,10.59,0,0,.271,12.31
105,2014,27,1312,11,9.4,0,0,.271,12.31
105,2014,27,1318,11.24,9.38,0,0,.271,12.31
105,2014,27,1324,11.43,9.48,0,0,.271,12.31
105,2014,27,1330,11.55,9.58,0,0,.271,12.31
105,2014,27,1336,11.63,8.57,0,0,.271,12.31
105,2014,27,1342,11.64,8.32,0,0,.271,12.31
105,2014,27,1348,11.61,8.95,0,0,.271,12.31
105,2014,27,1354,11.57,8.24,0,0,.271,12.31