,13.89,17.4,0,0,.325,12.3
105,2014,90,1348,14.07,17.49,0,0,.325,12.3
105,2014,90,1354,14.24,17.43,0,0,.324,12.31
105,2014,90,1400,14.42,17.04,0,0,.323,12.31
105,2014,90,1406,14.59,17.4,0,0,.323,12.31
105,2014,90,1412,14.76,17.45,0,0,.322,12.3
105,2014,90,1418,14.91,17.72,0,0,.322,12.3
105,2014,90,1424,15.05,17.61,0,0,.321,12.3
105,2014,90,1430,15.2,17.88,0,0,.321,12.31
105,2014,90,1436,15.35,18.23,0,0,.321,12.3
105,2014,90,1442,15.49,18.95,0,0,.321,12.3
105,2014,90,1448,15.64,18.52,0,0,.321,12.3
105,2014,90,1454,15.78,18.13,0,0,.32,12.3
105,2014,90,1500,15.92,18.23,0,0,.32,12.3
105,2014,90,1506,16.05,18.62,0,0,.32,12.3
105,2014,90,1512,16.17,18.79,0,0,.32,12.3
105,2014,90,1518,16.28,18.38,0,0,.32,12.3
105,2014,90,1524,16.39,18.88,0,0,.32,12.3
105,2014,90,1530,16.5,18.47,0,0,.318,12.3
105,2014,90,1536,16.6,18.88,0,0,.318,12.3
105,2014,90,1542,16.7,18.59,0,0,.318,12.3
105,2014,90,1548,16.8,18.12,0,0,.318,12.3
105,2014,90,1554,16.89,18.06,0,0,.317,12.3
105,2014,90,1600,16.96,17.62,0,0,.316,12.3
105,2014,90,1606,17,17.53,0,0,.317,12.3
105,2014,90,1612,17.03,17.93,0,0,.317,12.3
105,2014,90,1618,17.04,17.78,0,0,.317,12.3
105,2014,90,1624,17.04,17.59,0,0,.317,12.3
105,2014,90,1630,17.04,17.45,0,0,.317,12.3
105,2014,90,1636,17.02,17.38,0,0,.317,12.3
105,2014,90,1642,16.99,17.45,0,0,.317,12.3
105,2014,90,1648,16.96,17.54,0,0,.317,12.3
105,2014,90,1654,16.92,17.61,0,0,.317,12.3
105,2014,90,1700,16.88,17.62,0,0,.317,12.3
105,2014,90,1706,16.84,17.4,0,0,.317,12.3
105,2014,90,1712,16.8,17.4,0,0,.317,12.3
105,2014,90,1718,16.75,17.51,0,0,.317,12.3
105,2014,90,1724,16.71,17.42,0,0,.317,12.3
105,2014,90,1730,16.67,17.26,0,0,.316,12.3
105,2014,90,1736,16.63,17.15,0,0,.316,12.3
105,2014,90,1742,16.59,17.14,0,0,.316,12.3
105,2014,90,1748,16.55,17.36,0,0,.316,12.3
105,2014,90,1754,16.51,17.46,0,0,.316,12.3
105,2014,90,1800,16.47,17.48,0,0,.316,12.3
105,2014,90,1806,16.43,17.2,0,0,.316,12.3
105,2014,90,1812,16.4,17.19,0,0,.316,12.3
105,2014,90,1818,16.37,17.05,0,0,.315,12.3
105,2014,90,1824,16.34,17.02,0,0,.316,12.3
105,2014,90,1830,16.31,17.07,0,0,.315,12.31
105,2014,90,1836,16.27,16.77,0,0,.315,12.3
105,2014,90,1842,16.24,16.84,0,0,.315,12.3
105,2014,90,1848,16.2,16.38,0,0,.315,12.3
105,2014,90,1854,16.15,16.23,0,0,.316,12.3
105,2014,90,1900,16.1,16.38,0,0,.315,12.3
105,2014,90,1906,16.04,16.5,0,0,.315,12.31
105,2014,90,1912,15.98,16.08,0,0,.315,12.31
105,2014,90,1918,15.91,16.37,0,0,.315,12.31
105,2014,90,1924,15.85,15.67,0,0,.315,12.3
105,2014,90,1930,15.78,15.27,0,0,.315,12.3
105,2014,90,1936,15.7,14.34,0,0,.315,12.3
105,2014,90,1942,15.61,14.08,0,0,.315,12.3
105,2014,90,1948,15.51,13.33,0,0,.315,12.3
105,2014,90,1954,15.39,12.57,0,0,.315,12.3
105,2014,90,2000,15.25,12.14,0,0,.315,12.3
105,2014,90,2006,15.09,12.42,0,0,.315,12.3
105,2014,90,2012,14.9,12.07,0,0,.314,12.3
105,2014,90,2018,14.7,12.07,0,0,.315,12.3
105,2014,90,2024,14.5,11.91,0,0,.314,12.3
105,2014,90,2030,14.28,11.31,0,0,.315,12.3
105,2014,90,2036,14.06,10.53,0,0,.314,12.3
105,2014,90,2042,13.83,9.45,0,0,.314,12.3
105,2014,90,2048,13.59,10.58,0,0,.314,12.31
105,2014,90,2054,13.35,10.41,0,0,.315,12.31
105,2014,90,2100,13.11,9.44,0,0,.315,12.31
105,2014,90,2106,12.87,8.91,0,0,.315,12.31
105,2014,90,2112,12.63,8.86,0,0,.315,12.31
105,2014,90,2118,12.39,8.91,0,0,.315,12.31
105,2014,90,2124,12.15,8.19,0,0,.315,12.31
105,2014,90,2130,11.9,7.68,0,0,.316,12.31
105,2014,90,2136,11.66,7.6,0,0,.315,12.31
105,2014,90,2142,11.41,7.02,0,0,.316,12.31
105,2014,90,2148,11.16,6.665,0,0,.316,12.31
105,2014,90,2154,10.91,7.09,0,0,.316,12.31
105,2014,90,2200,10.66,6.711,0,0,.317,12.31
105,2014,90,2206,10.41,6.342,0,0,.317,12.31
105,2014,90,2212,10.16,5.892,0,0,.317,12.31
105,2014,90,2218,9.91,5.855,0,0,.317,12.31
105,2014,90,2224,9.67,6.004,0,0,.316,12.31
105,2014,90,2230,9.42,5.641,0,0,.316,12.31
105,2014,90,2236,9.18,6.361,0,0,.315,12.31
105,2014,90,2242,8.94,5.912,0,0,.316,12.31
105,2014,90,2248,8.7,5.302,0,0,.316,12.31
105,2014,90,2254,8.48,4.842,0,0,.317,12.31
105,2014,90,2300,8.25,4.639,0,0,.317,12.31
105,2014,90,2306,8.03,5.104,0,0,.315,12.31
105,2014,90,2312,7.81,4.982,0,0,.315,12.31
105,2014,90,2318,7.6,4.468,0,0,.315,12.31
105,2014,90,2324,7.38,5.022,0,0,.315,12.31
105,2014,90,2330,7.17,4.893,0,0,.315,12.31
105,2014,90,2336,6.958,4.845,0,0,.315,12.31
105,2014,90,2342,6.761,3.722,0,0,.314,12.31
105,2014,90,2348,6.565,4.063,0,0,.313,12.31
105,2014,90,2354,6.374,4.388,0,0,.313,12.31
105,2014,91,0,6.192,3.952,0,0,.313,12.31
105,2014,91,6,6.013,3.629,0,0,.313,12.31
105,2014,91,12,5.835,3.507,0,0,.314,12.31
105,2014,91,18,5.662,3.432,0,0,.313,12.31
105,2014,91,24,5.489,2.692,0,0,.314,12.31
105,2014,91,30,5.321,2.453,0,0,.313,12.31
105,2014,91,36,5.148,3.298,0,0,.313,12.31
105,2014,91,42,4.978,3.195,0,0,.313,12.31
105,2014,91,48,4.809,4.125,0,0,.313,12.31
105,2014,91,54,4.652,3.62,0,0,.313,12.31
105,2014,91,100,4.499,4.384,0,0,.313,12.31
105,2014,91,106,4.354,4.107,0,0,.313,12.31
105,2014,91,112,4.221,3.555,0,0,.312,12.31
105,2014,91,118,4.099,5.347,0,0,.312,12.31
105,2014,91,124,3.987,5.819,0,0,.312,12.31
105,2014,91,130,3.891,5.576,0,0,.312,12.31
105,2014,91,136,3.809,5.54,0,0,.312,12.31
105,2014,91,142,3.739,5.145,0,0,.312,12.31
105,2014,91,148,3.679,6.301,0,0,.312,12.31
105,2014,91,154,3.632,5.78,0,0,.312,12.31
105,2014,91,200,3.594,6.171,0,0,.312,12.31
105,2014,91,206,3.565,6.657,0,0,.312,12.31
105,2014,91,212,3.547,7.68,0,0,.312,12.31
105,2014,91,218,3.543,6.185,0,0,.312,12.31
105,2014,91,224,3.546,6.002,0,0,.312,12.31
105,2014,91,230,3.556,6.214,0,0,.312,12.31
105,2014,91,236,3.562,6.901,0,0,.312,12.31
105,2014,91,242,3.571,6.387,0,0,.311,12.31
105,2014,91,248,3.582,5.962,0,0,.31,12.31
105,2014,91,254,3.593,4.961,0,0,.31,12.31
105,2014,91,300,3.6,5.464,0,0,.31,12.31
105,2014,91,306,3.599,4.44,0,0,.31,12.31
105,2014,91,312,3.586,4.203,0,0,.31,12.31
105,2014,91,318,3.564,3.389,0,0,.31,12.31
105,2014,91,324,3.529,2.888,0,0,.31,12.31
105,2014,91,330,3.481,3.469,0,0,.31,12.31
105,2014,91,336,3.423,4.692,0,0,.31,12.31
105,2014,91,342,3.361,4.891,0,0,.31,12.31
105,2014,91,348,3.296,5.215,0,0,.31,12.31
105,2014,91,354,3.23,4.155,0,0,.309,12.31
105,2014,91,400,3.165,3.94,0,0,.31,12.31
105,2014,91,406,3.102,3.33,0,0,.31,12.31
105,2014,91,412,3.039,3.476,0,0,.31,12.31
105,2014,91,418,2.974,3.348,0,0,.31,12.31
105,2014,91,424,2.908,3.56,0,0,.31,12.31
105,2014,91,430,2.842,4.799,0,0,.31,12.31
105,2014,91,436,2.779,3.978,0,0,.31,12.31
105,2014,91,442,2.723,3.585,0,0,.309,12.31
105,2014,91,448,2.674,2.389,0,0,.309,12.31
105,2014,91,454,2.625,2.74,0,0,.31,12.31
105,2014,91,500,2.572,2.591,0,0,.31,12.31
105,2014,91,506,2.515,3.117,0,0,.31,12.31
105,2014,91,512,2.45,1.933,0,0,.309,12.31
105,2014,91,518,2.383,3.013,0,0,.308,12.31
105,2014,91,524,2.31,3.363,0,0,.31,12.31
105,2014,91,530,2.237,2.988,0,0,.309,12.31
105,2014,91,536,2.168,2.656,0,0,.309,12.31
105,2014,91,542,2.102,1.642,0,0,.309,12.31
105,2014,91,548,2.038,1.081,0,0,.309,12.31
105,2014,91,554,1.974,1.76,0,0,.309,12.31
105,2014,91,600,1.907,2.316,0,0,.309,12.32
105,2014,91,606,1.839,2.116,0,0,.308,12.32
105,2014,91,612,1.77,2.603,0,0,.308,12.32
105,2014,91,618,1.702,2.399,0,0,.308,12.32
105,2014,91,624,1.635,1.617,0,0,.308,12.31
105,2014,91,630,1.571,1.331,0,0,.308,12.32
105,2014,91,636,1.51,.889,0,0,.308,12.32
105,2014,91,642,1.447,.76,0,0,.307,12.32
105,2014,91,648,1.381,.646,0,0,.307,12.32
105,2014,91,654,1.311,2.184,0,0,.307,12.31
105,2014,91,700,1.24,3.099,0,0,.307,12.31
105,2014,91,706,1.173,2.003,0,0,.307,12.31
105,2014,91,712,1.114,2.583,0,0,.307,12.31
105,2014,91,718,1.062,2.735,0,0,.307,12.31
105,2014,91,724,1.02,2.839,0,0,.307,12.32
105,2014,91,730,.992,3.269,0,0,.307,12.32
105,2014,91,736,.981,3.738,0,0,.307,12.31
105,2014,91,742,.988,4.275,0,0,.306,12.31
105,2014,91,748,1.015,5.39,0,0,.305,12.31
105,2014,91,754,1.067,5.999,0,0,.305,12.31
105,2014,91,800,1.149,6.994,0,0,.304,12.31
105,2014,91,806,1.263,7.44,0,0,.304,12.31
105,2014,91,812,1.411,8.22,0,0,.304,12.31
105,2014,91,818,1.598,8.46,0,0,.304,12.31
105,2014,91,824,1.818,9.07,0,0,.304,12.31
105,2014,91,830,2.074,8.98,0,0,.304,12.31
105,2014,91,836,2.36,8.96,0,0,.304,12.31
105,2014,91,842,2.669,9.12,0,0,.304,12.31
105,2014,91,848,2.997,9.92,0,0,.305,12.31
105,2014,91,854,3.328,10.31,0,0,.304,12.31
105,2014,91,900,3.67,10.16,0,0,.305,12.31
105,2014,91,906,4.02,10.69,0,0,.304,12.31
105,2014,91,912,4.371,10.96,0,0,.305,12.31
105,2014,91,918,4.726,11.53,0,0,.304,12.31
105,2014,91,924,5.075,11.3,0,0,.304,12.31
105,2014,91,930,5.425,11.76,0,0,.304,12.31
105,2014,91,936,5.767,12.4,0,0,.305,12.31
105,2014,91,942,6.111,12.11,0,0,.305,12.3
105,2014,91,948,6.454,12.33,0,0,.304,12.3
105,2014,91,954,6.793,13.12,0,0,.305,12.3
105,2014,91,1000,7.14,14.2,0,0,.304,12.3
105,2014,91,1006,7.48,13.48,0,0,.304,12.3
105,2014,91,1012,7.84,13.32,0,0,.305,12.3
105,2014,91,1018,8.2,13.72,0,0,.305,12.3
105,2014,91,1024,8.55,12.94,0,0,.305,12.31
105,2014,91,1030,8.9,12.59,0,0,.304,12.3
105,2014,91,1036,9.22,13.09,0,0,.305,12.3
105,2014,91,1042,9.52,12.57,0,0,.305,12.3
105,2014,91,1048,9.8,13.63,0,0,.304,12.3
105,2014,91,1054,10.08,13.5,0,0,.305,12.3
105,2014,91,1100,10.35,13.27,0,0,.305,12.3
105,2014,91,1106,10.61,13.89,0,0,.304,12.3
105,2014,91,1112,10.85,13.25,0,0,.304,12.31
105,2014,91,1118,11.09,13.68,0,0,.304,12.31
105,2014,91,1124,11.33,14.03,0,0,.304,12.31
105,2014,91,1130,11.56,14.41,0,0,.304,12.3
105,2014,91,1136,11.78,13.21,0,0,.304,12.31
105,2014,91,1142,11.98,13.33,0,0,.303,12.31
105,2014,91,1148,12.16,13.35,0,0,.303,12.3
105,2014,91,1154,12.33,12.2,0,0,.303,12.3
105,2014,91,1200,12.47,11.55,0,0,.303,12.31
105,2014,91,1206,12.58,11.51,0,0,.303,12.31
105,2014,91,1212,12.65,11.89,0,0,.303,12.31
105,2014,91,1218,12.7,11.63,0,0,.303,12.31
105,2014,91,1224,12.73,11,0,0,.302,12.31
105,2014,91,1230,12.75,10.37,0,0,.302,12.31
105,2014,91,1236,12.74,10.45,0,0,.302,12.31
105,2014,91,1242,12.73,11.17,0,0,.302,12.31
105,2014,91,1248,12.71,10.78,0,0,.302,12.31
105,2014,91,1254,12.68,10.91,0,0,.302,12.31
105,2014,91,1300,12.64,12.53,0,0,.302,12.31
105,2014,91,1306,12.61,13.04,0,0,.302,12.31
105,2014,91,1312,12.59,13.39,0,0,.302,12.31
105,2014,91,1318,12.61,13.36,0,0,.302,12.31
105,2014,91,1324,12.65,13.56,0,0,.303,12.31
105,2014,91,1330,12.71,13.71,0,0,.302,12.3
105,2014,91,1336,12.79,13.25,0,0,.302,12.3
105,2014,91,1342,12.87,13.61,0,0,.303,12.31
105,2014,91,1348,12.97,13.18,0,0,.303,12.3
105,2014,91,1354,13.06,12.71,0,0,.302,12.31
105,2014,91,1400,13.15,12.04,0,0,.302,12.31
105,2014,91,1406,13.22,12.47,0,0,.302,12.31
105,2014,91,1412,13.27,12.27,0,0,.303,12.31
105,2014,91,1418,13.32,12.8,0,0,.303,12.31
105,2014,91,1424,13.35,12.79,0,0,.302,12.31
105,2014,91,1430,13.38,12.98,0,0,.303,12.3
105,2014,91,1436,13.41,13.53,0,0,.303,12.3
105,2014,91,1442,13.46,14.65,0,0,.302,12.3
105,2014,91,1448,13.51,13.67,0,0,.303,12.3
105,2014,91,1454,13.57,13.98,0,0,.302,12.3
105,2014,91,1500,13.64,14.23,0,0,.302,12.3
105,2014,91,1506,13.71,14.45,0,0,.303,12.3
105,2014,91,1512,13.78,13.37,0,0,.302,12.3
105,2014,91,1518,13.84,14.33,0,0,.302,12.3
105,2014,91,1524,13.9,13.9,0,0,.302,12.3
105,2014,91,1530,13.96,14.4,0,0,.301,12.3
105,2014,91,1536,14.02,13.93,0,0,.301,12.31
105,2014,91,1542,14.09,14.31,0,0,.3,12.3
105,2014,91,1548,14.15,13.97,0,0,.301,12.31
105,2014,91,1554,14.21,14.08,0,0,.3,12.31
105,2014,91,1600,14.27,14.3,0,0,.301,12.31
105,2014,91,1606,14.31,13.7,0,0,.301,12.31
105,2014,91,1612,14.35,13.21,0,0,.301,12.31
105,2014,91,1618,14.38,13.2,0,0,.301,12.3
105,2014,91,1624,14.38,13,0,0,.301,12.31
105,2014,91,1630,14.36,12.97,0,0,.301,12.31
105,2014,91,1636,14.33,13.29,0,0,.301,12.3
105,2014,91,1642,14.29,13.15,0,0,.301,12.31
105,2014,91,1648,14.24,13.02,0,0,.301,12.31
105,2014,91,1654,14.18,13.86,0,0,.3,12.31
105,2014,91,1700,14.12,13.87,0,0,.3,12.31
105,2014,91,1706,14.06,13.1,0,0,.3,12.31
105,2014,91,1712,14,13.2,0,0,.301,12.31
105,2014,91,1718,13.94,13.03,0,0,.301,12.31
105,2014,91,1724,13.88,12.62,0,0,.301,12.31
105,2014,91,1730,13.82,12.91,0,0,.301,12.31
105,2014,91,1736,13.76,12.64,0,0,.301,12.31
105,2014,91,1742,13.7,12.7,0,0,.301,12.3
105,2014,91,1748,13.63,12.27,0,0,.301,12.3
105,2014,91,1754,13.55,12.22,0,0,.301,12.3
105,2014,91,1800,13.47,12.18,0,0,.301,12.3
105,2014,91,1806,13.39,11.8,0,0,.301,12.3
105,2014,91,1812,13.29,11.7,0,0,.301,12.3
105,2014,91,1818,13.2,11.49,0,0,.301,12.3
105,2014,91,1824,13.09,11.31,0,0,.301,12.3
105,2014,91,1830,12.99,10.97,0,0,.301,12.31
105,2014,91,1836,12.88,10.81,0,0,.301,12.31
105,2014,91,1842,12.76,10.54,0,0,.301,12.31
105,2014,91,1848,12.64,10.39,0,0,.301,12.31
105,2014,91,1854,12.52,10.43,0,0,.3,12.31
105,2014,91,1900,12.39,10.07,0,0,.301,12.31
105,2014,91,1906,12.26,9.96,0,0,.301,12.31
105,2014,91,1912,12.13,9.95,0,0,.301,12.31
105,2014,91,1918,12,9.66,0,0,.302,12.31
105,2014,91,1924,11.86,9.47,0,0,.301,12.31
105,2014,91,1930,11.71,9.23,0,0,.302,12.31
105,2014,91,1936,11.57,8.98,0,0,.301,12.31
105,2014,91,1942,11.42,8.81,0,0,.302,12.31
105,2014,91,1948,11.27,8.39,0,0,.303,12.31
105,2014,91,1954,11.12,8.33,0,0,.303,12.31
105,2014,91,2000,10.96,8.1,0,0,.303,12.31
105,2014,91,2006,10.8,7.89,0,0,.303,12.31
105,2014,91,2012,10.63,7.81,0,0,.304,12.31
105,2014,91,2018,10.46,7.8,0,0,.304,12.31
105,2014,91,2024,10.29,7.51,0,0,.304,12.31
105,2014,91,2030,10.12,7.76,0,0,.303,12.31
105,2014,91,2036,9.94,7.87,0,0,.303,12.31
105,2014,91,2042,9.77,8.26,0,0,.303,12.31
105,2014,91,2048,9.61,7.57,0,0,.303,12.31
105,2014,91,2054,9.46,7.67,0,0,.304,12.31
105,2014,91,2100,9.31,7.68,0,0,.304,12.31
105,2014,91,2106,9.17,7.63,0,0,.304,12.31
105,2014,91,2112,9.03,7.66,0,0,.303,12.31
105,2014,91,2118,8.89,7.9,0,0,.303,12.31
105,2014,91,2124,8.77,7.92,0,0,.303,12.31
105,2014,91,2130,8.65,8.32,0,0,.304,12.31
105,2014,91,2136,8.54,8.21,0,0,.303,12.31
105,2014,91,2142,8.44,8.39,0,0,.304,12.31
105,2014,91,2148,8.36,8.61,0,0,.304,12.31
105,2014,91,2154,8.29,8.23,0,0,.304,12.31
105,2014,91,2200,8.22,8.19,0,0,.303,12.31
105,2014,91,2206,8.17,8.27,0,0,.303,12.31
105,2014,91,2212,8.13,8.21,0,0,.303,12.31
105,2014,91,2218,8.09,7.86,0,0,.305,12.31
105,2014,91,2224,8.05,7.93,0,0,.303,12.31
105,2014,91,2230,8.02,7.84,0,0,.304,12.31
105,2014,91,2236,7.98,7.6,0,0,.304,12.31
105,2014,91,2242,7.95,7.41,0,0,.303,12.31
105,2014,91,2248,7.91,7.54,0,0,.303,12.31
105,2014,91,2254,7.87,7.44,0,0,.303,12.31
105,2014,91,2300,7.83,7.24,0,0,.303,12.31
105,2014,91,2306,7.79,6.977,0,0,.303,12.31
105,2014,91,2312,7.74,6.769,0,0,.304,12.31
105,2014,91,2318,7.69,6.536,0,0,.304,12.31
105,2014,91,2324,7.63,6.634,0,0,.304,12.31
105,2014,91,2330,7.57,6.713,0,0,.303,12.31
105,2014,91,2336,7.51,6.52,0,0,.304,12.31
105,2014,91,2342,7.44,6.441,0,0,.304,12.31
105,2014,91,2348,7.36,6.472,0,0,.303,12.31
105,2014,91,2354,7.29,6.438,0,0,.303,12.31
105,2014,92,0,7.22,6.267,0,0,.303,12.31
105,2014,92,6,7.15,6.077,0,0,.303,12.31
105,2014,92,12,7.08,6.005,0,0,.303,12.31
105,2014,92,18,7,6.035,0,0,.303,12.31
105,2014,92,24,6.923,6.03,0,0,.304,12.31
105,2014,92,30,6.844,6.013,0,0,.303,12.31
105,2014,92,36,6.766,5.761,0,0,.303,12.31
105,2014,92,42,6.688,5.839,0,0,.303,12.31
105,2014,92,48,6.61,5.737,0,0,.303,12.31
105,2014,92,54,6.534,5.693,0,0,.303,12.31
105,2014,92,100,6.46,5.472,0,0,.302,12.31
105,2014,92,106,6.384,5.51,0,0,.302,12.31
105,2014,92,112,6.307,5.511,0,0,.302,12.31
105,2014,92,118,6.228,5.377,0,0,.302,12.31
105,2014,92,124,6.148,5.058,0,0,.302,12.31
105,2014,92,130,6.068,4.678,0,0,.302,12.31
105,2014,92,136,5.986,4.66,0,0,.302,12.31
105,2014,92,142,5.9,4.669,0,0,.302,12.31
105,2014,92,148,5.809,4.432,0,0,.302,12.31
105,2014,92,154,5.719,4.294,0,0,.302,12.31
105,2014,92,200,5.627,4.652,0,0,.303,12.31
105,2014,92,206,5.532,4.551,0,0,.302,12.31
105,2014,92,212,5.434,4.097,0,0,.302,12.31
105,2014,92,218,5.337,3.935,0,0,.302,12.31
105,2014,92,224,5.239,4.197,0,0,.302,12.31
105,2014,92,230,5.14,3.948,0,0,.303,12.31
105,2014,92,236,5.04,3.733,0,0,.302,12.31
105,2014,92,242,4.939,3.529,0,0,.302,12.31
105,2014,92,248,4.841,3.588,0,0,.302,12.31
105,2014,92,254,4.74,3.649,0,0,.302,12.31
105,2014,92,300,4.639,3.797,0,0,.302,12.31
105,2014,92,306,4.54,3.765,0,0,.301,12.31
105,2014,92,312,4.444,3.792,0,0,.302,12.31
105,2014,92,318,4.353,3.812,0,0,.301,12.31
105,2014,92,324,4.267,3.649,0,0,.301,12.31
105,2014,92,330,4.187,3.814,0,0,.301,12.31
105,2014,92,336,4.113,3.135,0,0,.301,12.31
105,2014,92,342,4.042,3.403,0,0,.301,12.31
105,2014,92,348,3.974,3.998,0,0,.302,12.31
105,2014,92,354,3.907,3.986,0,0,.302,12.31
105,2014,92,400,3.85,3.899,0,0,.302,12.31
105,2014,92,406,3.799,3.75,0,0,.302,12.31
105,2014,92,412,3.752,3.441,0,0,.301,12.31
105,2014,92,418,3.709,3.636,0,0,.302,12.31
105,2014,92,424,3.668,3.801,0,0,.301,12.31
105,2014,92,430,3.629,4.153,0,0,.301,12.31
105,2014,92,436,3.594,3.796,0,0,.3,12.31
105,2014,92,442,3.565,3.676,0,0,.301,12.31
105,2014,92,448,3.539,3.946,0,0,.301,12.31
105,2014,92,454,3.519,4.042,0,0,.3,12.31
105,2014,92,500,3.5,3.88,0,0,.3,12.31
105,2014,92,506,3.482,3.671,0,0,.3,12.31
105,2014,92,512,3.465,3.45,0,0,.3,12.31
105,2014,92,518,3.444,3.465,0,0,.3,12.31
105,2014,92,524,3.422,3.338,0,0,.299,12.31
105,2014,92,530,3.397,2.75,0,0,.299,12.31
105,2014,92,536,3.37,3.184,0,0,.3,12.31
105,2014,92,542,3.339,3.284,0,0,.3,12.31
105,2014,92,548,3.305,3.346,0,0,.299,12.31
105,2014,92,554,3.27,3.374,0,0,.299,12.31
105,2014,92,600,3.236,3.481,0,0,.299,12.31
105,2014,92,606,3.206,3.466,0,0,.299,12.31
105,2014,92,612,3.18,3.472,0,0,.299,12.31
105,2014,92,618,3.155,3.46,0,0,.299,12.31
105,2014,92,624,3.136,3.608,0,0,.299,12.31
105,2014,92,630,3.12,3.535,0,0,.3,12.31
105,2014,92,636,3.109,3.473,0,0,.299,12.31
105,2014,92,642,3.1,3.303,0,0,.299,12.31
105,2014,92,648,3.088,3.283,0,0,.299,12.31
105,2014,92,654,3.074,3.342,0,0,.299,12.31
105,2014,92,700,3.056,3.369,0,0,.299,12.31
105,2014,92,706,3.037,3.345,0,0,.299,12.31
105,2014,92,712,3.022,3.495,0,0,.299,12.31
105,2014,92,718,3.004,3.729,0,0,.301,12.31
105,2014,92,724,2.991,3.861,0,0,.309,12.31
105,2014,92,730,2.982,4.197,0,0,.322,12.31
105,2014,92,736,2.983,4.53,0,0,.339,12.31
105,2014,92,742,2.994,4.592,0,0,.364,12.31
105,2014,92,748,3.019,4.715,0,0,.395,12.31
105,2014,92,754,3.054,4.917,0,0,.422,12.31
105,2014,92,800,3.099,5.109,0,0,.445,12.31
105,2014,92,806,3.152,5.327,0,0,.466,12.31
105,2014,92,812,3.211,5.482,0,0,.485,12.31
105,2014,92,818,3.278,5.74,0,0,.504,12.31
105,2014,92,824,3.35,5.928,0,0,.522,12.31
105,2014,92,830,3.431,6.288,0,0,.538,12.31
105,2014,92,836,3.524,6.753,0,0,.554,12.31
105,2014,92,842,3.632,7.03,0,0,.566,12.31
105,2014,92,848,3.764,7.31,0,0,.575,12.31
105,2014,92,854,3.917,7.51,0,0,.582,12.31
105,2014,92,900,4.083,7.73,0,0,.584,12.31
105,2014,92,906,4.257,7.92,0,0,.583,12.31
105,2014,92,912,4.437,7.92,0,0,.584,12.31
105,2014,92,918,4.619,7.96,0,0,.583,12.31
105,2014,92,924,4.804,8.23,0,0,.584,12.31
105,2014,92,930,4.988,8.67,0,0,.584,12.31
105,2014,92,936,5.174,8.77,0,0,.584,12.31
105,2014,92,942,5.365,8.87,0,0,.583,12.31
105,2014,92,948,5.558,9.15,0,0,.579,12.31
105,2014,92,954,5.757,9.42,0,0,.576,12.31
105,2014,92,1000,5.957,9.44,0,0,.571,12.31
105,2014,92,1006,6.16,9.6,0,0,.567,12.31
105,2014,92,1012,6.36,9.74,0,0,.562,12.31
105,2014,92,1018,6.567,10.35,0,0,.559,12.31
105,2014,92,1024,6.778,10.34,0,0,.555,12.31
105,2014,92,1030,6.992,10.72,0,0,.551,12.31
105,2014,92,1036,7.2,11.47,0,0,.547,12.31
105,2014,92,1042,7.42,12.55,0,0,.543,12.31
105,2014,92,1048,7.65,12.29,0,0,.539,12.31
105,2014,92,1054,7.89,11.84,0,0,.535,12.31
105,2014,92,1100,8.14,11.47,0,0,.531,12.31
105,2014,92,1106,8.39,11.23,0,0,.527,12.31
105,2014,92,1112,8.61,11.44,0,0,.524,12.31
105,2014,92,1118,8.81,11.59,0,0,.52,12.31
105,2014,92,1124,9,11.4,0,0,.517,12.31
105,2014,92,1130,9.18,11.35,0,0,.513,12.31
105,2014,92,1136,9.34,11.1,0,0,.51,12.31
105,2014,92,1142,9.48,11.02,0,0,.507,12.31
105,2014,92,1148,9.61,11.09,0,0,.505,12.31
105,2014,92,1154,9.72,11.05,0,0,.503,12.31
105,2014,92,1200,9.82,11.53,0,0,.501,12.31
105,2014,92,1206,9.92,12.22,0,0,.497,12.31
105,2014,92,1212,10.01,12.31,0,0,.494,12.31
105,2014,92,1218,10.11,12.79,0,0,.491,12.31
105,2014,92,1224,10.22,13.26,0,0,.488,12.31
105,2014,92,1230,10.35,13.21,0,0,.485,12.3
105,2014,92,1236,10.49,13.55,0,0,.483,12.3
105,2014,92,1242,10.64,13.5,0,0,.48,12.3
105,2014,92,1248,10.8,13.44,0,0,.477,12.3
105,2014,92,1254,10.96,13.33,0,0,.475,12.3
105,2014,92,1300,11.11,13.46,0,0,.473,12.3
105,2014,92,1306,11.26,14.13,0,0,.47,12.3
105,2014,92,1312,11.41,14.46,0,0,.467,12.3
105,2014,92,1318,11.56,15.26,0,0,.466,12.3
105,2014,92,1324,11.72,15.33,0,0,.463,12.3
105,2014,92,1330,11.89,15.67,0,0,.462,12.3
105,2014,92,1336,12.07,16.95,0,0,.459,12.3
105,2014,92,1342,12.28,17.41,0,0,.457,12.3
105,2014,92,1348,12.51,17.38,0,0,.454,12.3
105,2014,92,1354,12.76,17.1,0,0,.453,12.3
105,2014,92,1400,13.01,16.86,0,0,.451,12.3
105,2014,92,1406,13.27,16.88,0,0,.45,12.3
105,2014,92,1412,13.51,16.88,0,0,.448,12.3
105,2014,92,1418,13.74,17.2,0,0,.447,12.3
105,2014,92,1424,13.96,17.84,0,0,.445,12.3
105,2014,92,1430,14.17,18.24,0,0,.443,12.3
105,2014,92,1436,14.38,19.13,0,0,.44,12.3
105,2014,92,1442,14.6,18.14,0,0,.437,12.3
105,2014,92,1448,14.83,18.62,0,0,.437,12.3
105,2014,92,1454,15.05,18.28,0,0,.437,12.3
105,2014,92,1500,15.26,18.19,0,0,.436,12.3
105,2014,92,1506,15.46,17.66,0,0,.435,12.3
105,2014,92,1512,15.65,17.95,0,0,.433,12.3
105,2014,92,1518,15.82,17.95,0,0,.431,12.3
105,2014,92,1524,15.96,17.63,0,0,.431,12.3
105,2014,92,1530,16.11,18.28,0,0,.43,12.3
105,2014,92,1536,16.24,18.39,0,0,.429,12.3
105,2014,92,1542,16.37,17.41,0,0,.427,12.3
105,2014,92,1548,16.48,17.38,0,0,.428,12.3
105,2014,92,1554,16.59,16.9,0,0,.426,12.3
105,2014,92,1600,16.67,16.81,0,0,.426,12.3
105,2014,92,1606,16.74,16.2,0,0,.425,12.3
105,2014,92,1612,16.8,16.11,0,0,.424,12.3
105,2014,92,1618,16.83,16.26,0,0,.423,12.3
105,2014,92,1624,16.85,16.25,0,0,.422,12.3
105,2014,92,1630,16.86,16.33,0,0,.421,12.3
105,2014,92,1636,16.86,16.25,0,0,.42,12.3
105,2014,92,1642,16.86,16.3,0,0,.42,12.3
105,2014,92,1648,16.85,16.63,0,0,.418,12.3
105,2014,92,1654,16.85,16.5,0,0,.417,12.3
105,2014,92,1700,16.84,16.35,0,0,.416,12.3
105,2014,92,1706,16.83,16.03,0,0,.416,12.3
105,2014,92,1712,16.81,16.4,0,0,.414,12.3
105,2014,92,1718,16.8,16.31,0,0,.413,12.3
105,2014,92,1724,16.77,16.11,0,0,.412,12.3
105,2014,92,1730,16.75,15.85,0,0,.412,12.3
105,2014,92,1736,16.72,15.96,0,0,.412,12.3
105,2014,92,1742,16.68,15.96,0,0,.41,12.3
105,2014,92,1748,16.64,15.71,0,0,.409,12.3
105,2014,92,1754,16.6,15.82,0,0,.408,12.3
105,2014,92,1800,16.55,16.22,0,0,.408,12.3
105,2014,92,1806,16.51,16.3,0,0,.406,12.3
105,2014,92,1812,16.47,16.09,0,0,.406,12.3
105,2014,92,1818,16.44,16.25,0,0,.406,12.3
105,2014,92,1824,16.41,15.91,0,0,.404,12.3
105,2014,92,1830,16.38,15.74,0,0,.404,12.3
105,2014,92,1836,16.35,15.56,0,0,.404,12.3
105,2014,92,1842,16.32,15.71,0,0,.403,12.3
105,2014,92,1848,16.28,15.23,0,0,.402,12.3
105,2014,92,1854,16.23,14.96,0,0,.402,12.3
105,2014,92,1900,16.18,14.66,0,0,.401,12.3
105,2014,92,1906,16.12,14.32,0,0,.4,12.3
105,2014,92,1912,16.06,14.04,0,0,.4,12.3
105,2014,92,1918,15.98,13.25,0,0,.4,12.3
105,2014,92,1924,15.89,13.52,0,0,.398,12.3
105,2014,92,1930,15.79,13.08,0,0,.398,12.3
105,2014,92,1936,15.69,12.81,0,0,.397,12.3
105,2014,92,1942,15.57,12.65,0,0,.397,12.3
105,2014,92,1948,15.45,12.6,0,0,.396,12.3
105,2014,92,1954,15.32,12.19,0,0,.396,12.3
105,2014,92,2000,15.2,11.83,0,0,.395,12.3
105,2014,92,2006,15.06,11.87,0,0,.395,12.3
105,2014,92,2012,14.91,11.56,0,0,.395,12.3
105,2014,92,2018,14.76,11.31,0,0,.394,12.3
105,2014,92,2024,14.6,10.62,0,0,.393,12.3
105,2014,92,2030,14.44,10.73,0,0,.393,12.3
105,2014,92,2036,14.27,10.49,0,0,.392,12.3
105,2014,92,2042,14.08,9.96,0,0,.392,12.3
105,2014,92,2048,13.89,10.12,0,0,.392,12.3
105,2014,92,2054,13.69,9.58,0,0,.391,12.31
105,2014,92,2100,13.49,9.56,0,0,.39,12.31
105,2014,92,2106,13.28,9.27,0,0,.39,12.31
105,2014,92,2112,13.07,8.84,0,0,.389,12.31
105,2014,92,2118,12.85,9.24,0,0,.388,12.31
105,2014,92,2124,12.64,9.22,0,0,.387,12.31
105,2014,92,2130,12.42,9.07,0,0,.387,12.31
105,2014,92,2136,12.21,8.65,0,0,.387,12.31
105,2014,92,2142,12,8.52,0,0,.386,12.31
105,2014,92,2148,11.79,7.97,0,0,.386,12.31
105,2014,92,2154,11.59,8.08,0,0,.385,12.31
105,2014,92,2200,11.38,7.83,0,0,.385,12.31
105,2014,92,2206,11.17,7.83,0,0,.385,12.31
105,2014,92,2212,10.97,8.09,0,0,.385,12.31
105,2014,92,2218,10.77,8.18,0,0,.383,12.31
105,2014,92,2224,10.58,8.19,0,0,.384,12.31
105,2014,92,2230,10.39,8.06,0,0,.384,12.31
105,2014,92,2236,10.22,7.75,0,0,.383,12.31
105,2014,92,2242,10.05,7.38,0,0,.384,12.31
105,2014,92,2248,9.88,7.66,0,0,.384,12.31
105,2014,92,2254,9.72,8.13,0,0,.383,12.31
105,2014,92,2300,9.57,8.11,0,0,.381,12.31
105,2014,92,2306,9.43,8.1,0,0,.381,12.31
105,2014,92,2312,9.31,8.02,0,0,.381,12.31
105,2014,92,2318,9.19,7.52,0,0,.379,12.31
105,2014,92,2324,9.08,7.87,0,0,.379,12.31
105,2014,92,2330,8.98,8.26,0,0,.379,12.31
105,2014,92,2336,8.88,8.5,0,0,.379,12.31
105,2014,92,2342,8.8,8.51,0,0,.378,12.31
105,2014,92,2348,8.73,8.6,0,0,.377,12.31
105,2014,92,2354,8.67,8.69,0,0,.376,12.31
105,2014,93,0,8.61,8.4,0,0,.376,12.31
105,2014,93,6,8.57,8.52,0,0,.376,12.31
105,2014,93,12,8.52,8.75,0,0,.376,12.31
105,2014,93,18,8.49,8.97,0,0,.375,12.31
105,2014,93,24,8.46,8.91,0,0,.374,12.31
105,2014,93,30,8.43,8.88,0,0,.374,12.31
105,2014,93,36,8.42,8.57,0,0,.374,12.31
105,2014,93,42,8.4,8.46,0,0,.373,12.31
105,2014,93,48,8.38,8.47,0,0,.374,12.31
105,2014,93,54,8.36,8.44,0,0,.371,12.31
105,2014,93,100,8.34,8.29,0,0,.371,12.31
105,2014,93,106,8.32,8.01,0,0,.371,12.31
105,2014,93,112,8.29,7.83,0,0,.37,12.31
105,2014,93,118,8.25,7.93,0,0,.37,12.31
105,2014,93,124,8.22,7.98,0,0,.37,12.31
105,2014,93,130,8.18,8.07,0,0,.371,12.31
105,2014,93,136,8.14,8.1,0,0,.371,12.31
105,2014,93,142,8.11,7.97,0,0,.368,12.31
105,2014,93,148,8.07,8.09,0,0,.367,12.31
105,2014,93,154,8.04,8.04,0,0,.368,12.31
105,2014,93,200,8.01,8.05,0,0,.368,12.31
105,2014,93,206,7.98,7.96,0,0,.367,12.31
105,2014,93,212,7.95,8.18,0,0,.365,12.31
105,2014,93,218,7.93,8.48,0,0,.365,12.31
105,2014,93,224,7.91,8.63,0,0,.365,12.31
105,2014,93,230,7.9,8.69,0,0,.365,12.31
105,2014,93,236,7.89,8.62,0,0,.365,12.31
105,2014,93,242,7.89,8.87,0,0,.364,12.31
105,2014,93,248,7.89,8.63,0,0,.364,12.31
105,2014,93,254,7.9,8.64,0,0,.364,12.31
105,2014,93,300,7.92,8.67,0,0,.362,12.31
105,2014,93,306,7.94,8.57,0,0,.363,12.31
105,2014,93,312,7.96,8.7,0,0,.362,12.31
105,2014,93,318,7.98,8.71,0,0,.361,12.31
105,2014,93,324,8,8.92,0,0,.362,12.31
105,2014,93,330,8.03,8.91,0,0,.361,12.31
105,2014,93,336,8.05,8.88,0,0,.361,12.31
105,2014,93,342,8.08,8.71,0,0,.36,12.31
105,2014,93,348,8.1,8.85,0,0,.358,12.31
105,2014,93,354,8.13,8.86,0,0,.36,12.31
105,2014,93,400,8.15,9.06,0,0,.359,12.31
105,2014,93,406,8.17,9.27,0,0,.359,12.31
105,2014,93,412,8.2,9.13,0,0,.36,12.31
105,2014,93,418,8.22,9.02,0,0,.36,12.31
105,2014,93,424,8.24,9.09,0,0,.359,12.31
105,2014,93,430,8.27,9.03,0,0,.357,12.31
105,2014,93,436,8.3,9.2,0,0,.357,12.31
105,2014,93,442,8.32,9.32,0,0,.357,12.31
105,2014,93,448,8.35,9.31,0,0,.356,12.31
105,2014,93,454,8.38,9.05,0,0,.357,12.31
105,2014,93,500,8.41,9.14,0,0,.357,12.31
105,2014,93,506,8.44,9.21,0,0,.355,12.31
105,2014,93,512,8.48,9.11,0,0,.355,12.31
105,2014,93,518,8.51,9.23,0,0,.355,12.31
105,2014,93,524,8.54,9.16,0,0,.355,12.31
105,2014,93,530,8.56,9.25,0,0,.355,12.31
105,2014,93,536,8.59,8.98,0,0,.355,12.31
105,2014,93,542,8.61,9.11,0,0,.354,12.31
105,2014,93,548,8.64,9.28,0,0,.354,12.31
105,2014,93,554,8.66,9.3,0,0,.354,12.31
105,2014,93,600,8.67,9.43,0,0,.353,12.31
105,2014,93,606,8.69,9.45,0,0,.353,12.31
105,2014,93,612,8.71,9.1,0,0,.352,12.31
105,2014,93,618,8.72,9.04,0,0,.352,12.31
105,2014,93,624,8.74,9.07,0,0,.351,12.31
105,2014,93,630,8.75,9.17,0,0,.352,12.31
105,2014,93,636,8.77,9.23,0,0,.351,12.31
105,2014,93,642,8.78,9.28,0,0,.351,12.31
105,2014,93,648,8.78,9.3,0,0,.351,12.31
105,2014,93,654,8.79,9.28,0,0,.35,12.31
105,2014,93,700,8.8,9.51,0,0,.351,12.31
105,2014,93,706,8.82,9.52,0,0,.35,12.31
105,2014,93,712,8.83,9.49,0,0,.35,12.31
105,2014,93,718,8.84,9.46,0,0,.35,12.31
105,2014,93,724,8.86,9.63,0,0,.348,12.31
105,2014,93,730,8.88,9.88,0,0,.348,12.31
105,2014,93,736,8.9,9.9,0,0,.348,12.31
105,2014,93,742,8.92,9.99,0,0,.349,12.31
105,2014,93,748,8.95,10.14,0,0,.348,12.31
105,2014,93,754,8.99,10.07,0,0,.348,12.31
105,2014,93,800,9.02,10.29,0,0,.347,12.31
105,2014,93,806,9.06,10.6,0,0,.346,12.31
105,2014,93,812,9.1,10.49,0,0,.347,12.31
105,2014,93,818,9.15,11.11,0,0,.346,12.31
105,2014,93,824,9.2,11.82,0,0,.345,12.31
105,2014,93,830,9.26,12.38,0,0,.346,12.31
105,2014,93,836,9.33,12.2,0,0,.345,12.31
105,2014,93,842,9.42,12.4,0,0,.345,12.31
105,2014,93,848,9.53,13.36,0,0,.345,12.31
105,2014,93,854,9.65,14.02,0,0,.344,12.3
105,2014,93,900,9.79,14.49,0,0,.344,12.3
105,2014,93,906,9.95,14.69,0,0,.343,12.3
105,2014,93,912,10.13,14.5,0,0,.343,12.3
105,2014,93,918,10.34,14.77,0,0,.343,12.3
105,2014,93,924,10.56,15.26,0,0,.343,12.3
105,2014,93,930,10.79,15.5,0,0,.343,12.31
105,2014,93,936,11.02,16.32,0,0,.343,12.3
105,2014,93,942,11.28,16.49,0,0,.343,12.3
105,2014,93,948,11.56,16.73,0,0,.342,12.3
105,2014,93,954,11.83,16.46,0,0,.342,12.3
105,2014,93,1000,12.11,16.97,0,0,.342,12.3
105,2014,93,1006,12.38,17.57,0,0,.341,12.3
105,2014,93,1012,12.66,17.38,0,0,.341,12.3
105,2014,93,1018,12.93,17.37,0,0,.341,12.3
105,2014,93,1024,13.21,17.43,0,0,.34,12.3
105,2014,93,1030,13.47,17.71,0,0,.34,12.3
105,2014,93,1036,13.72,17.84,0,0,.34,12.3
105,2014,93,1042,13.97,17.88,0,0,.34,12.3
105,2014,93,1048,14.21,18.03,0,0,.341,12.3
105,2014,93,1054,14.44,18.02,0,0,.341,12.3
105,2014,93,1100,14.67,18.44,0,0,.34,12.3
105,2014,93,1106,14.89,18.49,0,0,.341,12.3
105,2014,93,1112,15.11,17.89,0,0,.34,12.3
105,2014,93,1118,15.33,19.11,0,0,.341,12.3
105,2014,93,1124,15.54,19.44,0,0,.34,12.3
105,2014,93,1130,15.75,19.81,0,0,.341,12.3
105,2014,93,1136,15.96,19.54,0,0,.34,12.3
105,2014,93,1142,16.17,19.65,0,0,.341,12.3
105,2014,93,1148,16.39,19.01,0,0,.341,12.3
105,2014,93,1154,16.6,19.22,0,0,.341,12.3
105,2014,93,1200,16.8,19.47,0,0,.341,12.3
105,2014,93,1206,16.98,19.65,0,0,.341,12.3
105,2014,93,1212,17.17,20.52,0,0,.34,12.3
105,2014,93,1218,17.36,20.16,0,0,.339,12.3
105,2014,93,1224,17.55,19.82,0,0,.339,12.3
105,2014,93,1230,17.74,19.45,0,0,.339,12.3
105,2014,93,1236,17.93,19.42,0,0,.339,12.3
105,2014,93,1242,18.1,20.86,0,0,.339,12.3
105,2014,93,1248,18.27,19.91,0,0,.339,12.3
105,2014,93,1254,18.44,20.09,0,0,.339,12.3
105,2014,93,1300,18.61,19.86,0,0,.34,12.3
105,2014,93,1306,18.77,19.79,0,0,.339,12.3
105,2014,93,1312,18.92,20.12,0,0,.339,12.3
105,2014,93,1318,19.05,19.62,0,0,.339,12.3
105,2014,93,1324,19.18,19.18,0,0,.339,12.3
105,2014,93,1330,19.3,18.9,0,0,.34,12.3
105,2014,93,1336,19.4,18.67,0,0,.339,12.3
105,2014,93,1342,19.47,18.59,0,0,.338,12.3
105,2014,93,1348,19.53,18.81,0,0,.337,12.3
105,2014,93,1354,19.57,18.45,0,0,.337,12.3
105,2014,93,1400,19.6,18.11,0,0,.337,12.3
105,2014,93,1406,19.63,18.38,0,0,.337,12.3
105,2014,93,1412,19.65,18.36,0,0,.338,12.3
105,2014,93,1418,19.66,18.24,0,0,.337,12.3
105,2014,93,1424,19.67,17.81,0,0,.337,12.3
105,2014,93,1430,19.65,18.61,0,0,.337,12.3
105,2014,93,1436,19.63,19.17,0,0,.337,12.3
105,2014,93,1442,19.61,19.7,0,0,.337,12.3
105,2014,93,1448,19.61,18.6,0,0,.336,12.3
105,2014,93,1454,19.63,18.4,0,0,.337,12.3
105,2014,93,1500,19.64,18.35,0,0,.336,12.3
105,2014,93,1506,19.65,18.63,0,0,.336,12.3
105,2014,93,1512,19.66,18.95,0,0,.336,12.3
105,2014,93,1518,19.66,19.13,0,0,.336,12.3
105,2014,93,1524,19.65,19.61,0,0,.336,12.3
105,2014,93,1530,19.66,19.39,0,0,.334,12.3
105,2014,93,1536,19.67,19.11,0,0,.334,12.3
105,2014,93,1542,19.68,18.79,0,0,.333,12.3
105,2014,93,1548,19.7,18.06,0,0,.334,12.3
105,2014,93,1554,19.71,17.95,0,0,.335,12.3
105,2014,93,1600,19.69,17.36,0,0,.335,12.3
105,2014,93,1606,19.67,16.99,0,0,.334,12.3
105,2014,93,1612,19.62,16.68,0,0,.334,12.3
105,2014,93,1618,19.56,16.18,0,0,.334,12.3
105,2014,93,1624,19.48,15.98,0,0,.335,12.3
105,2014,93,1630,19.38,15.68,0,0,.335,12.3
105,2014,93,1636,19.27,15.32,0,0,.334,12.3
105,2014,93,1642,19.13,15.02,0,0,.334,12.3
105,2014,93,1648,18.98,14.79,0,0,.334,12.3
105,2014,93,1654,18.83,15.24,0,0,.333,12.3
105,2014,93,1700,18.67,15,0,0,.333,12.3
105,2014,93,1706,18.51,14.56,0,0,.334,12.3
105,2014,93,1712,18.36,14.65,0,0,.334,12.3
105,2014,93,1718,18.2,14.38,0,0,.333,12.3
105,2014,93,1724,18.04,14.35,0,0,.332,12.3
105,2014,93,1730,17.89,14.29,0,0,.332,12.3
105,2014,93,1736,17.73,14.58,0,0,.332,12.3
105,2014,93,1742,17.58,14.5,0,0,.334,12.3
105,2014,93,1748,17.44,14.62,0,0,.333,12.3
105,2014,93,1754,17.3,14.87,0,0,.334,12.3
105,2014,93,1800,17.18,14.71,0,0,.333,12.3
105,2014,93,1806,17.06,14.54,0,0,.334,12.3
105,2014,93,1812,16.95,14.52,0,0,.334,12.3
105,2014,93,1818,16.83,14.48,0,0,.334,12.3
105,2014,93,1824,16.73,14.38,0,0,.334,12.3
105,2014,93,1830,16.62,14.19,0,0,.334,12.3
105,2014,93,1836,16.5,14.07,0,0,.333,12.3
105,2014,93,1842,16.39,13.97,0,0,.332,12.3
105,2014,93,1848,16.27,14.07,0,0,.332,12.3
105,2014,93,1854,16.16,13.6,0,0,.332,12.3
105,2014,93,1900,16.04,13.29,0,0,.332,12.3
105,2014,93,1906,15.93,13.06,0,0,.332,12.3
105,2014,93,1912,15.82,12.74,0,0,.332,12.3
105,2014,93,1918,15.69,12.42,0,0,.332,12.3
105,2014,93,1924,15.56,12.2,0,0,.332,12.3
105,2014,93,1930,15.43,12.4,0,0,.332,12.3
105,2014,93,1936,15.29,12.32,0,0,.333,12.3
105,2014,93,1942,15.16,12.26,0,0,.332,12.3
105,2014,93,1948,15.03,12.21,0,0,.332,12.3
105,2014,93,1954,14.89,12.09,0,0,.332,12.3
105,2014,93,2000,14.75,11.87,0,0,.332,12.3
105,2014,93,2006,14.62,11.84,0,0,.332,12.3
105,2014,93,2012,14.48,11.42,0,0,.332,12.3
105,2014,93,2018,14.34,11.54,0,0,.332,12.3
105,2014,93,2024,14.2,11.54,0,0,.332,12.3
105,2014,93,2030,14.06,11.24,0,0,.332,12.3
105,2014,93,2036,13.92,11.25,0,0,.332,12.3
105,2014,93,2042,13.77,10.96,0,0,.331,12.3
105,2014,93,2048,13.64,11.05,0,0,.332,12.31
105,2014,93,2054,13.5,10.94,0,0,.331,12.31
105,2014,93,2100,13.37,10.85,0,0,.331,12.31
105,2014,93,2106,13.24,10.8,0,0,.331,12.31
105,2014,93,2112,13.11,11.07,0,0,.331,12.31
105,2014,93,2118,12.99,11.17,0,0,.331,12.3
105,2014,93,2124,12.87,11.13,0,0,.331,12.3
105,2014,93,2130,12.75,11.05,0,0,.331,12.3
105,2014,93,2136,12.65,11.54,0,0,.33,12.31
105,2014,93,2142,12.56,11.7,0,0,.33,12.31
105,2014,93,2148,12.47,11.9,0,0,.329,12.31
105,2014,93,2154,12.4,11.83,0,0,.33,12.31
105,2014,93,2200,12.33,11.73,0,0,.331,12.31
105,2014,93,2206,12.28,11.69,0,0,.33,12.31
105,2014,93,2212,12.23,11.53,0,0,.33,12.31
105,2014,93,2218,12.18,11.48,0,0,.33,12.31
105,2014,93,2224,12.14,11.33,0,0,.329,12.31
105,2014,93,2230,12.09,11.33,0,0,.33,12.31
105,2014,93,2236,12.05,11.17,0,0,.329,12.31
105,2014,93,2242,12.01,11.38,0,0,.329,12.31
105,2014,93,2248,11.96,11.3,0,0,.33,12.31
105,2014,93,2254,11.92,10.97,0,0,.329,12.31
105,2014,93,2300,11.88,10.85,0,0,.329,12.31
105,2014,93,2306,11.84,10.78,0,0,.327,12.31
105,2014,93,2312,11.8,11.05,0,0,.327,12.31
105,2014,93,2318,11.76,10.96,0,0,.327,12.31
105,2014,93,2324,11.72,10.93,0,0,.327,12.31
105,2014,93,2330,11.67,10.74,0,0,.328,12.31
105,2014,93,2336,11.63,10.67,0,0,.328,12.31
105,2014,93,2342,11.59,10.66,0,0,.328,12.31
105,2014,93,2348,11.54,10.57,0,0,.328,12.31
105,2014,93,2354,11.5,10.51,0,0,.328,12.31
105,2014,94,0,11.46,10.56,0,0,.328,12.31
105,2014,94,6,11.41,10.38,0,0,.328,12.31
105,2014,94,12,11.36,10.24,0,0,.328,12.31
105,2014,94,18,11.32,10.29,0,0,.327,12.31
105,2014,94,24,11.27,10.22,0,0,.328,12.31
105,2014,94,30,11.22,10.22,0,0,.327,12.31
105,2014,94,36,11.18,10.16,0,0,.327,12.31
105,2014,94,42,11.13,10.03,0,0,.327,12.31
105,2014,94,48,11.09,10,0,0,.326,12.31
105,2014,94,54,11.05,9.98,0,0,.327,12.31
105,2014,94,100,11,9.9,0,0,.327,12.31
105,2014,94,106,10.96,9.89,0,0,.327,12.31
105,2014,94,112,10.92,9.96,0,0,.327,12.31
105,2014,94,118,10.87,9.96,0,0,.327,12.31
105,2014,94,124,10.83,9.91,0,0,.327,12.31
105,2014,94,130,10.8,9.95,0,0,.327,12.31
105,2014,94,136,10.76,9.91,0,0,.326,12.31
105,2014,94,142,10.72,10,0,0,.326,12.31
105,2014,94,148,10.69,9.97,0,0,.326,12.31
105,2014,94,154,10.66,9.89,0,0,.325,12.31
105,2014,94,200,10.63,9.83,0,0,.326,12.31
105,2014,94,206,10.59,9.74,0,0,.325,12.31
105,2014,94,212,10.56,9.67,0,0,.325,12.31
105,2014,94,218,10.53,9.65,0,0,.326,12.31
105,2014,94,224,10.5,9.64,0,0,.326,12.31
105,2014,94,230,10.46,9.6,0,0,.326,12.31
105,2014,94,236,10.43,9.63,0,0,.325,12.31
105,2014,94,242,10.4,9.58,0,0,.326,12.31
105,2014,94,248,10.36,9.64,0,0,.325,12.31
105,2014,94,254,10.33,9.6,0,0,.325,12.31
105,2014,94,300,10.3,9.59,0,0,.325,12.31
105,2014,94,306,10.27,9.55,0,0,.324,12.31
105,2014,94,312,10.23,9.55,0,0,.325,12.31
105,2014,94,318,10.2,9.51,0,0,.325,12.31
105,2014,94,324,10.17,9.41,0,0,.324,12.31
105,2014,94,330,10.14,9.36,0,0,.323,12.31
105,2014,94,336,10.11,9.37,0,0,.324,12.31
105,2014,94,342,10.08,9.25,0,0,.324,12.31
105,2014,94,348,10.06,9.16,0,0,.324,12.31
105,2014,94,354,10.03,9.13,0,0,.324,12.31
105,2014,94,400,9.99,9.06,0,0,.323,12.31
105,2014,94,406,9.96,8.96,0,0,.324,12.31
105,2014,94,412,9.93,8.9,0,0,.324,12.31
105,2014,94,418,9.89,8.87,0,0,.324,12.31
105,2014,94,424,9.85,8.89,0,0,.323,12.31
105,2014,94,430,9.81,8.92,0,0,.324,12.31
105,2014,94,436,9.77,8.96,0,0,.324,12.31
105,2014,94,442,9.74,8.97,0,0,.324,12.31
105,2014,94,448,9.7,8.95,0,0,.323,12.31
105,2014,94,454,9.68,8.95,0,0,.323,12.31
105,2014,94,500,9.65,8.92,0,0,.323,12.31
105,2014,94,506,9.62,8.86,0,0,.323,12.31
105,2014,94,512,9.6,8.82,0,0,.323,12.31
105,2014,94,518,9.57,8.83,0,0,.323,12.31
105,2014,94,524,9.55,8.82,0,0,.323,12.31
105,2014,94,530,9.52,8.8,0,0,.323,12.31
105,2014,94,536,9.5,8.8,0,0,.322,12.31
105,2014,94,542,9.47,8.84,0,0,.322,12.31
105,2014,94,548,9.44,8.84,0,0,.323,12.31
105,2014,94,554,9.42,8.81,0,0,.322,12.31
105,2014,94,600,9.39,8.82,0,0,.322,12.31
105,2014,94,606,9.37,8.81,0,0,.321,12.31
105,2014,94,612,9.34,8.8,0,0,.321,12.31
105,2014,94,618,9.32,8.8,0,0,.321,12.31
105,2014,94,624,9.3,8.76,0,0,.321,12.31
105,2014,94,630,9.28,8.81,0,0,.321,12.31
105,2014,94,636,9.26,8.84,0,0,.32,12.31
105,2014,94,642,9.24,8.85,0,0,.321,12.31
105,2014,94,648,9.23,8.93,0,0,.32,12.31
105,2014,94,654,9.22,8.95,0,0,.321,12.31
105,2014,94,700,9.21,8.97,0,0,.32,12.31
105,2014,94,706,9.2,8.99,0,0,.319,12.31
105,2014,94,712,9.19,9.03,0,0,.319,12.31
105,2014,94,718,9.19,9.12,0,0,.319,12.31
105,2014,94,724,9.19,9.24,0,0,.319,12.31
105,2014,94,730,9.19,9.33,0,0,.319,12.31
105,2014,94,736,9.2,9.34,0,0,.318,12.31
105,2014,94,742,9.21,9.46,0,0,.318,12.31
105,2014,94,748,9.22,9.45,0,0,.318,12.31
105,2014,94,754,9.23,9.48,0,0,.318,12.31
105,2014,94,800,9.25,9.57,0,0,.318,12.31
105,2014,94,806,9.26,9.56,0,0,.318,12.31
105,2014,94,812,9.28,9.6,0,0,.318,12.31
105,2014,94,818,9.29,9.74,0,0,.318,12.31
105,2014,94,824,9.31,9.8,0,0,.319,12.31
105,2014,94,830,9.33,9.87,0,0,.318,12.31
105,2014,94,836,9.36,9.93,0,0,.318,12.31
105,2014,94,842,9.39,9.86,0,0,.318,12.31
105,2014,94,848,9.42,9.9,0,0,.318,12.31
105,2014,94,854,9.44,9.89,0,0,.318,12.31
105,2014,94,900,9.47,9.91,0,0,.318,12.31
105,2014,94,906,9.5,10.01,0,0,.318,12.31
105,2014,94,912,9.53,10.16,0,0,.318,12.31
105,2014,94,918,9.56,10.32,0,0,.317,12.31
105,2014,94,924,9.59,10.37,0,0,.318,12.31
105,2014,94,930,9.63,10.46,0,0,.317,12.31
105,2014,94,936,9.67,10.51,0,0,.316,12.31
105,2014,94,942,9.72,10.92,0,0,.315,12.31
105,2014,94,948,9.76,11.31,0,0,.316,12.31
105,2014,94,954,9.83,11.66,0,0,.315,12.31
105,2014,94,1000,9.9,11.71,0,0,.315,12.31
105,2014,94,1006,10,12.02,0,0,.315,12.31
105,2014,94,1012,10.11,12.05,0,0,.314,12.31
105,2014,94,1018,10.23,11.76,0,0,.315,12.31
105,2014,94,1024,10.35,11.83,0,0,.315,12.31
105,2014,94,1030,10.47,11.52,0,0,.315,12.31
105,2014,94,1036,10.59,11.51,0,0,.315,12.31
105,2014,94,1042,10.7,11.8,0,0,.315,12.31
105,2014,94,1048,10.79,12.02,0,0,.315,12.31
105,2014,94,1054,10.89,11.87,0,0,.314,12.31
105,2014,94,1100,10.99,11.7,0,0,.314,12.31
105,2014,94,1106,11.08,11.63,0,0,.314,12.31
105,2014,94,1112,11.17,11.61,0,0,.314,12.31
105,2014,94,1118,11.26,11.67,0,0,.314,12.31
105,2014,94,1124,11.33,11.67,0,0,.315,12.31
105,2014,94,1130,11.4,12.05,0,0,.314,12.31
105,2014,94,1136,11.46,12.14,0,0,.314,12.31
105,2014,94,1142,11.52,12.42,0,0,.314,12.31
105,2014,94,1148,11.58,12.48,0,0,.314,12.31
105,2014,94,1154,11.65,12.79,0,0,.314,12.3
105,2014,94,1200,11.72,13.02,0,0,.314,12.3
105,2014,94,1206,11.8,13.11,0,0,.313,12.3
105,2014,94,1212,11.9,12.99,0,0,.314,12.31
105,2014,94,1218,11.99,13.45,0,0,.313,12.31
105,2014,94,1224,12.09,13.82,0,0,.313,12.3
105,2014,94,1230,12.2,13.89,0,0,.313,12.31
105,2014,94,1236,12.31,14.01,0,0,.313,12.3
105,2014,94,1242,12.43,14.21,0,0,.313,12.3
105,2014,94,1248,12.56,14.57,0,0,.313,12.3
105,2014,94,1254,12.69,14.23,0,0,.313,12.3
105,2014,94,1300,12.83,13.96,0,0,.313,12.3
105,2014,94,1306,12.96,13.91,0,0,.312,12.3
105,2014,94,1312,13.08,14.15,0,0,.312,12.3
105,2014,94,1318,13.2,14.41,0,0,.313,12.3
105,2014,94,1324,13.3,15.13,0,0,.313,12.3
105,2014,94,1330,13.41,14.89,0,0,.312,12.3
105,2014,94,1336,13.53,15.03,0,0,.313,12.3
105,2014,94,1342,13.66,14.9,0,0,.312,12.3
105,2014,94,1348,13.78,15.12,0,0,.312,12.3
105,2014,94,1354,13.9,15.86,0,0,.312,12.3
105,2014,94,1400,14.03,15.42,0,0,.313,12.3
105,2014,94,1406,14.16,15.32,0,0,.312,12.3
105,2014,94,1412,14.29,15.61,0,0,.313,12.3
105,2014,94,1418,14.41,15.43,0,0,.312,12.3
105,2014,94,1424,14.54,15.14,0,0,.313,12.3
105,2014,94,1430,14.65,15.67,0,0,.312,12.3
105,2014,94,1436,14.76,15.56,0,0,.312,12.3
105,2014,94,1442,14.86,15.38,0,0,.312,12.3
105,2014,94,1448,14.94,14.73,0,0,.313,12.3
105,2014,94,1454,15.02,15.01,0,0,.312,12.3
105,2014,94,1500,15.09,14.65,0,0,.313,12.3
105,2014,94,1506,15.15,14.42,0,0,.312,12.3
105,2014,94,1512,15.18,14.36,0,0,.312,12.3
105,2014,94,1518,15.21,14.44,0,0,.313,12.3
105,2014,94,1524,15.23,14.41,0,0,.312,12.3
105,2014,94,1530,15.24,14.56,0,0,.313,12.3
105,2014,94,1536,15.24,14.84,0,0,.312,12.3
105,2014,94,1542,15.25,14.89,0,0,.312,12.3
105,2014,94,1548,15.27,15.36,0,0,.312,12.3
105,2014,94,1554,15.29,15.41,0,0,.313,12.3
105,2014,94,1600,15.32,15.14,0,0,.312,12.3
105,2014,94,1606,15.35,15.24,0,0,.313,12.3
105,2014,94,1612,15.38,14.66,0,0,.312,12.3
105,2014,94,1618,15.41,14.71,0,0,.313,12.3
105,2014,94,1624,15.44,14.5,0,0,.312,12.3
105,2014,94,1630,15.46,14.51,0,0,.313,12.3
105,2014,94,1636,15.47,14.37,0,0,.312,12.3
105,2014,94,1642,15.48,14.25,0,0,.312,12.3
105,2014,94,1648,15.47,14.36,0,0,.312,12.3
105,2014,94,1654,15.46,14.49,0,0,.313,12.3
105,2014,94,1700,15.45,14.89,0,0,.313,12.3
105,2014,94,1706,15.43,15.14,0,0,.312,12.3
105,2014,94,1712,15.42,14.99,0,0,.312,12.3
105,2014,94,1718,15.42,15.25,0,0,.312,12.3
105,2014,94,1724,15.42,14.57,0,0,.312,12.3
105,2014,94,1730,15.41,14.07,0,0,.312,12.3
105,2014,94,1736,15.4,13.68,0,0,.312,12.3
105,2014,94,1742,15.37,13.52,0,0,.312,12.3
105,2014,94,1748,15.33,13.3,0,0,.312,12.3
105,2014,94,1754,15.28,13.3,0,0,.312,12.3
105,2014,94,1800,15.22,13.51,0,0,.312,12.3
105,2014,94,1806,15.16,13.56,0,0,.312,12.3
105,2014,94,1812,15.1,13.32,0,0,.312,12.3
105,2014,94,1818,15.04,13.26,0,0,.312,12.3
105,2014,94,1824,14.98,13.27,0,0,.313,12.3
105,2014,94,1830,14.92,12.92,0,0,.312,12.3
105,2014,94,1836,14.85,12.68,0,0,.312,12.3
105,2014,94,1842,14.78,12.26,0,0,.312,12.3
105,2014,94,1848,14.7,11.99,0,0,.312,12.31
105,2014,94,1854,14.6,11.89,0,0,.312,12.31
105,2014,94,1900,14.51,11.58,0,0,.312,12.31
105,2014,94,1906,14.41,11.33,0,0,.312,12.31
105,2014,94,1912,14.29,11.13,0,0,.312,12.31
105,2014,94,1918,14.17,11.05,0,0,.312,12.31
105,2014,94,1924,14.05,11.07,0,0,.312,12.31
105,2014,94,1930,13.92,10.97,0,0,.312,12.31
105,2014,94,1936,13.79,10.84,0,0,.312,12.31
105,2014,94,1942,13.67,10.76,0,0,.312,12.31
105,2014,94,1948,13.54,10.76,0,0,.312,12.31
105,2014,94,1954,13.42,10.58,0,0,.312,12.31
105,2014,94,2000,13.3,10.35,0,0,.312,12.31
105,2014,94,2006,13.18,10.22,0,0,.312,12.31
105,2014,94,2012,13.06,10.05,0,0,.312,12.31
105,2014,94,2018,12.93,9.93,0,0,.311,12.31
105,2014,94,2024,12.8,9.89,0,0,.312,12.31
105,2014,94,2030,12.67,9.78,0,0,.312,12.31
105,2014,94,2036,12.53,9.65,0,0,.312,12.31
105,2014,94,2042,12.4,9.48,0,0,.312,12.31
105,2014,94,2048,12.26,9.49,0,0,.312,12.31
105,2014,94,2054,12.12,9.34,0,0,.312,12.31
105,2014,94,2100,11.99,9.4,0,0,.312,12.31
105,2014,94,2106,11.86,9.39,0,0,.312,12.31
105,2014,94,2112,11.73,9.41,0,0,.312,12.31
105,2014,94,2118,11.6,9.39,0,0,.313,12.31
105,2014,94,2124,11.48,9.41,0,0,.312,12.31
105,2014,94,2130,11.37,9.22,0,0,.313,12.31
105,2014,94,2136,11.26,9.2,0,0,.313,12.31
105,2014,94,2142,11.15,9.34,0,0,.314,12.31
105,2014,94,2148,11.05,9.23,0,0,.313,12.31
105,2014,94,2154,10.96,9.15,0,0,.313,12.31
105,2014,94,2200,10.86,9.28,0,0,.313,12.31
105,2014,94,2206,10.77,9.41,0,0,.313,12.31
105,2014,94,2212,10.69,9.62,0,0,.314,12.31
105,2014,94,2218,10.62,9.69,0,0,.314,12.31
105,2014,94,2224,10.56,9.83,0,0,.314,12.31
105,2014,94,2230,10.51,9.92,0,0,.313,12.31
105,2014,94,2236,10.48,9.97,0,0,.313,12.31
105,2014,94,2242,10.45,10.05,0,0,.313,12.31
105,2014,94,2248,10.43,10.04,0,0,.314,12.31
105,2014,94,2254,10.43,10.04,0,0,.313,12.31
105,2014,94,2300,10.42,10.04,0,0,.313,12.31
105,2014,94,2306,10.42,10.02,0,0,.313,12.31
105,2014,94,2312,10.42,10,0,0,.313,12.31
105,2014,94,2318,10.42,9.98,0,0,.312,12.31
105,2014,94,2324,10.42,9.87,0,0,.312,12.31
105,2014,94,2330,10.43,9.88,0,0,.313,12.31
105,2014,94,2336,10.43,9.86,0,0,.312,12.31
105,2014,94,2342,10.43,9.85,0,0,.312,12.31
105,2014,94,2348,10.43,9.81,0,0,.312,12.31
105,2014,94,2354,10.43,9.77,0,0,.312,12.31
105,2014,95,0,10.42,9.85,0,0,.312,12.31
105,2014,95,6,10.42,9.76,0,0,.312,12.31
105,2014,95,12,10.41,9.84,0,0,.312,12.31
105,2014,95,18,10.4,9.84,0,0,.312,12.31
105,2014,95,24,10.39,9.81,0,0,.312,12.31
105,2014,95,30,10.39,9.74,0,0,.312,12.31
105,2014,95,36,10.37,9.71,0,0,.312,12.31
105,2014,95,42,10.36,9.53,0,0,.312,12.31
105,2014,95,48,10.35,9.46,0,0,.312,12.31
105,2014,95,54,10.34,9.4,0,0,.312,12.31
105,2014,95,100,10.32,9.38,0,0,.312,12.31
105,2014,95,106,10.31,9.32,0,0,.312,12.31
105,2014,95,112,10.29,9.22,0,0,.311,12.31
105,2014,95,118,10.26,9.2,0,0,.312,12.31
105,2014,95,124,10.24,9.24,0,0,.312,12.31
105,2014,95,130,10.22,9.28,0,0,.312,12.31
105,2014,95,136,10.2,9.29,0,0,.312,12.31
105,2014,95,142,10.17,9.32,0,0,.312,12.31
105,2014,95,148,10.15,9.38,0,0,.312,12.31
105,2014,95,154,10.14,9.41,0,0,.312,12.31
105,2014,95,200,10.12,9.37,0,0,.312,12.31
105,2014,95,206,10.11,9.3,0,0,.312,12.31
105,2014,95,212,10.09,9.33,0,0,.311,12.31
105,2014,95,218,10.08,9.29,0,0,.312,12.31
105,2014,95,224,10.06,9.33,0,0,.312,12.31
105,2014,95,230,10.04,9.15,0,0,.312,12.31
105,2014,95,236,10.03,9.13,0,0,.311,12.31
105,2014,95,242,10.01,9.16,0,0,.312,12.31
105,2014,95,248,9.99,9.2,0,0,.312,12.31
105,2014,95,254,9.97,9.21,0,0,.312,12.31
105,2014,95,300,9.95,9.13,0,0,.312,12.31
105,2014,95,306,9.93,9.14,0,0,.311,12.31
105,2014,95,312,9.91,9.18,0,0,.31,12.31
105,2014,95,318,9.89,9.18,0,0,.31,12.31
105,2014,95,324,9.87,9.1,0,0,.31,12.31
105,2014,95,330,9.86,9.08,0,0,.31,12.31
105,2014,95,336,9.84,9.1,0,0,.31,12.31
105,2014,95,342,9.82,8.96,0,0,.309,12.31
105,2014,95,348,9.81,9.05,0,0,.31,12.31
105,2014,95,354,9.79,9.03,0,0,.31,12.31
105,2014,95,400,9.78,9.05,0,0,.31,12.31
105,2014,95,406,9.77,9.07,0,0,.31,12.31
105,2014,95,412,9.76,9.14,0,0,.31,12.31
105,2014,95,418,9.75,9.12,0,0,.31,12.31
105,2014,95,424,9.74,9.22,0,0,.309,12.31
105,2014,95,430,9.73,9.2,0,0,.31,12.31
105,2014,95,436,9.71,9.18,0,0,.311,12.31
105,2014,95,442,9.7,9.1,0,0,.31,12.31
105,2014,95,448,9.69,9.03,0,0,.31,12.31
105,2014,95,454,9.68,9.01,0,0,.31,12.31
105,2014,95,500,9.67,8.95,0,0,.31,12.31
105,2014,95,506,9.66,8.92,0,0,.31,12.31
105,2014,95,512,9.64,8.94,0,0,.31,12.31
105,2014,95,518,9.63,8.94,0,0,.31,12.31
105,2014,95,524,9.62,8.9,0,0,.31,12.31
105,2014,95,530,9.61,8.89,0,0,.31,12.31
105,2014,95,536,9.6,8.91,0,0,.31,12.31
105,2014,95,542,9.59,8.98,0,0,.31,12.31
105,2014,95,548,9.59,8.99,0,0,.31,12.31
105,2014,95,554,9.58,9.02,0,0,.309,12.31
105,2014,95,600,9.57,9.04,0,0,.31,12.31
105,2014,95,606,9.56,9.04,0,0,.31,12.31
105,2014,95,612,9.56,9.03,0,0,.31,12.31
105,2014,95,618,9.55,9.01,0,0,.31,12.31
105,2014,95,624,9.54,8.94,0,0,.31,12.31
105,2014,95,630,9.53,8.85,0,0,.31,12.31
105,2014,95,636,9.51,8.88,0,0,.31,12.31
105,2014,95,642,9.5,8.91,0,0,.309,12.31
105,2014,95,648,9.48,8.81,0,0,.309,12.31
105,2014,95,654,9.46,8.69,0,0,.31,12.31
105,2014,95,700,9.44,8.45,0,0,.309,12.31
105,2014,95,706,9.41,8.34,0,0,.309,12.31
105,2014,95,712,9.37,8.18,0,0,.309,12.31
105,2014,95,718,9.32,7.96,0,0,.309,12.31
105,2014,95,724,9.26,7.85,0,0,.309,12.31
105,2014,95,730,9.19,7.73,0,0,.309,12.31
105,2014,95,736,9.11,7.84,0,0,.309,12.31
105,2014,95,742,9.03,8.58,0,0,.308,12.31
105,2014,95,748,8.95,9.21,0,0,.307,12.31
105,2014,95,754,8.88,9.73,0,0,.307,12.31
105,2014,95,800,8.83,10.12,0,0,.307,12.31
105,2014,95,806,8.8,10.87,0,0,.306,12.31
105,2014,95,812,8.81,11.33,0,0,.306,12.31
105,2014,95,818,8.84,11.89,0,0,.306,12.31
105,2014,95,824,8.91,11.9,0,0,.305,12.31
105,2014,95,830,9,12.29,0,0,.305,12.31
105,2014,95,836,9.12,12.57,0,0,.304,12.31
105,2014,95,842,9.25,11.85,0,0,.304,12.31
105,2014,95,848,9.39,12.36,0,0,.304,12.31
105,2014,95,854,9.54,12.4,0,0,.304,12.31
105,2014,95,900,9.68,12.08,0,0,.304,12.31
105,2014,95,906,9.83,12.55,0,0,.304,12.31
105,2014,95,912,9.96,13.19,0,0,.304,12.31
105,2014,95,918,10.1,13.61,0,0,.304,12.31
105,2014,95,924,10.26,13.49,0,0,.304,12.31
105,2014,95,930,10.43,13.81,0,0,.304,12.31
105,2014,95,936,10.61,13.08,0,0,.304,12.31
105,2014,95,942,10.78,13.79,0,0,.307,12.31
105,2014,95,948,10.94,14.31,0,0,.312,12.31
105,2014,95,954,11.12,14.35,0,0,.317,12.31
105,2014,95,1000,11.3,14.12,0,0,.322,12.31
105,2014,95,1006,11.49,14.37,0,0,.325,12.31
105,2014,95,1012,11.67,15.44,0,0,.331,12.31
105,2014,95,1018,11.85,15.27,0,0,.337,12.31
105,2014,95,1024,12.05,15.58,0,0,.343,12.3
105,2014,95,1030,12.27,15.58,0,0,.349,12.31
105,2014,95,1036,12.49,16.12,0,0,.353,12.31
105,2014,95,1042,12.72,15.84,0,0,.358,12.3
105,2014,95,1048,12.95,16.29,0,0,.362,12.3
105,2014,95,1054,13.19,16.82,0,0,.366,12.3
105,2014,95,1100,13.43,16.94,0,0,.372,12.3
105,2014,95,1106,13.67,16.67,0,0,.377,12.3
105,2014,95,1112,13.92,16.12,0,0,.382,12.3
105,2014,95,1118,14.16,16.82,0,0,.389,12.3
105,2014,95,1124,14.39,15.84,0,0,.395,12.31
105,2014,95,1130,14.59,16.41,0,0,.4,12.3
105,2014,95,1136,14.78,16.5,0,0,.405,12.3
105,2014,95,1142,14.95,16.19,0,0,.412,12.3
105,2014,95,1148,15.12,16.08,0,0,.417,12.3
105,2014,95,1154,15.27,17.3,0,0,.421,12.3
105,2014,95,1200,15.43,17.11,0,0,.425,12.3
105,2014,95,1206,15.59,17.32,0,0,.427,12.3
105,2014,95,1212,15.76,16.77,0,0,.43,12.3
105,2014,95,1218,15.91,17.46,0,0,.432,12.3
105,2014,95,1224,16.07,16.93,0,0,.431,12.3
105,2014,95,1230,16.22,17.76,0,0,.431,12.3
105,2014,95,1236,16.38,17.53,0,0,.431,12.3
105,2014,95,1242,16.54,17.53,0,0,.431,12.3
105,2014,95,1248,16.68,17.11,0,0,.431,12.3
105,2014,95,1254,16.83,17.25,0,0,.431,12.3
105,2014,95,1300,16.96,17.39,0,0,.432,12.3
105,2014,95,1306,17.07,17.78,0,0,.431,12.3
105,2014,95,1312,17.18,17.32,0,0,.431,12.3
105,2014,95,1318,17.3,17.82,0,0,.432,12.3
105,2014,95,1324,17.42,17.93,0,0,.432,12.3
105,2014,95,1330,17.55,17.4,0,0,.431,12.3
105,2014,95,1336,17.66,16.9,0,0,.432,12.3
105,2014,95,1342,17.76,17.11,0,0,.431,12.3
105,2014,95,1348,17.83,17.47,0,0,.431,12.3
105,2014,95,1354,17.9,17.48,0,0,.431,12.3
105,2014,95,1400,17.96,16.68,0,0,.43,12.3
105,2014,95,1406,18.02,15.89,0,0,.429,12.3
105,2014,95,1412,18.07,16.16,0,0,.428,12.3
105,2014,95,1418,18.08,16.89,0,0,.427,12.3
105,2014,95,1424,18.08,17.11,0,0,.426,12.3
105,2014,95,1430,18.07,16.86,0,0,.425,12.3
105,2014,95,1436,18.07,16.11,0,0,.423,12.3
105,2014,95,1442,18.06,16.42,0,0,.422,12.3
105,2014,95,1448,18.04,16.04,0,0,.421,12.3
105,2014,95,1454,18,16.14,0,0,.422,12.3
105,2014,95,1500,17.95,16.43,0,0,.42,12.3
105,2014,95,1506,17.91,16.31,0,0,.419,12.3
105,2014,95,1512,17.86,16.42,0,0,.417,12.3
105,2014,95,1518,17.82,16.76,0,0,.416,12.3
105,2014,95,1524,17.79,16.63,0,0,.416,12.3
105,2014,95,1530,17.76,16.34,0,0,.415,12.3
105,2014,95,1536,17.74,16.14,0,0,.414,12.3
105,2014,95,1542,17.73,15.85,0,0,.414,12.3
105,2014,95,1548,17.71,15.48,0,0,.412,12.3
105,2014,95,1554,17.69,14.59,0,0,.411,12.3
105,2014,95,1600,17.64,15.45,0,0,.412,12.3
105,2014,95,1606,17.58,15.59,0,0,.411,12.3
105,2014,95,1612,17.52,15,0,0,.409,12.3
105,2014,95,1618,17.46,14.85,0,0,.409,12.3
105,2014,95,1624,17.39,14.59,0,0,.409,12.31
105,2014,95,1630,17.3,14.07,0,0,.406,12.31
105,2014,95,1636,17.2,14.55,0,0,.406,12.31
105,2014,95,1642,17.09,14.77,0,0,.406,12.3
105,2014,95,1648,16.98,14.53,0,0,.406,12.3
105,2014,95,1654,16.89,14.41,0,0,.405,12.3
105,2014,95,1700,16.79,14.25,0,0,.403,12.3
105,2014,95,1706,16.7,14.06,0,0,.403,12.3
105,2014,95,1712,16.6,14.07,0,0,.404,12.3
105,2014,95,1718,16.51,14.13,0,0,.402,12.3
105,2014,95,1724,16.42,14.33,0,0,.402,12.3
105,2014,95,1730,16.33,13.81,0,0,.4,12.3
105,2014,95,1736,16.23,13.69,0,0,.398,12.31
105,2014,95,1742,16.12,13.44,0,0,.398,12.31
105,2014,95,1748,16.01,13.22,0,0,.398,12.31
105,2014,95,1754,15.89,13.12,0,0,.398,12.31
105,2014,95,1800,15.76,12.96,0,0,.397,12.31
105,2014,95,1806,15.63,12.78,0,0,.397,12.31
105,2014,95,1812,15.49,12.64,0,0,.397,12.31
105,2014,95,1818,15.35,12.41,0,0,.395,12.31
105,2014,95,1824,15.21,12.31,0,0,.395,12.31
105,2014,95,1830,15.06,12.2,0,0,.395,12.31
105,2014,95,1836,14.91,11.99,0,0,.393,12.31
105,2014,95,1842,14.75,11.89,0,0,.393,12.31
105,2014,95,1848,14.58,11.73,0,0,.393,12.31
105,2014,95,1854,14.42,11.54,0,0,.392,12.31
105,2014,95,1900,14.26,11.38,0,0,.392,12.31
105,2014,95,1906,14.09,11.17,0,0,.39,12.31
105,2014,95,1912,13.91,11.09,0,0,.39,12.31
105,2014,95,1918,13.74,10.88,0,0,.39,12.31
105,2014,95,1924,13.58,10.85,0,0,.39,12.31
105,2014,95,1930,13.41,10.72,0,0,.389,12.31
105,2014,95,1936,13.24,10.51,0,0,.388,12.31
105,2014,95,1942,13.06,10.4,0,0,.387,12.31
105,2014,95,1948,12.89,10.26,0,0,.387,12.31
105,2014,95,1954,12.71,10.09,0,0,.387,12.31
105,2014,95,2000,12.54,9.93,0,0,.387,12.31
105,2014,95,2006,12.36,9.57,0,0,.387,12.31
105,2014,95,2012,12.19,9.58,0,0,.387,12.31
105,2014,95,2018,12.01,9.77,0,0,.386,12.31
105,2014,95,2024,11.83,9.35,0,0,.385,12.31
105,2014,95,2030,11.66,8.87,0,0,.384,12.31
105,2014,95,2036,11.49,8.94,0,0,.385,12.31
105,2014,95,2042,11.31,8.57,0,0,.385,12.31
105,2014,95,2048,11.13,8.71,0,0,.383,12.31
105,2014,95,2054,10.95,8.71,0,0,.383,12.31
105,2014,95,2100,10.77,8.7,0,0,.382,12.31
105,2014,95,2106,10.59,8.77,0,0,.382,12.31
105,2014,95,2112,10.42,9.1,0,0,.383,12.31
105,2014,95,2118,10.25,8.76,0,0,.384,12.31
105,2014,95,2124,10.1,8.79,0,0,.383,12.31
105,2014,95,2130,9.95,8.82,0,0,.381,12.31
105,2014,95,2136,9.81,8.6,0,0,.382,12.31
105,2014,95,2142,9.68,8.59,0,0,.38,12.31
105,2014,95,2148,9.55,8.7,0,0,.38,12.31
105,2014,95,2154,9.44,8.79,0,0,.38,12.31
105,2014,95,2200,9.33,8.49,0,0,.379,12.31
105,2014,95,2206,9.22,8.41,0,0,.379,12.31
105,2014,95,2212,9.12,8.09,0,0,.378,12.31
105,2014,95,2218,9.03,7.71,0,0,.379,12.31
105,2014,95,2224,8.93,7.84,0,0,.377,12.31
105,2014,95,2230,8.83,7.94,0,0,.378,12.31
105,2014,95,2236,8.73,7.89,0,0,.376,12.31
105,2014,95,2242,8.63,7.6,0,0,.376,12.31
105,2014,95,2248,8.54,7.43,0,0,.377,12.31
105,2014,95,2254,8.44,7.53,0,0,.376,12.31
105,2014,95,2300,8.34,7.34,0,0,.375,12.31
105,2014,95,2306,8.25,7.5,0,0,.374,12.31
105,2014,95,2312,8.15,7.45,0,0,.373,12.31
105,2014,95,2318,8.06,7.16,0,0,.374,12.31
105,2014,95,2324,7.97,7.19,0,0,.374,12.31
105,2014,95,2330,7.89,7.1,0,0,.373,12.31
105,2014,95,2336,7.8,7.11,0,0,.372,12.31
105,2014,95,2342,7.71,6.894,0,0,.371,12.31
105,2014,95,2348,7.62,6.796,0,0,.371,12.31
105,2014,95,2354,7.54,6.575,0,0,.371,12.31
105,2014,96,0,7.45,6.573,0,0,.37,12.31
105,2014,96,6,7.36,6.377,0,0,.37,12.31
105,2014,96,12,7.27,6.025,0,0,.368,12.31
105,2014,96,18,7.18,6.137,0,0,.369,12.31
105,2014,96,24,7.09,6.101,0,0,.369,12.31
105,2014,96,30,6.99,5.659,0,0,.368,12.31
105,2014,96,36,6.891,5.382,0,0,.368,12.31
105,2014,96,42,6.786,5.544,0,0,.368,12.31
105,2014,96,48,6.675,5.043,0,0,.368,12.31
105,2014,96,54,6.558,5.254,0,0,.368,12.31
105,2014,96,100,6.436,4.856,0,0,.367,12.31
105,2014,96,106,6.311,4.658,0,0,.367,12.31
105,2014,96,112,6.178,4.334,0,0,.365,12.31
105,2014,96,118,6.035,4.366,0,0,.365,12.31
105,2014,96,124,5.886,4.684,0,0,.366,12.31
105,2014,96,130,5.733,4.065,0,0,.365,12.31
105,2014,96,136,5.58,3.984,0,0,.365,12.31
105,2014,96,142,5.429,3.578,0,0,.365,12.31
105,2014,96,148,5.271,3.374,0,0,.364,12.31
105,2014,96,154,5.108,3.207,0,0,.364,12.31
105,2014,96,200,4.942,3.376,0,0,.364,12.31
105,2014,96,206,4.776,3.463,0,0,.364,12.31
105,2014,96,212,4.615,3.051,0,0,.363,12.31
105,2014,96,218,4.451,3.581,0,0,.363,12.31
105,2014,96,224,4.288,3.545,0,0,.362,12.31
105,2014,96,230,4.131,3.309,0,0,.362,12.31
105,2014,96,236,3.978,2.819,0,0,.361,12.31
105,2014,96,242,3.831,2.909,0,0,.361,12.31
105,2014,96,248,3.685,2.433,0,0,.36,12.31
105,2014,96,254,3.538,2.56,0,0,.36,12.31
105,2014,96,300,3.392,2.497,0,0,.36,12.31
105,2014,96,306,3.249,2.38,0,0,.36,12.32
105,2014,96,312,3.113,2.365,0,0,.359,12.31
105,2014,96,318,2.98,2.412,0,0,.358,12.31
105,2014,96,324,2.853,2.373,0,0,.358,12.31
105,2014,96,330,2.731,2.1,0,0,.358,12.31
105,2014,96,336,2.613,1.409,0,0,.358,12.31
105,2014,96,342,2.498,.81,0,0,.359,12.31
105,2014,96,348,2.385,1.294,0,0,.358,12.32
105,2014,96,354,2.267,1.614,0,0,.357,12.31
105,2014,96,400,2.148,1.499,0,0,.357,12.31
105,2014,96,406,2.031,.651,0,0,.357,12.31
105,2014,96,412,1.912,.114,0,0,.356,12.31
105,2014,96,418,1.793,-.068,0,0,.357,12.32
105,2014,96,424,1.677,.528,0,0,.356,12.32
105,2014,96,430,1.556,.069,0,0,.357,12.32
105,2014,96,436,1.432,.216,0,0,.355,12.32
105,2014,96,442,1.308,.228,0,0,.355,12.32
105,2014,96,448,1.186,-.04,0,0,.355,12.32
105,2014,96,454,1.062,-.017,0,0,.355,12.32
105,2014,96,500,.94,-.568,0,0,.355,12.32
105,2014,96,506,.819,-.392,0,0,.355,12.32
105,2014,96,512,.695,-.417,0,0,.355,12.32
105,2014,96,518,.57,-.414,0,0,.353,12.32
105,2014,96,524,.447,-.698,0,0,.353,12.32
105,2014,96,530,.322,-.857,0,0,.354,12.32
105,2014,96,536,.201,-1.206,0,0,.354,12.32
105,2014,96,542,.082,-.677,0,0,.352,12.32
105,2014,96,548,-.039,-1.354,0,0,.352,12.32
105,2014,96,554,-.157,-1.149,0,0,.351,12.32
105,2014,96,600,-.273,-1.248,0,0,.352,12.32
105,2014,96,606,-.389,-1.205,0,0,.352,12.32
105,2014,96,612,-.503,-1.311,0,0,.351,12.32
105,2014,96,618,-.611,-1.599,0,0,.351,12.32
105,2014,96,624,-.72,-1.69,0,0,.351,12.32
105,2014,96,630,-.83,-1.461,0,0,.351,12.32
105,2014,96,636,-.94,-1.558,0,0,.349,12.32
105,2014,96,642,-1.049,-1.417,0,0,.349,12.32
105,2014,96,648,-1.158,-1.862,0,0,.35,12.32
105,2014,96,654,-1.261,-1.84,0,0,.349,12.32
105,2014,96,700,-1.359,-1.659,0,0,.349,12.32
105,2014,96,706,-1.455,-1.605,0,0,.349,12.32
105,2014,96,712,-1.546,-1.103,0,0,.349,12.32
105,2014,96,718,-1.63,-.343,0,0,.348,12.32
105,2014,96,724,-1.703,.271,0,0,.349,12.32
105,2014,96,730,-1.759,.86,0,0,.348,12.32
105,2014,96,736,-1.789,1.79,0,0,.347,12.32
105,2014,96,742,-1.788,2.911,0,0,.346,12.32
105,2014,96,748,-1.752,3.582,0,0,.346,12.31
105,2014,96,754,-1.678,4.333,0,0,.344,12.31
105,2014,96,800,-1.567,4.945,0,0,.344,12.31
105,2014,96,806,-1.415,5.737,0,0,.344,12.31
105,2014,96,812,-1.226,6.13,0,0,.344,12.31
105,2014,96,818,-1,6.933,0,0,.343,12.31
105,2014,96,824,-.741,7.16,0,0,.343,12.31
105,2014,96,830,-.451,6.802,0,0,.343,12.31
105,2014,96,836,-.136,7.32,0,0,.343,12.31
105,2014,96,842,.193,7.72,0,0,.343,12.31
105,2014,96,848,.538,7.62,0,0,.342,12.31
105,2014,96,854,.894,8.27,0,0,.343,12.31
105,2014,96,900,1.259,8.39,0,0,.343,12.31
105,2014,96,906,1.637,8.91,0,0,.342,12.31
105,2014,96,912,2.016,8.57,0,0,.341,12.31
105,2014,96,918,2.403,9.04,0,0,.341,12.31
105,2014,96,924,2.784,9.28,0,0,.341,12.31
105,2014,96,930,3.167,9.71,0,0,.341,12.31
105,2014,96,936,3.543,10.33,0,0,.341,12.31
105,2014,96,942,3.923,10.54,0,0,.34,12.31
105,2014,96,948,4.304,10.63,0,0,.34,12.31
105,2014,96,954,4.686,11.06,0,0,.34,12.31
105,2014,96,1000,5.061,11.75,0,0,.34,12.31
105,2014,96,1006,5.432,11.54,0,0,.34,12.31
105,2014,96,1012,5.8,11.83,0,0,.34,12.31
105,2014,96,1018,6.163,11.97,0,0,.339,12.31
105,2014,96,1024,6.527,12.5,0,0,.34,12.31
105,2014,96,1030,6.882,12.88,0,0,.34,12.31
105,2014,96,1036,7.24,13.03,0,0,.338,12.3
105,2014,96,1042,7.6,12.98,0,0,.338,12.31
105,2014,96,1048,7.95,12.92,0,0,.338,12.31
105,2014,96,1054,8.3,13.72,0,0,.338,12.31
105,2014,96,1100,8.64,14.48,0,0,.339,12.3
105,2014,96,1106,8.98,14.08,0,0,.337,12.3
105,2014,96,1112,9.33,14.48,0,0,.338,12.3
105,2014,96,1118,9.68,15.28,0,0,.337,12.3
105,2014,96,1124,10.01,14.86,0,0,.337,12.3
105,2014,96,1130,10.35,14.73,0,0,.336,12.3
105,2014,96,1136,10.69,15.19,0,0,.336,12.3
105,2014,96,1142,11.01,14.42,0,0,.336,12.3
105,2014,96,1148,11.31,15.41,0,0,.334,12.3
105,2014,96,1154,11.6,15.34,0,0,.334,12.3
105,2014,96,1200,11.87,14.98,0,0,.335,12.3
105,2014,96,1206,12.13,15.09,0,0,.333,12.3
105,2014,96,1212,12.36,15.53,0,0,.332,12.3
105,2014,96,1218,12.58,15.15,0,0,.332,12.3
105,2014,96,1224,12.79,14.92,0,0,.333,12.3
105,2014,96,1230,12.99,14.85,0,0,.332,12.3
105,2014,96,1236,13.18,15.41,0,0,.332,12.3
105,2014,96,1242,13.37,15.12,0,0,.331,12.3
105,2014,96,1248,13.53,14.76,0,0,.331,12.3
105,2014,96,1254,13.69,14.92,0,0,.331,12.3
105,2014,96,1300,13.83,15.3,0,0,.331,12.3
105,2014,96,1306,13.97,14.86,0,0,.331,12.3
105,2014,96,1312,14.1,14.49,0,0,.331,12.3
105,2014,96,1318,14.21,14.16,0,0,.33,12.3
105,2014,96,1324,14.32,14.92,0,0,.329,12.3
105,2014,96,1330,14.41,14.87,0,0,.33,12.3
105,2014,96,1336,14.49,14.86,0,0,.329,12.3
105,2014,96,1342,14.58,15.09,0,0,.329,12.3
105,2014,96,1348,14.65,14.84,0,0,.329,12.3
105,2014,96,1354,14.72,14.74,0,0,.328,12.3
105,2014,96,1400,14.78,14.7,0,0,.328,12.3
105,2014,96,1406,14.82,14.82,0,0,.327,12.3
105,2014,96,1412,14.86,14.43,0,0,.327,12.3
105,2014,96,1418,14.88,14.88,0,0,.327,12.3
105,2014,96,1424,14.91,15.19,0,0,.327,12.3
105,2014,96,1430,14.93,14.74,0,0,.326,12.3
105,2014,96,1436,14.96,15.31,0,0,.326,12.3
105,2014,96,1442,14.99,15.12,0,0,.326,12.3
105,2014,96,1448,15.02,15.3,0,0,.326,12.3
105,2014,96,1454,15.04,15.41,0,0,.326,12.3
105,2014,96,1500,15.06,14.97,0,0,.326,12.3
105,2014,96,1506,15.09,14.73,0,0,.325,12.3
105,2014,96,1512,15.1,15.23,0,0,.325,12.3
105,2014,96,1518,15.11,15.1,0,0,.324,12.3
105,2014,96,1524,15.12,14.38,0,0,.323,12.3
105,2014,96,1530,15.13,14.85,0,0,.323,12.3
105,2014,96,1536,15.13,14.72,0,0,.324,12.3
105,2014,96,1542,15.12,14.86,0,0,.323,12.3
105,2014,96,1548,15.11,14.49,0,0,.322,12.3
105,2014,96,1554,15.1,14.61,0,0,.321,12.3
105,2014,96,1600,15.08,14.19,0,0,.321,12.3
105,2014,96,1606,15.06,13.29,0,0,.321,12.3
105,2014,96,1612,15.03,13.24,0,0,.321,12.3
105,2014,96,1618,14.99,12.69,0,0,.321,12.3
105,2014,96,1624,14.95,11.75,0,0,.322,12.31
105,2014,96,1630,14.89,12.29,0,0,.321,12.31
105,2014,96,1636,14.8,12.39,0,0,.322,12.31
105,2014,96,1642,14.68,12.28,0,0,.321,12.31
105,2014,96,1648,14.55,12.21,0,0,.322,12.31
105,2014,96,1654,14.41,12.66,0,0,.321,12.31
105,2014,96,1700,14.27,11.95,0,0,.322,12.31
105,2014,96,1706,14.13,12.09,0,0,.321,12.31
105,2014,96,1712,14,12.12,0,0,.321,12.31
105,2014,96,1718,13.86,12.11,0,0,.321,12.31
105,2014,96,1724,13.73,11.8,0,0,.321,12.31
105,2014,96,1730,13.61,11.79,0,0,.32,12.31
105,2014,96,1736,13.49,11.52,0,0,.322,12.31
105,2014,96,1742,13.36,11.38,0,0,.32,12.31
105,2014,96,1748,13.23,11.33,0,0,.321,12.31
105,2014,96,1754,13.09,11.18,0,0,.321,12.31
105,2014,96,1800,12.95,11.11,0,0,.321,12.31
105,2014,96,1806,12.82,11,0,0,.32,12.31
105,2014,96,1812,12.68,10.9,0,0,.321,12.31
105,2014,96,1818,12.54,10.96,0,0,.321,12.31
105,2014,96,1824,12.4,10.71,0,0,.321,12.31
105,2014,96,1830,12.27,10.21,0,0,.321,12.31
105,2014,96,1836,12.14,10.21,0,0,.32,12.31
105,2014,96,1842,12,10.16,0,0,.321,12.31
105,2014,96,1848,11.86,9.98,0,0,.321,12.31
105,2014,96,1854,11.72,9.55,0,0,.321,12.31
105,2014,96,1900,11.57,9.33,0,0,.321,12.31
105,2014,96,1906,11.41,9.03,0,0,.321,12.31
105,2014,96,1912,11.26,8.5,0,0,.322,12.31
105,2014,96,1918,11.09,8.02,0,0,.322,12.31
105,2014,96,1924,10.92,8.16,0,0,.322,12.31
105,2014,96,1930,10.74,8.21,0,0,.323,12.31
105,2014,96,1936,10.55,7.61,0,0,.323,12.31
105,2014,96,1942,10.36,6.818,0,0,.323,12.31
105,2014,96,1948,10.17,6.927,0,0,.323,12.31
105,2014,96,1954,9.97,7.5,0,0,.323,12.31
105,2014,96,2000,9.77,7.24,0,0,.323,12.31
105,2014,96,2006,9.56,6.567,0,0,.323,12.31
105,2014,96,2012,9.35,6.312,0,0,.323,12.31
105,2014,96,2018,9.14,6.09,0,0,.323,12.31
105,2014,96,2024,8.93,5.957,0,0,.323,12.31
105,2014,96,2030,8.71,6.205,0,0,.323,12.31
105,2014,96,2036,8.5,6.218,0,0,.322,12.31
105,2014,96,2042,8.29,6.067,0,0,.323,12.31
105,2014,96,2048,8.08,5.848,0,0,.323,12.31
105,2014,96,2054,7.88,5.734,0,0,.322,12.31
105,2014,96,2100,7.69,5.565,0,0,.322,12.31
105,2014,96,2106,7.5,4.929,0,0,.322,12.31
105,2014,96,2112,7.32,4.255,0,0,.322,12.31
105,2014,96,2118,7.14,4.292,0,0,.322,12.31
105,2014,96,2124,6.96,4.588,0,0,.323,12.31
105,2014,96,2130,6.78,4.558,0,0,.323,12.31
105,2014,96,2136,6.598,4.047,0,0,.323,12.31
105,2014,96,2142,6.421,4.493,0,0,.322,12.31
105,2014,96,2148,6.25,4.421,0,0,.321,12.31
105,2014,96,2154,6.083,4.557,0,0,.322,12.31
105,2014,96,2200,5.918,4.56,0,0,.321,12.31
105,2014,96,2206,5.76,4.988,0,0,.321,12.31
105,2014,96,2212,5.612,4.56,0,0,.321,12.31
105,2014,96,2218,5.472,4.839,0,0,.321,12.31
105,2014,96,2224,5.34,5.023,0,0,.321,12.31
105,2014,96,2230,5.216,4.793,0,0,.321,12.31
105,2014,96,2236,5.096,4.521,0,0,.321,12.31
105,2014,96,2242,4.98,4.324,0,0,.321,12.31
105,2014,96,2248,4.873,4.612,0,0,.321,12.31
105,2014,96,2254,4.772,4.586,0,0,.32,12.31
105,2014,96,2300,4.675,4.436,0,0,.32,12.31
105,2014,96,2306,4.58,4.586,0,0,.321,12.31
105,2014,96,2312,4.491,4.527,0,0,.321,12.31
105,2014,96,2318,4.408,4.506,0,0,.319,12.31
105,2014,96,2324,4.332,4.458,0,0,.318,12.31
105,2014,96,2330,4.259,3.999,0,0,.319,12.31
105,2014,96,2336,4.192,4.141,0,0,.319,12.31
105,2014,96,2342,4.126,4.201,0,0,.319,12.31
105,2014,96,2348,4.062,3.94,0,0,.319,12.31
105,2014,96,2354,3.996,3.526,0,0,.319,12.31
105,2014,97,0,3.929,3.86,0,0,.318,12.31
105,2014,97,6,3.861,3.651,0,0,.318,12.31
105,2014,97,12,3.793,3.697,0,0,.318,12.31
105,2014,97,18,3.725,3.831,0,0,.318,12.31
105,2014,97,24,3.659,4.068,0,0,.318,12.31
105,2014,97,30,3.598,4.031,0,0,.318,12.31
105,2014,97,36,3.541,4.028,0,0,.318,12.31
105,2014,97,42,3.491,4.169,0,0,.318,12.31
105,2014,97,48,3.448,4.537,0,0,.318,12.31
105,2014,97,54,3.412,4.05,0,0,.318,12.31
105,2014,97,100,3.381,4.333,0,0,.317,12.31
105,2014,97,106,3.354,4.318,0,0,.317,12.31
105,2014,97,112,3.331,4.584,0,0,.319,12.31
105,2014,97,118,3.314,4.523,0,0,.318,12.31
105,2014,97,124,3.306,4.555,0,0,.317,12.31
105,2014,97,130,3.298,4.737,0,0,.317,12.31
105,2014,97,136,3.304,4.994,0,0,.317,12.31
105,2014,97,142,3.312,4.672,0,0,.316,12.31
105,2014,97,148,3.324,4.662,0,0,.316,12.31
105,2014,97,154,3.343,4.707,0,0,.317,12.31
105,2014,97,200,3.362,4.6,0,0,.316,12.31
105,2014,97,206,3.381,4.715,0,0,.317,12.31
105,2014,97,212,3.399,4.608,0,0,.317,12.31
105,2014,97,218,3.417,4.152,0,0,.316,12.31
105,2014,97,224,3.43,3.986,0,0,.316,12.31
105,2014,97,230,3.441,3.891,0,0,.315,12.31
105,2014,97,236,3.444,3.468,0,0,.316,12.31
105,2014,97,242,3.444,3.557,0,0,.316,12.31
105,2014,97,248,3.44,3.569,0,0,.316,12.31
105,2014,97,254,3.427,3.545,0,0,.317,12.31
105,2014,97,300,3.408,3.812,0,0,.315,12.31
105,2014,97,306,3.386,3.895,0,0,.315,12.31
105,2014,97,312,3.364,3.613,0,0,.315,12.31
105,2014,97,318,3.342,3.297,0,0,.315,12.31
105,2014,97,324,3.32,3.588,0,0,.316,12.31
105,2014,97,330,3.298,3.581,0,0,.316,12.31
105,2014,97,336,3.277,3.574,0,0,.315,12.31
105,2014,97,342,3.255,3.484,0,0,.315,12.31
105,2014,97,348,3.235,3.725,0,0,.315,12.31
105,2014,97,354,3.216,3.978,0,0,.316,12.31
105,2014,97,400,3.197,3.755,0,0,.316,12.31
105,2014,97,406,3.184,3.504,0,0,.315,12.31
105,2014,97,412,3.172,3.339,0,0,.316,12.31
105,2014,97,418,3.161,3.502,0,0,.315,12.31
105,2014,97,424,3.149,3.738,0,0,.314,12.31
105,2014,97,430,3.138,3.848,0,0,.313,12.31
105,2014,97,436,3.128,4.023,0,0,.313,12.31
105,2014,97,442,3.121,3.93,0,0,.313,12.31
105,2014,97,448,3.115,4.03,0,0,.313,12.31
105,2014,97,454,3.115,4.283,0,0,.313,12.31
105,2014,97,500,3.117,4.383,0,0,.313,12.31
105,2014,97,506,3.128,4.046,0,0,.313,12.31
105,2014,97,512,3.142,4.261,0,0,.312,12.31
105,2014,97,518,3.163,4.829,0,0,.312,12.31
105,2014,97,524,3.19,5.02,0,0,.312,12.31
105,2014,97,530,3.226,5.028,0,0,.312,12.31
105,2014,97,536,3.271,5.254,0,0,.312,12.31
105,2014,97,542,3.324,5.495,0,0,.312,12.31
105,2014,97,548,3.385,6.062,0,0,.312,12.31
105,2014,97,554,3.454,6.192,0,0,.312,12.31
105,2014,97,600,3.531,6.459,0,0,.312,12.31
105,2014,97,606,3.615,6.598,0,0,.312,12.31
105,2014,97,612,3.706,6.65,0,0,.312,12.31
105,2014,97,618,3.805,6.571,0,0,.312,12.31
105,2014,97,624,3.909,6.576,0,0,.312,12.31
105,2014,97,630,4.016,6.768,0,0,.312,12.31
105,2014,97,636,4.119,6.921,0,0,.312,12.31
105,2014,97,642,4.218,7.02,0,0,.312,12.31
105,2014,97,648,4.313,6.895,0,0,.312,12.31
105,2014,97,654,4.402,6.662,0,0,.312,12.31
105,2014,97,700,4.484,6.895,0,0,.311,12.31
105,2014,97,706,4.563,6.739,0,0,.31,12.31
105,2014,97,712,4.64,6.63,0,0,.31,12.31
105,2014,97,718,4.713,6.731,0,0,.31,12.31
105,2014,97,724,4.78,6.683,0,0,.311,12.31
105,2014,97,730,4.845,6.689,0,0,.31,12.31
105,2014,97,736,4.905,6.471,0,0,.31,12.31
105,2014,97,742,4.963,6.368,0,0,.31,12.31
105,2014,97,748,5.018,6.463,0,0,.309,12.31
105,2014,97,754,5.073,6.493,0,0,.31,12.31
105,2014,97,800,5.128,6.423,0,0,.31,12.31
105,2014,97,806,5.185,6.314,0,0,.31,12.31
105,2014,97,812,5.242,6.233,0,0,.31,12.31
105,2014,97,818,5.297,6.117,0,0,.31,12.31
105,2014,97,824,5.349,6.035,0,0,.31,12.31
105,2014,97,830,5.398,6.015,0,0,.31,12.31
105,2014,97,836,5.444,5.911,0,0,.31,12.31
105,2014,97,842,5.488,5.833,0,0,.311,12.31
105,2014,97,848,5.529,5.838,0,0,.31,12.31
105,2014,97,854,5.568,5.822,0,0,.31,12.31
105,2014,97,900,5.606,5.735,0,0,.309,12.31
105,2014,97,906,5.644,5.613,0,0,.31,12.31
105,2014,97,912,5.68,5.485,0,0,.309,12.31
105,2014,97,918,5.714,5.462,0,0,.31,12.31
105,2014,97,924,5.742,5.266,0,0,.31,12.31
105,2014,97,930,5.767,5.283,0,0,.31,12.31
105,2014,97,936,5.787,5.275,0,0,.31,12.31
105,2014,97,942,5.803,5.472,0,0,.31,12.31
105,2014,97,948,5.817,5.496,0,0,.31,12.31
105,2014,97,954,5.829,5.45,0,0,.31,12.31
105,2014,97,1000,5.843,5.372,0,0,.31,12.31
105,2014,97,1006,5.859,5.309,0,0,.31,12.31
105,2014,97,1012,5.871,5.328,0,0,.31,12.31
105,2014,97,1018,5.881,5.343,0,0,.31,12.31
105,2014,97,1024,5.889,5.659,0,0,.31,12.31
105,2014,97,1030,5.899,5.766,0,0,.31,12.31
105,2014,97,1036,5.911,5.73,0,0,.31,12.31
105,2014,97,1042,5.925,5.694,0,0,.31,12.31
105,2014,97,1048,5.943,5.746,0,0,.31,12.31
105,2014,97,1054,5.961,5.961,0,0,.31,12.31
105,2014,97,1100,5.985,6.263,0,0,.31,12.31
105,2014,97,1106,6.014,6.331,0,0,.31,12.31
105,2014,97,1112,6.05,6.202,0,0,.31,12.31
105,2014,97,1118,6.092,6.517,0,0,.31,12.31
105,2014,97,1124,6.14,6.699,0,0,.311,12.31
105,2014,97,1130,6.194,6.659,0,0,.31,12.31
105,2014,97,1136,6.254,6.536,0,0,.31,12.31
105,2014,97,1142,6.316,6.719,0,0,.31,12.31
105,2014,97,1148,6.376,6.65,0,0,.31,12.31
105,2014,97,1154,6.438,6.666,0,0,.31,12.31
105,2014,97,1200,6.498,6.91,0,0,.31,12.31
105,2014,97,1206,6.558,6.959,0,0,.31,12.31
105,2014,97,1212,6.619,7.12,0,0,.31,12.31
105,2014,97,1218,6.682,7.25,0,0,.31,12.31
105,2014,97,1224,6.745,7.23,0,0,.31,12.31
105,2014,97,1230,6.81,7.56,0,0,.31,12.31
105,2014,97,1236,6.876,7.51,0,0,.31,12.31
105,2014,97,1242,6.945,7.67,0,0,.31,12.31
105,2014,97,1248,7.02,7.77,0,0,.309,12.31
105,2014,97,1254,7.1,7.64,0,0,.31,12.31
105,2014,97,1300,7.18,7.74,0,0,.31,12.31
105,2014,97,1306,7.26,7.9,0,0,.31,12.31
105,2014,97,1312,7.34,8.02,0,0,.31,12.31
105,2014,97,1318,7.42,8.39,0,0,.31,12.31
105,2014,97,1324,7.5,8.46,0,0,.31,12.31
105,2014,97,1330,7.58,8.71,0,0,.31,12.31
105,2014,97,1336,7.67,8.81,0,0,.31,12.31
105,2014,97,1342,7.77,8.97,0,0,.31,12.31
105,2014,97,1348,7.87,9.02,0,0,.31,12.31
105,2014,97,1354,7.98,9.03,0,0,.31,12.31
105,2014,97,1400,8.09,9.22,0,0,.309,12.31
105,2014,97,1406,8.2,9.48,0,0,.31,12.31
105,2014,97,1412,8.31,9.56,0,0,.31,12.31
105,2014,97,1418,8.42,9.71,0,0,.31,12.31
105,2014,97,1424,8.54,9.82,0,0,.309,12.31
105,2014,97,1430,8.66,9.92,0,0,.31,12.31
105,2014,97,1436,8.79,9.89,0,0,.31,12.31
105,2014,97,1442,8.91,10.04,0,0,.31,12.31
105,2014,97,1448,9.04,10.26,0,0,.309,12.31
105,2014,97,1454,9.16,10.58,0,0,.31,12.31
105,2014,97,1500,9.28,10.7,0,0,.31,12.31
105,2014,97,1506,9.39,10.77,0,0,.31,12.31
105,2014,97,1512,9.5,10.9,0,0,.311,12.31
105,2014,97,1518,9.61,10.98,0,0,.309,12.31
105,2014,97,1524,9.72,11.11,0,0,.31,12.31
105,2014,97,1530,9.83,11.29,0,0,.31,12.31
105,2014,97,1536,9.94,11.28,0,0,.31,12.31
105,2014,97,1542,10.04,11.4,0,0,.31,12.31
105,2014,97,1548,10.13,11.53,0,0,.309,12.31
105,2014,97,1554,10.23,11.8,0,0,.311,12.31
105,2014,97,1600,10.35,11.86,0,0,.312,12.31
105,2014,97,1606,10.46,11.91,0,0,.312,12.31
105,2014,97,1612,10.58,11.9,0,0,.312,12.31
105,2014,97,1618,10.69,11.98,0,0,.312,12.31
105,2014,97,1624,10.79,12.05,0,0,.312,12.31
105,2014,97,1630,10.89,12.06,0,0,.312,12.31
105,2014,97,1636,10.98,11.98,0,0,.312,12.31
105,2014,97,1642,11.08,11.94,0,0,.313,12.31
105,2014,97,1648,11.16,11.86,0,0,.314,12.31
105,2014,97,1654,11.25,11.89,0,0,.314,12.31
105,2014,97,1700,11.32,11.8,0,0,.314,12.31
105,2014,97,1706,11.39,11.8,0,0,.314,12.31
105,2014,97,1712,11.46,11.85,0,0,.315,12.31
105,2014,97,1718,11.51,11.83,0,0,.314,12.31
105,2014,97,1724,11.57,11.95,0,0,.314,12.31
105,2014,97,1730,11.62,11.8,0,0,.314,12.31
105,2014,97,1736,11.66,11.88,0,0,.314,12.31
105,2014,97,1742,11.71,11.95,0,0,.313,12.31
105,2014,97,1748,11.75,11.96,0,0,.314,12.31
105,2014,97,1754,11.79,11.87,0,0,.313,12.3
105,2014,97,1800,11.82,12,0,0,.314,12.3
105,2014,97,1806,11.86,12.01,0,0,.313,12.3
105,2014,97,1812,11.89,11.99,0,0,.314,12.3
105,2014,97,1818,11.92,12.01,0,0,.313,12.3
105,2014,97,1824,11.95,12.04,0,0,.314,12.3
105,2014,97,1830,11.97,12.08,0,0,.313,12.3
105,2014,97,1836,12,12.1,0,0,.313,12.3
105,2014,97,1842,12.02,12.18,0,0,.313,12.3
105,2014,97,1848,12.05,12.22,0,0,.314,12.3
105,2014,97,1854,12.07,12.17,0,0,.313,12.3
105,2014,97,1900,12.09,12.04,0,0,.314,12.3
105,2014,97,1906,12.11,12.05,0,0,.314,12.3
105,2014,97,1912,12.13,12.04,0,0,.313,12.3
105,2014,97,1918,12.15,12.01,0,0,.313,12.31
105,2014,97,1924,12.16,11.96,0,0,.313,12.31
105,2014,97,1930,12.18,12.01,0,0,.313,12.31
105,2014,97,1936,12.19,11.83,0,0,.313,12.31
105,2014,97,1942,12.2,11.84,0,0,.313,12.31
105,2014,97,1948,12.21,11.8,0,0,.313,12.31
105,2014,97,1954,12.22,11.82,0,0,.314,12.31
105,2014,97,2000,12.22,11.79,0,0,.313,12.31
105,2014,97,2006,12.23,11.64,0,0,.313,12.31
105,2014,97,2012,12.24,11.52,0,0,.313,12.31
105,2014,97,2018,12.24,11.41,0,0,.313,12.31
105,2014,97,2024,12.23,11.32,0,0,.313,12.31
105,2014,97,2030,12.22,11.15,0,0,.313,12.31
105,2014,97,2036,12.22,11.07,0,0,.313,12.31
105,2014,97,2042,12.2,11.02,0,0,.313,12.31
105,2014,97,2048,12.18,11.03,0,0,.313,12.31
105,2014,97,2054,12.16,10.89,0,0,.313,12.31
105,2014,97,2100,12.13,11,0,0,.313,12.31
105,2014,97,2106,12.11,10.9,0,0,.313,12.31
105,2014,97,2112,12.07,10.98,0,0,.313,12.31
105,2014,97,2118,12.04,10.99,0,0,.313,12.31
105,2014,97,2124,12.01,11.08,0,0,.313,12.31
105,2014,97,2130,11.97,11.05,0,0,.314,12.31
105,2014,97,2136,11.94,11.11,0,0,.314,12.31
105,2014,97,2142,11.91,11.19,0,0,.313,12.31
105,2014,97,2148,11.88,11.3,0,0,.313,12.31
105,2014,97,2154,11.86,11.41,0,0,.313,12.31
105,2014,97,2200,11.84,11.28,0,0,.313,12.31
105,2014,97,2206,11.82,11.33,0,0,.313,12.3
105,2014,97,2212,11.8,11.44,0,0,.314,12.31
105,2014,97,2218,11.78,11.5,0,0,.313,12.3
105,2014,97,2224,11.77,11.55,0,0,.314,12.3
105,2014,97,2230,11.76,11.59,0,0,.314,12.3
105,2014,97,2236,11.76,11.47,0,0,.313,12.3
105,2014,97,2242,11.76,11.6,0,0,.314,12.3
105,2014,97,2248,11.75,11.82,0,0,.314,12.3
105,2014,97,2254,11.76,12.05,0,0,.313,12.3
105,2014,97,2300,11.76,12.22,0,0,.313,12.31
105,2014,97,2306,11.78,12.25,0,0,.314,12.3
105,2014,97,2312,11.8,12.27,0,0,.313,12.3
105,2014,97,2318,11.82,12.26,0,0,.314,12.31
105,2014,97,2324,11.85,12.24,0,0,.313,12.3
105,2014,97,2330,11.88,12.14,0,0,.313,12.3
105,2014,97,2336,11.91,12.14,0,0,.313,12.3
105,2014,97,2342,11.93,12.01,0,0,.313,12.3
105,2014,97,2348,11.96,12.04,0,0,.313,12.3
105,2014,97,2354,11.98,11.99,0,0,.313,12.31
105,2014,98,0,12,12.02,0,0,.313,12.3
105,2014,98,6,12.02,12.08,0,0,.313,12.3
105,2014,98,12,12.04,12.03,0,0,.313,12.3
105,2014,98,18,12.05,11.9,0,0,.313,12.31
105,2014,98,24,12.06,11.96,0,0,.313,12.31
105,2014,98,30,12.07,11.95,0,0,.312,12.3
105,2014,98,36,12.08,11.91,0,0,.313,12.3
105,2014,98,42,12.08,11.85,0,0,.313,12.31
105,2014,98,48,12.08,11.79,0,0,.313,12.3
105,2014,98,54,12.08,11.69,0,0,.313,12.3
105,2014,98,100,12.08,11.68,0,0,.314,12.3
105,2014,98,106,12.08,11.77,0,0,.313,12.3
105,2014,98,112,12.08,11.77,0,0,.313,12.31
105,2014,98,118,12.08,11.7,0,0,.313,12.31
105,2014,98,124,12.08,11.74,0,0,.313,12.31
105,2014,98,130,12.08,11.81,0,0,.313,12.31
105,2014,98,136,12.07,11.84,0,0,.314,12.3
105,2014,98,142,12.07,11.76,0,0,.313,12.31
105,2014,98,148,12.07,11.79,0,0,.313,12.3
105,2014,98,154,12.06,11.81,0,0,.313,12.31
105,2014,98,200,12.06,11.73,0,0,.312,12.3
105,2014,98,206,12.06,11.72,0,0,.313,12.31
105,2014,98,212,12.06,11.8,0,0,.313,12.31
105,2014,98,218,12.06,11.81,0,0,.312,12.31
105,2014,98,224,12.06,11.75,0,0,.313,12.31
105,2014,98,230,12.07,11.75,0,0,.313,12.31
105,2014,98,236,12.07,11.97,0,0,.313,12.31
105,2014,98,242,12.07,11.82,0,0,.313,12.31
105,2014,98,248,12.08,11.92,0,0,.312,12.31
105,2014,98,254,12.08,11.82,0,0,.312,12.31
105,2014,98,300,12.09,11.94,0,0,.312,12.31
105,2014,98,306,12.1,11.86,0,0,.312,12.31
105,2014,98,312,12.1,11.86,0,0,.312,12.31
105,2014,98,318,12.1,12.01,0,0,.312,12.3
105,2014,98,324,12.11,11.9,0,0,.313,12.31
105,2014,98,330,12.11,11.93,0,0,.312,12.31
105,2014,98,336,12.12,11.91,0,0,.312,12.31
105,2014,98,342,12.12,11.86,0,0,.313,12.3
105,2014,98,348,12.13,11.92,0,0,.313,12.3
105,2014,98,354,12.13,11.89,0,0,.313,12.31
105,2014,98,400,12.14,11.94,0,0,.312,12.31
105,2014,98,406,12.14,11.83,0,0,.313,12.3
105,2014,98,412,12.14,11.83,0,0,.313,12.31
105,2014,98,418,12.14,11.77,0,0,.313,12.31
105,2014,98,424,12.14,11.72,0,0,.314,12.3
105,2014,98,430,12.14,11.71,0,0,.313,12.31
105,2014,98,436,12.14,11.8,0,0,.312,12.31
105,2014,98,442,12.14,11.83,0,0,.313,12.31
105,2014,98,448,12.14,11.74,0,0,.313,12.31
105,2014,98,454,12.14,11.69,0,0,.314,12.31
105,2014,98,500,12.14,11.58,0,0,.312,12.31
105,2014,98,506,12.14,11.68,0,0,.313,12.31
105,2014,98,512,12.13,11.68,0,0,.313,12.31
105,2014,98,518,12.12,11.72,0,0,.313,12.31
105,2014,98,524,12.12,11.68,0,0,.313,12.31
105,2014,98,530,12.11,11.57,0,0,.313,12.31
105,2014,98,536,12.11,11.58,0,0,.313,12.31
105,2014,98,542,12.1,11.6,0,0,.313,12.31
105,2014,98,548,12.1,11.53,0,0,.313,12.31
105,2014,98,554,12.09,11.52,0,0,.314,12.31
105,2014,98,600,12.08,11.56,0,0,.313,12.31
105,2014,98,606,12.07,11.61,0,0,.313,12.31
105,2014,98,612,12.07,11.69,0,0,.313,12.31
105,2014,98,618,12.06,11.69,0,0,.313,12.31
105,2014,98,624,12.06,11.84,0,0,.313,12.31
105,2014,98,630,12.06,12.31,0,0,.313,12.31
105,2014,98,636,12.06,12.94,0,0,.313,12.31
105,2014,98,642,12.07,13.24,0,0,.313,12.31
105,2014,98,648,12.1,13.4,0,0,.313,12.31
105,2014,98,654,12.15,13.61,0,0,.313,12.31
105,2014,98,700,12.2,13.57,0,0,.313,12.31
105,2014,98,706,12.27,13.72,0,0,.313,12.31
105,2014,98,712,12.34,13.67,0,0,.313,12.31
105,2014,98,718,12.42,13.77,0,0,.312,12.31
105,2014,98,724,12.5,13.94,0,0,.313,12.31
105,2014,98,730,12.59,13.98,0,0,.312,12.31
105,2014,98,736,12.67,14.11,0,0,.313,12.31
105,2014,98,742,12.75,14.12,0,0,.313,12.31
105,2014,98,748,12.84,14.25,0,0,.312,12.3
105,2014,98,754,12.92,14.52,0,0,.313,12.3
105,2014,98,800,13.01,14.64,0,0,.312,12.3
105,2014,98,806,13.1,14.71,0,0,.312,12.31
105,2014,98,812,13.2,14.94,0,0,.312,12.31
105,2014,98,818,13.29,15.11,0,0,.312,12.3
105,2014,98,824,13.39,15.32,0,0,.312,12.3
105,2014,98,830,13.5,15.47,0,0,.312,12.3
105,2014,98,836,13.61,15.57,0,0,.313,12.3
105,2014,98,842,13.72,15.63,0,0,.312,12.3
105,2014,98,848,13.83,15.72,0,0,.312,12.3
105,2014,98,854,13.94,15.84,0,0,.313,12.3
105,2014,98,900,14.05,15.87,0,0,.312,12.3
105,2014,98,906,14.16,16.02,0,0,.312,12.3
105,2014,98,912,14.27,16.02,0,0,.312,12.3
105,2014,98,918,14.38,16.07,0,0,.312,12.3
105,2014,98,924,14.49,16.13,0,0,.312,12.3
105,2014,98,930,14.61,16.13,0,0,.313,12.3
105,2014,98,936,14.72,16.26,0,0,.312,12.3
105,2014,98,942,14.83,16.28,0,0,.312,12.3
105,2014,98,948,14.94,16.44,0,0,.312,12.3
105,2014,98,954,15.04,16.29,0,0,.312,12.3
105,2014,98,1000,15.16,16.04,0,0,.312,12.3
105,2014,98,1006,15.27,16.05,0,0,.312,12.3
105,2014,98,1012,15.37,15.77,0,0,.312,12.3
105,2014,98,1018,15.47,15.88,0,0,.312,12.3
105,2014,98,1024,15.56,15.94,0,0,.312,12.3
105,2014,98,1030,15.64,16.03,0,0,.312,12.3
105,2014,98,1036,15.72,15.87,0,0,.312,12.3
105,2014,98,1042,15.79,16.09,0,0,.312,12.3
105,2014,98,1048,15.87,16.49,0,0,.312,12.3
105,2014,98,1054,15.95,16.81,0,0,.312,12.3
105,2014,98,1100,16.03,16.7,0,0,.312,12.3
105,2014,98,1106,16.12,16.87,0,0,.311,12.3
105,2014,98,1112,16.22,17.26,0,0,.312,12.3
105,2014,98,1118,16.31,16.85,0,0,.311,12.3
105,2014,98,1124,16.41,16.84,0,0,.312,12.3
105,2014,98,1130,16.5,17.12,0,0,.312,12.3
105,2014,98,1136,16.59,16.99,0,0,.311,12.3
105,2014,98,1142,16.67,17.09,0,0,.311,12.3
105,2014,98,1148,16.75,17.3,0,0,.312,12.3
105,2014,98,1154,16.83,17.64,0,0,.311,12.3
105,2014,98,1200,16.9,17.46,0,0,.311,12.3
105,2014,98,1206,16.98,18.01,0,0,.311,12.3
105,2014,98,1212,17.05,17.98,0,0,.31,12.3
105,2014,98,1218,17.13,17.96,0,0,.31,12.3
105,2014,98,1224,17.21,17.91,0,0,.31,12.3
105,2014,98,1230,17.28,17.92,0,0,.31,12.3
105,2014,98,1236,17.36,18.37,0,0,.309,12.3
105,2014,98,1242,17.43,18.61,0,0,.309,12.3
105,2014,98,1248,17.52,19.54,0,0,.309,12.3
105,2014,98,1254,17.61,19.24,0,0,.309,12.3
105,2014,98,1300,17.71,19.67,0,0,.31,12.3
105,2014,98,1306,17.82,20.36,0,0,.309,12.3
105,2014,98,1312,17.95,19.5,0,0,.308,12.3
105,2014,98,1318,18.1,18.87,0,0,.308,12.3
105,2014,98,1324,18.23,19.16,0,0,.308,12.3
105,2014,98,1330,18.35,19.21,0,0,.309,12.3
105,2014,98,1336,18.46,19.75,0,0,.308,12.3
105,2014,98,1342,18.56,19.83,0,0,.308,12.3
105,2014,98,1348,18.66,19.67,0,0,.308,12.3
105,2014,98,1354,18.75,20.15,0,0,.308,12.3
105,2014,98,1400,18.84,19.64,0,0,.308,12.3
105,2014,98,1406,18.93,19.81,0,0,.308,12.3
105,2014,98,1412,19.01,19.5,0,0,.308,12.3
105,2014,98,1418,19.09,20.16,0,0,.308,12.3
105,2014,98,1424,19.17,19.69,0,0,.308,12.3
105,2014,98,1430,19.25,19.91,0,0,.308,12.3
105,2014,98,1436,19.33,19.6,0,0,.308,12.3
105,2014,98,1442,19.77,19.53,0,0,.307,12.3