,18.99,20.48,0,0,.27,12.3
105,2014,100,1318,19.13,20.29,0,0,.27,12.3
105,2014,100,1324,19.27,20.83,0,0,.27,12.3
105,2014,100,1330,19.41,21.22,0,0,.27,12.3
105,2014,100,1336,19.55,21.14,0,0,.27,12.3
105,2014,100,1342,19.71,20.45,0,0,.27,12.3
105,2014,100,1348,19.85,22.01,0,0,.268,12.3
105,2014,100,1354,20.01,21.22,0,0,.268,12.3
105,2014,100,1400,20.16,20.87,0,0,.268,12.3
105,2014,100,1406,20.3,21.57,0,0,.268,12.3
105,2014,100,1412,20.43,20.79,0,0,.268,12.3
105,2014,100,1418,20.54,20.98,0,0,.268,12.3
105,2014,100,1424,20.64,20.74,0,0,.268,12.3
105,2014,100,1430,20.73,20.75,0,0,.268,12.3
105,2014,100,1436,20.8,21,0,0,.268,12.3
105,2014,100,1442,20.86,20.38,0,0,.268,12.3
105,2014,100,1448,20.92,20.78,0,0,.268,12.3
105,2014,100,1454,20.98,20.47,0,0,.267,12.3
105,2014,100,1500,21.02,20.46,0,0,.267,12.3
105,2014,100,1506,21.05,20.79,0,0,.267,12.3
105,2014,100,1512,21.07,20.61,0,0,.267,12.3
105,2014,100,1518,21.09,20.57,0,0,.267,12.3
105,2014,100,1524,21.11,20.51,0,0,.267,12.3
105,2014,100,1530,21.13,19.99,0,0,.266,12.3
105,2014,100,1536,21.15,20.29,0,0,.266,12.3
105,2014,100,1542,21.16,19.52,0,0,.267,12.3
105,2014,100,1548,21.16,18.91,0,0,.267,12.3
105,2014,100,1554,21.14,18.96,0,0,.267,12.3
105,2014,100,1600,21.11,19.18,0,0,.267,12.3
105,2014,100,1606,21.08,19.18,0,0,.267,12.3
105,2014,100,1612,21.03,18.64,0,0,.267,12.3
105,2014,100,1618,20.97,18.67,0,0,.267,12.3
105,2014,100,1624,20.9,18.64,0,0,.267,12.3
105,2014,100,1630,20.81,18.2,0,0,.267,12.3
105,2014,100,1636,20.71,18.33,0,0,.266,12.3
105,2014,100,1642,20.61,18.01,0,0,.266,12.3
105,2014,100,1648,20.5,17.74,0,0,.266,12.3
105,2014,100,1654,20.38,17.99,0,0,.266,12.3
105,2014,100,1700,20.25,17.89,0,0,.265,12.3
105,2014,100,1706,20.12,17.97,0,0,.266,12.3
105,2014,100,1712,20,17.77,0,0,.265,12.3
105,2014,100,1718,19.87,17.52,0,0,.265,12.3
105,2014,100,1724,19.75,17.16,0,0,.265,12.3
105,2014,100,1730,19.62,17.04,0,0,.265,12.3
105,2014,100,1736,19.48,17.18,0,0,.265,12.3
105,2014,100,1742,19.35,17.14,0,0,.265,12.3
105,2014,100,1748,19.22,16.97,0,0,.265,12.3
105,2014,100,1754,19.09,16.82,0,0,.265,12.3
105,2014,100,1800,18.96,16.7,0,0,.265,12.3
105,2014,100,1806,18.83,16.72,0,0,.265,12.3
105,2014,100,1812,18.71,16.34,0,0,.265,12.3
105,2014,100,1818,18.58,16.03,0,0,.265,12.3
105,2014,100,1824,18.46,15.68,0,0,.265,12.3
105,2014,100,1830,18.33,15.31,0,0,.265,12.3
105,2014,100,1836,18.2,15.25,0,0,.265,12.3
105,2014,100,1842,18.06,15.11,0,0,.265,12.3
105,2014,100,1848,17.91,14.81,0,0,.265,12.3
105,2014,100,1854,17.75,14.45,0,0,.265,12.3
105,2014,100,1900,17.6,14.29,0,0,.265,12.3
105,2014,100,1906,17.44,14.01,0,0,.264,12.3
105,2014,100,1912,17.28,13.83,0,0,.265,12.3
105,2014,100,1918,17.11,13.76,0,0,.265,12.3
105,2014,100,1924,16.93,13.63,0,0,.265,12.3
105,2014,100,1930,16.76,13.47,0,0,.265,12.31
105,2014,100,1936,16.58,13.07,0,0,.264,12.3
105,2014,100,1942,16.41,13.05,0,0,.264,12.3
105,2014,100,1948,16.22,12.94,0,0,.265,12.3
105,2014,100,1954,16.04,12.82,0,0,.265,12.3
105,2014,100,2000,15.85,12.57,0,0,.265,12.31
105,2014,100,2006,15.67,12.72,0,0,.265,12.31
105,2014,100,2012,15.48,12.89,0,0,.264,12.31
105,2014,100,2018,15.3,12.9,0,0,.264,12.31
105,2014,100,2024,15.13,12.44,0,0,.265,12.31
105,2014,100,2030,14.96,12.33,0,0,.264,12.31
105,2014,100,2036,14.8,12.55,0,0,.265,12.31
105,2014,100,2042,14.65,12.18,0,0,.265,12.31
105,2014,100,2048,14.5,12.12,0,0,.265,12.31
105,2014,100,2054,14.35,12.15,0,0,.265,12.31
105,2014,100,2100,14.21,11.77,0,0,.265,12.31
105,2014,100,2106,14.08,11.85,0,0,.265,12.31
105,2014,100,2112,13.93,11.86,0,0,.265,12.31
105,2014,100,2118,13.79,11.55,0,0,.265,12.31
105,2014,100,2124,13.65,11.42,0,0,.265,12.31
105,2014,100,2130,13.51,11.69,0,0,.265,12.31
105,2014,100,2136,13.37,11.56,0,0,.265,12.31
105,2014,100,2142,13.24,11.79,0,0,.265,12.31
105,2014,100,2148,13.1,11.59,0,0,.265,12.31
105,2014,100,2154,12.97,11.69,0,0,.265,12.31
105,2014,100,2200,12.84,11.97,0,0,.265,12.31
105,2014,100,2206,12.72,11.5,0,0,.265,12.31
105,2014,100,2212,12.61,11.59,0,0,.265,12.31
105,2014,100,2218,12.51,11.25,0,0,.265,12.31
105,2014,100,2224,12.4,11.23,0,0,.265,12.31
105,2014,100,2230,12.29,10.91,0,0,.265,12.31
105,2014,100,2236,12.19,10.89,0,0,.265,12.31
105,2014,100,2242,12.08,10.69,0,0,.265,12.31
105,2014,100,2248,11.96,10.3,0,0,.265,12.31
105,2014,100,2254,11.85,9.98,0,0,.265,12.31
105,2014,100,2300,11.73,10.37,0,0,.265,12.31
105,2014,100,2306,11.61,9.93,0,0,.265,12.31
105,2014,100,2312,11.48,9.89,0,0,.265,12.31
105,2014,100,2318,11.36,9.96,0,0,.265,12.31
105,2014,100,2324,11.23,9.85,0,0,.265,12.31
105,2014,100,2330,11.1,9.72,0,0,.265,12.31
105,2014,100,2336,10.98,9.31,0,0,.265,12.31
105,2014,100,2342,10.86,9.08,0,0,.265,12.31
105,2014,100,2348,10.74,9.08,0,0,.265,12.31
105,2014,100,2354,10.62,9.09,0,0,.265,12.31
105,2014,101,0,10.5,8.91,0,0,.266,12.31
105,2014,101,6,10.38,9.11,0,0,.266,12.31
105,2014,101,12,10.26,9.16,0,0,.266,12.31
105,2014,101,18,10.16,9.3,0,0,.266,12.31
105,2014,101,24,10.06,9.51,0,0,.266,12.31
105,2014,101,30,9.97,9.59,0,0,.266,12.31
105,2014,101,36,9.88,9.48,0,0,.266,12.31
105,2014,101,42,9.8,9.51,0,0,.266,12.31
105,2014,101,48,9.73,9.78,0,0,.266,12.31
105,2014,101,54,9.67,9.16,0,0,.266,12.31
105,2014,101,100,9.61,8.98,0,0,.266,12.31
105,2014,101,106,9.55,9.07,0,0,.266,12.31
105,2014,101,112,9.49,9.46,0,0,.266,12.31
105,2014,101,118,9.44,9.1,0,0,.266,12.31
105,2014,101,124,9.38,8.91,0,0,.266,12.31
105,2014,101,130,9.31,8.37,0,0,.266,12.31
105,2014,101,136,9.25,8.39,0,0,.266,12.31
105,2014,101,142,9.18,8.49,0,0,.266,12.31
105,2014,101,148,9.11,8.36,0,0,.266,12.31
105,2014,101,154,9.04,8.03,0,0,.266,12.31
105,2014,101,200,8.96,7.99,0,0,.266,12.31
105,2014,101,206,8.88,8.02,0,0,.266,12.31
105,2014,101,212,8.8,7.95,0,0,.266,12.31
105,2014,101,218,8.72,8.26,0,0,.266,12.31
105,2014,101,224,8.64,8.21,0,0,.266,12.31
105,2014,101,230,8.57,8.24,0,0,.266,12.31
105,2014,101,236,8.49,8.4,0,0,.266,12.31
105,2014,101,242,8.42,8.65,0,0,.266,12.31
105,2014,101,248,8.36,8.94,0,0,.266,12.31
105,2014,101,254,8.31,8.94,0,0,.266,12.31
105,2014,101,300,8.27,9.5,0,0,.266,12.31
105,2014,101,306,8.23,10.06,0,0,.266,12.31
105,2014,101,312,8.2,10.99,0,0,.266,12.31
105,2014,101,318,8.18,11.19,0,0,.266,12.31
105,2014,101,324,8.18,11.67,0,0,.266,12.31
105,2014,101,330,8.2,12.14,0,0,.266,12.31
105,2014,101,336,8.23,12.6,0,0,.266,12.31
105,2014,101,342,8.28,12.6,0,0,.266,12.31
105,2014,101,348,8.35,13.28,0,0,.266,12.31
105,2014,101,354,8.44,13.6,0,0,.266,12.31
105,2014,101,400,8.55,13.9,0,0,.266,12.31
105,2014,101,406,8.68,13.89,0,0,.266,12.31
105,2014,101,412,8.82,13.86,0,0,.266,12.31
105,2014,101,418,8.97,14.12,0,0,.266,12.31
105,2014,101,424,9.13,14.15,0,0,.265,12.31
105,2014,101,430,9.29,13.82,0,0,.266,12.31
105,2014,101,436,9.45,14.02,0,0,.266,12.3
105,2014,101,442,9.6,13.73,0,0,.266,12.3
105,2014,101,448,9.75,14.27,0,0,.266,12.3
105,2014,101,454,9.89,13.96,0,0,.266,12.3
105,2014,101,500,10.01,13.65,0,0,.266,12.3
105,2014,101,506,10.13,13.63,0,0,.266,12.3
105,2014,101,512,10.24,13.53,0,0,.266,12.31
105,2014,101,518,10.34,13.55,0,0,.266,12.31
105,2014,101,524,10.44,13.48,0,0,.266,12.31
105,2014,101,530,10.52,13.36,0,0,.265,12.31
105,2014,101,536,10.6,13.26,0,0,.265,12.31
105,2014,101,542,10.66,12.85,0,0,.265,12.3
105,2014,101,548,10.72,12.7,0,0,.266,12.3
105,2014,101,554,10.77,12.66,0,0,.266,12.3
105,2014,101,600,10.81,12.79,0,0,.265,12.3
105,2014,101,606,10.84,12.65,0,0,.266,12.3
105,2014,101,612,10.87,12.5,0,0,.265,12.3
105,2014,101,618,10.89,12.38,0,0,.265,12.3
105,2014,101,624,10.9,12.3,0,0,.265,12.3
105,2014,101,630,10.9,12.86,0,0,.265,12.31
105,2014,101,636,10.9,12.45,0,0,.266,12.3
105,2014,101,642,10.91,12.66,0,0,.265,12.3
105,2014,101,648,10.91,12.55,0,0,.265,12.3
105,2014,101,654,10.9,12.79,0,0,.265,12.3
105,2014,101,700,10.9,12.98,0,0,.265,12.3
105,2014,101,706,10.9,13.3,0,0,.265,12.31
105,2014,101,712,10.9,13.87,0,0,.265,12.3
105,2014,101,718,10.92,14.12,0,0,.265,12.3
105,2014,101,724,10.95,14.28,0,0,.265,12.3
105,2014,101,730,11,14.34,0,0,.264,12.3
105,2014,101,736,11.06,14.44,0,0,.264,12.3
105,2014,101,742,11.13,14.49,0,0,.264,12.3
105,2014,101,748,11.22,14.65,0,0,.264,12.3
105,2014,101,754,11.32,14.71,0,0,.264,12.3
105,2014,101,800,11.42,14.73,0,0,.264,12.3
105,2014,101,806,11.52,14.96,0,0,.264,12.3
105,2014,101,812,11.63,15.27,0,0,.264,12.3
105,2014,101,818,11.75,15.76,0,0,.263,12.3
105,2014,101,824,11.87,16.16,0,0,.263,12.3
105,2014,101,830,12.01,16.64,0,0,.263,12.3
105,2014,101,836,12.17,17.18,0,0,.263,12.3
105,2014,101,842,12.33,17.55,0,0,.262,12.3
105,2014,101,848,12.51,18.49,0,0,.262,12.3
105,2014,101,854,12.71,18.87,0,0,.26,12.3
105,2014,101,900,12.94,18.79,0,0,.26,12.3
105,2014,101,906,13.19,18.91,0,0,.261,12.3
105,2014,101,912,13.45,18.98,0,0,.26,12.3
105,2014,101,918,13.71,19.05,0,0,.26,12.3
105,2014,101,924,13.97,19.32,0,0,.26,12.3
105,2014,101,930,14.23,19.09,0,0,.26,12.3
105,2014,101,936,14.49,19.02,0,0,.26,12.3
105,2014,101,942,14.74,19.43,0,0,.259,12.3
105,2014,101,948,14.99,19.53,0,0,.26,12.3
105,2014,101,954,15.22,19.56,0,0,.26,12.3
105,2014,101,1000,15.45,20.2,0,0,.259,12.3
105,2014,101,1006,15.68,20.48,0,0,.259,12.3
105,2014,101,1012,15.9,21.49,0,0,.258,12.3
105,2014,101,1018,16.14,21.91,0,0,.257,12.3
105,2014,101,1024,16.4,22.17,0,0,.257,12.3
105,2014,101,1030,16.67,22.85,0,0,.257,12.3
105,2014,101,1036,16.97,22.79,0,0,.257,12.3
105,2014,101,1042,17.29,22.69,0,0,.257,12.3
105,2014,101,1048,17.62,22.84,0,0,.257,12.3
105,2014,101,1054,17.95,23.84,0,0,.257,12.3
105,2014,101,1100,18.28,23.88,0,0,.257,12.29
105,2014,101,1106,18.6,23.25,0,0,.257,12.29
105,2014,101,1112,18.93,23.29,0,0,.256,12.3
105,2014,101,1118,19.23,24.2,0,0,.257,12.29
105,2014,101,1124,19.53,24.57,0,0,.256,12.29
105,2014,101,1130,19.83,24.98,0,0,.256,12.29
105,2014,101,1136,20.12,24.78,0,0,.256,12.29
105,2014,101,1142,20.42,24.84,0,0,.256,12.29
105,2014,101,1148,20.71,24.69,0,0,.257,12.29
105,2014,101,1154,21,24.22,0,0,.256,12.29
105,2014,101,1200,21.28,24.17,0,0,.256,12.29
105,2014,101,1206,21.54,24.25,0,0,.256,12.29
105,2014,101,1212,21.76,24.71,0,0,.257,12.29
105,2014,101,1218,21.98,24.86,0,0,.258,12.29
105,2014,101,1224,22.18,25.37,0,0,.257,12.29
105,2014,101,1230,22.37,25.34,0,0,.257,12.29
105,2014,101,1236,22.55,25.6,0,0,.257,12.29
105,2014,101,1242,22.73,25.83,0,0,.257,12.29
105,2014,101,1248,22.91,25.96,0,0,.257,12.29
105,2014,101,1254,23.08,26.55,0,0,.257,12.29
105,2014,101,1300,23.26,26.34,0,0,.257,12.29
105,2014,101,1306,23.45,27.15,0,0,.257,12.29
105,2014,101,1312,23.65,27.98,0,0,.256,12.29
105,2014,101,1318,23.85,27.43,0,0,.256,12.29
105,2014,101,1324,24.08,25.19,0,0,.256,12.29
105,2014,101,1330,24.32,26.5,0,0,.255,12.29
105,2014,101,1336,24.54,26.32,0,0,.255,12.29
105,2014,101,1342,24.74,27.87,0,0,.254,12.29
105,2014,101,1348,24.94,27.75,0,0,.254,12.29
105,2014,101,1354,25.13,28.94,0,0,.253,12.29
105,2014,101,1400,25.33,28.98,0,0,.253,12.29
105,2014,101,1406,25.54,29.81,0,0,.253,12.29
105,2014,101,1412,25.77,29.45,0,0,.252,12.29
105,2014,101,1418,25.99,29.18,0,0,.251,12.29
105,2014,101,1424,26.21,27.64,0,0,.252,12.29
105,2014,101,1430,26.4,27.3,0,0,.251,12.29
105,2014,101,1436,26.56,27.49,0,0,.251,12.29
105,2014,101,1442,26.7,28.02,0,0,.251,12.29
105,2014,101,1448,26.83,27.5,0,0,.251,12.29
105,2014,101,1454,26.94,27.15,0,0,.251,12.29
105,2014,101,1500,27.02,26.4,0,0,.251,12.29
105,2014,101,1506,27.06,26.47,0,0,.251,12.29
105,2014,101,1512,27.1,26.04,0,0,.251,12.29
105,2014,101,1518,27.12,26.15,0,0,.251,12.29
105,2014,101,1524,27.12,26.07,0,0,.251,12.29
105,2014,101,1530,27.11,26.51,0,0,.251,12.29
105,2014,101,1536,27.12,26.37,0,0,.251,12.29
105,2014,101,1542,27.13,26.53,0,0,.251,12.29
105,2014,101,1548,27.13,25.65,0,0,.25,12.29
105,2014,101,1554,27.12,25.63,0,0,.251,12.29
105,2014,101,1600,27.1,24.95,0,0,.25,12.29
105,2014,101,1606,27.06,25.62,0,0,.25,12.29
105,2014,101,1612,27.02,25.71,0,0,.251,12.29
105,2014,101,1618,26.97,25.29,0,0,.251,12.29
105,2014,101,1624,26.92,25.11,0,0,.25,12.29
105,2014,101,1630,26.86,24.99,0,0,.25,12.29
105,2014,101,1636,26.79,24.69,0,0,.249,12.29
105,2014,101,1642,26.71,24.85,0,0,.25,12.29
105,2014,101,1648,26.63,25,0,0,.25,12.29
105,2014,101,1654,26.55,24.43,0,0,.25,12.29
105,2014,101,1700,26.46,24.59,0,0,.25,12.29
105,2014,101,1706,26.37,24.79,0,0,.25,12.29
105,2014,101,1712,26.27,24.63,0,0,.25,12.29
105,2014,101,1718,26.17,24.22,0,0,.25,12.29
105,2014,101,1724,26.08,23.79,0,0,.25,12.29
105,2014,101,1730,25.97,23.6,0,0,.25,12.29
105,2014,101,1736,25.86,23.35,0,0,.25,12.29
105,2014,101,1742,25.74,23.15,0,0,.25,12.29
105,2014,101,1748,25.61,22.98,0,0,.249,12.29
105,2014,101,1754,25.47,22.8,0,0,.249,12.29
105,2014,101,1800,25.33,22.83,0,0,.249,12.29
105,2014,101,1806,25.19,23.11,0,0,.249,12.29
105,2014,101,1812,25.05,22.55,0,0,.249,12.29
105,2014,101,1818,24.91,22.1,0,0,.249,12.29
105,2014,101,1824,24.77,21.83,0,0,.249,12.29
105,2014,101,1830,24.62,21.11,0,0,.249,12.29
105,2014,101,1836,24.45,20.81,0,0,.249,12.29
105,2014,101,1842,24.29,20.51,0,0,.249,12.29
105,2014,101,1848,24.13,20.24,0,0,.249,12.29
105,2014,101,1854,23.95,19.9,0,0,.249,12.29
105,2014,101,1900,23.77,19.79,0,0,.251,12.29
105,2014,101,1906,23.58,19.92,0,0,.252,12.29
105,2014,101,1912,23.4,19.64,0,0,.251,12.3
105,2014,101,1918,23.21,19.74,0,0,.252,12.3
105,2014,101,1924,23.01,20.28,0,0,.252,12.3
105,2014,101,1930,22.82,21.08,0,0,.253,12.3
105,2014,101,1936,22.64,20.89,0,0,.252,12.3
105,2014,101,1942,22.48,20.58,0,0,.253,12.3
105,2014,101,1948,22.34,20.61,0,0,.253,12.3
105,2014,101,1954,22.21,20.31,0,0,.252,12.3
105,2014,101,2000,22.08,20.18,0,0,.252,12.3
105,2014,101,2006,21.97,20.1,0,0,.252,12.3
105,2014,101,2012,21.87,20.04,0,0,.251,12.3
105,2014,101,2018,21.77,19.93,0,0,.252,12.3
105,2014,101,2024,21.66,19.75,0,0,.252,12.3
105,2014,101,2030,21.56,19.69,0,0,.252,12.3
105,2014,101,2036,21.46,19.58,0,0,.252,12.3
105,2014,101,2042,21.36,19.36,0,0,.251,12.3
105,2014,101,2048,21.26,19.37,0,0,.253,12.3
105,2014,101,2054,21.17,19.27,0,0,.253,12.3
105,2014,101,2100,21.07,19.21,0,0,.253,12.3
105,2014,101,2106,20.97,19.08,0,0,.253,12.3
105,2014,101,2112,20.87,18.91,0,0,.253,12.3
105,2014,101,2118,20.78,18.69,0,0,.253,12.3
105,2014,101,2124,20.68,18.37,0,0,.253,12.3
105,2014,101,2130,20.58,18.65,0,0,.252,12.3
105,2014,101,2136,20.48,18.19,0,0,.252,12.3
105,2014,101,2142,20.38,17.87,0,0,.251,12.3
105,2014,101,2148,20.28,17.85,0,0,.251,12.3
105,2014,101,2154,20.18,17.71,0,0,.251,12.3
105,2014,101,2200,20.07,17.5,0,0,.251,12.3
105,2014,101,2206,19.95,17.56,0,0,.251,12.3
105,2014,101,2212,19.84,17.58,0,0,.251,12.3
105,2014,101,2218,19.72,17.04,0,0,.251,12.3
105,2014,101,2224,19.6,16.06,0,0,.251,12.3
105,2014,101,2230,19.47,15.7,0,0,.251,12.3
105,2014,101,2236,19.35,15.72,0,0,.251,12.3
105,2014,101,2242,19.22,15.36,0,0,.251,12.3
105,2014,101,2248,19.08,15.39,0,0,.25,12.3
105,2014,101,2254,18.94,15.33,0,0,.25,12.3
105,2014,101,2300,18.79,15.81,0,0,.25,12.3
105,2014,101,2306,18.65,15.3,0,0,.251,12.3
105,2014,101,2312,18.51,15.01,0,0,.251,12.3
105,2014,101,2318,18.36,15.41,0,0,.25,12.3
105,2014,101,2324,18.22,15.41,0,0,.25,12.3
105,2014,101,2330,18.09,15.27,0,0,.25,12.3
105,2014,101,2336,17.95,15.21,0,0,.25,12.3
105,2014,101,2342,17.82,14.71,0,0,.251,12.3
105,2014,101,2348,17.7,15.3,0,0,.251,12.3
105,2014,101,2354,17.57,15.32,0,0,.25,12.3
105,2014,102,0,17.45,15.04,0,0,.25,12.3
105,2014,102,6,17.33,15.08,0,0,.25,12.3
105,2014,102,12,17.22,14.9,0,0,.25,12.3
105,2014,102,18,17.11,14.86,0,0,.25,12.3
105,2014,102,24,17,14.37,0,0,.25,12.3
105,2014,102,30,16.89,14.07,0,0,.25,12.3
105,2014,102,36,16.77,14.09,0,0,.25,12.3
105,2014,102,42,16.65,13.98,0,0,.25,12.3
105,2014,102,48,16.53,13.59,0,0,.249,12.3
105,2014,102,54,16.41,13.44,0,0,.25,12.3
105,2014,102,100,16.28,13.81,0,0,.249,12.3
105,2014,102,106,16.15,13.92,0,0,.249,12.3
105,2014,102,112,16.02,13.55,0,0,.249,12.3
105,2014,102,118,15.89,13.44,0,0,.249,12.3
105,2014,102,124,15.76,13.28,0,0,.249,12.3
105,2014,102,130,15.63,13.02,0,0,.249,12.3
105,2014,102,136,15.5,12.98,0,0,.25,12.3
105,2014,102,142,15.37,13.16,0,0,.249,12.3
105,2014,102,148,15.24,13.45,0,0,.249,12.3
105,2014,102,154,15.12,13.53,0,0,.249,12.3
105,2014,102,200,15.01,13.14,0,0,.249,12.3
105,2014,102,206,14.9,13.49,0,0,.249,12.3
105,2014,102,212,14.8,13.37,0,0,.249,12.3
105,2014,102,218,14.7,13.32,0,0,.25,12.3
105,2014,102,224,14.62,13.08,0,0,.249,12.3
105,2014,102,230,14.53,13.14,0,0,.249,12.3
105,2014,102,236,14.44,12.32,0,0,.249,12.3
105,2014,102,242,14.35,12.37,0,0,.249,12.3
105,2014,102,248,14.26,13.02,0,0,.249,12.3
105,2014,102,254,14.17,12.46,0,0,.249,12.3
105,2014,102,300,14.09,12.72,0,0,.249,12.3
105,2014,102,306,14,11.9,0,0,.249,12.3
105,2014,102,312,13.91,12.01,0,0,.249,12.3
105,2014,102,318,13.82,12.13,0,0,.249,12.3
105,2014,102,324,13.72,12.1,0,0,.249,12.3
105,2014,102,330,13.62,11.84,0,0,.25,12.3
105,2014,102,336,13.51,11.74,0,0,.249,12.3
105,2014,102,342,13.4,11.48,0,0,.249,12.3
105,2014,102,348,13.29,10.98,0,0,.249,12.3
105,2014,102,354,13.18,11.13,0,0,.249,12.31
105,2014,102,400,13.06,11.09,0,0,.249,12.31
105,2014,102,406,12.95,11.25,0,0,.249,12.31
105,2014,102,412,12.83,10.25,0,0,.249,12.31
105,2014,102,418,12.71,11.4,0,0,.249,12.3
105,2014,102,424,12.59,10.91,0,0,.249,12.3
105,2014,102,430,12.47,11.13,0,0,.249,12.3
105,2014,102,436,12.37,11.31,0,0,.25,12.3
105,2014,102,442,12.27,11.56,0,0,.249,12.3
105,2014,102,448,12.18,11.85,0,0,.25,12.31
105,2014,102,454,12.11,12.02,0,0,.25,12.31
105,2014,102,500,12.05,11.95,0,0,.25,12.31
105,2014,102,506,11.99,11.79,0,0,.25,12.3
105,2014,102,512,11.94,11.34,0,0,.25,12.3
105,2014,102,518,11.9,11.52,0,0,.25,12.3
105,2014,102,524,11.86,11.23,0,0,.25,12.3
105,2014,102,530,11.81,10.8,0,0,.25,12.3
105,2014,102,536,11.76,10.51,0,0,.251,12.3
105,2014,102,542,11.7,10.44,0,0,.251,12.31
105,2014,102,548,11.64,10.48,0,0,.25,12.31
105,2014,102,554,11.57,10.43,0,0,.25,12.31
105,2014,102,600,11.5,10.12,0,0,.251,12.31
105,2014,102,606,11.43,10.11,0,0,.251,12.31
105,2014,102,612,11.35,10.14,0,0,.251,12.31
105,2014,102,618,11.26,10.7,0,0,.251,12.31
105,2014,102,624,11.17,10.41,0,0,.251,12.31
105,2014,102,630,11.08,10.09,0,0,.251,12.31
105,2014,102,636,11,9.86,0,0,.251,12.31
105,2014,102,642,10.92,9.83,0,0,.251,12.31
105,2014,102,648,10.84,9.85,0,0,.252,12.31
105,2014,102,654,10.77,10.01,0,0,.252,12.31
105,2014,102,700,10.69,9.56,0,0,.252,12.31
105,2014,102,706,10.61,10.48,0,0,.252,12.31
105,2014,102,712,10.54,10.12,0,0,.252,12.31
105,2014,102,718,10.47,10.79,0,0,.252,12.31
105,2014,102,724,10.41,12.14,0,0,.252,12.31
105,2014,102,730,10.37,13.5,0,0,.252,12.31
105,2014,102,736,10.36,14.61,0,0,.252,12.31
105,2014,102,742,10.4,15.6,0,0,.252,12.3
105,2014,102,748,10.49,16.16,0,0,.251,12.3
105,2014,102,754,10.63,15.96,0,0,.251,12.3
105,2014,102,800,10.81,15.63,0,0,.251,12.3
105,2014,102,806,11.02,15.47,0,0,.251,12.3
105,2014,102,812,11.23,15.82,0,0,.251,12.3
105,2014,102,818,11.45,16.65,0,0,.25,12.3
105,2014,102,824,11.68,17.22,0,0,.25,12.3
105,2014,102,830,11.92,17.76,0,0,.25,12.3
105,2014,102,836,12.17,18.34,0,0,.25,12.3
105,2014,102,842,12.45,18.48,0,0,.249,12.3
105,2014,102,848,12.75,19.04,0,0,.249,12.3
105,2014,102,854,13.06,18.77,0,0,.248,12.3
105,2014,102,900,13.39,19.52,0,0,.249,12.3
105,2014,102,906,13.72,19.52,0,0,.248,12.3
105,2014,102,912,14.04,19.89,0,0,.248,12.3
105,2014,102,918,14.38,19.96,0,0,.248,12.3
105,2014,102,924,14.7,21.02,0,0,.247,12.3
105,2014,102,930,15.03,21.17,0,0,.246,12.3
105,2014,102,936,15.36,21.09,0,0,.246,12.3
105,2014,102,942,15.68,20.85,0,0,.246,12.3
105,2014,102,948,16.01,21.73,0,0,.246,12.3
105,2014,102,954,16.33,21.23,0,0,.246,12.3
105,2014,102,1000,16.65,20.84,0,0,.246,12.3
105,2014,102,1006,16.96,19.97,0,0,.246,12.3
105,2014,102,1012,17.25,21.51,0,0,.246,12.3
105,2014,102,1018,17.53,21.63,0,0,.246,12.3
105,2014,102,1024,17.81,20.95,0,0,.247,12.3
105,2014,102,1030,18.09,20.83,0,0,.246,12.3
105,2014,102,1036,18.35,21.9,0,0,.246,12.3
105,2014,102,1042,18.61,22.38,0,0,.246,12.29
105,2014,102,1048,18.86,22.81,0,0,.246,12.29
105,2014,102,1054,19.11,22.99,0,0,.246,12.29
105,2014,102,1100,19.37,23.23,0,0,.246,12.29
105,2014,102,1106,19.62,23.37,0,0,.246,12.29
105,2014,102,1112,19.86,23.69,0,0,.246,12.29
105,2014,102,1118,20.1,23.15,0,0,.245,12.29
105,2014,102,1124,20.32,23.95,0,0,.246,12.29
105,2014,102,1130,20.55,23.95,0,0,.245,12.29
105,2014,102,1136,20.77,23.91,0,0,.245,12.29
105,2014,102,1142,20.99,23.87,0,0,.246,12.29
105,2014,102,1148,21.21,24.01,0,0,.247,12.29
105,2014,102,1154,21.4,24.37,0,0,.247,12.29
105,2014,102,1200,21.59,24.04,0,0,.248,12.29
105,2014,102,1206,21.77,24.13,0,0,.248,12.29
105,2014,102,1212,21.94,24.57,0,0,.248,12.29
105,2014,102,1218,22.1,24.56,0,0,.247,12.29
105,2014,102,1224,22.25,24.56,0,0,.248,12.29
105,2014,102,1230,22.4,24.97,0,0,.246,12.29
105,2014,102,1236,22.55,24.58,0,0,.246,12.29
105,2014,102,1242,22.71,25.19,0,0,.246,12.29
105,2014,102,1248,22.86,24.77,0,0,.246,12.29
105,2014,102,1254,23.02,24.92,0,0,.246,12.29
105,2014,102,1300,23.18,25.08,0,0,.245,12.29
105,2014,102,1306,23.33,25.23,0,0,.245,12.29
105,2014,102,1312,23.47,25.22,0,0,.245,12.29
105,2014,102,1318,23.6,25.37,0,0,.245,12.29
105,2014,102,1324,23.73,24.55,0,0,.245,12.29
105,2014,102,1330,23.86,25.53,0,0,.244,12.29
105,2014,102,1336,23.98,24.83,0,0,.245,12.29
105,2014,102,1342,24.09,24.91,0,0,.244,12.29
105,2014,102,1348,24.19,25.14,0,0,.244,12.29
105,2014,102,1354,24.29,25.57,0,0,.243,12.29
105,2014,102,1400,24.39,24.92,0,0,.242,12.29
105,2014,102,1406,24.48,25.48,0,0,.241,12.29
105,2014,102,1412,24.57,24.93,0,0,.241,12.29
105,2014,102,1418,24.66,24.85,0,0,.241,12.29
105,2014,102,1424,24.73,24.34,0,0,.241,12.29
105,2014,102,1430,24.79,24.67,0,0,.24,12.29
105,2014,102,1436,24.82,24.3,0,0,.24,12.29
105,2014,102,1442,24.85,24.74,0,0,.24,12.29
105,2014,102,1448,24.87,25.26,0,0,.24,12.29
105,2014,102,1454,24.89,25.18,0,0,.24,12.29
105,2014,102,1500,24.91,24.88,0,0,.24,12.29
105,2014,102,1506,24.93,25.07,0,0,.238,12.29
105,2014,102,1512,24.95,25.06,0,0,.238,12.29
105,2014,102,1518,24.98,25.1,0,0,.238,12.29
105,2014,102,1524,25,24.19,0,0,.238,12.29
105,2014,102,1530,25.01,24.67,0,0,.238,12.29
105,2014,102,1536,25.01,24.39,0,0,.238,12.29
105,2014,102,1542,25.01,24.44,0,0,.238,12.29
105,2014,102,1548,25,24.12,0,0,.237,12.29
105,2014,102,1554,24.99,24.03,0,0,.237,12.29
105,2014,102,1600,24.99,23.47,0,0,.237,12.29
105,2014,102,1606,24.96,23.02,0,0,.237,12.29
105,2014,102,1612,24.93,22.79,0,0,.237,12.29
105,2014,102,1618,24.88,22.74,0,0,.237,12.29
105,2014,102,1624,24.82,22.77,0,0,.237,12.29
105,2014,102,1630,24.75,22.85,0,0,.237,12.29
105,2014,102,1636,24.66,22.51,0,0,.237,12.29
105,2014,102,1642,24.57,22.63,0,0,.237,12.29
105,2014,102,1648,24.47,22.34,0,0,.237,12.3
105,2014,102,1654,24.36,22.51,0,0,.237,12.3
105,2014,102,1700,24.24,22.3,0,0,.237,12.29
105,2014,102,1706,24.11,22.24,0,0,.237,12.29
105,2014,102,1712,23.99,22.38,0,0,.238,12.29
105,2014,102,1718,23.86,22.13,0,0,.237,12.29
105,2014,102,1724,23.75,21.68,0,0,.238,12.29
105,2014,102,1730,23.63,21.59,0,0,.238,12.3
105,2014,102,1736,23.51,21.47,0,0,.238,12.3
105,2014,102,1742,23.38,21.37,0,0,.239,12.3
105,2014,102,1748,23.24,21.28,0,0,.239,12.3
105,2014,102,1754,23.11,21.04,0,0,.239,12.3
105,2014,102,1800,22.96,20.81,0,0,.239,12.29
105,2014,102,1806,22.82,21.07,0,0,.24,12.3
105,2014,102,1812,22.69,20.78,0,0,.239,12.29
105,2014,102,1818,22.55,20.43,0,0,.239,12.3
105,2014,102,1824,22.41,20.25,0,0,.239,12.3
105,2014,102,1830,22.27,19.99,0,0,.24,12.3
105,2014,102,1836,22.13,19.84,0,0,.239,12.3
105,2014,102,1842,21.99,19.8,0,0,.24,12.3
105,2014,102,1848,21.84,19.39,0,0,.24,12.3
105,2014,102,1854,21.68,19.34,0,0,.239,12.3
105,2014,102,1900,21.52,19.1,0,0,.239,12.3
105,2014,102,1906,21.37,18.67,0,0,.24,12.3
105,2014,102,1912,21.21,18.32,0,0,.24,12.3
105,2014,102,1918,21.06,17.99,0,0,.239,12.3
105,2014,102,1924,20.9,17.53,0,0,.239,12.3
105,2014,102,1930,20.74,17.28,0,0,.239,12.3
105,2014,102,1936,20.58,17.25,0,0,.239,12.3
105,2014,102,1942,20.42,16.97,0,0,.239,12.3
105,2014,102,1948,20.27,16.71,0,0,.239,12.3
105,2014,102,1954,20.11,16.75,0,0,.238,12.3
105,2014,102,2000,19.94,16.74,0,0,.238,12.3
105,2014,102,2006,19.77,16.59,0,0,.237,12.3
105,2014,102,2012,19.61,16.56,0,0,.237,12.3
105,2014,102,2018,19.45,16.26,0,0,.238,12.3
105,2014,102,2024,19.3,16.42,0,0,.237,12.3
105,2014,102,2030,19.15,16.21,0,0,.237,12.3
105,2014,102,2036,18.99,16.16,0,0,.237,12.3
105,2014,102,2042,18.84,16.3,0,0,.237,12.3
105,2014,102,2048,18.7,15.97,0,0,.237,12.3
105,2014,102,2054,18.56,15.89,0,0,.237,12.3
105,2014,102,2100,18.42,15.76,0,0,.237,12.3
105,2014,102,2106,18.29,15.38,0,0,.237,12.3
105,2014,102,2112,18.15,15.7,0,0,.237,12.3
105,2014,102,2118,18.01,15.61,0,0,.237,12.3
105,2014,102,2124,17.89,15.55,0,0,.238,12.3
105,2014,102,2130,17.76,15.41,0,0,.237,12.3
105,2014,102,2136,17.63,15.34,0,0,.236,12.3
105,2014,102,2142,17.51,15.14,0,0,.237,12.3
105,2014,102,2148,17.39,15.04,0,0,.236,12.3
105,2014,102,2154,17.27,15.1,0,0,.236,12.3
105,2014,102,2200,17.16,15.08,0,0,.237,12.3
105,2014,102,2206,17.05,15.16,0,0,.236,12.3
105,2014,102,2212,16.94,15.19,0,0,.237,12.3
105,2014,102,2218,16.84,15.11,0,0,.237,12.3
105,2014,102,2224,16.74,14.86,0,0,.237,12.3
105,2014,102,2230,16.65,14.58,0,0,.236,12.31
105,2014,102,2236,16.56,14.51,0,0,.236,12.31
105,2014,102,2242,16.47,14.26,0,0,.236,12.31
105,2014,102,2248,16.38,14.09,0,0,.237,12.31
105,2014,102,2254,16.29,14.14,0,0,.236,12.3
105,2014,102,2300,16.2,14.05,0,0,.235,12.3
105,2014,102,2306,16.11,13.95,0,0,.237,12.3
105,2014,102,2312,16.01,13.72,0,0,.236,12.3
105,2014,102,2318,15.91,13.55,0,0,.237,12.3
105,2014,102,2324,15.81,13.65,0,0,.236,12.3
105,2014,102,2330,15.71,13.14,0,0,.236,12.3
105,2014,102,2336,15.6,13.12,0,0,.236,12.3
105,2014,102,2342,15.5,12.87,0,0,.236,12.3
105,2014,102,2348,15.39,12.81,0,0,.236,12.3
105,2014,102,2354,15.28,13.08,0,0,.236,12.31
105,2014,103,0,15.16,13.09,0,0,.236,12.3
105,2014,103,6,15.05,13.14,0,0,.236,12.31
105,2014,103,12,14.94,12.83,0,0,.235,12.31
105,2014,103,18,14.83,12.49,0,0,.236,12.31
105,2014,103,24,14.73,12.68,0,0,.236,12.31
105,2014,103,30,14.63,12.55,0,0,.236,12.31
105,2014,103,36,14.53,12.36,0,0,.236,12.3
105,2014,103,42,14.43,12.61,0,0,.236,12.3
105,2014,103,48,14.33,12.65,0,0,.236,12.3
105,2014,103,54,14.23,12.57,0,0,.236,12.3
105,2014,103,100,14.14,12.82,0,0,.236,12.3
105,2014,103,106,14.06,13.02,0,0,.236,12.31
105,2014,103,112,13.98,12.94,0,0,.236,12.31
105,2014,103,118,13.91,13.17,0,0,.236,12.31
105,2014,103,124,13.85,13.07,0,0,.236,12.31
105,2014,103,130,13.8,13.13,0,0,.236,12.31
105,2014,103,136,13.75,12.95,0,0,.236,12.31
105,2014,103,142,13.71,12.93,0,0,.236,12.31
105,2014,103,148,13.67,12.83,0,0,.236,12.3
105,2014,103,154,13.63,12.72,0,0,.236,12.31
105,2014,103,200,13.59,12.64,0,0,.236,12.3
105,2014,103,206,13.55,12.66,0,0,.236,12.3
105,2014,103,212,13.51,12.59,0,0,.236,12.3
105,2014,103,218,13.47,12.67,0,0,.235,12.3
105,2014,103,224,13.43,12.51,0,0,.235,12.31
105,2014,103,230,13.39,12.48,0,0,.235,12.3
105,2014,103,236,13.35,12.63,0,0,.236,12.31
105,2014,103,242,13.32,12.7,0,0,.235,12.31
105,2014,103,248,13.29,12.96,0,0,.235,12.31
105,2014,103,254,13.26,13.29,0,0,.235,12.31
105,2014,103,300,13.25,13.42,0,0,.235,12.31
105,2014,103,306,13.24,13.58,0,0,.236,12.31
105,2014,103,312,13.26,13.76,0,0,.236,12.31
105,2014,103,318,13.28,13.91,0,0,.237,12.31
105,2014,103,324,13.31,13.97,0,0,.237,12.31
105,2014,103,330,13.35,14,0,0,.237,12.31
105,2014,103,336,13.4,13.98,0,0,.236,12.31
105,2014,103,342,13.46,13.95,0,0,.236,12.31
105,2014,103,348,13.52,13.93,0,0,.237,12.31
105,2014,103,354,13.57,13.9,0,0,.236,12.3
105,2014,103,400,13.63,13.91,0,0,.237,12.3
105,2014,103,406,13.69,13.8,0,0,.237,12.3
105,2014,103,412,13.73,13.8,0,0,.237,12.3
105,2014,103,418,13.78,13.76,0,0,.237,12.3
105,2014,103,424,13.82,13.62,0,0,.237,12.3
105,2014,103,430,13.85,13.5,0,0,.237,12.3
105,2014,103,436,13.87,13.41,0,0,.237,12.3
105,2014,103,442,13.89,13.34,0,0,.238,12.3
105,2014,103,448,13.91,13.31,0,0,.237,12.3
105,2014,103,454,13.91,13.21,0,0,.237,12.3
105,2014,103,500,13.91,13.18,0,0,.237,12.3
105,2014,103,506,13.91,13.09,0,0,.237,12.3
105,2014,103,512,13.9,12.98,0,0,.237,12.3
105,2014,103,518,13.89,13,0,0,.237,12.3
105,2014,103,524,13.87,12.72,0,0,.237,12.3
105,2014,103,530,13.85,12.73,0,0,.237,12.3
105,2014,103,536,13.82,12.67,0,0,.237,12.3
105,2014,103,542,13.78,12.68,0,0,.237,12.3
105,2014,103,548,13.75,12.61,0,0,.237,12.3
105,2014,103,554,13.71,12.33,0,0,.236,12.3
105,2014,103,600,13.67,12.34,0,0,.237,12.3
105,2014,103,606,13.62,12.06,0,0,.237,12.3
105,2014,103,612,13.57,12.05,0,0,.237,12.3
105,2014,103,618,13.51,11.81,0,0,.237,12.3
105,2014,103,624,13.44,11.82,0,0,.237,12.3
105,2014,103,630,13.38,11.63,0,0,.237,12.31
105,2014,103,636,13.3,11.6,0,0,.237,12.31
105,2014,103,642,13.23,11.62,0,0,.237,12.31
105,2014,103,648,13.15,11.53,0,0,.237,12.31
105,2014,103,654,13.08,11.42,0,0,.237,12.31
105,2014,103,700,13,11.33,0,0,.237,12.31
105,2014,103,706,12.92,11.22,0,0,.237,12.31
105,2014,103,712,12.84,11.4,0,0,.237,12.31
105,2014,103,718,12.76,11.47,0,0,.237,12.3
105,2014,103,724,12.68,11.68,0,0,.238,12.3
105,2014,103,730,12.61,11.88,0,0,.238,12.3
105,2014,103,736,12.54,12.65,0,0,.238,12.3
105,2014,103,742,12.48,13.29,0,0,.238,12.3
105,2014,103,748,12.44,13.72,0,0,.237,12.3
105,2014,103,754,12.42,14.38,0,0,.237,12.3
105,2014,103,800,12.42,14.53,0,0,.238,12.3
105,2014,103,806,12.44,14.63,0,0,.237,12.3
105,2014,103,812,12.48,15.19,0,0,.237,12.3
105,2014,103,818,12.55,15.6,0,0,.236,12.3
105,2014,103,824,12.64,15.75,0,0,.235,12.3
105,2014,103,830,12.75,16.16,0,0,.235,12.3
105,2014,103,836,12.89,16.52,0,0,.235,12.3
105,2014,103,842,13.05,17.11,0,0,.235,12.3
105,2014,103,848,13.22,16.76,0,0,.236,12.3
105,2014,103,854,13.41,17.15,0,0,.235,12.3
105,2014,103,900,13.6,17.68,0,0,.235,12.3
105,2014,103,906,13.81,17.88,0,0,.235,12.3
105,2014,103,912,14.02,18.58,0,0,.235,12.3
105,2014,103,918,14.24,19.5,0,0,.235,12.3
105,2014,103,924,14.48,19.71,0,0,.235,12.3
105,2014,103,930,14.74,20.8,0,0,.235,12.3
105,2014,103,936,15.02,21.09,0,0,.234,12.3
105,2014,103,942,15.33,21.98,0,0,.235,12.3
105,2014,103,948,15.65,21.92,0,0,.234,12.3
105,2014,103,954,15.99,22.69,0,0,.234,12.3
105,2014,103,1000,16.35,22.74,0,0,.234,12.3
105,2014,103,1006,16.72,23.57,0,0,.233,12.3
105,2014,103,1012,17.1,23.44,0,0,.232,12.3
105,2014,103,1018,17.48,24.27,0,0,.232,12.3
105,2014,103,1024,17.87,24.67,0,0,.232,12.29
105,2014,103,1030,18.25,25.01,0,0,.232,12.29
105,2014,103,1036,18.65,25.82,0,0,.232,12.29
105,2014,103,1042,19.05,25.95,0,0,.231,12.29
105,2014,103,1048,19.45,25.29,0,0,.232,12.29
105,2014,103,1054,19.85,24.58,0,0,.232,12.29
105,2014,103,1100,20.23,25.16,0,0,.232,12.29
105,2014,103,1106,20.58,24.68,0,0,.231,12.29
105,2014,103,1112,20.93,24.66,0,0,.232,12.29
105,2014,103,1118,21.25,23.96,0,0,.233,12.29
105,2014,103,1124,21.53,23.81,0,0,.234,12.29
105,2014,103,1130,21.79,24.86,0,0,.234,12.29
105,2014,103,1136,22.03,25.13,0,0,.234,12.29
105,2014,103,1142,22.24,24.92,0,0,.234,12.29
105,2014,103,1148,22.46,25,0,0,.234,12.29
105,2014,103,1154,22.67,25.86,0,0,.234,12.29
105,2014,103,1200,22.88,26.68,0,0,.234,12.29
105,2014,103,1206,23.09,25.83,0,0,.234,12.29
105,2014,103,1212,23.32,26.86,0,0,.234,12.29
105,2014,103,1218,23.55,26.67,0,0,.233,12.29
105,2014,103,1224,23.79,27.63,0,0,.233,12.29
105,2014,103,1230,24.03,26.64,0,0,.231,12.29
105,2014,103,1236,24.28,26.24,0,0,.231,12.29
105,2014,103,1242,24.5,26.55,0,0,.23,12.29
105,2014,103,1248,24.71,26.99,0,0,.23,12.29
105,2014,103,1254,24.92,27.07,0,0,.23,12.29
105,2014,103,1300,25.12,27.55,0,0,.229,12.29
105,2014,103,1306,25.32,27.55,0,0,.229,12.29
105,2014,103,1312,25.51,27.03,0,0,.229,12.29
105,2014,103,1318,25.7,26.73,0,0,.229,12.29
105,2014,103,1324,25.86,27.08,0,0,.229,12.29
105,2014,103,1330,26.01,26.95,0,0,.229,12.29
105,2014,103,1336,26.15,27.33,0,0,.229,12.29
105,2014,103,1342,26.28,27.18,0,0,.228,12.29
105,2014,103,1348,26.4,26.36,0,0,.228,12.29
105,2014,103,1354,26.52,26.38,0,0,.228,12.29
105,2014,103,1400,26.62,27.05,0,0,.228,12.29
105,2014,103,1406,26.73,26.48,0,0,.229,12.29
105,2014,103,1412,26.84,26.57,0,0,.228,12.29
105,2014,103,1418,26.93,25.98,0,0,.228,12.29
105,2014,103,1424,27.01,26.08,0,0,.229,12.29
105,2014,103,1430,27.06,26.47,0,0,.229,12.29
105,2014,103,1436,27.11,26.55,0,0,.228,12.29
105,2014,103,1442,27.15,25.75,0,0,.228,12.29
105,2014,103,1448,27.18,25.44,0,0,.228,12.29
105,2014,103,1454,27.2,25.88,0,0,.228,12.29
105,2014,103,1500,27.22,25.34,0,0,.228,12.29
105,2014,103,1506,27.22,24.9,0,0,.228,12.29
105,2014,103,1512,27.21,24.07,0,0,.228,12.29
105,2014,103,1518,27.19,23.81,0,0,.228,12.29
105,2014,103,1524,27.14,24.04,0,0,.228,12.29
105,2014,103,1530,27.08,23.71,0,0,.228,12.29
105,2014,103,1536,27,23.53,0,0,.228,12.29
105,2014,103,1542,26.91,23.59,0,0,.229,12.29
105,2014,103,1548,26.81,23.99,0,0,.228,12.29
105,2014,103,1554,26.72,24.1,0,0,.228,12.29
105,2014,103,1600,26.62,23.76,0,0,.227,12.29
105,2014,103,1606,26.53,23.26,0,0,.227,12.29
105,2014,103,1612,26.43,23.9,0,0,.226,12.29
105,2014,103,1618,26.34,23.83,0,0,.226,12.29
105,2014,103,1624,26.25,23.53,0,0,.226,12.29
105,2014,103,1630,26.17,23.35,0,0,.226,12.29
105,2014,103,1636,26.1,23.29,0,0,.226,12.29
105,2014,103,1642,26.02,23.45,0,0,.226,12.29
105,2014,103,1648,25.93,23.08,0,0,.226,12.29
105,2014,103,1654,25.84,23.02,0,0,.226,12.29
105,2014,103,1700,25.75,22.79,0,0,.226,12.29
105,2014,103,1706,25.65,22.79,0,0,.226,12.29
105,2014,103,1712,25.53,22.82,0,0,.226,12.29
105,2014,103,1718,25.42,22.72,0,0,.226,12.29
105,2014,103,1724,25.3,22.58,0,0,.226,12.3
105,2014,103,1730,25.19,22.32,0,0,.226,12.3
105,2014,103,1736,25.09,21.82,0,0,.226,12.3
105,2014,103,1742,24.98,21.52,0,0,.226,12.3
105,2014,103,1748,24.86,21.4,0,0,.226,12.3
105,2014,103,1754,24.74,21.09,0,0,.226,12.3
105,2014,103,1800,24.61,21.05,0,0,.226,12.3
105,2014,103,1806,24.47,21.09,0,0,.226,12.3
105,2014,103,1812,24.33,20.87,0,0,.226,12.3
105,2014,103,1818,24.19,20.46,0,0,.226,12.3
105,2014,103,1824,24.04,20.09,0,0,.226,12.3
105,2014,103,1830,23.88,19.87,0,0,.227,12.3
105,2014,103,1836,23.72,19.77,0,0,.227,12.3
105,2014,103,1842,23.55,19.5,0,0,.227,12.3
105,2014,103,1848,23.38,19.35,0,0,.228,12.3
105,2014,103,1854,23.19,19.26,0,0,.228,12.3
105,2014,103,1900,23.01,19.14,0,0,.228,12.3
105,2014,103,1906,22.83,18.89,0,0,.228,12.3
105,2014,103,1912,22.65,18.63,0,0,.228,12.3
105,2014,103,1918,22.48,18.37,0,0,.229,12.3
105,2014,103,1924,22.29,18.14,0,0,.229,12.3
105,2014,103,1930,22.1,17.97,0,0,.228,12.3
105,2014,103,1936,21.91,17.86,0,0,.228,12.3
105,2014,103,1942,21.73,17.67,0,0,.229,12.3
105,2014,103,1948,21.54,17.56,0,0,.229,12.3
105,2014,103,1954,21.35,17.25,0,0,.228,12.3
105,2014,103,2000,21.16,17.1,0,0,.228,12.3
105,2014,103,2006,20.97,16.85,0,0,.228,12.3
105,2014,103,2012,20.78,16.72,0,0,.228,12.3
105,2014,103,2018,20.59,16.7,0,0,.228,12.3
105,2014,103,2024,20.4,16.6,0,0,.227,12.3
105,2014,103,2030,20.21,16.44,0,0,.227,12.3
105,2014,103,2036,20.03,16.4,0,0,.227,12.3
105,2014,103,2042,19.85,16.45,0,0,.227,12.3
105,2014,103,2048,19.67,16.08,0,0,.226,12.3
105,2014,103,2054,19.49,16.15,0,0,.226,12.3
105,2014,103,2100,19.32,15.83,0,0,.226,12.3
105,2014,103,2106,19.15,15.6,0,0,.226,12.3
105,2014,103,2112,18.99,15.19,0,0,.226,12.3
105,2014,103,2118,18.82,15.39,0,0,.226,12.3
105,2014,103,2124,18.65,15.28,0,0,.226,12.3
105,2014,103,2130,18.5,15.23,0,0,.226,12.3
105,2014,103,2136,18.34,14.83,0,0,.226,12.3
105,2014,103,2142,18.17,14.81,0,0,.226,12.3
105,2014,103,2148,18.02,14.83,0,0,.226,12.3
105,2014,103,2154,17.86,14.63,0,0,.226,12.3
105,2014,103,2200,17.71,14.38,0,0,.226,12.3
105,2014,103,2206,17.56,14.1,0,0,.226,12.3
105,2014,103,2212,17.4,14.08,0,0,.226,12.3
105,2014,103,2218,17.25,14.22,0,0,.226,12.3
105,2014,103,2224,17.09,14.1,0,0,.226,12.3
105,2014,103,2230,16.95,14.02,0,0,.226,12.3
105,2014,103,2236,16.8,14.1,0,0,.226,12.3
105,2014,103,2242,16.66,14.08,0,0,.225,12.3
105,2014,103,2248,16.52,14,0,0,.226,12.3
105,2014,103,2254,16.38,13.56,0,0,.226,12.3
105,2014,103,2300,16.25,13.57,0,0,.226,12.3
105,2014,103,2306,16.12,13.46,0,0,.226,12.3
105,2014,103,2312,15.99,13.51,0,0,.226,12.3
105,2014,103,2318,15.86,13.62,0,0,.226,12.3
105,2014,103,2324,15.72,13.53,0,0,.226,12.3
105,2014,103,2330,15.6,13.31,0,0,.227,12.3
105,2014,103,2336,15.47,13.7,0,0,.227,12.3
105,2014,103,2342,15.36,13.08,0,0,.226,12.3
105,2014,103,2348,15.24,13.08,0,0,.226,12.3
105,2014,103,2354,15.13,13.23,0,0,.226,12.3
105,2014,104,0,15.01,13.2,0,0,.226,12.3
105,2014,104,6,14.9,12.93,0,0,.226,12.3
105,2014,104,12,14.79,12.91,0,0,.226,12.3
105,2014,104,18,14.69,12.88,0,0,.226,12.3
105,2014,104,24,14.58,13.14,0,0,.226,12.3
105,2014,104,30,14.48,13.03,0,0,.226,12.3
105,2014,104,36,14.38,12.9,0,0,.226,12.3
105,2014,104,42,14.28,13.04,0,0,.225,12.3
105,2014,104,48,14.18,12.81,0,0,.226,12.3
105,2014,104,54,14.08,12.9,0,0,.226,12.3
105,2014,104,100,13.99,12.5,0,0,.226,12.3
105,2014,104,106,13.9,12.57,0,0,.226,12.3
105,2014,104,112,13.81,12.51,0,0,.226,12.3
105,2014,104,118,13.72,12.56,0,0,.226,12.3
105,2014,104,124,13.63,12.28,0,0,.226,12.3
105,2014,104,130,13.54,12.52,0,0,.227,12.3
105,2014,104,136,13.45,12.25,0,0,.226,12.3
105,2014,104,142,13.37,12.36,0,0,.226,12.3
105,2014,104,148,13.28,12.56,0,0,.226,12.3
105,2014,104,154,13.2,12.25,0,0,.225,12.3
105,2014,104,200,13.12,12.25,0,0,.225,12.31
105,2014,104,206,13.04,11.91,0,0,.226,12.31
105,2014,104,212,12.96,12.05,0,0,.226,12.31
105,2014,104,218,12.89,12.2,0,0,.226,12.3
105,2014,104,224,12.82,12.08,0,0,.226,12.3
105,2014,104,230,12.75,11.89,0,0,.226,12.3
105,2014,104,236,12.68,12.42,0,0,.226,12.3
105,2014,104,242,12.62,12.38,0,0,.226,12.3
105,2014,104,248,12.56,12.51,0,0,.226,12.3
105,2014,104,254,12.5,12.26,0,0,.226,12.3
105,2014,104,300,12.45,12.38,0,0,.225,12.3
105,2014,104,306,12.4,12.58,0,0,.226,12.3
105,2014,104,312,12.36,12.45,0,0,.226,12.3
105,2014,104,318,12.32,12.47,0,0,.226,12.3
105,2014,104,324,12.29,12.71,0,0,.226,12.3
105,2014,104,330,12.26,13.54,0,0,.226,12.3
105,2014,104,336,12.24,13.48,0,0,.226,12.3
105,2014,104,342,12.24,13.73,0,0,.226,12.31
105,2014,104,348,12.24,14.93,0,0,.226,12.31
105,2014,104,354,12.26,14.73,0,0,.227,12.31
105,2014,104,400,12.29,15.57,0,0,.227,12.3
105,2014,104,406,12.34,15.72,0,0,.226,12.3
105,2014,104,412,12.41,15.89,0,0,.226,12.3
105,2014,104,418,12.49,15.68,0,0,.226,12.3
105,2014,104,424,12.58,16.16,0,0,.226,12.3
105,2014,104,430,12.68,15.86,0,0,.226,12.3
105,2014,104,436,12.79,16.63,0,0,.226,12.3
105,2014,104,442,12.91,16.04,0,0,.226,12.3
105,2014,104,448,13.03,16.3,0,0,.226,12.3
105,2014,104,454,13.15,16.44,0,0,.226,12.3
105,2014,104,500,13.28,16.2,0,0,.226,12.3
105,2014,104,506,13.4,16.22,0,0,.226,12.3
105,2014,104,512,13.51,16.25,0,0,.226,12.3
105,2014,104,518,13.62,16.14,0,0,.226,12.3
105,2014,104,524,13.72,16.09,0,0,.226,12.3
105,2014,104,530,13.82,15.94,0,0,.226,12.3
105,2014,104,536,13.9,16.06,0,0,.226,12.3
105,2014,104,542,13.99,15.97,0,0,.226,12.3
105,2014,104,548,14.07,16.18,0,0,.226,12.3
105,2014,104,554,14.14,16.1,0,0,.226,12.3
105,2014,104,600,14.21,15.86,0,0,.226,12.3
105,2014,104,606,14.27,16.12,0,0,.226,12.3
105,2014,104,612,14.33,16.08,0,0,.226,12.3
105,2014,104,618,14.39,15.85,0,0,.226,12.3
105,2014,104,624,14.44,16.02,0,0,.226,12.3
105,2014,104,630,14.49,15.49,0,0,.226,12.3
105,2014,104,636,14.53,15.63,0,0,.226,12.3
105,2014,104,642,14.56,15.74,0,0,.226,12.3
105,2014,104,648,14.59,15.82,0,0,.226,12.3
105,2014,104,654,14.61,15.82,0,0,.226,12.3
105,2014,104,700,14.64,16.06,0,0,.226,12.3
105,2014,104,706,14.67,16.43,0,0,.226,12.3
105,2014,104,712,14.7,16.54,0,0,.226,12.3
105,2014,104,718,14.74,16.75,0,0,.226,12.3
105,2014,104,724,14.78,17,0,0,.226,12.3
105,2014,104,730,14.84,17.09,0,0,.226,12.3
105,2014,104,736,14.91,17.16,0,0,.226,12.3
105,2014,104,742,14.98,17.38,0,0,.226,12.3
105,2014,104,748,15.06,17.98,0,0,.226,12.3
105,2014,104,754,15.15,19.01,0,0,.226,12.3
105,2014,104,800,15.26,19.49,0,0,.226,12.3
105,2014,104,806,15.4,19.92,0,0,.226,12.3
105,2014,104,812,15.57,20.59,0,0,.226,12.3
105,2014,104,818,15.76,20.71,0,0,.225,12.3
105,2014,104,824,15.98,21.1,0,0,.224,12.3
105,2014,104,830,16.22,21.66,0,0,.224,12.3
105,2014,104,836,16.48,22.01,0,0,.224,12.3
105,2014,104,842,16.76,22.16,0,0,.224,12.3
105,2014,104,848,17.04,22.75,0,0,.224,12.3
105,2014,104,854,17.35,23.1,0,0,.224,12.3
105,2014,104,900,17.67,23.45,0,0,.224,12.3
105,2014,104,906,18,23.86,0,0,.224,12.3
105,2014,104,912,18.34,24.18,0,0,.224,12.3
105,2014,104,918,18.69,22.99,0,0,.224,12.29
105,2014,104,924,19.03,23.26,0,0,.224,12.3
105,2014,104,930,19.37,23.02,0,0,.223,12.3
105,2014,104,936,19.67,23.93,0,0,.224,12.3
105,2014,104,942,19.96,23.94,0,0,.224,12.3
105,2014,104,948,20.25,23.9,0,0,.223,12.29
105,2014,104,954,20.53,23.05,0,0,.224,12.3
105,2014,104,1000,20.79,23.26,0,0,.224,12.3
105,2014,104,1006,21.04,22.96,0,0,.225,12.3
105,2014,104,1012,21.25,22.84,0,0,.226,12.3
105,2014,104,1018,21.44,22.95,0,0,.226,12.3
105,2014,104,1024,21.61,23.23,0,0,.226,12.3
105,2014,104,1030,21.77,23.05,0,0,.226,12.3
105,2014,104,1036,21.9,23.58,0,0,.226,12.3
105,2014,104,1042,22.04,24.53,0,0,.226,12.29
105,2014,104,1048,22.18,24.76,0,0,.226,12.29
105,2014,104,1054,22.34,24.14,0,0,.226,12.29
105,2014,104,1100,22.51,23.51,0,0,.226,12.29
105,2014,104,1106,22.68,23.46,0,0,.226,12.3
105,2014,104,1112,22.83,23.88,0,0,.225,12.3
105,2014,104,1118,22.98,24.66,0,0,.226,12.29
105,2014,104,1124,23.12,25.21,0,0,.226,12.29
105,2014,104,1130,23.28,24.28,0,0,.226,12.29
105,2014,104,1136,23.43,24.87,0,0,.226,12.29
105,2014,104,1142,23.57,24.05,0,0,.225,12.29
105,2014,104,1148,23.71,23.69,0,0,.226,12.29
105,2014,104,1154,23.83,23.72,0,0,.225,12.29
105,2014,104,1200,23.94,23.7,0,0,.224,12.29
105,2014,104,1206,24.02,23.96,0,0,.225,12.29
105,2014,104,1212,24.1,23.91,0,0,.225,12.29
105,2014,104,1218,24.16,24.02,0,0,.224,12.29
105,2014,104,1224,24.21,24.47,0,0,.224,12.29
105,2014,104,1230,24.27,26.5,0,0,.224,12.29
105,2014,104,1236,24.33,24.99,0,0,.224,12.29
105,2014,104,1242,24.42,25.13,0,0,.224,12.29
105,2014,104,1248,24.51,25.46,0,0,.223,12.29
105,2014,104,1254,24.61,26.19,0,0,.222,12.29
105,2014,104,1300,24.71,26.26,0,0,.221,12.29
105,2014,104,1306,24.82,26.43,0,0,.221,12.29
105,2014,104,1312,24.93,27.16,0,0,.221,12.29
105,2014,104,1318,25.06,26.26,0,0,.221,12.29
105,2014,104,1324,25.2,25.72,0,0,.221,12.29
105,2014,104,1330,25.32,25.67,0,0,.221,12.29
105,2014,104,1336,25.43,25.49,0,0,.221,12.29
105,2014,104,1342,25.52,25.62,0,0,.221,12.29
105,2014,104,1348,25.59,26.85,0,0,.221,12.29
105,2014,104,1354,25.67,27.48,0,0,.22,12.29
105,2014,104,1400,25.77,25.88,0,0,.22,12.29
105,2014,104,1406,25.89,27.27,0,0,.22,12.29
105,2014,104,1412,26,26.59,0,0,.22,12.29
105,2014,104,1418,26.12,27.11,0,0,.22,12.29
105,2014,104,1424,26.23,25.65,0,0,.219,12.29
105,2014,104,1430,26.32,24.51,0,0,.219,12.29
105,2014,104,1436,26.39,24.32,0,0,.22,12.29
105,2014,104,1442,26.42,25.32,0,0,.219,12.29
105,2014,104,1448,26.42,23.79,0,0,.219,12.29
105,2014,104,1454,26.4,24,0,0,.22,12.29
105,2014,104,1500,26.37,23.96,0,0,.22,12.29
105,2014,104,1506,26.33,24.42,0,0,.22,12.29
105,2014,104,1512,26.28,23.47,0,0,.219,12.29
105,2014,104,1518,26.24,24.36,0,0,.22,12.29
105,2014,104,1524,26.21,24.76,0,0,.22,12.29
105,2014,104,1530,26.19,24.35,0,0,.219,12.29
105,2014,104,1536,26.15,24.81,0,0,.22,12.29
105,2014,104,1542,26.12,23.69,0,0,.219,12.29
105,2014,104,1548,26.08,23.44,0,0,.219,12.29
105,2014,104,1554,26.02,23.47,0,0,.22,12.29
105,2014,104,1600,25.96,23.97,0,0,.219,12.29
105,2014,104,1606,25.89,23.87,0,0,.219,12.29
105,2014,104,1612,25.83,24.15,0,0,.22,12.29
105,2014,104,1618,25.77,23.54,0,0,.22,12.29
105,2014,104,1624,25.71,23.29,0,0,.22,12.29
105,2014,104,1630,25.65,23.34,0,0,.22,12.29
105,2014,104,1636,25.58,22.97,0,0,.22,12.29
105,2014,104,1642,25.51,22.21,0,0,.219,12.29
105,2014,104,1648,25.43,22.11,0,0,.22,12.29
105,2014,104,1654,25.33,22.22,0,0,.219,12.29
105,2014,104,1700,25.23,21.73,0,0,.219,12.29
105,2014,104,1706,25.13,21.69,0,0,.22,12.29
105,2014,104,1712,25.01,21.78,0,0,.219,12.29
105,2014,104,1718,24.9,22.03,0,0,.22,12.29
105,2014,104,1724,24.79,22.05,0,0,.219,12.29
105,2014,104,1730,24.69,21.84,0,0,.219,12.29
105,2014,104,1736,24.58,21.69,0,0,.219,12.29
105,2014,104,1742,24.48,21.56,0,0,.219,12.29
105,2014,104,1748,24.38,21.03,0,0,.219,12.3
105,2014,104,1754,24.27,20.77,0,0,.219,12.3
105,2014,104,1800,24.15,20.94,0,0,.219,12.3
105,2014,104,1806,24.03,20.92,0,0,.219,12.29
105,2014,104,1812,23.91,20.75,0,0,.219,12.29
105,2014,104,1818,23.79,20.53,0,0,.22,12.29
105,2014,104,1824,23.67,20.32,0,0,.22,12.3
105,2014,104,1830,23.55,20.29,0,0,.221,12.3
105,2014,104,1836,23.43,20.54,0,0,.221,12.3
105,2014,104,1842,23.3,20.27,0,0,.221,12.29
105,2014,104,1848,23.18,19.76,0,0,.221,12.3
105,2014,104,1854,23.05,19.4,0,0,.221,12.3
105,2014,104,1900,22.91,19.11,0,0,.221,12.3
105,2014,104,1906,22.78,19.02,0,0,.222,12.3
105,2014,104,1912,22.64,18.49,0,0,.221,12.3
105,2014,104,1918,22.49,18.39,0,0,.221,12.3
105,2014,104,1924,22.33,18.29,0,0,.221,12.3
105,2014,104,1930,22.16,18.3,0,0,.221,12.3
105,2014,104,1936,22,18.3,0,0,.221,12.3
105,2014,104,1942,21.84,18.15,0,0,.221,12.3
105,2014,104,1948,21.68,18.03,0,0,.221,12.3
105,2014,104,1954,21.52,18.04,0,0,.221,12.3
105,2014,104,2000,21.36,17.93,0,0,.221,12.3
105,2014,104,2006,21.21,17.88,0,0,.221,12.3
105,2014,104,2012,21.06,17.85,0,0,.221,12.3
105,2014,104,2018,20.92,17.82,0,0,.22,12.3
105,2014,104,2024,20.78,17.79,0,0,.221,12.3
105,2014,104,2030,20.65,17.89,0,0,.221,12.3
105,2014,104,2036,20.52,17.81,0,0,.22,12.3
105,2014,104,2042,20.39,17.79,0,0,.22,12.3
105,2014,104,2048,20.28,17.81,0,0,.22,12.3
105,2014,104,2054,20.17,17.74,0,0,.219,12.3
105,2014,104,2100,20.06,17.86,0,0,.219,12.3
105,2014,104,2106,19.96,17.71,0,0,.219,12.3
105,2014,104,2112,19.86,17.49,0,0,.219,12.3
105,2014,104,2118,19.76,17.18,0,0,.219,12.3
105,2014,104,2124,19.67,17,0,0,.219,12.3
105,2014,104,2130,19.57,16.91,0,0,.219,12.3
105,2014,104,2136,19.47,16.69,0,0,.219,12.3
105,2014,104,2142,19.37,16.53,0,0,.218,12.3
105,2014,104,2148,19.27,16.42,0,0,.219,12.3
105,2014,104,2154,19.17,16.23,0,0,.219,12.3
105,2014,104,2200,19.06,16.09,0,0,.219,12.3
105,2014,104,2206,18.95,16.02,0,0,.219,12.3
105,2014,104,2212,18.84,15.86,0,0,.218,12.3
105,2014,104,2218,18.72,15.77,0,0,.218,12.3
105,2014,104,2224,18.61,15.73,0,0,.219,12.3
105,2014,104,2230,18.5,15.66,0,0,.219,12.3
105,2014,104,2236,18.38,15.65,0,0,.218,12.3
105,2014,104,2242,18.27,15.56,0,0,.219,12.3
105,2014,104,2248,18.16,15.59,0,0,.219,12.3
105,2014,104,2254,18.06,15.59,0,0,.218,12.3
105,2014,104,2300,17.96,15.54,0,0,.219,12.3
105,2014,104,2306,17.86,15.61,0,0,.219,12.3
105,2014,104,2312,17.78,15.6,0,0,.218,12.3
105,2014,104,2318,17.69,15.58,0,0,.219,12.3
105,2014,104,2324,17.6,15.62,0,0,.218,12.3
105,2014,104,2330,17.52,15.62,0,0,.218,12.3
105,2014,104,2336,17.44,15.68,0,0,.219,12.3
105,2014,104,2342,17.37,15.78,0,0,.219,12.3
105,2014,104,2348,17.3,15.76,0,0,.219,12.3
105,2014,104,2354,17.23,15.71,0,0,.219,12.3
105,2014,105,0,17.17,15.82,0,0,.218,12.3
105,2014,105,6,17.12,15.91,0,0,.219,12.3
105,2014,105,12,17.06,15.92,0,0,.219,12.3
105,2014,105,18,17.01,15.96,0,0,.218,12.3
105,2014,105,24,16.97,15.83,0,0,.218,12.3
105,2014,105,30,16.92,15.86,0,0,.218,12.3
105,2014,105,36,16.88,16.06,0,0,.218,12.3
105,2014,105,42,16.84,15.99,0,0,.218,12.3
105,2014,105,48,16.8,15.93,0,0,.219,12.3
105,2014,105,54,16.76,16.02,0,0,.219,12.3
105,2014,105,100,16.73,16.02,0,0,.218,12.3
105,2014,105,106,16.7,15.92,0,0,.219,12.3
105,2014,105,112,16.67,16.07,0,0,.219,12.3
105,2014,105,118,16.64,15.86,0,0,.218,12.3
105,2014,105,124,16.61,15.64,0,0,.218,12.3
105,2014,105,130,16.59,15.52,0,0,.218,12.3
105,2014,105,136,16.57,15.32,0,0,.219,12.3
105,2014,105,142,16.54,15.35,0,0,.219,12.3
105,2014,105,148,16.51,15.37,0,0,.218,12.3
105,2014,105,154,16.49,15.35,0,0,.218,12.3
105,2014,105,200,16.46,15.3,0,0,.219,12.3
105,2014,105,206,16.44,15.55,0,0,.218,12.3
105,2014,105,212,16.42,15.6,0,0,.218,12.3
105,2014,105,218,16.4,15.55,0,0,.219,12.3
105,2014,105,224,16.39,15.55,0,0,.219,12.3
105,2014,105,230,16.37,15.54,0,0,.219,12.3
105,2014,105,236,16.36,15.51,0,0,.218,12.3
105,2014,105,242,16.34,15.44,0,0,.218,12.3
105,2014,105,248,16.33,15.42,0,0,.219,12.3
105,2014,105,254,16.31,15.45,0,0,.219,12.3
105,2014,105,300,16.29,15.37,0,0,.218,12.3
105,2014,105,306,16.26,15.2,0,0,.218,12.3
105,2014,105,312,16.24,15.22,0,0,.218,12.3
105,2014,105,318,16.21,15.34,0,0,.219,12.3
105,2014,105,324,16.19,15.32,0,0,.219,12.3
105,2014,105,330,16.16,15.3,0,0,.218,12.3
105,2014,105,336,16.14,15.32,0,0,.218,12.3
105,2014,105,342,16.13,15.29,0,0,.218,12.3
105,2014,105,348,16.11,15.25,0,0,.218,12.3
105,2014,105,354,16.1,15.21,0,0,.218,12.3
105,2014,105,400,16.08,15.18,0,0,.218,12.3
105,2014,105,406,16.07,15.14,0,0,.219,12.3
105,2014,105,412,16.06,15.09,0,0,.219,12.3
105,2014,105,418,16.04,15.02,0,0,.218,12.3
105,2014,105,424,16.03,14.98,0,0,.218,12.3
105,2014,105,430,16.01,14.91,0,0,.218,12.3
105,2014,105,436,15.99,14.89,0,0,.219,12.3
105,2014,105,442,15.97,14.89,0,0,.219,12.3
105,2014,105,448,15.95,14.8,0,0,.219,12.3
105,2014,105,454,15.93,14.8,0,0,.219,12.3
105,2014,105,500,15.91,14.78,0,0,.219,12.3
105,2014,105,506,15.89,14.73,0,0,.218,12.3
105,2014,105,512,15.86,14.65,0,0,.218,12.3
105,2014,105,518,15.84,14.57,0,0,.218,12.3
105,2014,105,524,15.82,14.59,0,0,.218,12.3
105,2014,105,530,15.8,14.65,0,0,.219,12.3
105,2014,105,536,15.77,14.73,0,0,.219,12.3
105,2014,105,542,15.75,14.93,0,0,.218,12.3
105,2014,105,548,15.73,15.05,0,0,.218,12.3
105,2014,105,554,15.72,15.18,0,0,.219,12.3
105,2014,105,600,15.7,15.1,0,0,.218,12.3
105,2014,105,606,15.7,15,0,0,.219,12.3
105,2014,105,612,15.69,15.07,0,0,.219,12.3
105,2014,105,618,15.69,15.17,0,0,.218,12.3
105,2014,105,624,15.7,15.24,0,0,.218,12.3
105,2014,105,630,15.7,15.22,0,0,.218,12.3
105,2014,105,636,15.71,15.18,0,0,.218,12.3
105,2014,105,642,15.72,15.19,0,0,.218,12.3
105,2014,105,648,15.73,15.19,0,0,.219,12.3
105,2014,105,654,15.74,15.21,0,0,.219,12.3
105,2014,105,700,15.74,15.2,0,0,.218,12.3
105,2014,105,706,15.75,15.23,0,0,.218,12.3
105,2014,105,712,15.76,15.33,0,0,.219,12.3
105,2014,105,718,15.77,15.39,0,0,.219,12.3
105,2014,105,724,15.78,15.46,0,0,.219,12.3
105,2014,105,730,15.8,15.46,0,0,.218,12.3
105,2014,105,736,15.81,15.45,0,0,.219,12.3
105,2014,105,742,15.83,15.46,0,0,.218,12.3
105,2014,105,748,15.85,15.49,0,0,.219,12.3
105,2014,105,754,15.86,15.53,0,0,.218,12.3
105,2014,105,800,15.88,15.56,0,0,.218,12.3
105,2014,105,806,15.9,15.55,0,0,.218,12.3
105,2014,105,812,15.92,15.58,0,0,.219,12.3
105,2014,105,818,15.94,15.59,0,0,.218,12.3
105,2014,105,824,15.96,15.57,0,0,.218,12.3
105,2014,105,830,15.98,15.52,0,0,.218,12.3
105,2014,105,836,16,15.56,0,0,.221,12.3
105,2014,105,842,16.02,15.6,0,0,.221,12.3
105,2014,105,848,16.04,15.68,0,0,.221,12.3
105,2014,105,854,16.06,15.68,0,0,.22,12.3
105,2014,105,900,16.08,15.76,0,0,.221,12.3
105,2014,105,906,16.09,15.8,0,0,.221,12.3
105,2014,105,912,16.11,15.8,0,0,.221,12.3
105,2014,105,918,16.13,15.83,0,0,.222,12.3
105,2014,105,924,16.15,15.85,0,0,.223,12.3
105,2014,105,930,16.18,15.79,0,0,.224,12.3
105,2014,105,936,16.2,15.74,0,0,.227,12.3
105,2014,105,942,16.22,15.73,0,0,.231,12.3
105,2014,105,948,16.24,15.74,0,0,.234,12.3
105,2014,105,954,16.26,15.79,0,0,.236,12.3
105,2014,105,1000,16.27,15.76,0,0,.238,12.3
105,2014,105,1006,16.29,15.7,0,0,.24,12.3
105,2014,105,1012,16.3,15.58,0,0,.245,12.3
105,2014,105,1018,16.31,15.56,0,0,.248,12.3
105,2014,105,1024,16.32,15.62,0,0,.25,12.3
105,2014,105,1030,16.32,15.64,0,0,.255,12.3
105,2014,105,1036,16.32,15.64,0,0,.266,12.3
105,2014,105,1042,16.33,15.78,0,0,.271,12.3
105,2014,105,1048,16.33,16.04,0,0,.275,12.3
105,2014,105,1054,16.34,16.27,0,0,.278,12.3
105,2014,105,1100,16.35,16.69,0,0,.28,12.3
105,2014,105,1106,16.38,16.71,0,0,.281,12.3
105,2014,105,1112,16.41,16.7,0,0,.284,12.3
105,2014,105,1118,16.46,16.74,0,0,.285,12.3
105,2014,105,1124,16.5,16.66,0,0,.286,12.3
105,2014,105,1130,16.55,16.67,0,0,.287,12.3
105,2014,105,1136,16.6,16.73,0,0,.287,12.3
105,2014,105,1142,16.66,16.89,0,0,.287,12.3
105,2014,105,1148,16.71,17.01,0,0,.288,12.3
105,2014,105,1154,16.76,17.31,0,0,.288,12.3
105,2014,105,1200,16.81,17.66,0,0,.288,12.3
105,2014,105,1206,16.88,17.78,0,0,.289,12.3
105,2014,105,1212,16.95,17.6,0,0,.289,12.3
105,2014,105,1218,17.03,17.51,0,0,.289,12.3
105,2014,105,1224,17.12,17.29,0,0,.289,12.3
105,2014,105,1230,17.2,16.98,0,0,.289,12.3
105,2014,105,1236,17.27,16.91,0,0,.288,12.3
105,2014,105,1242,17.34,16.84,0,0,.289,12.3
105,2014,105,1248,17.39,16.72,0,0,.289,12.3
105,2014,105,1254,17.43,16.87,0,0,.289,12.3
105,2014,105,1300,17.47,16.97,0,0,.289,12.3
105,2014,105,1306,17.5,16.96,0,0,.289,12.3
105,2014,105,1312,17.52,16.88,0,0,.289,12.3
105,2014,105,1318,17.54,16.9,0,0,.29,12.3
105,2014,105,1324,17.55,16.98,0,0,.29,12.3
105,2014,105,1330,17.57,16.87,0,0,.292,12.3
105,2014,105,1336,17.58,16.85,0,0,.294,12.3
105,2014,105,1342,17.59,16.98,0,0,.294,12.3
105,2014,105,1348,17.6,17.71,0,0,.294,12.3
105,2014,105,1354,17.62,18.1,0,0,.294,12.3
105,2014,105,1400,17.64,18.37,0,0,.293,12.3
105,2014,105,1406,17.69,18.2,0,0,.294,12.3
105,2014,105,1412,17.74,18.04,0,0,.294,12.3
105,2014,105,1418,17.8,18.04,0,0,.294,12.3
105,2014,105,1424,17.86,18.04,0,0,.293,12.3
105,2014,105,1430,17.93,18.4,0,0,.294,12.3
105,2014,105,1436,18,18.01,0,0,.294,12.3
105,2014,105,1442,18.07,15.72,0,0,.293,12.3
105,2014,105,1448,18.12,14.73,0,0,.294,12.3
105,2014,105,1454,18.12,13.44,0,0,.296,12.3
105,2014,105,1500,18.05,12.48,0,0,.298,12.31
105,2014,105,1506,17.92,12.16,0,0,.298,12.31
105,2014,105,1512,17.73,11.61,0,0,.298,12.31
105,2014,105,1518,17.51,11.33,0,0,.299,12.31
105,2014,105,1524,17.26,11.2,0,0,.298,12.31
105,2014,105,1530,17.01,11.04,0,0,.299,12.31
105,2014,105,1536,16.75,10.87,0,0,.299,12.31
105,2014,105,1542,16.47,10.77,0,0,.3,12.31
105,2014,105,1548,16.2,10.84,0,0,.299,12.31
105,2014,105,1554,15.94,10.81,0,0,.299,12.31
105,2014,105,1600,15.67,10.77,0,0,.298,12.31
105,2014,105,1606,15.42,10.56,0,0,.299,12.31
105,2014,105,1612,15.17,10.42,0,0,.299,12.31
105,2014,105,1618,14.93,10.32,0,0,.299,12.31
105,2014,105,1624,14.69,10.2,0,0,.299,12.31
105,2014,105,1630,14.48,9.95,0,0,.299,12.31
105,2014,105,1636,14.26,9.76,0,0,.299,12.31
105,2014,105,1642,14.05,9.82,0,0,.299,12.31
105,2014,105,1648,13.84,9.83,0,0,.298,12.31
105,2014,105,1654,13.62,9.69,0,0,.3,12.31
105,2014,105,1700,13.39,9.49,0,0,.299,12.31
105,2014,105,1706,13.17,9.14,0,0,.299,12.31
105,2014,105,1712,12.96,8.92,0,0,.298,12.31
105,2014,105,1718,12.75,8.76,0,0,.299,12.31
105,2014,105,1724,12.53,8.59,0,0,.3,12.31
105,2014,105,1730,12.31,8.4,0,0,.301,12.31
105,2014,105,1736,12.09,8.14,0,0,.301,12.31
105,2014,105,1742,11.87,8,0,0,.302,12.31
105,2014,105,1748,11.65,7.87,0,0,.302,12.31
105,2014,105,1754,11.43,7.76,0,0,.304,12.31
105,2014,105,1800,11.22,7.67,0,0,.304,12.32
105,2014,105,1806,11.01,7.54,0,0,.306,12.32
105,2014,105,1812,10.81,7.39,0,0,.306,12.32
105,2014,105,1818,10.61,7.17,0,0,.306,12.31
105,2014,105,1824,10.41,6.959,0,0,.306,12.32
105,2014,105,1830,10.22,6.8,0,0,.307,12.32
105,2014,105,1836,10.02,6.655,0,0,.308,12.32
105,2014,105,1842,9.82,6.454,0,0,.31,12.32
105,2014,105,1848,9.63,6.287,0,0,.312,12.32
105,2014,105,1854,9.44,6.286,0,0,.315,12.32
105,2014,105,1900,9.25,6.185,0,0,.315,12.32
105,2014,105,1906,9.06,6.189,0,0,.317,12.32
105,2014,105,1912,8.88,6.15,0,0,.317,12.32
105,2014,105,1918,8.71,6.062,0,0,.318,12.32
105,2014,105,1924,8.54,5.982,0,0,.318,12.32
105,2014,105,1930,8.38,5.957,0,0,.318,12.32
105,2014,105,1936,8.24,5.861,0,0,.319,12.32
105,2014,105,1942,8.1,5.718,0,0,.319,12.32
105,2014,105,1948,7.95,5.615,0,0,.32,12.32
105,2014,105,1954,7.81,5.448,0,0,.321,12.32
105,2014,105,2000,7.67,5.371,0,0,.321,12.32
105,2014,105,2006,7.53,5.283,0,0,.321,12.32
105,2014,105,2012,7.41,5.165,0,0,.322,12.32
105,2014,105,2018,7.29,5.164,0,0,.322,12.32
105,2014,105,2024,7.17,4.948,0,0,.322,12.32
105,2014,105,2030,7.05,4.564,0,0,.322,12.32
105,2014,105,2036,6.929,4.135,0,0,.324,12.32
105,2014,105,2042,6.797,3.764,0,0,.323,12.32
105,2014,105,2048,6.655,3.615,0,0,.324,12.32
105,2014,105,2054,6.508,3.242,0,0,.325,12.32
105,2014,105,2100,6.352,2.967,0,0,.326,12.32
105,2014,105,2106,6.187,2.99,0,0,.326,12.32
105,2014,105,2112,6.017,2.937,0,0,.326,12.32
105,2014,105,2118,5.846,2.845,0,0,.327,12.32
105,2014,105,2124,5.672,2.843,0,0,.327,12.32
105,2014,105,2130,5.498,2.793,0,0,.327,12.32
105,2014,105,2136,5.331,2.718,0,0,.327,12.32
105,2014,105,2142,5.172,2.531,0,0,.327,12.32
105,2014,105,2148,5.022,2.289,0,0,.327,12.32
105,2014,105,2154,4.871,2.26,0,0,.33,12.32
105,2014,105,2200,4.724,2.212,0,0,.33,12.32
105,2014,105,2206,4.582,2.169,0,0,.329,12.32
105,2014,105,2212,4.45,2.142,0,0,.329,12.32
105,2014,105,2218,4.328,2.212,0,0,.33,12.32
105,2014,105,2224,4.209,2.213,0,0,.329,12.32
105,2014,105,2230,4.095,2.281,0,0,.329,12.32
105,2014,105,2236,3.989,2.397,0,0,.33,12.32
105,2014,105,2242,3.89,2.47,0,0,.33,12.32
105,2014,105,2248,3.801,2.516,0,0,.33,12.32
105,2014,105,2254,3.721,2.575,0,0,.33,12.32
105,2014,105,2300,3.651,2.623,0,0,.329,12.32
105,2014,105,2306,3.587,2.666,0,0,.33,12.32
105,2014,105,2312,3.528,2.724,0,0,.33,12.32
105,2014,105,2318,3.475,2.747,0,0,.33,12.32
105,2014,105,2324,3.428,2.753,0,0,.33,12.32
105,2014,105,2330,3.384,2.789,0,0,.33,12.32
105,2014,105,2336,3.346,2.844,0,0,.329,12.32
105,2014,105,2342,3.311,2.848,0,0,.329,12.32
105,2014,105,2348,3.28,2.869,0,0,.329,12.32
105,2014,105,2354,3.25,2.992,0,0,.33,12.32
105,2014,106,0,3.223,2.968,0,0,.329,12.32
105,2014,106,6,3.197,2.942,0,0,.33,12.32
105,2014,106,12,3.172,2.883,0,0,.329,12.32
105,2014,106,18,3.146,2.965,0,0,.328,12.32
105,2014,106,24,3.122,2.945,0,0,.33,12.32
105,2014,106,30,3.099,2.856,0,0,.329,12.32
105,2014,106,36,3.073,2.727,0,0,.33,12.32
105,2014,106,42,3.045,2.674,0,0,.329,12.32
105,2014,106,48,3.01,2.512,0,0,.331,12.32
105,2014,106,54,2.968,2.49,0,0,.33,12.32
105,2014,106,100,2.921,2.416,0,0,.329,12.32
105,2014,106,106,2.868,2.342,0,0,.333,12.32
105,2014,106,112,2.812,2.273,0,0,.328,12.32
105,2014,106,118,2.753,2.163,0,0,.329,12.32
105,2014,106,124,2.691,2.055,0,0,.329,12.32
105,2014,106,130,2.625,1.897,0,0,.328,12.32
105,2014,106,136,2.555,1.962,0,0,.329,12.32
105,2014,106,142,2.48,1.876,0,0,.33,12.32
105,2014,106,148,2.403,1.771,0,0,.329,12.32
105,2014,106,154,2.326,1.618,0,0,.329,12.32
105,2014,106,200,2.247,1.37,0,0,.329,12.32
105,2014,106,206,2.162,1.206,0,0,.329,12.32
105,2014,106,212,2.067,1.186,0,0,.329,12.32
105,2014,106,218,1.968,1.229,0,0,.329,12.32
105,2014,106,224,1.865,.989,0,0,.329,12.32
105,2014,106,230,1.759,.898,0,0,.328,12.32
105,2014,106,236,1.651,.927,0,0,.327,12.32
105,2014,106,242,1.541,.864,0,0,.327,12.32
105,2014,106,248,1.442,.851,0,0,.327,12.32
105,2014,106,254,1.35,.828,0,0,.327,12.32
105,2014,106,300,1.262,.763,0,0,.326,12.32
105,2014,106,306,1.183,.523,0,0,.325,12.32
105,2014,106,312,1.107,.435,0,0,.325,12.32
105,2014,106,318,1.033,.338,0,0,.325,12.32
105,2014,106,324,.959,.38,0,0,.325,12.32
105,2014,106,330,.886,.3,0,0,.324,12.32
105,2014,106,336,.814,.081,0,0,.325,12.32
105,2014,106,342,.744,.124,0,0,.325,12.32
105,2014,106,348,.677,.099,0,0,.325,12.32
105,2014,106,354,.608,.08,0,0,.324,12.32
105,2014,106,400,.54,.084,0,0,.323,12.32
105,2014,106,406,.472,-.194,0,0,.323,12.32
105,2014,106,412,.403,-.077,0,0,.324,12.32
105,2014,106,418,.336,-.029,0,0,.322,12.32
105,2014,106,424,.269,-.071,0,0,.322,12.32
105,2014,106,430,.206,-.251,0,0,.322,12.32
105,2014,106,436,.145,-.324,0,0,.321,12.32
105,2014,106,442,.086,-.369,0,0,.322,12.32
105,2014,106,448,.027,-.316,0,0,.322,12.32
105,2014,106,454,-.033,-.472,0,0,.321,12.32
105,2014,106,500,-.095,-.536,0,0,.322,12.32
105,2014,106,506,-.159,-.638,0,0,.321,12.32
105,2014,106,512,-.225,-.679,0,0,.322,12.32
105,2014,106,518,-.293,-.584,0,0,.321,12.32
105,2014,106,524,-.36,-.732,0,0,.32,12.32
105,2014,106,530,-.427,-.799,0,0,.32,12.32
105,2014,106,536,-.494,-.753,0,0,.32,12.32
105,2014,106,542,-.56,-.724,0,0,.32,12.32
105,2014,106,548,-.624,-.65,0,0,.319,12.32
105,2014,106,554,-.686,-.662,0,0,.319,12.32
105,2014,106,600,-.745,-.807,0,0,.318,12.32
105,2014,106,606,-.803,-.748,0,0,.318,12.32
105,2014,106,612,-.86,-.92,0,0,.318,12.32
105,2014,106,618,-.914,-.884,0,0,.318,12.32
105,2014,106,624,-.968,-.973,0,0,.319,12.32
105,2014,106,630,-1.021,-.926,0,0,.318,12.32
105,2014,106,636,-1.073,-.921,0,0,.318,12.32
105,2014,106,642,-1.123,-.827,0,0,.318,12.32
105,2014,106,648,-1.17,-.904,0,0,.316,12.32
105,2014,106,654,-1.213,-.777,0,0,.316,12.32
105,2014,106,700,-1.254,-.62,0,0,.316,12.32
105,2014,106,706,-1.292,-.38,0,0,.316,12.32
105,2014,106,712,-1.321,-.133,0,0,.316,12.32
105,2014,106,718,-1.337,.214,0,0,.316,12.32
105,2014,106,724,-1.338,.51,0,0,.316,12.32
105,2014,106,730,-1.328,.744,0,0,.315,12.32
105,2014,106,736,-1.299,.94,0,0,.315,12.32
105,2014,106,742,-1.254,1.045,0,0,.315,12.32
105,2014,106,748,-1.193,1.377,0,0,.315,12.32
105,2014,106,754,-1.115,1.217,0,0,.313,12.32
105,2014,106,800,-1.021,1.431,0,0,.313,12.32
105,2014,106,806,-.914,1.5,0,0,.313,12.32
105,2014,106,812,-.797,1.854,0,0,.313,12.32
105,2014,106,818,-.672,2.157,0,0,.313,12.32
105,2014,106,824,-.541,2.023,0,0,.312,12.32
105,2014,106,830,-.402,2.271,0,0,.312,12.32
105,2014,106,836,-.26,2.533,0,0,.311,12.32
105,2014,106,842,-.113,2.783,0,0,.311,12.32
105,2014,106,848,.04,2.866,0,0,.311,12.32
105,2014,106,854,.199,3.15,0,0,.311,12.32
105,2014,106,900,.362,3.038,0,0,.31,12.32
105,2014,106,906,.525,3.479,0,0,.31,12.32
105,2014,106,912,.687,3.333,0,0,.31,12.32
105,2014,106,918,.854,3.486,0,0,.31,12.32
105,2014,106,924,1.021,3.579,0,0,.31,12.32
105,2014,106,930,1.183,4.238,0,0,.31,12.32
105,2014,106,936,1.342,4.847,0,0,.31,12.32
105,2014,106,942,1.51,4.531,0,0,.31,12.32
105,2014,106,948,1.691,4.565,0,0,.31,12.32
105,2014,106,954,1.877,4.755,0,0,.309,12.32
105,2014,106,1000,2.062,5.045,0,0,.309,12.32
105,2014,106,1006,2.243,5.431,0,0,.308,12.32
105,2014,106,1012,2.429,5.527,0,0,.308,12.32
105,2014,106,1018,2.618,5.568,0,0,.307,12.32
105,2014,106,1024,2.807,5.047,0,0,.307,12.32
105,2014,106,1030,2.984,5.568,0,0,.307,12.32
105,2014,106,1036,3.156,6.51,0,0,.307,12.32
105,2014,106,1042,3.326,6.203,0,0,.307,12.32
105,2014,106,1048,3.497,6.282,0,0,.307,12.32
105,2014,106,1054,3.674,6.957,0,0,.307,12.32
105,2014,106,1100,3.86,7.04,0,0,.307,12.32
105,2014,106,1106,4.06,7.14,0,0,.307,12.32
105,2014,106,1112,4.264,7.18,0,0,.306,12.31
105,2014,106,1118,4.472,6.649,0,0,.305,12.32
105,2014,106,1124,4.676,7.54,0,0,.305,12.31
105,2014,106,1130,4.882,7.46,0,0,.305,12.31
105,2014,106,1136,5.091,7.58,0,0,.305,12.31
105,2014,106,1142,5.291,6.984,0,0,.303,12.31
105,2014,106,1148,5.478,8.35,0,0,.304,12.31
105,2014,106,1154,5.66,8.26,0,0,.303,12.31
105,2014,106,1200,5.84,8.75,0,0,.303,12.31
105,2014,106,1206,6.024,8.82,0,0,.304,12.31
105,2014,106,1212,6.21,8.47,0,0,.303,12.31
105,2014,106,1218,6.404,9.01,0,0,.303,12.31
105,2014,106,1224,6.602,8.8,0,0,.301,12.31
105,2014,106,1230,6.8,8.95,0,0,.301,12.31
105,2014,106,1236,6.995,8.41,0,0,.302,12.31
105,2014,106,1242,7.19,8.83,0,0,.301,12.31
105,2014,106,1248,7.38,9.86,0,0,.301,12.31
105,2014,106,1254,7.57,9.33,0,0,.301,12.31
105,2014,106,1300,7.74,9.35,0,0,.301,12.31
105,2014,106,1306,7.92,9.84,0,0,.299,12.31
105,2014,106,1312,8.1,9.35,0,0,.3,12.31
105,2014,106,1318,8.26,10.23,0,0,.299,12.31
105,2014,106,1324,8.42,10.88,0,0,.299,12.31
105,2014,106,1330,8.57,9.55,0,0,.299,12.31
105,2014,106,1336,8.71,10.3,0,0,.299,12.31
105,2014,106,1342,8.85,9.44,0,0,.299,12.31
105,2014,106,1348,8.97,10.52,0,0,.299,12.31
105,2014,106,1354,9.09,10.56,0,0,.298,12.31
105,2014,106,1400,9.19,11.4,0,0,.299,12.31
105,2014,106,1406,9.29,10.88,0,0,.298,12.31
105,2014,106,1412,9.4,10.51,0,0,.298,12.31
105,2014,106,1418,9.52,11.32,0,0,.298,12.31
105,2014,106,1424,9.62,11.52,0,0,.297,12.31
105,2014,106,1430,9.72,11.31,0,0,.296,12.31
105,2014,106,1436,9.82,11.59,0,0,.296,12.31
105,2014,106,1442,9.91,11.27,0,0,.296,12.31
105,2014,106,1448,10,11.3,0,0,.296,12.31
105,2014,106,1454,10.09,10.96,0,0,.296,12.31
105,2014,106,1500,10.17,10.55,0,0,.295,12.31
105,2014,106,1506,10.24,11.43,0,0,.295,12.31
105,2014,106,1512,10.3,11.33,0,0,.295,12.31
105,2014,106,1518,10.37,11.77,0,0,.295,12.31
105,2014,106,1524,10.42,11.74,0,0,.294,12.31
105,2014,106,1530,10.48,10.88,0,0,.293,12.31
105,2014,106,1536,10.53,11.28,0,0,.293,12.31
105,2014,106,1542,10.57,11.57,0,0,.293,12.31
105,2014,106,1548,10.61,11.94,0,0,.293,12.31
105,2014,106,1554,10.65,11.31,0,0,.292,12.31
105,2014,106,1600,10.69,11.11,0,0,.292,12.31
105,2014,106,1606,10.73,10.98,0,0,.292,12.31
105,2014,106,1612,10.75,11.01,0,0,.292,12.31
105,2014,106,1618,10.77,10.62,0,0,.292,12.31
105,2014,106,1624,10.79,10.59,0,0,.292,12.31
105,2014,106,1630,10.8,10.82,0,0,.292,12.31
105,2014,106,1636,10.81,10.53,0,0,.292,12.31
105,2014,106,1642,10.81,10.23,0,0,.292,12.31
105,2014,106,1648,10.8,10.23,0,0,.292,12.31
105,2014,106,1654,10.77,10.03,0,0,.292,12.31
105,2014,106,1700,10.73,10.07,0,0,.292,12.31
105,2014,106,1706,10.68,9.99,0,0,.291,12.31
105,2014,106,1712,10.62,9.56,0,0,.292,12.31
105,2014,106,1718,10.55,8.97,0,0,.292,12.31
105,2014,106,1724,10.47,8.88,0,0,.291,12.31
105,2014,106,1730,10.38,8.61,0,0,.292,12.31
105,2014,106,1736,10.29,8.59,0,0,.291,12.31
105,2014,106,1742,10.19,8.64,0,0,.291,12.31
105,2014,106,1748,10.07,8.54,0,0,.292,12.31
105,2014,106,1754,9.95,8.37,0,0,.292,12.31
105,2014,106,1800,9.83,8.67,0,0,.293,12.31
105,2014,106,1806,9.71,8.33,0,0,.292,12.31
105,2014,106,1812,9.6,8.08,0,0,.292,12.31
105,2014,106,1818,9.48,7.88,0,0,.292,12.31
105,2014,106,1824,9.37,7.83,0,0,.293,12.31
105,2014,106,1830,9.25,7.72,0,0,.293,12.31
105,2014,106,1836,9.13,7.64,0,0,.292,12.31
105,2014,106,1842,9.02,7.5,0,0,.291,12.31
105,2014,106,1848,8.9,7.52,0,0,.291,12.31
105,2014,106,1854,8.78,7.57,0,0,.291,12.31
105,2014,106,1900,8.66,7.18,0,0,.291,12.31
105,2014,106,1906,8.55,7.1,0,0,.292,12.31
105,2014,106,1912,8.43,6.913,0,0,.291,12.31
105,2014,106,1918,8.31,6.812,0,0,.291,12.31
105,2014,106,1924,8.18,6.797,0,0,.291,12.31
105,2014,106,1930,8.06,6.72,0,0,.291,12.31
105,2014,106,1936,7.94,6.418,0,0,.291,12.31
105,2014,106,1942,7.82,6.205,0,0,.292,12.31
105,2014,106,1948,7.71,6.132,0,0,.291,12.31
105,2014,106,1954,7.58,5.96,0,0,.291,12.31
105,2014,106,2000,7.45,6.033,0,0,.291,12.31
105,2014,106,2006,7.32,5.741,0,0,.291,12.31
105,2014,106,2012,7.19,5.836,0,0,.291,12.31
105,2014,106,2018,7.06,5.852,0,0,.291,12.31
105,2014,106,2024,6.929,5.249,0,0,.291,12.31
105,2014,106,2030,6.804,5.31,0,0,.291,12.31
105,2014,106,2036,6.672,5.283,0,0,.291,12.31
105,2014,106,2042,6.54,5.25,0,0,.291,12.31
105,2014,106,2048,6.404,5.554,0,0,.291,12.31
105,2014,106,2054,6.271,5.389,0,0,.291,12.31
105,2014,106,2100,6.144,5.054,0,0,.291,12.31
105,2014,106,2106,6.018,4.336,0,0,.291,12.31
105,2014,106,2112,5.891,4.116,0,0,.291,12.31
105,2014,106,2118,5.762,4.09,0,0,.291,12.31
105,2014,106,2124,5.629,3.771,0,0,.291,12.31
105,2014,106,2130,5.49,3.737,0,0,.29,12.31
105,2014,106,2136,5.351,3.389,0,0,.291,12.31
105,2014,106,2142,5.206,3.383,0,0,.291,12.31
105,2014,106,2148,5.054,2.982,0,0,.291,12.31
105,2014,106,2154,4.896,2.547,0,0,.29,12.31
105,2014,106,2200,4.737,2.484,0,0,.291,12.31
105,2014,106,2206,4.578,2.101,0,0,.291,12.31
105,2014,106,2212,4.416,2.413,0,0,.29,12.31
105,2014,106,2218,4.248,2.531,0,0,.291,12.31
105,2014,106,2224,4.081,2.581,0,0,.29,12.31
105,2014,106,2230,3.92,2.323,0,0,.29,12.32
105,2014,106,2236,3.77,2.293,0,0,.29,12.31
105,2014,106,2242,3.624,1.978,0,0,.29,12.31
105,2014,106,2248,3.473,1.612,0,0,.29,12.31
105,2014,106,2254,3.328,1.52,0,0,.29,12.32
105,2014,106,2300,3.179,1.552,0,0,.29,12.32
105,2014,106,2306,3.037,1.649,0,0,.289,12.32
105,2014,106,2312,2.897,1.087,0,0,.289,12.32
105,2014,106,2318,2.756,.945,0,0,.288,12.32
105,2014,106,2324,2.618,.981,0,0,.288,12.32
105,2014,106,2330,2.481,.405,0,0,.289,12.32
105,2014,106,2336,2.346,.696,0,0,.288,12.32
105,2014,106,2342,2.213,.699,0,0,.288,12.32
105,2014,106,2348,2.08,.356,0,0,.289,12.32
105,2014,106,2354,1.946,.225,0,0,.288,12.32
105,2014,107,0,1.812,.29,0,0,.289,12.32
105,2014,107,6,1.678,.384,0,0,.288,12.32
105,2014,107,12,1.547,.364,0,0,.288,12.32
105,2014,107,18,1.424,.359,0,0,.288,12.32
105,2014,107,24,1.303,-.237,0,0,.288,12.32
105,2014,107,30,1.19,.107,0,0,.288,12.32
105,2014,107,36,1.081,.03,0,0,.289,12.32
105,2014,107,42,.978,.214,0,0,.288,12.32
105,2014,107,48,.877,.042,0,0,.288,12.32
105,2014,107,54,.784,.082,0,0,.288,12.32
105,2014,107,100,.695,.004,0,0,.288,12.32
105,2014,107,106,.608,-.022,0,0,.289,12.32
105,2014,107,112,.524,-.169,0,0,.288,12.32
105,2014,107,118,.443,-.456,0,0,.288,12.32
105,2014,107,124,.364,-.265,0,0,.288,12.32
105,2014,107,130,.286,-.316,0,0,.289,12.32
105,2014,107,136,.212,.38,0,0,.288,12.32
105,2014,107,142,.145,.665,0,0,.288,12.32
105,2014,107,148,.086,.645,0,0,.287,12.32
105,2014,107,154,.032,.148,0,0,.288,12.32
105,2014,107,200,-.018,.182,0,0,.287,12.32
105,2014,107,206,-.064,.056,0,0,.287,12.32
105,2014,107,212,-.109,.134,0,0,.287,12.32
105,2014,107,218,-.152,.021,0,0,.286,12.32
105,2014,107,224,-.194,-.041,0,0,.287,12.32
105,2014,107,230,-.236,-.099,0,0,.287,12.32
105,2014,107,236,-.277,.061,0,0,.288,12.32
105,2014,107,242,-.318,-.155,0,0,.287,12.32
105,2014,107,248,-.358,-.317,0,0,.287,12.32
105,2014,107,254,-.4,-.494,0,0,.287,12.32
105,2014,107,300,-.442,-.43,0,0,.286,12.32
105,2014,107,306,-.486,-.486,0,0,.287,12.32
105,2014,107,312,-.532,-.502,0,0,.287,12.32
105,2014,107,318,-.579,-.711,0,0,.287,12.32
105,2014,107,324,-.628,-.807,0,0,.287,12.32
105,2014,107,330,-.681,-.899,0,0,.286,12.32
105,2014,107,336,-.738,-.726,0,0,.286,12.32
105,2014,107,342,-.796,-.684,0,0,.286,12.32
105,2014,107,348,-.857,-.774,0,0,.286,12.32
105,2014,107,354,-.918,-.707,0,0,.285,12.32
105,2014,107,400,-.976,-.823,0,0,.285,12.32
105,2014,107,406,-1.033,-.753,0,0,.285,12.32
105,2014,107,412,-1.09,-.771,0,0,.285,12.32
105,2014,107,418,-1.146,-1.013,0,0,.284,12.32
105,2014,107,424,-1.198,-.881,0,0,.284,12.32
105,2014,107,430,-1.249,-.829,0,0,.285,12.32
105,2014,107,436,-1.296,-.813,0,0,.285,12.32
105,2014,107,442,-1.341,-.877,0,0,.285,12.32
105,2014,107,448,-1.383,-.935,0,0,.285,12.32
105,2014,107,454,-1.421,-1.049,0,0,.285,12.32
105,2014,107,500,-1.458,-1.044,0,0,.285,12.32
105,2014,107,506,-1.49,-1.116,0,0,.285,12.32
105,2014,107,512,-1.519,-1.053,0,0,.285,12.32
105,2014,107,518,-1.548,-1.043,0,0,.285,12.32
105,2014,107,524,-1.576,-1.137,0,0,.285,12.32
105,2014,107,530,-1.602,-1.174,0,0,.285,12.32
105,2014,107,536,-1.629,-1.149,0,0,.285,12.32
105,2014,107,542,-1.656,-1.216,0,0,.285,12.32
105,2014,107,548,-1.683,-1.196,0,0,.283,12.32
105,2014,107,554,-1.708,-1.139,0,0,.283,12.32
105,2014,107,600,-1.732,-1.164,0,0,.283,12.32
105,2014,107,606,-1.757,-1.087,0,0,.283,12.32
105,2014,107,612,-1.78,-1.124,0,0,.283,12.32
105,2014,107,618,-1.803,-1.111,0,0,.283,12.32
105,2014,107,624,-1.824,-1.223,0,0,.282,12.32
105,2014,107,630,-1.846,-1.199,0,0,.283,12.32
105,2014,107,636,-1.867,-1.15,0,0,.283,12.32
105,2014,107,642,-1.888,-1.12,0,0,.283,12.32
105,2014,107,648,-1.909,-1,0,0,.283,12.32
105,2014,107,654,-1.926,-.816,0,0,.283,12.32
105,2014,107,700,-1.942,-.368,0,0,.283,12.32
105,2014,107,706,-1.95,-.016,0,0,.282,12.32
105,2014,107,712,-1.948,.42,0,0,.282,12.32
105,2014,107,718,-1.93,1.048,0,0,.282,12.32
105,2014,107,724,-1.892,2.127,0,0,.282,12.32
105,2014,107,730,-1.83,3.436,0,0,.281,12.32
105,2014,107,736,-1.729,4.348,0,0,.28,12.32
105,2014,107,742,-1.577,4.924,0,0,.28,12.32
105,2014,107,748,-1.375,5.4,0,0,.279,12.31
105,2014,107,754,-1.14,5.726,0,0,.278,12.31
105,2014,107,800,-.875,6.361,0,0,.278,12.31
105,2014,107,806,-.59,6.658,0,0,.277,12.31
105,2014,107,812,-.278,7.06,0,0,.277,12.31
105,2014,107,818,.05,6.893,0,0,.278,12.31
105,2014,107,824,.401,7.31,0,0,.278,12.31
105,2014,107,830,.763,7.79,0,0,.277,12.31
105,2014,107,836,1.131,7.6,0,0,.277,12.31
105,2014,107,842,1.512,7.96,0,0,.276,12.31
105,2014,107,848,1.888,8.53,0,0,.277,12.31
105,2014,107,854,2.268,8.98,0,0,.277,12.31
105,2014,107,900,2.65,8.86,0,0,.276,12.31
105,2014,107,906,3.041,8.81,0,0,.276,12.31
105,2014,107,912,3.43,9.81,0,0,.277,12.31
105,2014,107,918,3.816,9.97,0,0,.276,12.31
105,2014,107,924,4.201,9.64,0,0,.276,12.31
105,2014,107,930,4.587,9.94,0,0,.276,12.31
105,2014,107,936,4.963,10.53,0,0,.277,12.31
105,2014,107,942,5.332,10.31,0,0,.276,12.31
105,2014,107,948,5.694,10.18,0,0,.276,12.31
105,2014,107,954,6.044,10.22,0,0,.276,12.31
105,2014,107,1000,6.381,10.4,0,0,.277,12.31
105,2014,107,1006,6.699,11.02,0,0,.276,12.31
105,2014,107,1012,7.01,11.5,0,0,.276,12.31
105,2014,107,1018,7.32,10.9,0,0,.276,12.31
105,2014,107,1024,7.62,11.46,0,0,.275,12.31
105,2014,107,1030,7.92,11.61,0,0,.274,12.31
105,2014,107,1036,8.21,11.84,0,0,.274,12.31
105,2014,107,1042,8.49,12.09,0,0,.274,12.31
105,2014,107,1048,8.77,11.93,0,0,.275,12.31
105,2014,107,1054,9.03,10.54,0,0,.275,12.31
105,2014,107,1100,9.27,10.49,0,0,.275,12.31
105,2014,107,1106,9.48,10.6,0,0,.275,12.31
105,2014,107,1112,9.66,10.5,0,0,.275,12.31
105,2014,107,1118,9.81,11.25,0,0,.275,12.31
105,2014,107,1124,9.95,10.75,0,0,.275,12.31
105,2014,107,1130,10.08,9.91,0,0,.275,12.31
105,2014,107,1136,10.17,11.95,0,0,.275,12.31
105,2014,107,1142,10.27,12.8,0,0,.275,12.31
105,2014,107,1148,10.38,13.04,0,0,.274,12.31
105,2014,107,1154,10.51,13.02,0,0,.273,12.31
105,2014,107,1200,10.67,13.14,0,0,.273,12.31
105,2014,107,1206,10.84,12.49,0,0,.273,12.31
105,2014,107,1212,11.01,13.73,0,0,.273,12.31
105,2014,107,1218,11.18,13.33,0,0,.273,12.3
105,2014,107,1224,11.37,13.93,0,0,.273,12.31
105,2014,107,1230,11.57,13.76,0,0,.272,12.31
105,2014,107,1236,11.77,14.25,0,0,.271,12.3
105,2014,107,1242,11.97,13.48,0,0,.27,12.3
105,2014,107,1248,12.17,14.03,0,0,.27,12.3
105,2014,107,1254,12.35,14.13,0,0,.269,12.3
105,2014,107,1300,12.52,13.15,0,0,.269,12.31
105,2014,107,1306,12.69,13.9,0,0,.269,12.31
105,2014,107,1312,12.84,14.01,0,0,.269,12.3
105,2014,107,1318,12.98,13.85,0,0,.269,12.3
105,2014,107,1324,13.11,13.87,0,0,.268,12.3
105,2014,107,1330,13.23,13.61,0,0,.268,12.31
105,2014,107,1336,13.36,14.07,0,0,.269,12.3
105,2014,107,1342,13.47,14.32,0,0,.269,12.3
105,2014,107,1348,13.58,14.39,0,0,.269,12.3
105,2014,107,1354,13.69,15.21,0,0,.268,12.3
105,2014,107,1400,13.8,14.61,0,0,.268,12.3
105,2014,107,1406,13.91,15.15,0,0,.268,12.3
105,2014,107,1412,14.02,14.62,0,0,.268,12.3
105,2014,107,1418,14.14,14.4,0,0,.267,12.3
105,2014,107,1424,14.25,14.5,0,0,.267,12.3
105,2014,107,1430,14.34,14.42,0,0,.268,12.3
105,2014,107,1436,14.43,14.53,0,0,.268,12.3
105,2014,107,1442,14.51,14.8,0,0,.268,12.3
105,2014,107,1448,14.59,14.15,0,0,.268,12.3
105,2014,107,1454,14.65,14.35,0,0,.267,12.3
105,2014,107,1500,14.69,14.28,0,0,.266,12.3
105,2014,107,1506,14.71,13.81,0,0,.265,12.3
105,2014,107,1512,14.73,14.71,0,0,.266,12.3
105,2014,107,1518,14.75,13.91,0,0,.266,12.3
105,2014,107,1524,14.75,14.05,0,0,.265,12.3
105,2014,107,1530,14.75,14.16,0,0,.266,12.3
105,2014,107,1536,14.75,13.99,0,0,.266,12.3
105,2014,107,1542,14.75,13.97,0,0,.266,12.3
105,2014,107,1548,14.74,13.73,0,0,.266,12.3
105,2014,107,1554,14.72,13.5,0,0,.266,12.3
105,2014,107,1600,14.7,13.47,0,0,.266,12.3
105,2014,107,1606,14.67,13.32,0,0,.266,12.31
105,2014,107,1612,14.64,12.98,0,0,.266,12.31
105,2014,107,1618,14.6,12.96,0,0,.266,12.31
105,2014,107,1624,14.55,12.53,0,0,.265,12.31
105,2014,107,1630,14.48,12.37,0,0,.266,12.31
105,2014,107,1636,14.41,12.23,0,0,.266,12.31
105,2014,107,1642,14.33,11.85,0,0,.265,12.31
105,2014,107,1648,14.25,11.84,0,0,.265,12.31
105,2014,107,1654,14.14,11.52,0,0,.266,12.31
105,2014,107,1700,14.03,11.63,0,0,.265,12.31
105,2014,107,1706,13.91,11.44,0,0,.265,12.31
105,2014,107,1712,13.8,11.73,0,0,.265,12.31
105,2014,107,1718,13.68,11.21,0,0,.266,12.31
105,2014,107,1724,13.56,10.65,0,0,.265,12.31
105,2014,107,1730,13.44,10.43,0,0,.265,12.31
105,2014,107,1736,13.3,10.26,0,0,.266,12.31
105,2014,107,1742,13.15,10.3,0,0,.265,12.31
105,2014,107,1748,13,10.18,0,0,.266,12.31
105,2014,107,1754,12.85,10.3,0,0,.265,12.31
105,2014,107,1800,12.71,9.94,0,0,.266,12.31
105,2014,107,1806,12.56,9.57,0,0,.265,12.31
105,2014,107,1812,12.41,9.46,0,0,.265,12.31
105,2014,107,1818,12.25,9.54,0,0,.266,12.31
105,2014,107,1824,12.09,9.48,0,0,.265,12.31
105,2014,107,1830,11.94,9.41,0,0,.265,12.31
105,2014,107,1836,11.79,9.24,0,0,.266,12.31
105,2014,107,1842,11.64,9.16,0,0,.265,12.31
105,2014,107,1848,11.5,8.93,0,0,.265,12.31
105,2014,107,1854,11.35,8.86,0,0,.265,12.31
105,2014,107,1900,11.2,8.66,0,0,.266,12.31
105,2014,107,1906,11.05,8.5,0,0,.266,12.31
105,2014,107,1912,10.91,8.3,0,0,.266,12.31
105,2014,107,1918,10.77,8.07,0,0,.267,12.31
105,2014,107,1924,10.62,7.94,0,0,.267,12.31
105,2014,107,1930,10.47,7.65,0,0,.267,12.31
105,2014,107,1936,10.31,7.44,0,0,.267,12.31
105,2014,107,1942,10.15,7.32,0,0,.268,12.31
105,2014,107,1948,9.99,7.21,0,0,.267,12.31
105,2014,107,1954,9.82,7.08,0,0,.267,12.31
105,2014,107,2000,9.65,6.851,0,0,.267,12.31
105,2014,107,2006,9.48,6.773,0,0,.267,12.31
105,2014,107,2012,9.31,6.661,0,0,.268,12.31
105,2014,107,2018,9.14,6.545,0,0,.267,12.31
105,2014,107,2024,8.97,6.516,0,0,.267,12.31
105,2014,107,2030,8.8,6.34,0,0,.267,12.31
105,2014,107,2036,8.64,6.221,0,0,.268,12.31
105,2014,107,2042,8.48,6.154,0,0,.268,12.31
105,2014,107,2048,8.32,6.048,0,0,.268,12.31
105,2014,107,2054,8.17,5.973,0,0,.268,12.31
105,2014,107,2100,8.02,5.766,0,0,.268,12.31
105,2014,107,2106,7.87,5.752,0,0,.267,12.31
105,2014,107,2112,7.73,5.809,0,0,.268,12.31
105,2014,107,2118,7.6,5.768,0,0,.268,12.31
105,2014,107,2124,7.46,5.597,0,0,.268,12.31
105,2014,107,2130,7.33,5.322,0,0,.267,12.31
105,2014,107,2136,7.21,5.255,0,0,.267,12.31
105,2014,107,2142,7.08,5.246,0,0,.268,12.31
105,2014,107,2148,6.956,5.123,0,0,.268,12.31
105,2014,107,2154,6.838,5.027,0,0,.268,12.31
105,2014,107,2200,6.719,4.973,0,0,.268,12.31
105,2014,107,2206,6.601,4.835,0,0,.268,12.31
105,2014,107,2212,6.486,4.9,0,0,.268,12.31
105,2014,107,2218,6.373,4.776,0,0,.268,12.31
105,2014,107,2224,6.264,4.795,0,0,.268,12.31
105,2014,107,2230,6.16,4.85,0,0,.268,12.31
105,2014,107,2236,6.061,4.796,0,0,.268,12.31
105,2014,107,2242,5.964,4.713,0,0,.268,12.31
105,2014,107,2248,5.872,4.525,0,0,.268,12.31
105,2014,107,2254,5.78,4.357,0,0,.268,12.31
105,2014,107,2300,5.691,4.316,0,0,.268,12.31
105,2014,107,2306,5.598,4.349,0,0,.268,12.31
105,2014,107,2312,5.505,4.24,0,0,.268,12.31
105,2014,107,2318,5.415,4.314,0,0,.267,12.31
105,2014,107,2324,5.327,4.355,0,0,.268,12.31
105,2014,107,2330,5.239,4.518,0,0,.268,12.31
105,2014,107,2336,5.156,4.624,0,0,.268,12.31
105,2014,107,2342,5.081,4.7,0,0,.267,12.31
105,2014,107,2348,5.016,4.748,0,0,.268,12.31
105,2014,107,2354,4.959,4.676,0,0,.268,12.31
105,2014,108,0,4.91,4.767,0,0,.268,12.31
105,2014,108,6,4.868,4.714,0,0,.268,12.31
105,2014,108,12,4.833,4.709,0,0,.268,12.31
105,2014,108,18,4.802,4.616,0,0,.268,12.31
105,2014,108,24,4.776,4.55,0,0,.268,12.31
105,2014,108,30,4.753,4.574,0,0,.268,12.31
105,2014,108,36,4.731,4.606,0,0,.268,12.31
105,2014,108,42,4.708,4.574,0,0,.268,12.31
105,2014,108,48,4.687,4.606,0,0,.268,12.31
105,2014,108,54,4.666,4.707,0,0,.268,12.31
105,2014,108,100,4.646,4.666,0,0,.268,12.31
105,2014,108,106,4.632,4.645,0,0,.268,12.31
105,2014,108,112,4.617,4.654,0,0,.268,12.31
105,2014,108,118,4.606,4.68,0,0,.268,12.31
105,2014,108,124,4.597,4.706,0,0,.268,12.31
105,2014,108,130,4.587,4.596,0,0,.268,12.31
105,2014,108,136,4.584,4.471,0,0,.268,12.31
105,2014,108,142,4.576,4.475,0,0,.268,12.31
105,2014,108,148,4.568,4.519,0,0,.268,12.31
105,2014,108,154,4.562,4.542,0,0,.268,12.31
105,2014,108,200,4.555,4.478,0,0,.268,12.31
105,2014,108,206,4.548,4.486,0,0,.268,12.31
105,2014,108,212,4.544,4.447,0,0,.268,12.31
105,2014,108,218,4.544,4.394,0,0,.268,12.31
105,2014,108,224,4.537,4.269,0,0,.267,12.31
105,2014,108,230,4.533,4.091,0,0,.266,12.31
105,2014,108,236,4.521,4.077,0,0,.266,12.31
105,2014,108,242,4.507,3.982,0,0,.266,12.31
105,2014,108,248,4.489,3.788,0,0,.266,12.31
105,2014,108,254,4.464,3.867,0,0,.267,12.31
105,2014,108,300,4.435,3.845,0,0,.266,12.31
105,2014,108,306,4.402,3.79,0,0,.267,12.31
105,2014,108,312,4.368,3.617,0,0,.266,12.31
105,2014,108,318,4.329,3.638,0,0,.267,12.31
105,2014,108,324,4.289,3.671,0,0,.267,12.31
105,2014,108,330,4.247,3.649,0,0,.266,12.31
105,2014,108,336,4.206,3.546,0,0,.267,12.32
105,2014,108,342,4.163,3.578,0,0,.267,12.32
105,2014,108,348,4.12,3.685,0,0,.266,12.32
105,2014,108,354,4.078,3.798,0,0,.266,12.32
105,2014,108,400,4.04,3.788,0,0,.266,12.32
105,2014,108,406,4.007,3.804,0,0,.267,12.32
105,2014,108,412,3.979,3.748,0,0,.266,12.32
105,2014,108,418,3.952,3.868,0,0,.266,12.32
105,2014,108,424,3.93,3.961,0,0,.266,12.32
105,2014,108,430,3.912,3.95,0,0,.266,12.32
105,2014,108,436,3.897,3.84,0,0,.266,12.31
105,2014,108,442,3.887,3.795,0,0,.266,12.32
105,2014,108,448,3.877,3.805,0,0,.266,12.32
105,2014,108,454,3.867,3.883,0,0,.266,12.31
105,2014,108,500,3.858,3.843,0,0,.266,12.32
105,2014,108,506,3.85,3.872,0,0,.266,12.31
105,2014,108,512,3.842,3.968,0,0,.266,12.31
105,2014,108,518,3.834,3.988,0,0,.266,12.31
105,2014,108,524,3.829,4.002,0,0,.266,12.31
105,2014,108,530,3.824,4.12,0,0,.266,12.31
105,2014,108,536,3.824,4.211,0,0,.266,12.31
105,2014,108,542,3.824,4.138,0,0,.266,12.31
105,2014,108,548,3.824,4.128,0,0,.266,12.31
105,2014,108,554,3.833,4.187,0,0,.266,12.31
105,2014,108,600,3.836,4.205,0,0,.266,12.31
105,2014,108,606,3.845,4.26,0,0,.266,12.31
105,2014,108,612,3.852,4.198,0,0,.266,12.31
105,2014,108,618,3.86,4.172,0,0,.267,12.31
105,2014,108,624,3.869,4.205,0,0,.266,12.31
105,2014,108,630,3.878,4.226,0,0,.266,12.31
105,2014,108,636,3.888,4.258,0,0,.266,12.31
105,2014,108,642,3.897,4.291,0,0,.266,12.31
105,2014,108,648,3.906,4.337,0,0,.266,12.31
105,2014,108,654,3.915,4.49,0,0,.266,12.31
105,2014,108,700,3.927,4.591,0,0,.266,12.31
105,2014,108,706,3.945,4.614,0,0,.266,12.31
105,2014,108,712,3.966,4.689,0,0,.266,12.31
105,2014,108,718,3.993,4.745,0,0,.266,12.31
105,2014,108,724,4.025,4.808,0,0,.266,12.31
105,2014,108,730,4.06,4.866,0,0,.265,12.31
105,2014,108,736,4.099,4.947,0,0,.265,12.31
105,2014,108,742,4.141,4.965,0,0,.265,12.31
105,2014,108,748,4.184,5.257,0,0,.265,12.31
105,2014,108,754,4.232,5.389,0,0,.265,12.31
105,2014,108,800,4.285,5.35,0,0,.265,12.31
105,2014,108,806,4.344,5.458,0,0,.273,12.31
105,2014,108,812,4.405,5.582,0,0,.296,12.31
105,2014,108,818,4.47,5.487,0,0,.317,12.31
105,2014,108,824,4.538,5.705,0,0,.346,12.31
105,2014,108,830,4.608,5.769,0,0,.38,12.31
105,2014,108,836,4.682,5.753,0,0,.408,12.31
105,2014,108,842,4.758,5.889,0,0,.428,12.31
105,2014,108,848,4.837,6.097,0,0,.447,12.31
105,2014,108,854,4.919,6.174,0,0,.463,12.31
105,2014,108,900,5.004,6.242,0,0,.477,12.31
105,2014,108,906,5.089,6.355,0,0,.491,12.31
105,2014,108,912,5.177,6.275,0,0,.505,12.31
105,2014,108,918,5.268,6.322,0,0,.521,12.31
105,2014,108,924,5.361,6.606,0,0,.532,12.31
105,2014,108,930,5.454,6.557,0,0,.538,12.31
105,2014,108,936,5.549,6.476,0,0,.541,12.31
105,2014,108,942,5.643,6.952,0,0,.542,12.31
105,2014,108,948,5.738,6.845,0,0,.542,12.31
105,2014,108,954,5.834,7.01,0,0,.542,12.31
105,2014,108,1000,5.933,6.911,0,0,.542,12.31
105,2014,108,1006,6.033,7.2,0,0,.542,12.31
105,2014,108,1012,6.135,7.36,0,0,.541,12.31
105,2014,108,1018,6.239,7.66,0,0,.538,12.31
105,2014,108,1024,6.349,7.58,0,0,.535,12.31
105,2014,108,1030,6.464,7.64,0,0,.532,12.31
105,2014,108,1036,6.582,7.9,0,0,.527,12.31
105,2014,108,1042,6.703,8.02,0,0,.524,12.31
105,2014,108,1048,6.823,7.78,0,0,.52,12.31
105,2014,108,1054,6.948,7.77,0,0,.517,12.31
105,2014,108,1100,7.07,7.91,0,0,.513,12.31
105,2014,108,1106,7.2,7.76,0,0,.507,12.31
105,2014,108,1112,7.31,7.73,0,0,.506,12.31
105,2014,108,1118,7.42,7.64,0,0,.503,12.31
105,2014,108,1124,7.52,8.44,0,0,.498,12.31
105,2014,108,1130,7.63,8.23,0,0,.496,12.31
105,2014,108,1136,7.73,8.47,0,0,.493,12.31
105,2014,108,1142,7.84,8.53,0,0,.489,12.31
105,2014,108,1148,7.95,8.52,0,0,.486,12.31
105,2014,108,1154,8.07,9.08,0,0,.484,12.31
105,2014,108,1200,8.19,9.47,0,0,.48,12.31
105,2014,108,1206,8.32,9.8,0,0,.477,12.31
105,2014,108,1212,8.45,9.68,0,0,.474,12.31
105,2014,108,1218,8.59,9.75,0,0,.471,12.31
105,2014,108,1224,8.73,9.91,0,0,.469,12.31
105,2014,108,1230,8.88,9.72,0,0,.467,12.31
105,2014,108,1236,9.02,9.83,0,0,.464,12.31
105,2014,108,1242,9.15,9.85,0,0,.462,12.31
105,2014,108,1248,9.27,10.3,0,0,.46,12.31
105,2014,108,1254,9.4,10.06,0,0,.458,12.31
105,2014,108,1300,9.52,10.07,0,0,.456,12.31
105,2014,108,1306,9.65,10.24,0,0,.454,12.31
105,2014,108,1312,9.77,10.79,0,0,.452,12.31
105,2014,108,1318,9.9,10.92,0,0,.45,12.31
105,2014,108,1324,10.03,11.12,0,0,.448,12.31
105,2014,108,1330,10.15,10.73,0,0,.446,12.31
105,2014,108,1336,10.3,11.44,0,0,.445,12.31
105,2014,108,1342,10.45,11.18,0,0,.441,12.31
105,2014,108,1348,10.6,10.52,0,0,.441,12.31
105,2014,108,1354,10.74,11.48,0,0,.438,12.31
105,2014,108,1400,10.88,11.3,0,0,.437,12.31
105,2014,108,1406,11.01,11.62,0,0,.435,12.31
105,2014,108,1412,11.82,12.71,0,0,.432,12.31