,18.36,19.79,0,0,.427,12.3
105,2014,117,1236,18.53,20.18,0,0,.426,12.3
105,2014,117,1242,18.69,19.71,0,0,.425,12.3
105,2014,117,1248,18.86,20.58,0,0,.423,12.3
105,2014,117,1254,19.04,21.08,0,0,.422,12.3
105,2014,117,1300,19.22,19.97,0,0,.422,12.3
105,2014,117,1306,19.4,20.24,0,0,.42,12.3
105,2014,117,1312,19.56,21.28,0,0,.419,12.3
105,2014,117,1318,19.71,20.95,0,0,.418,12.3
105,2014,117,1324,19.85,20.21,0,0,.417,12.3
105,2014,117,1330,19.98,20.51,0,0,.416,12.3
105,2014,117,1336,20.1,20.88,0,0,.415,12.3
105,2014,117,1342,20.21,20.63,0,0,.414,12.3
105,2014,117,1348,20.32,21.14,0,0,.413,12.3
105,2014,117,1354,20.45,21.01,0,0,.411,12.3
105,2014,117,1400,20.57,21.12,0,0,.412,12.3
105,2014,117,1406,20.7,21.54,0,0,.411,12.3
105,2014,117,1412,20.81,21.37,0,0,.409,12.3
105,2014,117,1418,20.92,20.89,0,0,.409,12.3
105,2014,117,1424,21.02,20.93,0,0,.407,12.3
105,2014,117,1430,21.11,21.05,0,0,.407,12.3
105,2014,117,1436,21.19,21.36,0,0,.407,12.3
105,2014,117,1442,21.28,20.92,0,0,.405,12.3
105,2014,117,1448,21.35,20.73,0,0,.405,12.3
105,2014,117,1454,21.42,21.1,0,0,.404,12.29
105,2014,117,1500,21.47,20.64,0,0,.403,12.29
105,2014,117,1506,21.52,20.57,0,0,.402,12.29
105,2014,117,1512,21.56,20.67,0,0,.403,12.29
105,2014,117,1518,21.6,20.63,0,0,.4,12.29
105,2014,117,1524,21.62,20.71,0,0,.4,12.29
105,2014,117,1530,21.65,21.43,0,0,.4,12.29
105,2014,117,1536,21.67,21.02,0,0,.398,12.29
105,2014,117,1542,21.7,20.41,0,0,.397,12.29
105,2014,117,1548,21.71,19.99,0,0,.397,12.29
105,2014,117,1554,21.71,19.85,0,0,.397,12.3
105,2014,117,1600,21.69,20.45,0,0,.395,12.29
105,2014,117,1606,21.68,20.64,0,0,.394,12.3
105,2014,117,1612,21.67,20.55,0,0,.394,12.3
105,2014,117,1618,21.66,19.91,0,0,.394,12.3
105,2014,117,1624,21.65,19.98,0,0,.391,12.29
105,2014,117,1630,21.64,19.58,0,0,.392,12.29
105,2014,117,1636,21.61,19.15,0,0,.392,12.3
105,2014,117,1642,21.58,18.87,0,0,.39,12.3
105,2014,117,1648,21.54,18.58,0,0,.389,12.3
105,2014,117,1654,21.48,18.38,0,0,.39,12.3
105,2014,117,1700,21.4,18.13,0,0,.39,12.3
105,2014,117,1706,21.29,18.29,0,0,.39,12.3
105,2014,117,1712,21.17,17.98,0,0,.389,12.3
105,2014,117,1718,21.04,17.93,0,0,.389,12.3
105,2014,117,1724,20.9,17.77,0,0,.389,12.3
105,2014,117,1730,20.75,17.63,0,0,.388,12.3
105,2014,117,1736,20.61,17.39,0,0,.388,12.3
105,2014,117,1742,20.46,17.29,0,0,.387,12.3
105,2014,117,1748,20.3,16.97,0,0,.386,12.3
105,2014,117,1754,20.13,16.83,0,0,.385,12.3
105,2014,117,1800,19.95,16.67,0,0,.385,12.3
105,2014,117,1806,19.77,16.52,0,0,.385,12.3
105,2014,117,1812,19.59,16.45,0,0,.384,12.3
105,2014,117,1818,19.42,16.37,0,0,.382,12.3
105,2014,117,1824,19.23,16.33,0,0,.382,12.3
105,2014,117,1830,19.06,16.35,0,0,.381,12.3
105,2014,117,1836,18.89,16.15,0,0,.381,12.3
105,2014,117,1842,18.73,16.07,0,0,.381,12.3
105,2014,117,1848,18.56,15.91,0,0,.381,12.3
105,2014,117,1854,18.4,15.76,0,0,.38,12.3
105,2014,117,1900,18.23,15.68,0,0,.379,12.3
105,2014,117,1906,18.07,15.59,0,0,.379,12.3
105,2014,117,1912,17.92,15.43,0,0,.38,12.3
105,2014,117,1918,17.76,15.26,0,0,.379,12.3
105,2014,117,1924,17.61,15.11,0,0,.378,12.3
105,2014,117,1930,17.45,15.01,0,0,.378,12.3
105,2014,117,1936,17.3,14.73,0,0,.378,12.3
105,2014,117,1942,17.15,14.59,0,0,.378,12.3
105,2014,117,1948,17,14.45,0,0,.378,12.3
105,2014,117,1954,16.84,14.36,0,0,.375,12.3
105,2014,117,2000,16.67,14.03,0,0,.376,12.3
105,2014,117,2006,16.5,13.56,0,0,.376,12.3
105,2014,117,2012,16.33,13.31,0,0,.375,12.3
105,2014,117,2018,16.15,13.24,0,0,.375,12.3
105,2014,117,2024,15.96,12.69,0,0,.375,12.3
105,2014,117,2030,15.77,12.23,0,0,.374,12.3
105,2014,117,2036,15.58,12.16,0,0,.374,12.3
105,2014,117,2042,15.39,12.41,0,0,.374,12.3
105,2014,117,2048,15.19,12.37,0,0,.374,12.3
105,2014,117,2054,14.99,12.08,0,0,.373,12.3
105,2014,117,2100,14.79,11.73,0,0,.373,12.3
105,2014,117,2106,14.6,11.14,0,0,.373,12.3
105,2014,117,2112,14.41,10.21,0,0,.372,12.3
105,2014,117,2118,14.21,10.61,0,0,.372,12.3
105,2014,117,2124,14,10.89,0,0,.371,12.31
105,2014,117,2130,13.8,10.63,0,0,.37,12.31
105,2014,117,2136,13.6,10.22,0,0,.37,12.3
105,2014,117,2142,13.4,10.88,0,0,.37,12.3
105,2014,117,2148,13.19,10.94,0,0,.369,12.31
105,2014,117,2154,13,11.19,0,0,.368,12.31
105,2014,117,2200,12.82,11.06,0,0,.367,12.31
105,2014,117,2206,12.64,10.54,0,0,.367,12.31
105,2014,117,2212,12.47,10.86,0,0,.368,12.31
105,2014,117,2218,12.31,10.63,0,0,.367,12.31
105,2014,117,2224,12.17,10.06,0,0,.365,12.31
105,2014,117,2230,12.02,10.31,0,0,.365,12.31
105,2014,117,2236,11.87,9.96,0,0,.366,12.31
105,2014,117,2242,11.73,9.5,0,0,.366,12.31
105,2014,117,2248,11.59,9.22,0,0,.365,12.31
105,2014,117,2254,11.46,9.5,0,0,.365,12.31
105,2014,117,2300,11.32,8.99,0,0,.365,12.31
105,2014,117,2306,11.17,9.44,0,0,.366,12.31
105,2014,117,2312,11.03,9.01,0,0,.365,12.31
105,2014,117,2318,10.89,9.15,0,0,.365,12.31
105,2014,117,2324,10.75,9,0,0,.365,12.31
105,2014,117,2330,10.61,8.68,0,0,.364,12.31
105,2014,117,2336,10.47,8.85,0,0,.364,12.31
105,2014,117,2342,10.34,8.76,0,0,.365,12.31
105,2014,117,2348,10.21,8.63,0,0,.364,12.31
105,2014,117,2354,10.09,8.14,0,0,.364,12.31
105,2014,118,0,9.96,8.65,0,0,.363,12.31
105,2014,118,6,9.84,8,0,0,.362,12.31
105,2014,118,12,9.72,8.39,0,0,.363,12.31
105,2014,118,18,9.6,8.27,0,0,.363,12.31
105,2014,118,24,9.48,8.24,0,0,.363,12.31
105,2014,118,30,9.36,8.16,0,0,.362,12.31
105,2014,118,36,9.24,8.33,0,0,.362,12.31
105,2014,118,42,9.13,8.21,0,0,.361,12.31
105,2014,118,48,9.02,8.2,0,0,.36,12.31
105,2014,118,54,8.91,8.16,0,0,.36,12.31
105,2014,118,100,8.81,8.01,0,0,.36,12.31
105,2014,118,106,8.7,8.01,0,0,.359,12.31
105,2014,118,112,8.61,7.64,0,0,.359,12.31
105,2014,118,118,8.51,7.52,0,0,.359,12.31
105,2014,118,124,8.42,7.46,0,0,.359,12.31
105,2014,118,130,8.34,7.21,0,0,.359,12.31
105,2014,118,136,8.24,7.67,0,0,.359,12.31
105,2014,118,142,8.15,8.01,0,0,.359,12.31
105,2014,118,148,8.06,7.8,0,0,.358,12.31
105,2014,118,154,7.98,7.84,0,0,.357,12.31
105,2014,118,200,7.9,7.74,0,0,.357,12.31
105,2014,118,206,7.83,7.59,0,0,.357,12.31
105,2014,118,212,7.75,7.69,0,0,.357,12.31
105,2014,118,218,7.68,7.53,0,0,.357,12.31
105,2014,118,224,7.62,7.6,0,0,.357,12.31
105,2014,118,230,7.56,7.07,0,0,.358,12.31
105,2014,118,236,7.5,7.42,0,0,.356,12.31
105,2014,118,242,7.44,8.09,0,0,.356,12.31
105,2014,118,248,7.38,7.81,0,0,.356,12.31
105,2014,118,254,7.33,8.16,0,0,.355,12.31
105,2014,118,300,7.29,8.01,0,0,.355,12.31
105,2014,118,306,7.26,7.9,0,0,.355,12.31
105,2014,118,312,7.23,8.07,0,0,.355,12.31
105,2014,118,318,7.21,8.56,0,0,.354,12.31
105,2014,118,324,7.19,8.89,0,0,.354,12.31
105,2014,118,330,7.18,9.27,0,0,.354,12.31
105,2014,118,336,7.2,9.63,0,0,.354,12.31
105,2014,118,342,7.23,9.69,0,0,.352,12.31
105,2014,118,348,7.28,9.77,0,0,.352,12.31
105,2014,118,354,7.35,9.82,0,0,.352,12.31
105,2014,118,400,7.42,9.9,0,0,.352,12.31
105,2014,118,406,7.51,9.85,0,0,.352,12.31
105,2014,118,412,7.59,10.03,0,0,.353,12.31
105,2014,118,418,7.68,10.25,0,0,.358,12.31
105,2014,118,424,7.77,10.08,0,0,.371,12.31
105,2014,118,430,7.86,10.21,0,0,.388,12.31
105,2014,118,436,7.95,10.21,0,0,.413,12.31
105,2014,118,442,8.03,10.28,0,0,.441,12.31
105,2014,118,448,8.13,10.01,0,0,.468,12.31
105,2014,118,454,8.21,9.92,0,0,.496,12.31
105,2014,118,500,8.29,9.98,0,0,.521,12.31
105,2014,118,506,8.36,10.12,0,0,.546,12.31
105,2014,118,512,8.42,10.36,0,0,.569,12.31
105,2014,118,518,8.48,10.57,0,0,.593,12.31
105,2014,118,524,8.55,10.54,0,0,.62,12.31
105,2014,118,530,8.62,10.59,0,0,.647,12.31
105,2014,118,536,8.69,10.66,0,0,.669,12.31
105,2014,118,542,8.76,10.68,0,0,.685,12.31
105,2014,118,548,8.84,10.7,0,0,.697,12.31
105,2014,118,554,8.92,10.71,0,0,.703,12.31
105,2014,118,600,9,10.76,0,0,.704,12.31
105,2014,118,606,9.08,10.76,0,0,.705,12.31
105,2014,118,612,9.16,10.68,0,0,.705,12.31
105,2014,118,618,9.24,10.63,0,0,.704,12.31
105,2014,118,624,9.32,10.6,0,0,.7,12.31
105,2014,118,630,9.39,10.61,0,0,.694,12.31
105,2014,118,636,9.45,10.62,0,0,.687,12.31
105,2014,118,642,9.51,10.72,0,0,.679,12.31
105,2014,118,648,9.57,10.95,0,0,.672,12.31
105,2014,118,654,9.62,11.22,0,0,.666,12.31
105,2014,118,700,9.68,11.64,0,0,.658,12.31
105,2014,118,706,9.75,11.82,0,0,.65,12.31
105,2014,118,712,9.83,12.05,0,0,.641,12.31
105,2014,118,718,9.92,12.21,0,0,.635,12.31
105,2014,118,724,10.03,12.39,0,0,.626,12.31
105,2014,118,730,10.15,12.38,0,0,.62,12.31
105,2014,118,736,10.28,12.03,0,0,.613,12.31
105,2014,118,742,10.41,12,0,0,.608,12.31
105,2014,118,748,10.53,12.18,0,0,.601,12.3
105,2014,118,754,10.65,12.13,0,0,.595,12.31
105,2014,118,800,10.77,12.14,0,0,.589,12.31
105,2014,118,806,10.88,11.94,0,0,.583,12.31
105,2014,118,812,10.99,12.01,0,0,.577,12.31
105,2014,118,818,11.09,11.97,0,0,.572,12.31
105,2014,118,824,11.19,12.04,0,0,.567,12.31
105,2014,118,830,11.29,11.92,0,0,.562,12.31
105,2014,118,836,11.37,12.13,0,0,.557,12.3
105,2014,118,842,11.45,12.26,0,0,.552,12.3
105,2014,118,848,11.52,13.04,0,0,.547,12.3
105,2014,118,854,11.6,13.71,0,0,.542,12.3
105,2014,118,900,11.7,13.59,0,0,.538,12.3
105,2014,118,906,11.81,13.78,0,0,.534,12.3
105,2014,118,912,11.94,14.52,0,0,.529,12.3
105,2014,118,918,12.07,14.63,0,0,.524,12.3
105,2014,118,924,12.22,14.15,0,0,.52,12.3
105,2014,118,930,12.39,14.54,0,0,.517,12.3
105,2014,118,936,12.56,13.92,0,0,.513,12.3
105,2014,118,942,12.73,14.08,0,0,.51,12.3
105,2014,118,948,12.9,14.22,0,0,.506,12.3
105,2014,118,954,13.05,14.51,0,0,.503,12.3
105,2014,118,1000,13.2,14.56,0,0,.5,12.3
105,2014,118,1006,13.35,14.24,0,0,.498,12.3
105,2014,118,1012,13.49,14.5,0,0,.495,12.3
105,2014,118,1018,13.63,14.85,0,0,.492,12.3
105,2014,118,1024,13.76,14.82,0,0,.489,12.3
105,2014,118,1030,13.89,14.94,0,0,.487,12.3
105,2014,118,1036,14.03,15.39,0,0,.483,12.3
105,2014,118,1042,14.17,15.38,0,0,.482,12.3
105,2014,118,1048,14.32,15.05,0,0,.478,12.3
105,2014,118,1054,14.46,15.06,0,0,.476,12.3
105,2014,118,1100,14.6,15,0,0,.474,12.3
105,2014,118,1106,14.73,14.91,0,0,.472,12.3
105,2014,118,1112,14.86,15.2,0,0,.47,12.3
105,2014,118,1118,14.99,15.17,0,0,.467,12.3
105,2014,118,1124,15.1,15.05,0,0,.466,12.3
105,2014,118,1130,15.21,14.68,0,0,.464,12.3
105,2014,118,1136,15.31,14.43,0,0,.463,12.3
105,2014,118,1142,15.38,14.87,0,0,.461,12.3
105,2014,118,1148,15.45,14.97,0,0,.459,12.3
105,2014,118,1154,15.52,14.68,0,0,.458,12.3
105,2014,118,1200,15.59,15.38,0,0,.456,12.3
105,2014,118,1206,15.66,15.78,0,0,.455,12.3
105,2014,118,1212,15.73,15.63,0,0,.453,12.3
105,2014,118,1218,15.81,16.09,0,0,.452,12.3
105,2014,118,1224,15.89,16.14,0,0,.45,12.3
105,2014,118,1230,15.98,15.8,0,0,.449,12.3
105,2014,118,1236,16.08,16.42,0,0,.447,12.3
105,2014,118,1242,16.18,16.4,0,0,.446,12.3
105,2014,118,1248,16.28,16.23,0,0,.445,12.3
105,2014,118,1254,16.39,16.51,0,0,.444,12.3
105,2014,118,1300,16.49,16.21,0,0,.442,12.3
105,2014,118,1306,16.6,16,0,0,.442,12.3
105,2014,118,1312,16.7,15.85,0,0,.44,12.3
105,2014,118,1318,16.79,15.8,0,0,.439,12.3
105,2014,118,1324,16.87,16.36,0,0,.438,12.3
105,2014,118,1330,16.93,16.11,0,0,.436,12.3
105,2014,118,1336,17,16.21,0,0,.436,12.3
105,2014,118,1342,17.06,16.39,0,0,.434,12.3
105,2014,118,1348,17.11,16.97,0,0,.432,12.3
105,2014,118,1354,17.18,16.71,0,0,.431,12.3
105,2014,118,1400,17.25,16.17,0,0,.43,12.3
105,2014,118,1406,17.33,16.5,0,0,.431,12.3
105,2014,118,1412,17.4,16.07,0,0,.429,12.3
105,2014,118,1418,17.48,16.53,0,0,.428,12.3
105,2014,118,1424,17.55,16.44,0,0,.426,12.3
105,2014,118,1430,17.61,16.6,0,0,.426,12.3
105,2014,118,1436,17.66,17.09,0,0,.425,12.3
105,2014,118,1442,17.72,16.45,0,0,.424,12.3
105,2014,118,1448,17.77,16.39,0,0,.423,12.3
105,2014,118,1454,17.81,16.28,0,0,.422,12.3
105,2014,118,1500,17.84,16.7,0,0,.421,12.3
105,2014,118,1506,17.87,16.01,0,0,.42,12.3
105,2014,118,1512,17.89,16.15,0,0,.42,12.3
105,2014,118,1518,17.89,16.03,0,0,.419,12.3
105,2014,118,1524,17.89,15.65,0,0,.418,12.3
105,2014,118,1530,17.88,15.62,0,0,.417,12.3
105,2014,118,1536,17.85,15.67,0,0,.417,12.3
105,2014,118,1542,17.81,15.69,0,0,.417,12.3
105,2014,118,1548,17.77,15.57,0,0,.415,12.3
105,2014,118,1554,17.73,15.68,0,0,.414,12.3
105,2014,118,1600,17.7,15.32,0,0,.414,12.3
105,2014,118,1606,17.66,14.99,0,0,.412,12.3
105,2014,118,1612,17.61,14.99,0,0,.412,12.3
105,2014,118,1618,17.56,14.91,0,0,.411,12.3
105,2014,118,1624,17.5,14.78,0,0,.411,12.3
105,2014,118,1630,17.44,14.9,0,0,.411,12.3
105,2014,118,1636,17.37,15.03,0,0,.41,12.3
105,2014,118,1642,17.3,14.66,0,0,.408,12.3
105,2014,118,1648,17.22,14.46,0,0,.409,12.3
105,2014,118,1654,17.14,14.24,0,0,.408,12.3
105,2014,118,1700,17.06,14.18,0,0,.406,12.3
105,2014,118,1706,16.98,14.23,0,0,.406,12.3
105,2014,118,1712,16.89,14.21,0,0,.406,12.3
105,2014,118,1718,16.81,14,0,0,.406,12.3
105,2014,118,1724,16.72,13.82,0,0,.405,12.3
105,2014,118,1730,16.64,13.52,0,0,.405,12.3
105,2014,118,1736,16.55,13.16,0,0,.403,12.3
105,2014,118,1742,16.45,13.15,0,0,.403,12.3
105,2014,118,1748,16.35,13.16,0,0,.403,12.3
105,2014,118,1754,16.25,13.15,0,0,.402,12.3
105,2014,118,1800,16.15,12.99,0,0,.401,12.3
105,2014,118,1806,16.06,13,0,0,.401,12.3
105,2014,118,1812,15.97,12.69,0,0,.401,12.3
105,2014,118,1818,15.88,12.59,0,0,.401,12.3
105,2014,118,1824,15.79,12.27,0,0,.399,12.3
105,2014,118,1830,15.7,12.21,0,0,.399,12.3
105,2014,118,1836,15.6,12.27,0,0,.399,12.3
105,2014,118,1842,15.5,12.48,0,0,.398,12.3
105,2014,118,1848,15.39,12.11,0,0,.398,12.3
105,2014,118,1854,15.29,12.14,0,0,.398,12.3
105,2014,118,1900,15.18,11.9,0,0,.398,12.3
105,2014,118,1906,15.08,11.83,0,0,.397,12.3
105,2014,118,1912,14.97,11.53,0,0,.397,12.3
105,2014,118,1918,14.86,11.5,0,0,.397,12.3
105,2014,118,1924,14.75,11.29,0,0,.397,12.3
105,2014,118,1930,14.63,11.11,0,0,.397,12.3
105,2014,118,1936,14.52,11.19,0,0,.395,12.3
105,2014,118,1942,14.4,11.11,0,0,.394,12.3
105,2014,118,1948,14.29,11.1,0,0,.396,12.3
105,2014,118,1954,14.17,10.84,0,0,.395,12.31
105,2014,118,2000,14.06,10.73,0,0,.396,12.31
105,2014,118,2006,13.96,10.85,0,0,.395,12.31
105,2014,118,2012,13.85,10.91,0,0,.395,12.3
105,2014,118,2018,13.74,10.64,0,0,.394,12.3
105,2014,118,2024,13.63,10.62,0,0,.394,12.3
105,2014,118,2030,13.52,10.6,0,0,.396,12.3
105,2014,118,2036,13.42,10.67,0,0,.395,12.31
105,2014,118,2042,13.32,10.56,0,0,.394,12.31
105,2014,118,2048,13.22,10.44,0,0,.394,12.31
105,2014,118,2054,13.13,10.49,0,0,.394,12.31
105,2014,118,2100,13.03,10.6,0,0,.394,12.31
105,2014,118,2106,12.94,10.53,0,0,.393,12.31
105,2014,118,2112,12.85,10.41,0,0,.393,12.31
105,2014,118,2118,12.76,10.36,0,0,.393,12.31
105,2014,118,2124,12.67,10.32,0,0,.393,12.31
105,2014,118,2130,12.59,10.54,0,0,.393,12.31
105,2014,118,2136,12.51,10.52,0,0,.393,12.31
105,2014,118,2142,12.44,10.45,0,0,.393,12.31
105,2014,118,2148,12.36,10.47,0,0,.393,12.31
105,2014,118,2154,12.3,10.46,0,0,.393,12.31
105,2014,118,2200,12.23,10.57,0,0,.394,12.31
105,2014,118,2206,12.17,10.52,0,0,.393,12.31
105,2014,118,2212,12.11,10.36,0,0,.393,12.31
105,2014,118,2218,12.06,10.3,0,0,.393,12.31
105,2014,118,2224,12.01,10.18,0,0,.393,12.31
105,2014,118,2230,11.96,10.1,0,0,.393,12.31
105,2014,118,2236,11.91,10.06,0,0,.394,12.31
105,2014,118,2242,11.86,9.94,0,0,.394,12.31
105,2014,118,2248,11.8,9.74,0,0,.394,12.31
105,2014,118,2254,11.75,9.59,0,0,.395,12.31
105,2014,118,2300,11.69,9.55,0,0,.395,12.31
105,2014,118,2306,11.62,9.63,0,0,.393,12.31
105,2014,118,2312,11.56,9.74,0,0,.393,12.31
105,2014,118,2318,11.49,9.73,0,0,.394,12.31
105,2014,118,2324,11.43,9.8,0,0,.394,12.31
105,2014,118,2330,11.37,9.86,0,0,.393,12.31
105,2014,118,2336,11.32,9.87,0,0,.394,12.31
105,2014,118,2342,11.27,9.82,0,0,.393,12.31
105,2014,118,2348,11.21,9.8,0,0,.393,12.31
105,2014,118,2354,11.17,9.8,0,0,.391,12.31
105,2014,119,0,11.12,9.78,0,0,.39,12.31
105,2014,119,6,11.08,9.76,0,0,.391,12.31
105,2014,119,12,11.04,9.74,0,0,.391,12.31
105,2014,119,18,11,9.75,0,0,.389,12.31
105,2014,119,24,10.97,9.69,0,0,.389,12.31
105,2014,119,30,10.94,9.7,0,0,.388,12.31
105,2014,119,36,10.9,9.78,0,0,.388,12.31
105,2014,119,42,10.87,9.76,0,0,.389,12.31
105,2014,119,48,10.84,9.68,0,0,.387,12.31
105,2014,119,54,10.81,9.61,0,0,.389,12.31
105,2014,119,100,10.78,9.64,0,0,.389,12.31
105,2014,119,106,10.76,9.66,0,0,.387,12.31
105,2014,119,112,10.73,9.57,0,0,.386,12.31
105,2014,119,118,10.7,9.45,0,0,.386,12.31
105,2014,119,124,10.68,9.45,0,0,.386,12.31
105,2014,119,130,10.65,9.44,0,0,.385,12.31
105,2014,119,136,10.62,9.43,0,0,.384,12.31
105,2014,119,142,10.6,9.47,0,0,.384,12.31
105,2014,119,148,10.57,9.44,0,0,.384,12.31
105,2014,119,154,10.54,9.44,0,0,.384,12.31
105,2014,119,200,10.51,9.47,0,0,.383,12.31
105,2014,119,206,10.48,9.44,0,0,.384,12.31
105,2014,119,212,10.46,9.44,0,0,.383,12.31
105,2014,119,218,10.44,9.45,0,0,.384,12.31
105,2014,119,224,10.42,9.4,0,0,.382,12.31
105,2014,119,230,10.4,9.42,0,0,.381,12.31
105,2014,119,236,10.38,9.43,0,0,.381,12.31
105,2014,119,242,10.36,9.42,0,0,.381,12.31
105,2014,119,248,10.34,9.37,0,0,.381,12.31
105,2014,119,254,10.32,9.36,0,0,.38,12.31
105,2014,119,300,10.3,9.37,0,0,.38,12.31
105,2014,119,306,10.28,9.35,0,0,.38,12.31
105,2014,119,312,10.26,9.3,0,0,.38,12.31
105,2014,119,318,10.23,9.31,0,0,.379,12.31
105,2014,119,324,10.21,9.23,0,0,.378,12.31
105,2014,119,330,10.18,9.22,0,0,.378,12.31
105,2014,119,336,10.15,9.22,0,0,.378,12.31
105,2014,119,342,10.12,9.19,0,0,.376,12.31
105,2014,119,348,10.09,9.17,0,0,.376,12.31
105,2014,119,354,10.06,9.2,0,0,.376,12.31
105,2014,119,400,10.03,9.17,0,0,.376,12.31
105,2014,119,406,9.99,9.15,0,0,.376,12.31
105,2014,119,412,9.96,9.16,0,0,.376,12.31
105,2014,119,418,9.93,9.17,0,0,.376,12.31
105,2014,119,424,9.9,9.16,0,0,.376,12.31
105,2014,119,430,9.87,9.14,0,0,.376,12.31
105,2014,119,436,9.84,9.14,0,0,.376,12.31
105,2014,119,442,9.81,9.13,0,0,.378,12.31
105,2014,119,448,9.78,9.06,0,0,.393,12.31
105,2014,119,454,9.76,9.07,0,0,.416,12.31
105,2014,119,500,9.73,9.01,0,0,.451,12.31
105,2014,119,506,9.7,8.92,0,0,.495,12.31
105,2014,119,512,9.68,8.98,0,0,.543,12.31
105,2014,119,518,9.66,9,0,0,.595,12.31
105,2014,119,524,9.63,9.06,0,0,.648,12.31
105,2014,119,530,9.61,9.1,0,0,.698,12.31
105,2014,119,536,9.6,9.08,0,0,.753,12.31
105,2014,119,542,9.58,9.12,0,0,.807,12.31
105,2014,119,548,9.57,9.14,0,0,.859,12.31
105,2014,119,554,9.56,9.17,0,0,.899,12.31
105,2014,119,600,9.55,9.18,0,0,.926,12.31
105,2014,119,606,9.54,9.16,0,0,.937,12.31
105,2014,119,612,9.54,9.18,0,0,.938,12.31
105,2014,119,618,9.53,9.3,0,0,.937,12.31
105,2014,119,624,9.53,9.36,0,0,.933,12.31
105,2014,119,630,9.53,9.37,0,0,.925,12.31
105,2014,119,636,9.53,9.43,0,0,.917,12.31
105,2014,119,642,9.54,9.46,0,0,.906,12.31
105,2014,119,648,9.55,9.48,0,0,.896,12.31
105,2014,119,654,9.56,9.48,0,0,.888,12.31
105,2014,119,700,9.57,9.56,0,0,.884,12.31
105,2014,119,706,9.59,9.66,0,0,.88,12.31
105,2014,119,712,9.61,9.69,0,0,.873,12.31
105,2014,119,718,9.63,9.74,0,0,.865,12.31
105,2014,119,724,9.65,9.81,0,0,.855,12.31
105,2014,119,730,9.67,9.82,0,0,.845,12.31
105,2014,119,736,9.7,9.81,0,0,.835,12.31
105,2014,119,742,9.72,9.84,0,0,.823,12.31
105,2014,119,748,9.75,9.91,0,0,.81,12.31
105,2014,119,754,9.78,9.96,0,0,.798,12.31
105,2014,119,800,9.81,10.05,0,0,.786,12.31
105,2014,119,806,9.84,10.12,0,0,.772,12.31
105,2014,119,812,9.87,10.11,0,0,.76,12.31
105,2014,119,818,9.9,10.12,0,0,.747,12.31
105,2014,119,824,9.93,10.14,0,0,.737,12.31
105,2014,119,830,9.97,10.2,0,0,.724,12.31
105,2014,119,836,10,10.3,0,0,.713,12.31
105,2014,119,842,10.03,10.36,0,0,.702,12.31
105,2014,119,848,10.07,10.34,0,0,.692,12.31
105,2014,119,854,10.1,10.35,0,0,.681,12.31
105,2014,119,900,10.14,10.36,0,0,.673,12.31
105,2014,119,906,10.18,10.46,0,0,.665,12.31
105,2014,119,912,10.21,10.47,0,0,.656,12.31
105,2014,119,918,10.25,10.43,0,0,.647,12.31
105,2014,119,924,10.28,10.54,0,0,.641,12.31
105,2014,119,930,10.32,10.52,0,0,.631,12.31
105,2014,119,936,10.35,10.45,0,0,.623,12.31
105,2014,119,942,10.38,10.49,0,0,.617,12.31
105,2014,119,948,10.41,10.46,0,0,.608,12.31
105,2014,119,954,10.44,10.43,0,0,.603,12.31
105,2014,119,1000,10.46,10.41,0,0,.597,12.31
105,2014,119,1006,10.48,10.46,0,0,.591,12.31
105,2014,119,1012,10.51,10.52,0,0,.586,12.31
105,2014,119,1018,10.53,10.45,0,0,.58,12.31
105,2014,119,1024,10.55,10.43,0,0,.574,12.31
105,2014,119,1030,10.58,10.4,0,0,.569,12.31
105,2014,119,1036,10.6,10.37,0,0,.564,12.31
105,2014,119,1042,10.62,10.46,0,0,.558,12.31
105,2014,119,1048,10.63,10.4,0,0,.554,12.31
105,2014,119,1054,10.65,10.3,0,0,.551,12.31
105,2014,119,1100,10.67,10.19,0,0,.545,12.31
105,2014,119,1106,10.68,10.1,0,0,.541,12.31
105,2014,119,1112,10.69,10,0,0,.538,12.31
105,2014,119,1118,10.7,9.91,0,0,.533,12.31
105,2014,119,1124,10.7,9.86,0,0,.53,12.31
105,2014,119,1130,10.7,9.78,0,0,.526,12.31
105,2014,119,1136,10.7,9.64,0,0,.522,12.31
105,2014,119,1142,10.68,9.55,0,0,.519,12.31
105,2014,119,1148,10.66,9.42,0,0,.517,12.31
105,2014,119,1154,10.64,9.49,0,0,.512,12.31
105,2014,119,1200,10.61,9.69,0,0,.51,12.31
105,2014,119,1206,10.59,9.77,0,0,.506,12.31
105,2014,119,1212,10.57,9.7,0,0,.505,12.31
105,2014,119,1218,10.56,9.64,0,0,.503,12.31
105,2014,119,1224,10.54,9.42,0,0,.501,12.31
105,2014,119,1230,10.53,9.37,0,0,.498,12.31
105,2014,119,1236,10.52,9.33,0,0,.495,12.31
105,2014,119,1242,10.5,9.4,0,0,.491,12.31
105,2014,119,1248,10.47,9.33,0,0,.489,12.31
105,2014,119,1254,10.45,9.23,0,0,.487,12.31
105,2014,119,1300,10.42,9.18,0,0,.486,12.31
105,2014,119,1306,10.39,9.23,0,0,.484,12.31
105,2014,119,1312,10.36,9.31,0,0,.482,12.31
105,2014,119,1318,10.33,9.37,0,0,.48,12.31
105,2014,119,1324,10.31,9.35,0,0,.477,12.31
105,2014,119,1330,10.29,9.39,0,0,.476,12.31
105,2014,119,1336,10.27,9.47,0,0,.473,12.31
105,2014,119,1342,10.25,9.51,0,0,.473,12.31
105,2014,119,1348,10.24,9.54,0,0,.47,12.31
105,2014,119,1354,10.23,9.51,0,0,.469,12.31
105,2014,119,1400,10.23,9.5,0,0,.467,12.31
105,2014,119,1406,10.22,9.49,0,0,.466,12.31
105,2014,119,1412,10.22,9.55,0,0,.464,12.31
105,2014,119,1418,10.22,9.62,0,0,.463,12.31
105,2014,119,1424,10.22,9.73,0,0,.462,12.31
105,2014,119,1430,10.22,9.78,0,0,.461,12.31
105,2014,119,1436,10.22,9.65,0,0,.459,12.31
105,2014,119,1442,10.23,9.75,0,0,.459,12.31
105,2014,119,1448,10.24,9.76,0,0,.458,12.31
105,2014,119,1454,10.25,9.69,0,0,.456,12.31
105,2014,119,1500,10.27,9.72,0,0,.456,12.31
105,2014,119,1506,10.28,9.66,0,0,.455,12.31
105,2014,119,1512,10.29,9.71,0,0,.456,12.31
105,2014,119,1518,10.3,9.75,0,0,.456,12.31
105,2014,119,1524,10.3,9.69,0,0,.456,12.31
105,2014,119,1530,10.31,9.69,0,0,.456,12.31
105,2014,119,1536,10.31,9.67,0,0,.455,12.31
105,2014,119,1542,10.31,9.72,0,0,.454,12.31
105,2014,119,1548,10.32,9.72,0,0,.457,12.31
105,2014,119,1554,10.32,9.77,0,0,.462,12.31
105,2014,119,1600,10.31,9.8,0,0,.47,12.31
105,2014,119,1606,10.31,9.73,0,0,.481,12.31
105,2014,119,1612,10.31,9.71,0,0,.497,12.31
105,2014,119,1618,10.31,9.74,0,0,.52,12.31
105,2014,119,1624,10.31,9.79,0,0,.547,12.31
105,2014,119,1630,10.31,9.78,0,0,.573,12.31
105,2014,119,1636,10.31,9.76,0,0,.605,12.31
105,2014,119,1642,10.31,9.79,0,0,.638,12.31
105,2014,119,1648,10.32,9.86,0,0,.67,12.31
105,2014,119,1654,10.32,9.95,0,0,.695,12.31
105,2014,119,1700,10.33,9.98,0,0,.717,12.31
105,2014,119,1706,10.34,10.01,0,0,.739,12.31
105,2014,119,1712,10.35,9.97,0,0,.756,12.31
105,2014,119,1718,10.36,9.94,0,0,.771,12.31
105,2014,119,1724,10.38,9.96,0,0,.785,12.31
105,2014,119,1730,10.39,10.05,0,0,.799,12.31
105,2014,119,1736,10.4,10.13,0,0,.817,12.31
105,2014,119,1742,10.41,10.23,0,0,.843,12.31
105,2014,119,1748,10.43,10.15,0,0,.87,12.31
105,2014,119,1754,10.44,10.13,0,0,.889,12.31
105,2014,119,1800,10.46,10.07,0,0,.909,12.31
105,2014,119,1806,10.47,10.09,0,0,.927,12.31
105,2014,119,1812,10.49,10.08,0,0,.933,12.31
105,2014,119,1818,10.49,10.09,0,0,.933,12.31
105,2014,119,1824,10.5,10.08,0,0,.924,12.31
105,2014,119,1830,10.51,10.07,0,0,.914,12.31
105,2014,119,1836,10.51,9.98,0,0,.902,12.31
105,2014,119,1842,10.51,9.9,0,0,.886,12.31
105,2014,119,1848,10.51,9.92,0,0,.873,12.31
105,2014,119,1854,10.51,9.9,0,0,.861,12.31
105,2014,119,1900,10.5,9.86,0,0,.85,12.31
105,2014,119,1906,10.5,9.89,0,0,.838,12.31
105,2014,119,1912,10.5,9.88,0,0,.826,12.31
105,2014,119,1918,10.49,9.86,0,0,.811,12.31
105,2014,119,1924,10.49,9.86,0,0,.799,12.31
105,2014,119,1930,10.49,9.78,0,0,.786,12.31
105,2014,119,1936,10.48,9.77,0,0,.776,12.31
105,2014,119,1942,10.47,9.79,0,0,.766,12.31
105,2014,119,1948,10.47,9.8,0,0,.757,12.31
105,2014,119,1954,10.46,9.81,0,0,.748,12.31
105,2014,119,2000,10.45,9.85,0,0,.739,12.31
105,2014,119,2006,10.45,9.89,0,0,.731,12.31
105,2014,119,2012,10.44,9.88,0,0,.723,12.31
105,2014,119,2018,10.43,9.88,0,0,.714,12.31
105,2014,119,2024,10.43,9.89,0,0,.704,12.31
105,2014,119,2030,10.42,9.87,0,0,.697,12.31
105,2014,119,2036,10.41,9.91,0,0,.689,12.31
105,2014,119,2042,10.41,9.95,0,0,.68,12.31
105,2014,119,2048,10.4,9.94,0,0,.673,12.31
105,2014,119,2054,10.4,9.95,0,0,.666,12.31
105,2014,119,2100,10.4,9.95,0,0,.659,12.31
105,2014,119,2106,10.4,9.97,0,0,.652,12.31
105,2014,119,2112,10.39,9.96,0,0,.645,12.31
105,2014,119,2118,10.39,9.91,0,0,.638,12.31
105,2014,119,2124,10.39,9.9,0,0,.632,12.31
105,2014,119,2130,10.39,9.88,0,0,.624,12.31
105,2014,119,2136,10.39,9.9,0,0,.616,12.31
105,2014,119,2142,10.39,9.87,0,0,.612,12.31
105,2014,119,2148,10.39,9.85,0,0,.608,12.31
105,2014,119,2154,10.39,9.86,0,0,.603,12.31
105,2014,119,2200,10.38,9.83,0,0,.599,12.31
105,2014,119,2206,10.38,9.81,0,0,.597,12.31
105,2014,119,2212,10.38,9.79,0,0,.596,12.31
105,2014,119,2218,10.37,9.8,0,0,.595,12.31
105,2014,119,2224,10.37,9.82,0,0,.592,12.31
105,2014,119,2230,10.36,9.81,0,0,.588,12.31
105,2014,119,2236,10.36,9.83,0,0,.583,12.31
105,2014,119,2242,10.36,9.87,0,0,.581,12.31
105,2014,119,2248,10.35,9.84,0,0,.578,12.31
105,2014,119,2254,10.35,9.86,0,0,.576,12.31
105,2014,119,2300,10.34,9.83,0,0,.575,12.31
105,2014,119,2306,10.34,9.85,0,0,.572,12.31
105,2014,119,2312,10.34,9.85,0,0,.571,12.31
105,2014,119,2318,10.34,9.85,0,0,.568,12.31
105,2014,119,2324,10.33,9.84,0,0,.565,12.31
105,2014,119,2330,10.33,9.83,0,0,.562,12.31
105,2014,119,2336,10.33,9.84,0,0,.558,12.31
105,2014,119,2342,10.33,9.91,0,0,.554,12.31
105,2014,119,2348,10.33,9.95,0,0,.552,12.31
105,2014,119,2354,10.32,9.96,0,0,.553,12.31
105,2014,120,0,10.32,9.98,0,0,.55,12.31
105,2014,120,6,10.32,9.94,0,0,.547,12.31
105,2014,120,12,10.32,9.95,0,0,.543,12.31
105,2014,120,18,10.33,9.98,0,0,.539,12.31
105,2014,120,24,10.33,10.02,0,0,.536,12.31
105,2014,120,30,10.33,10.06,0,0,.532,12.31
105,2014,120,36,10.34,10.12,0,0,.528,12.31
105,2014,120,42,10.35,10.13,0,0,.526,12.31
105,2014,120,48,10.35,10.13,0,0,.522,12.31
105,2014,120,54,10.36,10.14,0,0,.52,12.31
105,2014,120,100,10.38,10.16,0,0,.517,12.31
105,2014,120,106,10.39,10.15,0,0,.513,12.31
105,2014,120,112,10.4,10.16,0,0,.513,12.31
105,2014,120,118,10.41,10.18,0,0,.51,12.31
105,2014,120,124,10.42,10.2,0,0,.509,12.31
105,2014,120,130,10.44,10.23,0,0,.509,12.31
105,2014,120,136,10.45,10.24,0,0,.507,12.31
105,2014,120,142,10.46,10.24,0,0,.507,12.31
105,2014,120,148,10.47,10.23,0,0,.508,12.31
105,2014,120,154,10.49,10.22,0,0,.508,12.31
105,2014,120,200,10.5,10.2,0,0,.508,12.31
105,2014,120,206,10.51,10.18,0,0,.513,12.31
105,2014,120,212,10.52,10.21,0,0,.518,12.31
105,2014,120,218,10.53,10.24,0,0,.524,12.31
105,2014,120,224,10.54,10.25,0,0,.535,12.31
105,2014,120,230,10.55,10.24,0,0,.549,12.31
105,2014,120,236,10.56,10.27,0,0,.568,12.31
105,2014,120,242,10.57,10.31,0,0,.595,12.31
105,2014,120,248,10.58,10.33,0,0,.631,12.31
105,2014,120,254,10.59,10.36,0,0,.675,12.31
105,2014,120,300,10.6,10.38,0,0,.731,12.31
105,2014,120,306,10.61,10.4,0,0,.798,12.31
105,2014,120,312,10.63,10.43,0,0,.876,12.31
105,2014,120,318,10.64,10.48,0,0,.959,12.31
105,2014,120,324,10.65,10.49,0,0,1.03,12.31
105,2014,120,330,10.67,10.55,0,0,1.098,12.31
105,2014,120,336,10.69,10.54,0,0,1.164,12.31
105,2014,120,342,10.7,10.57,0,0,1.232,12.31
105,2014,120,348,10.72,10.59,0,0,1.295,12.31
105,2014,120,354,10.74,10.59,0,0,1.361,12.31
105,2014,120,400,10.75,10.58,0,0,1.424,12.31
105,2014,120,406,10.77,10.61,0,0,1.482,12.31
105,2014,120,412,10.79,10.63,0,0,1.535,12.31
105,2014,120,418,10.81,10.69,0,0,1.577,12.31
105,2014,120,424,10.82,10.69,0,0,1.613,12.31
105,2014,120,430,10.84,10.67,0,0,1.643,12.31
105,2014,120,436,10.86,10.7,0,0,1.669,12.31
105,2014,120,442,10.87,10.74,0,0,1.693,12.31
105,2014,120,448,10.89,10.78,0,0,1.706,12.31
105,2014,120,454,10.91,10.82,0,0,1.705,12.31
105,2014,120,500,10.93,10.79,0,0,1.687,12.31
105,2014,120,506,10.95,10.77,0,0,1.669,12.31
105,2014,120,512,10.96,10.73,0,0,1.667,12.31
105,2014,120,518,10.98,10.79,0,0,1.672,12.31
105,2014,120,524,11,10.81,0,0,1.678,12.31
105,2014,120,530,11.01,10.86,0,0,1.689,12.31
105,2014,120,536,11.03,10.92,0,0,1.704,12.31
105,2014,120,542,11.05,11.01,0,0,1.739,12.31
105,2014,120,548,11.07,11.06,0,0,1.773,12.31
105,2014,120,554,11.09,11.07,0,0,1.795,12.31
105,2014,120,600,11.11,11.13,0,0,1.818,12.31
105,2014,120,606,11.13,11.22,0,0,1.84,12.31
105,2014,120,612,11.16,11.25,0,0,1.861,12.31
105,2014,120,618,11.18,11.32,0,0,1.887,12.31
105,2014,120,624,11.21,11.38,0,0,1.901,12.31
105,2014,120,630,11.24,11.42,0,0,1.904,12.31
105,2014,120,636,11.27,11.49,0,0,1.892,12.31
105,2014,120,642,11.3,11.53,0,0,1.864,12.31
105,2014,120,648,11.33,11.58,0,0,1.838,12.31
105,2014,120,654,11.36,11.63,0,0,1.818,12.31
105,2014,120,700,11.4,11.69,0,0,1.817,12.31
105,2014,120,706,11.43,11.73,0,0,1.809,12.31
105,2014,120,712,11.47,11.79,0,0,1.801,12.31
105,2014,120,718,11.51,11.82,0,0,1.782,12.31
105,2014,120,724,11.55,11.87,0,0,1.764,12.31
105,2014,120,730,11.58,11.92,0,0,1.751,12.31
105,2014,120,736,11.62,11.98,0,0,1.739,12.31
105,2014,120,742,11.66,12,0,0,1.734,12.31
105,2014,120,748,11.7,12.03,0,0,1.741,12.31
105,2014,120,754,11.74,12.14,0,0,1.763,12.31
105,2014,120,800,11.79,12.21,0,0,1.777,12.31
105,2014,120,806,11.83,12.31,0,0,1.775,12.31
105,2014,120,812,11.88,12.34,0,0,1.787,12.31
105,2014,120,818,11.92,12.38,0,0,1.806,12.31
105,2014,120,824,11.98,12.47,0,0,1.816,12.31
105,2014,120,830,12.02,12.49,0,0,1.81,12.31
105,2014,120,836,12.07,12.57,0,0,1.766,12.31
105,2014,120,842,12.12,12.69,0,0,1.715,12.31
105,2014,120,848,12.17,12.77,0,0,1.666,12.31
105,2014,120,854,12.22,12.92,0,0,1.621,12.31
105,2014,120,900,12.27,12.91,0,0,1.571,12.31
105,2014,120,906,12.33,12.91,0,0,1.528,12.3
105,2014,120,912,12.38,12.92,0,0,1.499,12.3
105,2014,120,918,12.43,12.96,0,0,1.476,12.3
105,2014,120,924,12.48,13,0,0,1.45,12.3
105,2014,120,930,12.53,13.01,0,0,1.428,12.3
105,2014,120,936,12.58,13.05,0,0,1.423,12.3
105,2014,120,942,12.62,13.13,0,0,1.439,12.3
105,2014,120,948,12.67,13.16,0,0,1.451,12.3
105,2014,120,954,12.71,13.24,0,0,1.451,12.3
105,2014,120,1000,12.76,13.3,0,0,1.436,12.3
105,2014,120,1006,12.8,13.31,0,0,1.413,12.3
105,2014,120,1012,12.84,13.34,0,0,1.391,12.3
105,2014,120,1018,12.89,13.4,0,0,1.369,12.3
105,2014,120,1024,12.93,13.48,0,0,1.346,12.3
105,2014,120,1030,12.97,13.5,0,0,1.324,12.3
105,2014,120,1036,13.02,13.52,0,0,1.297,12.3
105,2014,120,1042,13.07,13.6,0,0,1.268,12.3
105,2014,120,1048,13.12,13.71,0,0,1.235,12.3
105,2014,120,1054,13.16,13.83,0,0,1.202,12.3
105,2014,120,1100,13.21,13.99,0,0,1.17,12.3
105,2014,120,1106,13.26,14.03,0,0,1.142,12.3
105,2014,120,1112,13.31,14.06,0,0,1.118,12.3
105,2014,120,1118,13.37,14.15,0,0,1.1,12.3
105,2014,120,1124,13.43,14.13,0,0,1.089,12.3
105,2014,120,1130,13.49,14.06,0,0,1.082,12.3
105,2014,120,1136,13.55,14.12,0,0,1.084,12.3
105,2014,120,1142,13.61,14.14,0,0,1.084,12.3
105,2014,120,1148,13.66,14.2,0,0,1.092,12.3
105,2014,120,1154,13.71,14.26,0,0,1.101,12.3
105,2014,120,1200,13.76,14.41,0,0,1.105,12.3
105,2014,120,1206,13.81,14.42,0,0,1.102,12.3
105,2014,120,1212,13.86,14.49,0,0,1.1,12.3
105,2014,120,1218,13.91,14.4,0,0,1.088,12.3
105,2014,120,1224,13.96,15.19,0,0,1.074,12.3
105,2014,120,1230,14.02,15.48,0,0,1.055,12.3
105,2014,120,1236,14.09,15.97,0,0,1.041,12.3
105,2014,120,1242,14.18,16.01,0,0,1.021,12.3
105,2014,120,1248,14.28,16.21,0,0,1.006,12.3
105,2014,120,1254,14.39,16.19,0,0,.988,12.3
105,2014,120,1300,14.52,16.25,0,0,.97,12.3
105,2014,120,1306,14.65,16.37,0,0,.963,12.3
105,2014,120,1312,14.79,16.52,0,0,.964,12.3
105,2014,120,1318,14.92,16.6,0,0,.979,12.3
105,2014,120,1324,15.05,16.62,0,0,1.002,12.3
105,2014,120,1330,15.19,16.86,0,0,1.036,12.3
105,2014,120,1336,15.31,17.02,0,0,1.077,12.3
105,2014,120,1342,15.44,17.13,0,0,1.127,12.3
105,2014,120,1348,15.57,17.17,0,0,1.176,12.3
105,2014,120,1354,15.7,17.19,0,0,1.219,12.3
105,2014,120,1400,15.83,17.23,0,0,1.257,12.3
105,2014,120,1406,15.96,17.34,0,0,1.288,12.3
105,2014,120,1412,16.08,17.54,0,0,1.303,12.3
105,2014,120,1418,16.2,17.54,0,0,1.312,12.3
105,2014,120,1424,16.31,17.6,0,0,1.315,12.3
105,2014,120,1430,16.43,17.6,0,0,1.311,12.3
105,2014,120,1436,16.53,17.49,0,0,1.3,12.3
105,2014,120,1442,16.63,17.38,0,0,1.296,12.3
105,2014,120,1448,16.72,17.5,0,0,1.292,12.3
105,2014,120,1454,16.8,17.35,0,0,1.291,12.3
105,2014,120,1500,16.88,17.37,0,0,1.293,12.3
105,2014,120,1506,16.95,17.41,0,0,1.295,12.3
105,2014,120,1512,17.01,17.35,0,0,1.293,12.3
105,2014,120,1518,17.06,17.2,0,0,1.299,12.3
105,2014,120,1524,17.1,17.22,0,0,1.323,12.3
105,2014,120,1530,17.15,17.35,0,0,1.356,12.3
105,2014,120,1536,17.18,17.36,0,0,1.401,12.3
105,2014,120,1542,17.22,17.42,0,0,1.452,12.3
105,2014,120,1548,17.26,17.51,0,0,1.505,12.3
105,2014,120,1554,17.29,17.46,0,0,1.564,12.3
105,2014,120,1600,17.33,17.31,0,0,1.627,12.3
105,2014,120,1606,17.36,17.45,0,0,1.673,12.3
105,2014,120,1612,17.39,17.73,0,0,1.695,12.3
105,2014,120,1618,17.42,17.81,0,0,1.714,12.3
105,2014,120,1624,17.45,17.75,0,0,1.75,12.3
105,2014,120,1630,17.49,17.79,0,0,1.793,12.3
105,2014,120,1636,17.53,17.92,0,0,1.825,12.3
105,2014,120,1642,17.57,18.07,0,0,1.837,12.3
105,2014,120,1648,17.61,18.24,0,0,1.828,12.3
105,2014,120,1654,17.65,17.8,0,0,1.815,12.3
105,2014,120,1700,17.69,17.87,0,0,1.814,12.3
105,2014,120,1706,17.72,17.73,0,0,1.835,12.3
105,2014,120,1712,17.74,17.57,0,0,1.893,12.3
105,2014,120,1718,17.76,17.17,0,0,1.927,12.3
105,2014,120,1724,17.76,17.03,0,0,1.92,12.3
105,2014,120,1730,17.76,17.04,0,0,1.942,12.3
105,2014,120,1736,17.76,16.98,0,0,1.998,12.3
105,2014,120,1742,17.74,16.84,0,0,2.049,12.3
105,2014,120,1748,17.72,16.81,0,0,2.114,12.3
105,2014,120,1754,17.7,16.62,0,0,2.181,12.3
105,2014,120,1800,17.67,16.44,0,0,2.263,12.3
105,2014,120,1806,17.63,16.31,0,0,2.28,12.3
105,2014,120,1812,17.59,16.43,0,0,2.214,12.3
105,2014,120,1818,17.55,16.39,0,0,2.132,12.3
105,2014,120,1824,17.5,16.37,0,0,2.066,12.3
105,2014,120,1830,17.46,16.55,0,0,2.007,12.3
105,2014,120,1836,17.42,16.64,0,0,1.94,12.3
105,2014,120,1842,17.38,16.75,0,0,1.9,12.3
105,2014,120,1848,17.34,16.73,0,0,1.901,12.3
105,2014,120,1854,17.31,16.52,0,0,1.932,12.3
105,2014,120,1900,17.28,16.61,0,0,1.953,12.3
105,2014,120,1906,17.25,16.59,0,0,1.954,12.3
105,2014,120,1912,17.23,16.49,0,0,1.947,12.3
105,2014,120,1918,17.2,16.36,0,0,1.948,12.3
105,2014,120,1924,17.17,16.29,0,0,1.937,12.3
105,2014,120,1930,17.15,16.6,0,0,1.934,12.3
105,2014,120,1936,17.12,16.65,0,0,1.944,12.3
105,2014,120,1942,17.09,16.62,0,0,1.986,12.3
105,2014,120,1948,17.07,16.58,0,0,2.037,12.3
105,2014,120,1954,17.06,16.61,0,0,2.057,12.3
105,2014,120,2000,17.04,16.43,0,0,2.049,12.3
105,2014,120,2006,17.03,16.46,0,0,2.012,12.3
105,2014,120,2012,17.01,16.69,0,0,1.97,12.3
105,2014,120,2018,17,16.67,0,0,1.922,12.3
105,2014,120,2024,16.99,16.86,0,0,1.866,12.3
105,2014,120,2030,16.98,16.97,0,0,1.824,12.3
105,2014,120,2036,16.98,16.87,0,0,1.779,12.3
105,2014,120,2042,16.98,16.93,0,0,1.73,12.3
105,2014,120,2048,16.98,17.11,0,0,1.69,12.3
105,2014,120,2054,16.99,17.07,0,0,1.654,12.3
105,2014,120,2100,16.99,16.98,0,0,1.629,12.3
105,2014,120,2106,17.01,16.86,0,0,1.607,12.3
105,2014,120,2112,17.01,16.89,0,0,1.597,12.3
105,2014,120,2118,17.02,17.13,0,0,1.596,12.3
105,2014,120,2124,17.02,17.21,0,0,1.602,12.3
105,2014,120,2130,17.03,17.12,0,0,1.614,12.3
105,2014,120,2136,17.03,17.12,0,0,1.625,12.3
105,2014,120,2142,17.04,17.09,0,0,1.643,12.3
105,2014,120,2148,17.04,16.99,0,0,1.646,12.3
105,2014,120,2154,17.05,16.97,0,0,1.631,12.3
105,2014,120,2200,17.06,17.1,0,0,1.599,12.3
105,2014,120,2206,17.07,17.04,0,0,1.559,12.3
105,2014,120,2212,17.07,17.02,0,0,1.52,12.3
105,2014,120,2218,17.08,16.98,0,0,1.477,12.3
105,2014,120,2224,17.08,16.8,0,0,1.442,12.3
105,2014,120,2230,17.08,16.6,0,0,1.408,12.3
105,2014,120,2236,17.08,16.55,0,0,1.38,12.3
105,2014,120,2242,17.07,16.19,0,0,1.355,12.3
105,2014,120,2248,17.06,16.17,0,0,1.34,12.3
105,2014,120,2254,17.04,16.22,0,0,1.334,12.3
105,2014,120,2300,17.02,16.18,0,0,1.333,12.3
105,2014,120,2306,16.99,16.12,0,0,1.334,12.3
105,2014,120,2312,16.96,16.08,0,0,1.325,12.3
105,2014,120,2318,16.93,16.04,0,0,1.308,12.3
105,2014,120,2324,16.89,16.1,0,0,1.289,12.3
105,2014,120,2330,16.86,15.9,0,0,1.263,12.3
105,2014,120,2336,16.81,15.83,0,0,1.243,12.3
105,2014,120,2342,16.78,15.74,0,0,1.218,12.3
105,2014,120,2348,16.73,15.72,0,0,1.192,12.3
105,2014,120,2354,16.69,15.72,0,0,1.163,12.3
105,2014,121,0,16.65,15.54,0,0,1.136,12.3
105,2014,121,6,16.61,15.44,0,0,1.108,12.3
105,2014,121,12,16.56,15.49,0,0,1.083,12.3
105,2014,121,18,16.51,15.55,0,0,1.06,12.3
105,2014,121,24,16.46,15.55,0,0,1.038,12.3
105,2014,121,30,16.41,15.36,0,0,1.018,12.3
105,2014,121,36,16.36,15.44,0,0,1.009,12.3
105,2014,121,42,16.31,15.24,0,0,1.008,12.3
105,2014,121,48,16.27,15.54,0,0,1.01,12.3
105,2014,121,54,16.22,15.4,0,0,1.024,12.3
105,2014,121,100,16.18,15.59,0,0,1.045,12.3
105,2014,121,106,16.14,15.71,0,0,1.071,12.3
105,2014,121,112,16.1,15.79,0,0,1.1,12.3
105,2014,121,118,16.07,15.7,0,0,1.13,12.3
105,2014,121,124,16.05,15.76,0,0,1.159,12.3
105,2014,121,130,16.03,15.92,0,0,1.187,12.3
105,2014,121,136,16.01,15.79,0,0,1.203,12.3
105,2014,121,142,15.99,15.82,0,0,1.205,12.3
105,2014,121,148,15.98,15.78,0,0,1.2,12.3
105,2014,121,154,15.97,15.75,0,0,1.19,12.3
105,2014,121,200,15.96,15.83,0,0,1.177,12.3
105,2014,121,206,15.95,15.87,0,0,1.173,12.3
105,2014,121,212,15.94,16.1,0,0,1.174,12.3
105,2014,121,218,15.94,15.91,0,0,1.176,12.3
105,2014,121,224,15.93,15.85,0,0,1.196,12.3
105,2014,121,230,15.92,15.81,0,0,1.225,12.3
105,2014,121,236,15.91,15.82,0,0,1.261,12.3
105,2014,121,242,15.9,15.99,0,0,1.303,12.3
105,2014,121,248,15.9,16.06,0,0,1.352,12.3
105,2014,121,254,15.89,16,0,0,1.403,12.3
105,2014,121,300,15.89,15.81,0,0,1.45,12.3
105,2014,121,306,15.89,15.81,0,0,1.494,12.3
105,2014,121,312,15.88,15.89,0,0,1.533,12.3
105,2014,121,318,15.88,16.12,0,0,1.562,12.3
105,2014,121,324,15.88,16.05,0,0,1.576,12.3
105,2014,121,330,15.87,16.06,0,0,1.578,12.3
105,2014,121,336,15.87,15.81,0,0,1.578,12.3
105,2014,121,342,15.87,16.19,0,0,1.564,12.3
105,2014,121,348,15.86,15.89,0,0,1.547,12.3
105,2014,121,354,15.86,15.96,0,0,1.54,12.3
105,2014,121,400,15.86,16.41,0,0,1.546,12.3
105,2014,121,406,15.87,16.7,0,0,1.566,12.3
105,2014,121,412,15.88,16.59,0,0,1.592,12.3
105,2014,121,418,15.9,16.51,0,0,1.625,12.3
105,2014,121,424,15.93,16.34,0,0,1.656,12.3
105,2014,121,430,15.95,16.4,0,0,1.699,12.3
105,2014,121,436,15.97,16.37,0,0,1.739,12.3
105,2014,121,442,15.99,16.21,0,0,1.789,12.3
105,2014,121,448,16,16.14,0,0,1.839,12.3
105,2014,121,454,16.02,16.07,0,0,1.91,12.3
105,2014,121,500,16.03,16.08,0,0,1.979,12.3
105,2014,121,506,16.04,16.03,0,0,2.012,12.3
105,2014,121,512,16.04,16.11,0,0,2.017,12.3
105,2014,121,518,16.04,16.08,0,0,2.008,12.3
105,2014,121,524,16.05,16.1,0,0,1.991,12.3
105,2014,121,530,16.05,15.89,0,0,1.977,12.3
105,2014,121,536,16.05,16.07,0,0,1.978,12.3
105,2014,121,542,16.04,16.02,0,0,1.977,12.3
105,2014,121,548,16.04,15.74,0,0,1.976,12.3
105,2014,121,554,16.04,15.7,0,0,1.983,12.3
105,2014,121,600,16.03,15.63,0,0,1.979,12.3
105,2014,121,606,16.02,15.68,0,0,1.976,12.3
105,2014,121,612,16.01,15.64,0,0,1.977,12.3
105,2014,121,618,15.99,15.6,0,0,1.988,12.3
105,2014,121,624,15.98,15.65,0,0,2.001,12.3
105,2014,121,630,15.96,15.71,0,0,2.019,12.3
105,2014,121,636,15.95,15.49,0,0,2.028,12.3
105,2014,121,642,15.93,15.6,0,0,2.034,12.3
105,2014,121,648,15.92,15.52,0,0,2.038,12.3
105,2014,121,654,15.9,15.49,0,0,2.044,12.3
105,2014,121,700,15.89,15.37,0,0,2.034,12.3
105,2014,121,706,15.87,15.69,0,0,2.018,12.3
105,2014,121,712,15.85,15.58,0,0,1.995,12.3
105,2014,121,718,15.84,15.68,0,0,1.975,12.3
105,2014,121,724,15.82,15.77,0,0,1.956,12.3
105,2014,121,730,15.81,15.74,0,0,1.939,12.3
105,2014,121,736,15.8,15.54,0,0,1.917,12.3
105,2014,121,742,15.79,15.79,0,0,1.896,12.3
105,2014,121,748,15.79,15.84,0,0,1.887,12.3
105,2014,121,754,15.79,16.29,0,0,1.868,12.3
105,2014,121,800,15.79,16.2,0,0,1.849,12.3
105,2014,121,806,15.81,16.26,0,0,1.826,12.3
105,2014,121,812,15.82,16.03,0,0,1.807,12.3
105,2014,121,818,15.85,16.33,0,0,1.79,12.3
105,2014,121,824,15.87,16.08,0,0,1.773,12.3
105,2014,121,830,15.9,16.36,0,0,1.75,12.3
105,2014,121,836,15.93,16.57,0,0,1.714,12.3
105,2014,121,842,15.96,16.87,0,0,1.679,12.3
105,2014,121,848,15.99,16.92,0,0,1.647,12.3
105,2014,121,854,16.03,17.11,0,0,1.616,12.3
105,2014,121,900,16.08,17.37,0,0,1.586,12.3
105,2014,121,906,16.13,17.25,0,0,1.562,12.3
105,2014,121,912,16.2,17.52,0,0,1.545,12.3
105,2014,121,918,16.27,18.12,0,0,1.524,12.3
105,2014,121,924,16.35,18.68,0,0,1.495,12.3
105,2014,121,930,16.45,19.5,0,0,1.466,12.3
105,2014,121,936,16.57,20.13,0,0,1.442,12.3
105,2014,121,942,16.74,20.43,0,0,1.423,12.3
105,2014,121,948,16.94,20.61,0,0,1.401,12.3
105,2014,121,954,17.16,20.51,0,0,1.373,12.3
105,2014,121,1000,17.4,20.67,0,0,1.346,12.3
105,2014,121,1006,17.64,20.61,0,0,1.315,12.3
105,2014,121,1012,17.86,20.79,0,0,1.284,12.29
105,2014,121,1018,18.08,21.05,0,0,1.257,12.29
105,2014,121,1024,18.28,20.74,0,0,1.228,12.29
105,2014,121,1030,18.48,20.44,0,0,1.203,12.3
105,2014,121,1036,18.66,20.77,0,0,1.177,12.29
105,2014,121,1042,18.82,20.73,0,0,1.154,12.29
105,2014,121,1048,18.97,21.07,0,0,1.132,12.29
105,2014,121,1054,19.13,21.15,0,0,1.113,12.29
105,2014,121,1100,19.29,21.3,0,0,1.095,12.29
105,2014,121,1106,19.45,20.87,0,0,1.076,12.29
105,2014,121,1112,19.6,20.72,0,0,1.056,12.29
105,2014,121,1118,19.74,20.89,0,0,1.036,12.29
105,2014,121,1124,19.88,22.05,0,0,1.014,12.29
105,2014,121,1130,20.02,22.74,0,0,.991,12.29
105,2014,121,1136,20.18,22.63,0,0,.967,12.29
105,2014,121,1142,20.35,23.35,0,0,.947,12.29
105,2014,121,1148,20.54,23.53,0,0,.925,12.29
105,2014,121,1154,20.75,23.68,0,0,.905,12.29
105,2014,121,1200,20.96,23.61,0,0,.881,12.29
105,2014,121,1206,21.18,23.83,0,0,.863,12.29
105,2014,121,1212,21.39,23.62,0,0,.844,12.29
105,2014,121,1218,21.59,23.89,0,0,.824,12.29
105,2014,121,1224,21.79,23.1,0,0,.807,12.29
105,2014,121,1230,21.97,23.25,0,0,.79,12.29
105,2014,121,1236,22.13,22.55,0,0,.776,12.29
105,2014,121,1242,22.28,23.38,0,0,.762,12.29
105,2014,121,1248,22.4,23.72,0,0,.749,12.29
105,2014,121,1254,22.52,23.26,0,0,.736,12.29
105,2014,121,1300,22.63,23.8,0,0,.723,12.29
105,2014,121,1306,22.74,24.1,0,0,.711,12.29
105,2014,121,1312,22.84,24.14,0,0,.701,12.29
105,2014,121,1318,22.95,24.17,0,0,.691,12.29
105,2014,121,1324,23.06,24.07,0,0,.681,12.29
105,2014,121,1330,23.18,23,0,0,.671,12.29
105,2014,121,1336,23.28,23.66,0,0,.662,12.29
105,2014,121,1342,23.36,24.04,0,0,.654,12.29
105,2014,121,1348,23.44,24.33,0,0,.645,12.29
105,2014,121,1354,23.51,24.17,0,0,.637,12.29
105,2014,121,1400,23.58,23.89,0,0,.628,12.29
105,2014,121,1406,23.64,24.13,0,0,.619,12.29
105,2014,121,1412,23.71,24.24,0,0,.612,12.29
105,2014,121,1418,23.77,23.43,0,0,.605,12.29
105,2014,121,1424,23.83,24.24,0,0,.599,12.29
105,2014,121,1430,23.88,23.23,0,0,.593,12.29
105,2014,121,1436,23.92,22.8,0,0,.588,12.29
105,2014,121,1442,23.95,23.63,0,0,.581,12.29
105,2014,121,1448,23.95,22.13,0,0,.576,12.29
105,2014,121,1454,23.95,22.35,0,0,.571,12.29
105,2014,121,1500,23.93,22.69,0,0,.566,12.29
105,2014,121,1506,23.91,23.7,0,0,.562,12.29
105,2014,121,1512,23.88,24.04,0,0,.557,12.29
105,2014,121,1518,23.86,24.34,0,0,.553,12.29
105,2014,121,1524,23.86,24.05,0,0,.549,12.29
105,2014,121,1530,23.86,24.54,0,0,.545,12.29
105,2014,121,1536,23.87,24.48,0,0,.542,12.29
105,2014,121,1542,23.88,24.27,0,0,.538,12.29
105,2014,121,1548,23.9,23.98,0,0,.534,12.29
105,2014,121,1554,23.91,24.23,0,0,.532,12.29
105,2014,121,1600,23.93,24.57,0,0,.527,12.29
105,2014,121,1606,23.94,24.52,0,0,.524,12.29
105,2014,121,1612,23.95,24.55,0,0,.52,12.29
105,2014,121,1618,23.97,24.18,0,0,.518,12.29
105,2014,121,1624,24,23.67,0,0,.515,12.3
105,2014,121,1630,24.03,24.15,0,0,.512,12.3
105,2014,121,1636,24.06,24.34,0,0,.509,12.3
105,2014,121,1642,24.09,23.82,0,0,.508,12.3
105,2014,121,1648,24.11,23.41,0,0,.506,12.3
105,2014,121,1654,24.13,23.11,0,0,.504,12.3
105,2014,121,1700,24.13,22.77,0,0,.503,12.3
105,2014,121,1706,24.12,22.86,0,0,.5,12.3
105,2014,121,1712,24.09,22.69,0,0,.499,12.3
105,2014,121,1718,24.05,22.66,0,0,.497,12.3
105,2014,121,1724,24.01,22.54,0,0,.495,12.3
105,2014,121,1730,23.96,22.44,0,0,.492,12.3
105,2014,121,1736,23.9,22.43,0,0,.491,12.3
105,2014,121,1742,23.83,22.2,0,0,.488,12.3
105,2014,121,1748,23.76,21.88,0,0,.486,12.3
105,2014,121,1754,23.68,21.82,0,0,.486,12.3
105,2014,121,1800,23.6,21.71,0,0,.484,12.3
105,2014,121,1806,23.52,21.84,0,0,.483,12.3
105,2014,121,1812,23.44,21.81,0,0,.483,12.3
105,2014,121,1818,23.35,21.68,0,0,.48,12.3
105,2014,121,1824,23.27,21.37,0,0,.478,12.3
105,2014,121,1830,23.19,21.16,0,0,.477,12.3
105,2014,121,1836,23.11,21.08,0,0,.476,12.3
105,2014,121,1842,23.03,20.86,0,0,.475,12.3
105,2014,121,1848,22.95,20.79,0,0,.474,12.3
105,2014,121,1854,22.85,20.63,0,0,.474,12.3
105,2014,121,1900,22.76,20.56,0,0,.473,12.3
105,2014,121,1906,22.65,20.45,0,0,.471,12.3
105,2014,121,1912,22.55,20.31,0,0,.47,12.3
105,2014,121,1918,22.44,20.22,0,0,.469,12.3
105,2014,121,1924,22.32,19.88,0,0,.469,12.3
105,2014,121,1930,22.21,19.86,0,0,.468,12.3
105,2014,121,1936,22.09,19.65,0,0,.466,12.3
105,2014,121,1942,21.96,19.51,0,0,.466,12.3
105,2014,121,1948,21.83,19.23,0,0,.465,12.3
105,2014,121,1954,21.7,19.04,0,0,.464,12.3
105,2014,121,2000,21.55,18.99,0,0,.463,12.3
105,2014,121,2006,21.41,18.73,0,0,.462,12.3
105,2014,121,2012,21.26,18.55,0,0,.461,12.3
105,2014,121,2018,21.11,18.32,0,0,.461,12.3
105,2014,121,2024,20.94,18.05,0,0,.459,12.3
105,2014,121,2030,20.77,17.58,0,0,.458,12.3
105,2014,121,2036,20.6,17.24,0,0,.458,12.3
105,2014,121,2042,20.43,17.32,0,0,.456,12.3
105,2014,121,2048,20.25,16.98,0,0,.455,12.3
105,2014,121,2054,20.06,16.67,0,0,.453,12.3
105,2014,121,2100,19.88,16.61,0,0,.453,12.3
105,2014,121,2106,19.69,16.71,0,0,.452,12.3
105,2014,121,2112,19.51,17.25,0,0,.45,12.3
105,2014,121,2118,19.34,18.07,0,0,.449,12.3
105,2014,121,2124,19.18,19.17,0,0,.447,12.3
105,2014,121,2130,19.03,18.78,0,0,.447,12.3
105,2014,121,2136,18.91,18.9,0,0,.446,12.3
105,2014,121,2142,18.8,18.72,0,0,.445,12.3
105,2014,121,2148,18.71,19.05,0,0,.444,12.3
105,2014,121,2154,18.62,18.93,0,0,.443,12.3
105,2014,121,2200,18.54,18.51,0,0,.442,12.3
105,2014,121,2206,18.47,18.29,0,0,.441,12.3
105,2014,121,2212,18.4,18.24,0,0,.441,12.3
105,2014,121,2218,18.33,18.42,0,0,.439,12.3
105,2014,121,2224,18.26,17.94,0,0,.439,12.3
105,2014,121,2230,18.19,18.05,0,0,.438,12.3
105,2014,121,2236,18.13,18.02,0,0,.437,12.3
105,2014,121,2242,18.07,17.9,0,0,.436,12.3
105,2014,121,2248,18.01,17.08,0,0,.436,12.3
105,2014,121,2254,17.94,16.47,0,0,.436,12.3
105,2014,121,2300,17.87,16.35,0,0,.435,12.3
105,2014,121,2306,17.79,16.12,0,0,.434,12.3
105,2014,121,2312,17.7,16.14,0,0,.433,12.3
105,2014,121,2318,17.61,15.56,0,0,.433,12.3
105,2014,121,2324,17.5,16.09,0,0,.432,12.31
105,2014,121,2330,17.39,16.08,0,0,.43,12.31
105,2014,121,2336,17.28,15.49,0,0,.43,12.31
105,2014,121,2342,17.16,15.47,0,0,.43,12.31
105,2014,121,2348,17.03,15.44,0,0,.431,12.31
105,2014,121,2354,16.9,15.32,0,0,.43,12.31
105,2014,122,0,16.76,15.54,0,0,.428,12.31
105,2014,122,6,16.62,15.67,0,0,.428,12.31
105,2014,122,12,16.47,15.39,0,0,.428,12.31
105,2014,122,18,16.34,15.59,0,0,.426,12.31
105,2014,122,24,16.21,16.04,0,0,.425,12.31
105,2014,122,30,16.09,16,0,0,.425,12.31
105,2014,122,36,15.99,16.08,0,0,.425,12.31
105,2014,122,42,15.9,16.11,0,0,.424,12.31
105,2014,122,48,15.81,15.99,0,0,.422,12.31
105,2014,122,54,15.74,15.94,0,0,.422,12.31
105,2014,122,100,15.68,16.11,0,0,.421,12.31
105,2014,122,106,15.63,15.7,0,0,.421,12.31
105,2014,122,112,15.58,15.43,0,0,.421,12.31
105,2014,122,118,15.53,15.46,0,0,.42,12.31
105,2014,122,124,15.49,15.29,0,0,.42,12.31
105,2014,122,130,15.44,15.32,0,0,.419,12.3
105,2014,122,136,15.4,15.21,0,0,.417,12.3
105,2014,122,142,15.35,15.4,0,0,.417,12.3
105,2014,122,148,15.3,15.16,0,0,.417,12.3
105,2014,122,154,15.26,15.11,0,0,.416,12.3
105,2014,122,200,15.21,15.26,0,0,.416,12.3
105,2014,122,206,15.16,14.98,0,0,.415,12.3
105,2014,122,212,15.12,14.97,0,0,.414,12.3
105,2014,122,218,15.07,14.84,0,0,.414,12.31
105,2014,122,224,15.03,14.8,0,0,.414,12.3
105,2014,122,230,14.98,14.83,0,0,.412,12.3
105,2014,122,236,14.93,14.7,0,0,.412,12.3
105,2014,122,242,14.89,14.63,0,0,.412,12.3
105,2014,122,248,14.84,14.39,0,0,.411,12.3
105,2014,122,254,14.79,14.23,0,0,.41,12.3
105,2014,122,300,14.73,14.26,0,0,.411,12.3
105,2014,122,306,14.67,14.2,0,0,.41,12.3
105,2014,122,312,14.61,13.95,0,0,.41,12.3
105,2014,122,318,14.54,14.11,0,0,.408,12.3
105,2014,122,324,14.47,13.88,0,0,.408,12.3
105,2014,122,330,14.4,13.62,0,0,.409,12.3
105,2014,122,336,14.33,13.52,0,0,.407,12.3
105,2014,122,342,14.26,13.15,0,0,.407,12.3
105,2014,122,348,14.19,13.15,0,0,.407,12.3
105,2014,122,354,14.12,13.2,0,0,.407,12.3
105,2014,122,400,14.04,13.27,0,0,.406,12.3
105,2014,122,406,13.96,12.7,0,0,.406,12.3
105,2014,122,412,13.89,12.55,0,0,.406,12.31
105,2014,122,418,13.81,12.45,0,0,.404,12.31
105,2014,122,424,13.72,12.61,0,0,.404,12.3
105,2014,122,430,13.63,12.43,0,0,.403,12.3
105,2014,122,436,13.53,11.99,0,0,.403,12.31
105,2014,122,442,13.44,12.23,0,0,.402,12.31
105,2014,122,448,13.34,12.17,0,0,.401,12.31
105,2014,122,454,13.24,11.83,0,0,.401,12.31
105,2014,122,500,13.15,12.07,0,0,.401,12.31
105,2014,122,506,13.07,12.07,0,0,.401,12.31
105,2014,122,512,12.99,11.66,0,0,.4,12.31
105,2014,122,518,12.91,11.87,0,0,.4,12.31
105,2014,122,524,12.83,12.03,0,0,.4,12.31
105,2014,122,530,12.76,11.78,0,0,.398,12.31
105,2014,122,536,12.68,11.6,0,0,.398,12.31
105,2014,122,542,12.61,11.68,0,0,.398,12.31
105,2014,122,548,12.53,11.57,0,0,.398,12.31
105,2014,122,554,12.46,11.46,0,0,.398,12.31
105,2014,122,600,12.38,11.44,0,0,.397,12.31
105,2014,122,606,12.31,11.39,0,0,.397,12.31
105,2014,122,612,12.23,11.33,0,0,.397,12.31
105,2014,122,618,12.15,11.24,0,0,.397,12.31
105,2014,122,624,12.08,11.19,0,0,.395,12.31
105,2014,122,630,12,10.99,0,0,.395,12.31
105,2014,122,636,11.92,10.81,0,0,.396,12.31
105,2014,122,642,11.84,11.01,0,0,.395,12.31
105,2014,122,648,11.76,11.06,0,0,.393,12.31
105,2014,122,654,11.68,11.09,0,0,.394,12.31
105,2014,122,700,11.61,10.99,0,0,.393,12.31
105,2014,122,706,11.54,11.36,0,0,.394,12.31
105,2014,122,712,11.47,11.31,0,0,.394,12.31
105,2014,122,718,11.4,11.13,0,0,.394,12.31
105,2014,122,724,11.34,10.91,0,0,.393,12.31
105,2014,122,730,11.28,11.18,0,0,.393,12.31
105,2014,122,736,11.22,11.63,0,0,.393,12.31
105,2014,122,742,11.17,12.3,0,0,.392,12.31
105,2014,122,748,11.13,13.42,0,0,.391,12.31
105,2014,122,754,11.1,14.7,0,0,.389,12.31
105,2014,122,800,11.12,15.59,0,0,.388,12.3
105,2014,122,806,11.17,15.5,0,0,.388,12.3
105,2014,122,812,11.27,15.69,0,0,.386,12.3
105,2014,122,818,11.4,16.82,0,0,.386,12.3
105,2014,122,824,11.55,17.15,0,0,.386,12.3
105,2014,122,830,11.73,16.5,0,0,.384,12.3
105,2014,122,836,11.93,17.06,0,0,.383,12.3
105,2014,122,842,12.14,17.55,0,0,.383,12.3
105,2014,122,848,12.37,18.33,0,0,.382,12.3
105,2014,122,854,12.61,18.85,0,0,.381,12.3
105,2014,122,900,12.86,18.82,0,0,.381,12.3
105,2014,122,906,13.13,19.35,0,0,.38,12.3
105,2014,122,912,13.41,19.64,0,0,.38,12.3
105,2014,122,918,13.71,19.92,0,0,.379,12.3
105,2014,122,924,14.01,20.66,0,0,.378,12.3
105,2014,122,930,14.32,20.43,0,0,.378,12.3
105,2014,122,936,14.64,20.53,0,0,.378,12.3
105,2014,122,942,14.96,20.56,0,0,.378,12.3
105,2014,122,948,15.28,20.79,0,0,.378,12.3
105,2014,122,954,15.59,21.16,0,0,.378,12.3
105,2014,122,1000,15.9,21.39,0,0,.378,12.3
105,2014,122,1006,16.21,21.73,0,0,.378,12.3
105,2014,122,1012,16.51,21.1,0,0,.377,12.3
105,2014,122,1018,16.81,21.11,0,0,.377,12.3
105,2014,122,1024,17.09,21.57,0,0,.377,12.3
105,2014,122,1030,17.36,21.96,0,0,.375,12.3
105,2014,122,1036,17.62,21.91,0,0,.375,12.3
105,2014,122,1042,17.89,21.86,0,0,.375,12.3
105,2014,122,1048,18.14,22.57,0,0,.376,12.3
105,2014,122,1054,18.39,21.58,0,0,.374,12.3
105,2014,122,1100,18.63,19.96,0,0,.373,12.3
105,2014,122,1106,18.84,21.89,0,0,.374,12.3
105,2014,122,1112,19.03,21.39,0,0,.374,12.3
105,2014,122,1118,19.2,22.78,0,0,.374,12.3
105,2014,122,1124,19.37,22.81,0,0,.373,12.3
105,2014,122,1130,19.53,21.95,0,0,.373,12.3
105,2014,122,1136,19.69,21.96,0,0,.374,12.3
105,2014,122,1142,19.86,22.43,0,0,.373,12.3
105,2014,122,1148,20.03,23.04,0,0,.372,12.3
105,2014,122,1154,20.19,23.24,0,0,.371,12.3
105,2014,122,1200,20.35,22.36,0,0,.373,12.3
105,2014,122,1206,20.52,22.54,0,0,.373,12.3
105,2014,122,1212,20.69,23.33,0,0,.371,12.3
105,2014,122,1218,20.85,24.47,0,0,.37,12.3
105,2014,122,1224,21.02,23.38,0,0,.371,12.3
105,2014,122,1230,21.19,23.45,0,0,.372,12.3
105,2014,122,1236,21.37,22.56,0,0,.372,12.3
105,2014,122,1242,21.55,23.42,0,0,.372,12.3
105,2014,122,1248,21.72,22.97,0,0,.371,12.3
105,2014,122,1254,21.88,22.87,0,0,.371,12.3
105,2014,122,1300,22.01,22.43,0,0,.37,12.3
105,2014,122,1306,22.13,22.53,0,0,.37,12.3
105,2014,122,1312,22.23,22.36,0,0,.37,12.3
105,2014,122,1318,22.32,23.77,0,0,.369,12.3
105,2014,122,1324,22.41,22.46,0,0,.369,12.3
105,2014,122,1330,22.5,22.54,0,0,.369,12.3
105,2014,122,1336,22.57,23.95,0,0,.368,12.3
105,2014,122,1342,22.64,23.95,0,0,.368,12.3
105,2014,122,1348,22.72,22.65,0,0,.369,12.3
105,2014,122,1354,22.8,22.3,0,0,.368,12.3
105,2014,122,1400,22.87,21.64,0,0,.368,12.3
105,2014,122,1406,22.92,21.98,0,0,.367,12.3
105,2014,122,1412,22.96,22.07,0,0,.367,12.3
105,2014,122,1418,22.97,22.36,0,0,.367,12.3
105,2014,122,1424,22.98,21.79,0,0,.366,12.3
105,2014,122,1430,22.98,21.25,0,0,.366,12.3
105,2014,122,1436,22.97,21.85,0,0,.367,12.3
105,2014,122,1442,22.95,21.61,0,0,.367,12.3
105,2014,122,1448,22.93,21.27,0,0,.366,12.3
105,2014,122,1454,22.9,21.38,0,0,.367,12.3
105,2014,122,1500,22.85,21.76,0,0,.366,12.3
105,2014,122,1506,22.8,23.89,0,0,.364,12.3
105,2014,122,1512,22.77,24.04,0,0,.363,12.3
105,2014,122,1518,22.77,24.09,0,0,.361,12.3
105,2014,122,1524,22.81,23.23,0,0,.361,12.3
105,2014,122,1530,22.87,23.66,0,0,.362,12.3
105,2014,122,1536,22.93,22.8,0,0,.362,12.3
105,2014,122,1542,23,21.95,0,0,.362,12.3
105,2014,122,1548,23.05,21.16,0,0,.362,12.3
105,2014,122,1554,23.08,21.2,0,0,.361,12.3
105,2014,122,1600,23.08,21.14,0,0,.36,12.3
105,2014,122,1606,23.07,20.77,0,0,.362,12.3
105,2014,122,1612,23.03,20.75,0,0,.361,12.3
105,2014,122,1618,22.98,21.43,0,0,.362,12.3
105,2014,122,1624,22.92,22.08,0,0,.361,12.3
105,2014,122,1630,22.86,23.02,0,0,.36,12.3
105,2014,122,1636,22.81,23.23,0,0,.36,12.3
105,2014,122,1642,22.79,22.47,0,0,.359,12.3
105,2014,122,1648,22.78,22.5,0,0,.358,12.3
105,2014,122,1654,22.8,22.17,0,0,.358,12.3
105,2014,122,1700,22.81,21.86,0,0,.359,12.3
105,2014,122,1706,22.81,21.67,0,0,.358,12.3
105,2014,122,1712,22.81,21.53,0,0,.358,12.3
105,2014,122,1718,22.79,21.53,0,0,.358,12.3
105,2014,122,1724,22.77,21.73,0,0,.358,12.3
105,2014,122,1730,22.73,21.65,0,0,.359,12.3
105,2014,122,1736,22.69,21.36,0,0,.358,12.3
105,2014,122,1742,22.65,21.09,0,0,.359,12.3
105,2014,122,1748,22.6,20.55,0,0,.358,12.3
105,2014,122,1754,22.53,20.26,0,0,.358,12.3
105,2014,122,1800,22.46,20.1,0,0,.358,12.3
105,2014,122,1806,22.38,19.98,0,0,.358,12.3
105,2014,122,1812,22.28,19.87,0,0,.358,12.3
105,2014,122,1818,22.18,19.78,0,0,.359,12.3
105,2014,122,1824,22.08,19.84,0,0,.359,12.3
105,2014,122,1830,21.97,19.55,0,0,.359,12.3
105,2014,122,1836,21.85,19.32,0,0,.358,12.3
105,2014,122,1842,21.74,19.32,0,0,.358,12.3
105,2014,122,1848,21.62,18.95,0,0,.359,12.3
105,2014,122,1854,21.5,18.73,0,0,.358,12.3
105,2014,122,1900,21.37,18.51,0,0,.359,12.3
105,2014,122,1906,21.24,18.32,0,0,.359,12.3
105,2014,122,1912,21.1,18.3,0,0,.359,12.3
105,2014,122,1918,20.95,17.73,0,0,.359,12.3
105,2014,122,1924,20.8,17.56,0,0,.358,12.3
105,2014,122,1930,20.64,17.62,0,0,.357,12.3
105,2014,122,1936,20.48,17.33,0,0,.358,12.3
105,2014,122,1942,20.32,17.27,0,0,.357,12.3
105,2014,122,1948,20.16,17.22,0,0,.356,12.3
105,2014,122,1954,19.99,17.04,0,0,.356,12.3
105,2014,122,2000,19.83,17.03,0,0,.357,12.3
105,2014,122,2006,19.67,17.25,0,0,.356,12.3
105,2014,122,2012,19.53,16.62,0,0,.356,12.3
105,2014,122,2018,19.38,16.18,0,0,.356,12.3
105,2014,122,2024,19.23,16.25,0,0,.356,12.3
105,2014,122,2030,19.07,16.16,0,0,.355,12.3
105,2014,122,2036,18.92,15.53,0,0,.356,12.3
105,2014,122,2042,18.77,15.65,0,0,.356,12.3
105,2014,122,2048,18.61,15.57,0,0,.356,12.3
105,2014,122,2054,18.45,15.49,0,0,.355,12.3
105,2014,122,2100,18.3,15.63,0,0,.355,12.3
105,2014,122,2106,18.14,15.6,0,0,.355,12.3
105,2014,122,2112,18,15.6,0,0,.355,12.3
105,2014,122,2118,17.85,15.54,0,0,.355,12.3
105,2014,122,2124,17.7,15.41,0,0,.354,12.3
105,2014,122,2130,17.56,15.33,0,0,.353,12.3
105,2014,122,2136,17.43,15.11,0,0,.353,12.3
105,2014,122,2142,17.3,15.75,0,0,.353,12.3
105,2014,122,2148,17.18,16.13,0,0,.353,12.3
105,2014,122,2154,17.07,15.77,0,0,.353,12.3
105,2014,122,2200,16.96,16.07,0,0,.353,12.3
105,2014,122,2206,16.86,16.09,0,0,.353,12.3
105,2014,122,2212,16.76,15.77,0,0,.353,12.3
105,2014,122,2218,16.67,15.64,0,0,.353,12.3
105,2014,122,2224,16.59,15.87,0,0,.353,12.3
105,2014,122,2230,16.51,16.01,0,0,.353,12.3
105,2014,122,2236,16.44,16.02,0,0,.353,12.3
105,2014,122,2242,16.37,15.77,0,0,.353,12.3
105,2014,122,2248,16.3,16.05,0,0,.353,12.3
105,2014,122,2254,16.24,15.96,0,0,.353,12.3
105,2014,122,2300,16.18,15.91,0,0,.353,12.3
105,2014,122,2306,16.12,15.88,0,0,.352,12.3
105,2014,122,2312,16.06,15.66,0,0,.353,12.3
105,2014,122,2318,16.01,15.57,0,0,.352,12.3
105,2014,122,2324,15.95,15.4,0,0,.352,12.3
105,2014,122,2330,15.89,15.33,0,0,.351,12.3
105,2014,122,2336,15.83,15.32,0,0,.352,12.3
105,2014,122,2342,15.77,15.21,0,0,.351,12.3
105,2014,122,2348,15.72,15.11,0,0,.351,12.3
105,2014,122,2354,15.66,14.96,0,0,.351,12.3
105,2014,123,0,15.61,14.99,0,0,.351,12.3
105,2014,123,6,15.56,14.88,0,0,.351,12.3
105,2014,123,12,15.51,14.54,0,0,.351,12.3
105,2014,123,18,15.46,14.32,0,0,.351,12.3
105,2014,123,24,15.4,14.26,0,0,.35,12.3
105,2014,123,30,15.35,14.36,0,0,.35,12.3
105,2014,123,36,15.29,14.33,0,0,.35,12.3
105,2014,123,42,15.23,14.01,0,0,.35,12.3
105,2014,123,48,15.17,13.97,0,0,.349,12.3
105,2014,123,54,15.11,14.02,0,0,.348,12.3
105,2014,123,100,15.05,14.05,0,0,.349,12.3
105,2014,123,106,14.99,13.63,0,0,.349,12.3
105,2014,123,112,14.93,13.69,0,0,.348,12.3
105,2014,123,118,14.87,13.79,0,0,.348,12.3
105,2014,123,124,14.8,13.62,0,0,.348,12.3
105,2014,123,130,14.73,13.67,0,0,.348,12.3
105,2014,123,136,14.66,13.18,0,0,.347,12.3
105,2014,123,142,14.58,13,0,0,.348,12.3
105,2014,123,148,14.5,13.09,0,0,.348,12.3
105,2014,123,154,14.42,12.94,0,0,.347,12.3
105,2014,123,200,14.33,12.93,0,0,.348,12.31
105,2014,123,206,14.24,12.82,0,0,.347,12.31
105,2014,123,212,14.16,12.87,0,0,.348,12.31
105,2014,123,218,14.07,12.97,0,0,.348,12.31
105,2014,123,224,13.99,12.35,0,0,.348,12.31
105,2014,123,230,13.9,12.49,0,0,.348,12.31
105,2014,123,236,13.82,12.74,0,0,.347,12.31
105,2014,123,242,13.74,12.97,0,0,.348,12.31
105,2014,123,248,13.67,12.74,0,0,.347,12.3
105,2014,123,254,13.6,12.58,0,0,.346,12.31
105,2014,123,300,13.53,12.73,0,0,.346,12.31
105,2014,123,306,13.46,12.57,0,0,.346,12.31
105,2014,123,312,13.39,12.46,0,0,.346,12.31
105,2014,123,318,13.32,12.71,0,0,.345,12.31
105,2014,123,324,13.25,12.4,0,0,.346,12.31
105,2014,123,330,13.19,12.19,0,0,.346,12.31
105,2014,123,336,13.13,12.19,0,0,.346,12.31
105,2014,123,342,13.07,11.69,0,0,.345,12.31
105,2014,123,348,13,11.96,0,0,.346,12.31
105,2014,123,354,12.93,11.64,0,0,.345,12.31
105,2014,123,400,12.86,11.41,0,0,.346,12.31
105,2014,123,406,12.78,11.44,0,0,.346,12.31
105,2014,123,412,12.69,11.46,0,0,.346,12.31
105,2014,123,418,12.6,11.12,0,0,.346,12.31
105,2014,123,424,12.5,10.97,0,0,.346,12.31
105,2014,123,430,12.4,10.91,0,0,.346,12.31
105,2014,123,436,12.3,10.69,0,0,.346,12.31
105,2014,123,442,12.19,10.48,0,0,.346,12.31
105,2014,123,448,12.08,10.51,0,0,.345,12.31
105,2014,123,454,11.97,10.49,0,0,.345,12.31
105,2014,123,500,11.86,10.49,0,0,.346,12.31
105,2014,123,506,11.76,10.45,0,0,.346,12.31
105,2014,123,512,11.66,10.53,0,0,.346,12.31
105,2014,123,518,11.56,10.59,0,0,.346,12.31
105,2014,123,524,11.47,10.53,0,0,.346,12.31
105,2014,123,530,11.38,10.57,0,0,.346,12.31
105,2014,123,536,11.3,10.56,0,0,.345,12.31
105,2014,123,542,11.21,10.6,0,0,.346,12.31
105,2014,123,548,11.14,10.74,0,0,.346,12.31
105,2014,123,554,11.07,10.65,0,0,.346,12.31
105,2014,123,600,11,10.17,0,0,.347,12.31
105,2014,123,606,10.94,10.11,0,0,.346,12.31
105,2014,123,612,10.88,10.07,0,0,.346,12.31
105,2014,123,618,10.82,10.54,0,0,.346,12.31
105,2014,123,624,10.76,10.44,0,0,.346,12.31
105,2014,123,630,10.7,10.51,0,0,.346,12.31
105,2014,123,636,10.64,10.65,0,0,.346,12.31
105,2014,123,642,10.59,10.73,0,0,.345,12.31
105,2014,123,648,10.55,10.83,0,0,.345,12.31
105,2014,123,654,10.51,10.82,0,0,.345,12.31
105,2014,123,700,10.48,10.87,0,0,.345,12.31
105,2014,123,706,10.46,10.97,0,0,.345,12.31
105,2014,123,712,10.45,11.24,0,0,.345,12.31
105,2014,123,718,10.45,11.23,0,0,.344,12.31
105,2014,123,724,10.45,11.37,0,0,.345,12.31
105,2014,123,730,10.45,11.85,0,0,.345,12.31
105,2014,123,736,10.46,12.01,0,0,.345,12.31
105,2014,123,742,10.49,12.45,0,0,.345,12.31
105,2014,123,748,10.52,12.92,0,0,.344,12.31
105,2014,123,754,10.56,13.51,0,0,.343,12.31
105,2014,123,800,10.61,13.71,0,0,.342,12.31
105,2014,123,806,10.69,14.12,0,0,.343,12.31
105,2014,123,812,10.78,14.89,0,0,.343,12.31
105,2014,123,818,10.9,14.74,0,0,.343,12.31
105,2014,123,824,11.03,14.98,0,0,.342,12.31
105,2014,123,830,11.18,15.18,0,0,.341,12.31
105,2014,123,836,11.34,15.69,0,0,.341,12.3
105,2014,123,842,11.51,16.3,0,0,.341,12.3
105,2014,123,848,11.7,15.93,0,0,.341,12.3
105,2014,123,854,11.9,16.07,0,0,.34,12.3
105,2014,123,900,12.11,16.14,0,0,.34,12.3
105,2014,123,906,12.31,16.51,0,0,.34,12.3
105,2014,123,912,12.53,16.84,0,0,.339,12.3
105,2014,123,918,12.75,17.01,0,0,.34,12.3
105,2014,123,924,12.96,17.24,0,0,.338,12.3
105,2014,123,930,13.18,17.07,0,0,.337,12.3
105,2014,123,936,13.41,17.47,0,0,.337,12.3
105,2014,123,942,13.63,18.27,0,0,.337,12.3
105,2014,123,948,13.86,18.81,0,0,.337,12.3
105,2014,123,954,14.1,18.98,0,0,.337,12.3
105,2014,123,1000,14.36,19.9,0,0,.336,12.3
105,2014,123,1006,14.64,20.64,0,0,.336,12.3
105,2014,123,1012,14.93,20.43,0,0,.336,12.3
105,2014,123,1018,15.25,20.89,0,0,.336,12.3
105,2014,123,1024,15.58,20.93,0,0,.336,12.3
105,2014,123,1030,15.91,21.16,0,0,.335,12.3
105,2014,123,1036,16.26,21.64,0,0,.335,12.3
105,2014,123,1042,16.59,21.95,0,0,.334,12.3
105,2014,123,1048,16.92,21.76,0,0,.334,12.3
105,2014,123,1054,17.25,21.62,0,0,.334,12.3
105,2014,123,1100,17.57,20.51,0,0,.334,12.3
105,2014,123,1106,17.89,20.01,0,0,.334,12.3
105,2014,123,1112,18.16,19.74,0,0,.334,12.3
105,2014,123,1118,18.41,19.36,0,0,.334,12.3
105,2014,123,1124,18.61,19.4,0,0,.334,12.3
105,2014,123,1130,18.78,19.1,0,0,.334,12.3
105,2014,123,1136,18.9,18.73,0,0,.334,12.3
105,2014,123,1142,19.01,19.19,0,0,.334,12.3
105,2014,123,1148,19.09,20.48,0,0,.334,12.3
105,2014,123,1154,19.17,20.49,0,0,.334,12.3
105,2014,123,1200,19.26,19.87,0,0,.334,12.3
105,2014,123,1206,19.35,21.35,0,0,.334,12.3
105,2014,123,1212,19.45,21.42,0,0,.333,12.3
105,2014,123,1218,19.57,21.68,0,0,.333,12.3
105,2014,123,1224,19.71,21.91,0,0,.333,12.3
105,2014,123,1230,19.87,21.81,0,0,.332,12.3
105,2014,123,1236,20.04,21.62,0,0,.333,12.3
105,2014,123,1242,20.19,21.81,0,0,.332,12.3
105,2014,123,1248,20.34,21.88,0,0,.333,12.3
105,2014,123,1254,20.48,22.57,0,0,.332,12.3
105,2014,123,1300,20.63,22.65,0,0,.332,12.3
105,2014,123,1306,20.79,22.26,0,0,.332,12.3
105,2014,123,1312,20.95,21.9,0,0,.333,12.3
105,2014,123,1318,21.11,21.93,0,0,.333,12.3
105,2014,123,1324,21.26,22.03,0,0,.333,12.3
105,2014,123,1330,21.4,21.73,0,0,.334,12.3
105,2014,123,1336,21.53,21.42,0,0,.333,12.3
105,2014,123,1342,21.64,22.34,0,0,.333,12.3
105,2014,123,1348,21.73,22.53,0,0,.333,12.3
105,2014,123,1354,21.81,22.26,0,0,.333,12.3
105,2014,123,1400,21.89,22.73,0,0,.334,12.3
105,2014,123,1406,21.98,22.93,0,0,.333,12.3
105,2014,123,1412,22.07,23.22,0,0,.334,12.3
105,2014,123,1418,22.19,22.68,0,0,.332,12.3
105,2014,123,1424,22.31,23.99,0,0,.331,12.3
105,2014,123,1430,22.43,23.27,0,0,.331,12.3
105,2014,123,1436,22.54,23.14,0,0,.332,12.3
105,2014,123,1442,22.65,22.14,0,0,.331,12.3
105,2014,123,1448,22.74,21.17,0,0,.332,12.3
105,2014,123,1454,22.81,21.43,0,0,.331,12.3
105,2014,123,1500,22.87,23.17,0,0,.331,12.3
105,2014,123,1506,22.91,23.03,0,0,.33,12.3
105,2014,123,1512,22.96,22.16,0,0,.33,12.3
105,2014,123,1518,22.99,22.78,0,0,.33,12.3
105,2014,123,1524,23.03,21.6,0,0,.33,12.3
105,2014,123,1530,23.05,21.09,0,0,.33,12.3
105,2014,123,1536,23.07,20.53,0,0,.33,12.3
105,2014,123,1542,23.06,19.91,0,0,.331,12.3
105,2014,123,1548,23.04,22.06,0,0,.33,12.3
105,2014,123,1554,22.99,21.57,0,0,.33,12.3
105,2014,123,1600,22.95,20.21,0,0,.33,12.3
105,2014,123,1606,22.9,21.56,0,0,.331,12.3
105,2014,123,1612,22.84,20.35,0,0,.33,12.3
105,2014,123,1618,22.79,21.64,0,0,.33,12.3
105,2014,123,1624,22.74,21.69,0,0,.329,12.3
105,2014,123,1630,22.71,21.07,0,0,.328,12.3
105,2014,123,1636,22.7,20.44,0,0,.329,12.3
105,2014,123,1642,22.69,19.94,0,0,.328,12.3
105,2014,123,1648,22.67,20,0,0,.328,12.3
105,2014,123,1654,22.63,20,0,0,.328,12.3
105,2014,123,1700,22.58,19.82,0,0,.328,12.3
105,2014,123,1706,22.52,19.94,0,0,.329,12.3
105,2014,123,1712,22.45,19.8,0,0,.328,12.3
105,2014,123,1718,22.38,20.06,0,0,.328,12.3
105,2014,123,1724,22.31,20.12,0,0,.328,12.3
105,2014,123,1730,22.23,19.77,0,0,.328,12.3
105,2014,123,1736,22.14,19.45,0,0,.328,12.3
105,2014,123,1742,22.05,19.64,0,0,.328,12.3
105,2014,123,1748,21.94,19.45,0,0,.328,12.3
105,2014,123,1754,21.84,19.41,0,0,.328,12.3
105,2014,123,1800,21.73,19.49,0,0,.328,12.3
105,2014,123,1806,21.61,19.44,0,0,.328,12.3
105,2014,123,1812,21.5,19.2,0,0,.329,12.3
105,2014,123,1818,21.4,18.92,0,0,.328,12.3
105,2014,123,1824,21.29,19.02,0,0,.329,12.3
105,2014,123,1830,21.18,18.74,0,0,.328,12.3
105,2014,123,1836,21.06,18.67,0,0,.328,12.3
105,2014,123,1842,20.94,18.54,0,0,.328,12.3
105,2014,123,1848,20.83,18.24,0,0,.328,12.3
105,2014,123,1854,20.71,18.33,0,0,.328,12.3
105,2014,123,1900,20.59,18.26,0,0,.328,12.3
105,2014,123,1906,20.47,18.08,0,0,.328,12.3
105,2014,123,1912,20.35,17.93,0,0,.328,12.3
105,2014,123,1918,20.24,17.73,0,0,.327,12.3
105,2014,123,1924,20.12,17.76,0,0,.327,12.3
105,2014,123,1930,20.01,17.8,0,0,.327,12.3
105,2014,123,1936,19.9,17.73,0,0,.327,12.3
105,2014,123,1942,19.8,17.59,0,0,.326,12.3
105,2014,123,1948,19.7,17.27,0,0,.326,12.3
105,2014,123,1954,19.6,17.26,0,0,.326,12.3
105,2014,123,2000,19.49,17.09,0,0,.326,12.3
105,2014,123,2006,19.38,16.82,0,0,.326,12.3
105,2014,123,2012,19.25,16.49,0,0,.326,12.3
105,2014,123,2018,19.12,16.17,0,0,.326,12.3
105,2014,123,2024,18.99,15.59,0,0,.325,12.3
105,2014,123,2030,18.84,14.93,0,0,.326,12.3
105,2014,123,2036,18.69,15.28,0,0,.326,12.3
105,2014,123,2042,18.52,14.4,0,0,.326,12.3
105,2014,123,2048,18.35,14.97,0,0,.325,12.3
105,2014,123,2054,18.18,15.24,0,0,.326,12.3
105,2014,123,2100,18.01,15.14,0,0,.325,12.3
105,2014,123,2106,17.84,14.6,0,0,.326,12.3
105,2014,123,2112,17.67,14.28,0,0,.325,12.3
105,2014,123,2118,17.5,14.3,0,0,.325,12.3
105,2014,123,2124,17.33,14.13,0,0,.325,12.3
105,2014,123,2130,17.17,14.29,0,0,.325,12.3
105,2014,123,2136,17.01,14.51,0,0,.325,12.3
105,2014,123,2142,16.84,14.39,0,0,.325,12.3
105,2014,123,2148,16.68,14.43,0,0,.325,12.3
105,2014,123,2154,16.53,14.32,0,0,.326,12.3
105,2014,123,2200,16.39,14.32,0,0,.325,12.3
105,2014,123,2206,16.26,14.16,0,0,.325,12.3
105,2014,123,2212,16.13,14.26,0,0,.325,12.3
105,2014,123,2218,16.01,14.11,0,0,.326,12.3
105,2014,123,2224,15.9,14.11,0,0,.325,12.3
105,2014,123,2230,15.79,13.95,0,0,.326,12.31
105,2014,123,2236,15.69,13.85,0,0,.325,12.31
105,2014,123,2242,15.59,14.04,0,0,.326,12.3
105,2014,123,2248,15.5,14.13,0,0,.326,12.31
105,2014,123,2254,15.41,13.94,0,0,.325,12.31
105,2014,123,2300,15.31,13.36,0,0,.325,12.31
105,2014,123,2306,15.22,13.11,0,0,.325,12.31
105,2014,123,2312,15.12,13.09,0,0,.325,12.31
105,2014,123,2318,15.03,13.13,0,0,.325,12.31
105,2014,123,2324,14.92,13.32,0,0,.326,12.31
105,2014,123,2330,14.83,13.33,0,0,.326,12.3
105,2014,123,2336,14.73,12.64,0,0,.325,12.3
105,2014,123,2342,14.63,13.1,0,0,.326,12.3
105,2014,123,2348,14.54,13.25,0,0,.325,12.3
105,2014,123,2354,14.45,13.17,0,0,.326,12.3
105,2014,124,0,14.36,13.3,0,0,.325,12.3
105,2014,124,6,14.27,12.9,0,0,.326,12.31
105,2014,124,12,14.19,12.95,0,0,.325,12.31
105,2014,124,18,14.11,13.17,0,0,.326,12.31
105,2014,124,24,14.04,12.35,0,0,.326,12.31
105,2014,124,30,13.96,12.83,0,0,.325,12.31
105,2014,124,36,13.88,12.37,0,0,.326,12.31
105,2014,124,42,13.81,12.25,0,0,.326,12.31
105,2014,124,48,13.72,12.02,0,0,.326,12.31
105,2014,124,54,13.64,12.54,0,0,.325,12.31
105,2014,124,100,13.55,12.21,0,0,.326,12.31
105,2014,124,106,13.45,12.08,0,0,.325,12.31
105,2014,124,112,13.37,11.72,0,0,.326,12.31
105,2014,124,118,13.28,11.79,0,0,.325,12.31
105,2014,124,124,13.18,11.8,0,0,.325,12.31
105,2014,124,130,13.09,11.69,0,0,.326,12.31
105,2014,124,136,13,10.81,0,0,.325,12.31
105,2014,124,142,12.9,10.97,0,0,.326,12.31
105,2014,124,148,12.79,10.5,0,0,.326,12.31
105,2014,124,154,12.69,11.32,0,0,.325,12.31
105,2014,124,200,12.58,10.35,0,0,.326,12.31
105,2014,124,206,12.46,9.93,0,0,.326,12.31
105,2014,124,212,12.35,10.02,0,0,.325,12.31
105,2014,124,218,12.23,10.2,0,0,.325,12.31
105,2014,124,224,12.1,9.76,0,0,.326,12.31
105,2014,124,230,11.97,9.69,0,0,.325,12.31
105,2014,124,236,11.83,9.17,0,0,.326,12.31
105,2014,124,242,11.69,9.24,0,0,.326,12.31
105,2014,124,248,11.55,9.31,0,0,.326,12.31
105,2014,124,254,11.41,9.39,0,0,.326,12.31
105,2014,124,300,11.26,9.11,0,0,.327,12.31
105,2014,124,306,11.11,9.34,0,0,.327,12.31
105,2014,124,312,10.96,9.4,0,0,.327,12.31
105,2014,124,318,10.81,8.96,0,0,.327,12.31
105,2014,124,324,10.67,9.74,0,0,.327,12.31
105,2014,124,330,10.54,8.97,0,0,.327,12.31
105,2014,124,336,10.4,9.39,0,0,.328,12.31
105,2014,124,342,10.28,9.6,0,0,.327,12.31
105,2014,124,348,10.16,9.52,0,0,.328,12.31
105,2014,124,354,10.05,9.12,0,0,.328,12.31
105,2014,124,400,9.95,8.78,0,0,.328,12.31
105,2014,124,406,9.86,8.69,0,0,.327,12.31
105,2014,124,412,9.76,8.59,0,0,.327,12.31
105,2014,124,418,9.66,8.45,0,0,.329,12.31
105,2014,124,424,9.56,8.43,0,0,.327,12.31
105,2014,124,430,9.46,8.39,0,0,.326,12.31
105,2014,124,436,9.36,8.09,0,0,.326,12.31
105,2014,124,442,9.26,8.39,0,0,.326,12.31
105,2014,124,448,9.16,8.01,0,0,.325,12.31
105,2014,124,454,9.07,7.94,0,0,.326,12.31
105,2014,124,500,8.97,8.13,0,0,.326,12.31
105,2014,124,506,8.87,8.31,0,0,.326,12.31
105,2014,124,512,8.78,8.31,0,0,.326,12.31
105,2014,124,518,8.69,8.12,0,0,.326,12.31
105,2014,124,524,8.6,8.34,0,0,.325,12.31
105,2014,124,530,8.51,8.25,0,0,.326,12.31
105,2014,124,536,8.43,8.09,0,0,.326,12.31
105,2014,124,542,8.36,7.92,0,0,.326,12.31
105,2014,124,548,8.28,8.09,0,0,.326,12.31
105,2014,124,554,8.21,8,0,0,.326,12.31
105,2014,124,600,8.14,8.03,0,0,.326,12.31
105,2014,124,606,8.07,7.82,0,0,.326,12.31
105,2014,124,612,7.99,8.01,0,0,.326,12.31
105,2014,124,618,7.93,7.96,0,0,.326,12.31
105,2014,124,624,7.86,8.06,0,0,.326,12.31
105,2014,124,630,7.8,8.17,0,0,.326,12.31
105,2014,124,636,7.75,8.05,0,0,.326,12.31
105,2014,124,642,7.7,8.57,0,0,.326,12.31
105,2014,124,648,7.67,9.48,0,0,.326,12.31
105,2014,124,654,7.64,9.88,0,0,.326,12.31
105,2014,124,700,7.64,10.39,0,0,.326,12.31
105,2014,124,706,7.65,11.07,0,0,.324,12.31
105,2014,124,712,7.68,11.76,0,0,.324,12.31
105,2014,124,718,7.74,12.36,0,0,.324,12.31
105,2014,124,724,7.82,12.92,0,0,.323,12.31
105,2014,124,730,7.93,13.4,0,0,.323,12.31
105,2014,124,736,8.07,13.61,0,0,.323,12.31
105,2014,124,742,8.24,14.36,0,0,.323,12.31
105,2014,124,748,8.44,15.08,0,0,.322,12.31
105,2014,124,754,8.66,15.7,0,0,.321,12.31
105,2014,124,800,8.91,16.23,0,0,.321,12.3
105,2014,124,806,9.19,16.39,0,0,.32,12.3
105,2014,124,812,9.49,17.09,0,0,.319,12.31
105,2014,124,818,9.81,17.75,0,0,.318,12.3
105,2014,124,824,10.15,18.69,0,0,.318,12.3
105,2014,124,830,10.51,18.79,0,0,.319,12.3
105,2014,124,836,10.89,19.51,0,0,.318,12.3
105,2014,124,842,11.29,20.03,0,0,.318,12.3
105,2014,124,848,11.7,20.38,0,0,.317,12.3
105,2014,124,854,12.12,20.71,0,0,.317,12.3
105,2014,124,900,12.55,21.43,0,0,.316,12.3
105,2014,124,906,12.99,21.78,0,0,.315,12.3
105,2014,124,912,13.44,22.36,0,0,.315,12.3
105,2014,124,918,13.89,22.39,0,0,.315,12.3
105,2014,124,924,14.34,23.47,0,0,.314,12.3
105,2014,124,930,14.8,23.44,0,0,.313,12.3
105,2014,124,936,15.25,23.31,0,0,.314,12.3
105,2014,124,942,15.71,23.41,0,0,.314,12.3
105,2014,124,948,16.15,23.67,0,0,.313,12.3
105,2014,124,954,16.59,24.55,0,0,.315,12.3
105,2014,124,1000,17.01,24.47,0,0,.314,12.3
105,2014,124,1006,17.43,24.46,0,0,.315,12.3
105,2014,124,1012,17.84,24.58,0,0,.314,12.3
105,2014,124,1018,18.24,24.74,0,0,.314,12.3
105,2014,124,1024,18.62,24.99,0,0,.314,12.3
105,2014,124,1030,18.99,24.65,0,0,.314,12.3
105,2014,124,1036,19.34,25.62,0,0,.314,12.3
105,2014,124,1042,19.69,25.57,0,0,.314,12.3
105,2014,124,1048,20.03,25.66,0,0,.314,12.29
105,2014,124,1054,20.36,25.94,0,0,.315,12.3
105,2014,124,1100,20.68,26.18,0,0,.315,12.29
105,2014,124,1106,21,26.24,0,0,.316,12.3
105,2014,124,1112,21.31,26.23,0,0,.315,12.3
105,2014,124,1118,21.61,26.23,0,0,.317,12.3
105,2014,124,1124,21.91,26.45,0,0,.317,12.3
105,2014,124,1130,22.19,26.55,0,0,.317,12.3
105,2014,124,1136,22.46,25.99,0,0,.317,12.29
105,2014,124,1142,22.73,25.75,0,0,.317,12.29
105,2014,124,1148,22.98,26.79,0,0,.317,12.29
105,2014,124,1154,23.21,26.5,0,0,.317,12.29
105,2014,124,1200,23.45,26.17,0,0,.317,12.29
105,2014,124,1206,23.68,25.67,0,0,.317,12.29
105,2014,124,1212,23.9,25.8,0,0,.317,12.29
105,2014,124,1218,24.11,24.78,0,0,.316,12.29
105,2014,124,1224,24.29,26.05,0,0,.316,12.29
105,2014,124,1230,24.45,25.99,0,0,.316,12.29
105,2014,124,1236,24.59,24.85,0,0,.315,12.29
105,2014,124,1242,24.72,25.15,0,0,.315,12.29
105,2014,124,1248,24.83,26.16,0,0,.315,12.29
105,2014,124,1254,24.93,25.84,0,0,.315,12.29
105,2014,124,1300,25.02,25.95,0,0,.315,12.29
105,2014,124,1306,25.12,26.13,0,0,.315,12.29
105,2014,124,1312,25.23,26.36,0,0,.315,12.29
105,2014,124,1318,25.33,25.88,0,0,.315,12.29
105,2014,124,1324,25.44,27.37,0,0,.315,12.29
105,2014,124,1330,25.54,28.2,0,0,.315,12.29
105,2014,124,1336,25.66,26.87,0,0,.315,12.29
105,2014,124,1342,25.79,26.66,0,0,.315,12.29
105,2014,124,1348,25.91,25.83,0,0,.315,12.29
105,2014,124,1354,26.03,27.41,0,0,.315,12.29
105,2014,124,1400,26.13,26.94,0,0,.315,12.29
105,2014,124,1406,26.23,25.7,0,0,.315,12.29
105,2014,124,1412,26.3,27.41,0,0,.315,12.29
105,2014,124,1418,26.38,26.61,0,0,.315,12.29
105,2014,124,1424,26.45,26.01,0,0,.315,12.29
105,2014,124,1430,26.53,26.02,0,0,.315,12.29
105,2014,124,1436,26.59,25.41,0,0,.315,12.29
105,2014,124,1442,26.63,25.96,0,0,.315,12.29
105,2014,124,1448,26.66,25.69,0,0,.315,12.29
105,2014,124,1454,26.67,25.58,0,0,.314,12.29
105,2014,124,1500,26.67,25.34,0,0,.315,12.29
105,2014,124,1506,26.67,24.87,0,0,.315,12.29
105,2014,124,1512,26.67,24.41,0,0,.315,12.29
105,2014,124,1518,26.64,24.73,0,0,.315,12.29
105,2014,124,1524,26.6,24.49,0,0,.315,12.29
105,2014,124,1530,26.54,20.57,0,0,.314,12.29
105,2014,124,1536,26.43,19.66,0,0,.315,12.3
105,2014,124,1542,26.23,19.3,0,0,.315,12.3
105,2014,124,1548,25.98,20.14,0,0,.315,12.3
105,2014,124,1554,25.72,19.51,0,0,.315,12.3
105,2014,124,1600,25.45,20.52,0,0,.315,12.3
105,2014,124,1606,25.17,21.66,0,0,.315,12.3
105,2014,124,1612,24.92,21.41,0,0,.315,12.3
105,2014,124,1618,24.69,21.24,0,0,.315,12.3
105,2014,124,1624,24.48,20.64,0,0,.315,12.3
105,2014,124,1630,24.29,20.28,0,0,.315,12.3
105,2014,124,1636,24.12,20.52,0,0,.314,12.3
105,2014,124,1642,23.95,20.29,0,0,.315,12.3
105,2014,124,1648,23.79,19.8,0,0,.316,12.3
105,2014,124,1654,23.64,19.64,0,0,.316,12.3
105,2014,124,1700,23.49,19.66,0,0,.316,12.3
105,2014,124,1706,23.33,19.55,0,0,.316,12.3
105,2014,124,1712,23.16,19.2,0,0,.317,12.3
105,2014,124,1718,22.98,18.56,0,0,.317,12.3
105,2014,124,1724,22.8,18.28,0,0,.318,12.3
105,2014,124,1730,22.62,18.37,0,0,.317,12.3
105,2014,124,1736,22.42,18.27,0,0,.318,12.3
105,2014,124,1742,22.22,18.02,0,0,.317,12.3
105,2014,124,1748,22.01,18.03,0,0,.318,12.3
105,2014,124,1754,21.82,18.07,0,0,.317,12.3
105,2014,124,1800,21.62,17.98,0,0,.318,12.3
105,2014,124,1806,21.43,18.11,0,0,.318,12.3
105,2014,124,1812,21.24,18.21,0,0,.317,12.3
105,2014,124,1818,21.08,18.54,0,0,.317,12.3
105,2014,124,1824,20.92,18.83,0,0,.317,12.3
105,2014,124,1830,20.77,18.87,0,0,.317,12.3
105,2014,124,1836,20.64,18.69,0,0,.317,12.3
105,2014,124,1842,20.53,18.38,0,0,.317,12.3
105,2014,124,1848,20.42,18.35,0,0,.317,12.3
105,2014,124,1854,20.31,18.21,0,0,.316,12.3
105,2014,124,1900,20.21,18.06,0,0,.316,12.3
105,2014,124,1906,20.1,17.83,0,0,.316,12.3
105,2014,124,1912,19.99,17.7,0,0,.316,12.3
105,2014,124,1918,19.88,17.51,0,0,.316,12.3
105,2014,124,1924,19.77,17.41,0,0,.316,12.3
105,2014,124,1930,19.65,17.25,0,0,.315,12.3
105,2014,124,1936,19.52,17.19,0,0,.316,12.3
105,2014,124,1942,19.4,17.25,0,0,.315,12.3
105,2014,124,1948,19.28,17.24,0,0,.315,12.3
105,2014,124,1954,19.14,16.98,0,0,.315,12.31
105,2014,124,2000,19,16.77,0,0,.315,12.3
105,2014,124,2006,18.86,16.47,0,0,.315,12.31
105,2014,124,2012,18.73,16.33,0,0,.315,12.31
105,2014,124,2018,18.59,16.2,0,0,.315,12.31
105,2014,124,2024,18.44,16.04,0,0,.315,12.31
105,2014,124,2030,18.29,15.97,0,0,.315,12.31
105,2014,124,2036,18.14,15.76,0,0,.314,12.31
105,2014,124,2042,17.99,15.71,0,0,.315,12.31
105,2014,124,2048,17.83,15.66,0,0,.315,12.31
105,2014,124,2054,17.69,15.65,0,0,.315,12.31
105,2014,124,2100,17.54,15.37,0,0,.315,12.31
105,2014,124,2106,17.39,15.31,0,0,.315,12.31
105,2014,124,2112,17.24,15.36,0,0,.314,12.31
105,2014,124,2118,17.1,15.15,0,0,.315,12.31
105,2014,124,2124,16.96,14.76,0,0,.315,12.31
105,2014,124,2130,16.82,14.82,0,0,.315,12.31
105,2014,124,2136,16.68,14.91,0,0,.315,12.31
105,2014,124,2142,16.54,15.04,0,0,.315,12.31
105,2014,124,2148,16.39,14.79,0,0,.315,12.31
105,2014,124,2154,16.26,14.8,0,0,.315,12.31
105,2014,124,2200,16.13,14.57,0,0,.315,12.31
105,2014,124,2206,15.99,14.17,0,0,.314,12.31
105,2014,124,2212,15.86,13.63,0,0,.315,12.31
105,2014,124,2218,15.73,13.69,0,0,.315,12.31
105,2014,124,2224,15.6,14,0,0,.315,12.31
105,2014,124,2230,15.46,13.84,0,0,.314,12.31
105,2014,124,2236,15.33,13.83,0,0,.315,12.31
105,2014,124,2242,15.19,13.46,0,0,.314,12.31
105,2014,124,2248,15.05,13.57,0,0,.315,12.31
105,2014,124,2254,14.91,13.36,0,0,.315,12.31
105,2014,124,2300,14.78,13.74,0,0,.315,12.31
105,2014,124,2306,14.65,13.69,0,0,.315,12.31
105,2014,124,2312,14.53,13.45,0,0,.315,12.31
105,2014,124,2318,14.4,13.48,0,0,.315,12.31
105,2014,124,2324,14.29,13.03,0,0,.315,12.31
105,2014,124,2330,14.17,13.41,0,0,.315,12.31
105,2014,124,2336,14.06,13.36,0,0,.315,12.31
105,2014,124,2342,13.95,13.58,0,0,.315,12.31
105,2014,124,2348,13.85,13.74,0,0,.315,12.31
105,2014,124,2354,13.76,13.59,0,0,.315,12.31
105,2014,125,0,13.69,13.39,0,0,.315,12.31
105,2014,125,6,13.62,13.23,0,0,.314,12.31
105,2014,125,12,13.55,12.92,0,0,.315,12.31
105,2014,125,18,13.49,12.84,0,0,.315,12.31
105,2014,125,24,13.43,12.38,0,0,.315,12.31
105,2014,125,30,13.36,12.13,0,0,.315,12.31
105,2014,125,36,13.28,12.13,0,0,.314,12.31
105,2014,125,42,13.2,12.27,0,0,.314,12.31
105,2014,125,48,13.11,11.71,0,0,.315,12.31
105,2014,125,54,13.02,12.01,0,0,.314,12.31
105,2014,125,100,12.91,12.59,0,0,.315,12.31
105,2014,125,106,12.81,12.46,0,0,.314,12.31
105,2014,125,112,12.71,12.29,0,0,.314,12.31
105,2014,125,118,12.62,11.97,0,0,.314,12.31
105,2014,125,124,12.53,12.07,0,0,.315,12.31
105,2014,125,130,12.44,12.08,0,0,.314,12.31
105,2014,125,136,12.36,12.17,0,0,.315,12.31
105,2014,125,142,12.28,12.2,0,0,.314,12.31
105,2014,125,148,12.2,12.19,0,0,.315,12.31
105,2014,125,154,12.13,12.1,0,0,.315,12.31
105,2014,125,200,12.06,11.92,0,0,.315,12.31
105,2014,125,206,12,11.75,0,0,.316,12.31
105,2014,125,212,11.93,11.59,0,0,.315,12.31
105,2014,125,218,11.87,11.48,0,0,.316,12.31
105,2014,125,224,11.8,11.41,0,0,.316,12.31
105,2014,125,230,11.73,11.11,0,0,.315,12.31
105,2014,125,236,11.65,10.9,0,0,.316,12.31
105,2014,125,242,11.57,10.66,0,0,.316,12.31
105,2014,125,248,11.49,10.79,0,0,.316,12.31
105,2014,125,254,11.4,10.65,0,0,.316,12.31
105,2014,125,300,11.3,10.12,0,0,.316,12.31
105,2014,125,306,11.2,10.06,0,0,.316,12.31
105,2014,125,312,11.1,10.01,0,0,.317,12.31
105,2014,125,318,10.99,9.93,0,0,.317,12.31
105,2014,125,324,10.88,10.28,0,0,.317,12.31
105,2014,125,330,10.77,10.49,0,0,.316,12.31
105,2014,125,336,10.66,10.63,0,0,.317,12.31
105,2014,125,342,10.57,10.54,0,0,.317,12.31
105,2014,125,348,10.49,10.42,0,0,.317,12.31
105,2014,125,354,10.42,10.41,0,0,.316,12.31
105,2014,125,400,10.35,10.24,0,0,.315,12.31
105,2014,125,406,10.29,10.2,0,0,.317,12.31
105,2014,125,412,10.23,9.92,0,0,.316,12.31
105,2014,125,418,10.18,9.8,0,0,.317,12.31
105,2014,125,424,10.12,9.66,0,0,.317,12.31
105,2014,125,430,10.05,9.43,0,0,.315,12.31
105,2014,125,436,9.99,9.04,0,0,.316,12.31
105,2014,125,442,9.91,9.14,0,0,.316,12.31
105,2014,125,448,9.82,8.99,0,0,.317,12.31
105,2014,125,454,9.73,9.09,0,0,.317,12.31
105,2014,125,500,9.62,8.99,0,0,.318,12.31
105,2014,125,506,9.51,8.77,0,0,.318,12.31
105,2014,125,512,9.4,8.38,0,0,.317,12.31
105,2014,125,518,9.28,8.12,0,0,.317,12.31
105,2014,125,524,9.16,8,0,0,.318,12.31
105,2014,125,530,9.03,8.01,0,0,.316,12.31
105,2014,125,536,8.9,7.86,0,0,.317,12.31
105,2014,125,542,8.76,7.91,0,0,.317,12.31
105,2014,125,548,8.63,7.92,0,0,.317,12.31
105,2014,125,554,8.49,8.08,0,0,.316,12.31
105,2014,125,600,8.36,7.82,0,0,.316,12.31
105,2014,125,606,8.24,7.64,0,0,.317,12.31
105,2014,125,612,8.11,7.58,0,0,.317,12.31
105,2014,125,618,7.98,7.39,0,0,.316,12.31
105,2014,125,624,7.86,7.26,0,0,.315,12.31
105,2014,125,630,7.75,7.28,0,0,.315,12.31
105,2014,125,636,7.63,7.65,0,0,.317,12.31
105,2014,125,642,7.53,8.01,0,0,.316,12.31
105,2014,125,648,7.43,8.5,0,0,.316,12.31
105,2014,125,654,7.35,9.21,0,0,.315,12.31
105,2014,125,700,7.29,9.57,0,0,.316,12.31
105,2014,125,706,7.26,10.13,0,0,.315,12.31
105,2014,125,712,7.25,10.78,0,0,.316,12.31
105,2014,125,718,7.26,10.91,0,0,.315,12.31
105,2014,125,724,7.31,11.32,0,0,.316,12.31
105,2014,125,730,7.38,11.43,0,0,.315,12.31
105,2014,125,736,7.48,11.91,0,0,.315,12.31
105,2014,125,742,7.62,12.07,0,0,.315,12.31
105,2014,125,748,7.78,12.31,0,0,.314,12.31
105,2014,125,754,7.96,12.62,0,0,.313,12.31
105,2014,125,800,8.16,13.38,0,0,.313,12.31
105,2014,125,806,8.39,13.26,0,0,.313,12.31
105,2014,125,812,8.63,13.94,0,0,.313,12.31
105,2014,125,818,8.89,14.16,0,0,.312,12.31
105,2014,125,824,9.16,14.55,0,0,.312,12.31
105,2014,125,830,9.45,14.38,0,0,.312,12.31
105,2014,125,836,9.74,14.51,0,0,.312,12.31
105,2014,125,842,10.04,14.29,0,0,.312,12.31
105,2014,125,848,10.34,14.54,0,0,.312,12.31
105,2014,125,854,10.63,14.6,0,0,.312,12.31
105,2014,125,900,10.92,15.18,0,0,.311,12.31
105,2014,125,906,11.2,15.15,0,0,.311,12.31
105,2014,125,912,11.47,15.42,0,0,.311,12.31
105,2014,125,918,11.74,15.61,0,0,.311,12.31
105,2014,125,924,12.01,15.85,0,0,.311,12.31
105,2014,125,930,12.27,15.79,0,0,.31,12.31
105,2014,125,936,12.53,16.07,0,0,.31,12.31
105,2014,125,942,12.79,16.44,0,0,.309,12.31
105,2014,125,948,13.04,16.55,0,0,.31,12.31
105,2014,125,954,13.28,16.66,0,0,.309,12.31
105,2014,125,1000,13.53,16.66,0,0,.309,12.31
105,2014,125,1006,13.78,17.21,0,0,.309,12.31
105,2014,125,1012,14.02,17.1,0,0,.31,12.31
105,2014,125,1018,14.28,17.43,0,0,.309,12.31
105,2014,125,1024,14.53,17.28,0,0,.308,12.31
105,2014,125,1030,14.78,18.05,0,0,.308,12.31
105,2014,125,1036,15.02,18.42,0,0,.307,12.31
105,2014,125,1042,15.26,18.73,0,0,.307,12.3
105,2014,125,1048,15.49,18.87,0,0,.307,12.3
105,2014,125,1054,15.73,18.57,0,0,.307,12.3
105,2014,125,1100,15.97,18.86,0,0,.307,12.3
105,2014,125,1106,16.2,19.28,0,0,.307,12.3
105,2014,125,1112,16.43,20.1,0,0,.307,12.3
105,2014,125,1118,16.67,19.28,0,0,.306,12.3
105,2014,125,1124,16.92,19.99,0,0,.306,12.3
105,2014,125,1130,17.17,20.18,0,0,.306,12.3
105,2014,125,1136,17.42,19.51,0,0,.306,12.3
105,2014,125,1142,17.67,19.77,0,0,.306,12.3
105,2014,125,1148,17.91,20,0,0,.306,12.3
105,2014,125,1154,18.11,19.91,0,0,.306,12.3
105,2014,125,1200,18.31,20.78,0,0,.306,12.3
105,2014,125,1206,18.5,20.43,0,0,.306,12.3
105,2014,125,1212,18.7,20.23,0,0,.306,12.3
105,2014,125,1218,18.88,20.46,0,0,.305,12.3
105,2014,125,1224,19.07,20.74,0,0,.304,12.3
105,2014,125,1230,19.26,20.92,0,0,.304,12.3
105,2014,125,1236,19.44,21.26,0,0,.304,12.3
105,2014,125,1242,19.62,20.37,0,0,.304,12.3
105,2014,125,1248,19.79,20.37,0,0,.304,12.3
105,2014,125,1254,19.94,20.54,0,0,.304,12.3
105,2014,125,1300,20.08,20.69,0,0,.304,12.3
105,2014,125,1306,20.21,20.8,0,0,.304,12.3
105,2014,125,1312,20.33,20.55,0,0,.304,12.3
105,2014,125,1318,20.45,20.81,0,0,.305,12.3
105,2014,125,1324,20.59,20.01,0,0,.304,12.3
105,2014,125,1330,21.59,20.99,0,0,.305,12.3
105,2014,125,1336,22.79,21.11,0,0,.306,12.3