105,2014,125,1342,23.62,20.58,0,0,.305,12.3
105,2014,125,1348,23.95,21.4,0,0,.304,12.3
105,2014,125,1354,23.91,22.16,0,0,.304,12.3
105,2014,125,1400,23.75,22.36,0,0,.305,12.3
105,2014,125,1406,23.58,22.5,0,0,.305,12.3
105,2014,125,1412,23.43,21.08,0,0,.303,12.3
105,2014,125,1418,23.29,21.69,0,0,.303,12.3
105,2014,125,1424,23.17,21.65,0,0,.304,12.3
105,2014,125,1430,23.07,21.36,0,0,.304,12.3
105,2014,125,1436,22.99,21.41,0,0,.303,12.3
105,2014,125,1442,22.9,20.83,0,0,.304,12.3
105,2014,125,1448,22.82,20.82,0,0,.304,12.3
105,2014,125,1454,22.74,20.9,0,0,.304,12.3
105,2014,125,1500,22.65,21.1,0,0,.304,12.3
105,2014,125,1506,22.57,20.86,0,0,.304,12.3
105,2014,125,1512,22.5,21.22,0,0,.304,12.3
105,2014,125,1518,22.46,21.67,0,0,.304,12.3
105,2014,125,1524,22.43,21.32,0,0,.304,12.3
105,2014,125,1530,22.4,21.54,0,0,.304,12.3
105,2014,125,1536,22.39,21,0,0,.304,12.3
105,2014,125,1542,22.39,20.6,0,0,.304,12.3
105,2014,125,1548,22.37,20.61,0,0,.304,12.3
105,2014,125,1554,22.35,21.29,0,0,.304,12.3
105,2014,125,1600,22.34,21.25,0,0,.303,12.3
105,2014,125,1606,22.33,21.03,0,0,.304,12.3
105,2014,125,1612,22.32,20.31,0,0,.304,12.3
105,2014,125,1618,22.29,20.16,0,0,.304,12.3
105,2014,125,1624,22.25,20.13,0,0,.304,12.3
105,2014,125,1630,22.19,19.73,0,0,.304,12.3
105,2014,125,1636,22.12,19.2,0,0,.304,12.3
105,2014,125,1642,22.02,19.58,0,0,.304,12.3
105,2014,125,1648,21.92,19.65,0,0,.304,12.3
105,2014,125,1654,21.82,19.75,0,0,.303,12.3
105,2014,125,1700,21.73,19.76,0,0,.304,12.3
105,2014,125,1706,21.64,19.08,0,0,.304,12.3
105,2014,125,1712,21.54,19.21,0,0,.304,12.3
105,2014,125,1718,21.45,19.15,0,0,.304,12.3
105,2014,125,1724,21.36,19.03,0,0,.304,12.3
105,2014,125,1730,21.27,19.1,0,0,.304,12.3
105,2014,125,1736,21.19,18.86,0,0,.304,12.3
105,2014,125,1742,21.11,18.68,0,0,.303,12.3
105,2014,125,1748,21.02,18.81,0,0,.304,12.3
105,2014,125,1754,20.94,18.64,0,0,.304,12.3
105,2014,125,1800,20.85,18.7,0,0,.304,12.3
105,2014,125,1806,20.77,18.63,0,0,.304,12.3
105,2014,125,1812,20.69,18.43,0,0,.303,12.3
105,2014,125,1818,20.62,18.03,0,0,.303,12.3
105,2014,125,1824,20.53,17.89,0,0,.303,12.3
105,2014,125,1830,20.43,17.97,0,0,.303,12.3
105,2014,125,1836,20.34,18,0,0,.303,12.3
105,2014,125,1842,20.25,17.91,0,0,.302,12.3
105,2014,125,1848,20.17,17.78,0,0,.302,12.3
105,2014,125,1854,20.1,17.68,0,0,.302,12.3
105,2014,125,1900,20.02,17.63,0,0,.302,12.3
105,2014,125,1906,19.94,17.43,0,0,.302,12.3
105,2014,125,1912,19.85,16.99,0,0,.302,12.3
105,2014,125,1918,19.75,16.88,0,0,.302,12.3
105,2014,125,1924,19.65,16.81,0,0,.301,12.3
105,2014,125,1930,19.55,16.56,0,0,.301,12.3
105,2014,125,1936,19.43,16.68,0,0,.301,12.3
105,2014,125,1942,19.31,16.2,0,0,.301,12.3
105,2014,125,1948,19.17,16.05,0,0,.301,12.3
105,2014,125,1954,19.03,16.25,0,0,.301,12.3
105,2014,125,2000,18.9,15.76,0,0,.301,12.3
105,2014,125,2006,18.77,15.63,0,0,.301,12.3
105,2014,125,2012,18.65,15.39,0,0,.301,12.3
105,2014,125,2018,18.5,14.86,0,0,.3,12.3
105,2014,125,2024,18.34,14.66,0,0,.301,12.3
105,2014,125,2030,18.17,14.4,0,0,.301,12.3
105,2014,125,2036,17.99,14.21,0,0,.3,12.3
105,2014,125,2042,17.8,14.08,0,0,.301,12.3
105,2014,125,2048,17.62,13.96,0,0,.301,12.31
105,2014,125,2054,17.43,13.84,0,0,.301,12.31
105,2014,125,2100,17.25,13.57,0,0,.3,12.31
105,2014,125,2106,17.07,13.35,0,0,.3,12.31
105,2014,125,2112,16.9,13.11,0,0,.301,12.31
105,2014,125,2118,16.71,12.77,0,0,.3,12.31
105,2014,125,2124,16.53,12.71,0,0,.301,12.31
105,2014,125,2130,16.34,12.55,0,0,.3,12.31
105,2014,125,2136,16.17,12.37,0,0,.3,12.31
105,2014,125,2142,15.99,12.21,0,0,.3,12.31
105,2014,125,2148,15.81,11.91,0,0,.3,12.31
105,2014,125,2154,15.64,12.01,0,0,.299,12.31
105,2014,125,2200,15.48,12.1,0,0,.299,12.31
105,2014,125,2206,15.34,12.11,0,0,.299,12.31
105,2014,125,2212,15.2,11.95,0,0,.3,12.31
105,2014,125,2218,15.08,11.98,0,0,.3,12.31
105,2014,125,2224,14.96,11.9,0,0,.301,12.31
105,2014,125,2230,14.84,11.77,0,0,.3,12.31
105,2014,125,2236,14.74,11.64,0,0,.301,12.31
105,2014,125,2242,14.64,11.6,0,0,.301,12.31
105,2014,125,2248,14.55,11.41,0,0,.3,12.31
105,2014,125,2254,14.44,11.03,0,0,.3,12.31
105,2014,125,2300,14.33,10.87,0,0,.299,12.31
105,2014,125,2306,14.22,10.83,0,0,.3,12.31
105,2014,125,2312,14.09,10.6,0,0,.299,12.31
105,2014,125,2318,13.97,10.52,0,0,.299,12.31
105,2014,125,2324,13.85,10.59,0,0,.3,12.31
105,2014,125,2330,13.74,10.56,0,0,.299,12.31
105,2014,125,2336,13.63,10.71,0,0,.3,12.31
105,2014,125,2342,13.54,10.71,0,0,.299,12.31
105,2014,125,2348,13.45,10.64,0,0,.3,12.31
105,2014,125,2354,13.37,10.44,0,0,.3,12.31
105,2014,126,0,13.3,10.68,0,0,.299,12.31
105,2014,126,6,13.23,10.79,0,0,.3,12.31
105,2014,126,12,13.17,10.77,0,0,.3,12.31
105,2014,126,18,13.11,10.62,0,0,.299,12.31
105,2014,126,24,13.06,10.75,0,0,.3,12.31
105,2014,126,30,13.01,10.56,0,0,.3,12.31
105,2014,126,36,12.96,10.42,0,0,.3,12.31
105,2014,126,42,12.92,10.54,0,0,.3,12.31
105,2014,126,48,12.89,10.83,0,0,.3,12.31
105,2014,126,54,12.85,10.56,0,0,.3,12.31
105,2014,126,100,12.81,10.6,0,0,.3,12.31
105,2014,126,106,12.79,10.71,0,0,.3,12.31
105,2014,126,112,12.76,10.73,0,0,.3,12.31
105,2014,126,118,12.73,10.83,0,0,.3,12.31
105,2014,126,124,12.71,11.06,0,0,.3,12.31
105,2014,126,130,12.69,10.77,0,0,.3,12.31
105,2014,126,136,12.67,11.14,0,0,.3,12.31
105,2014,126,142,12.66,10.68,0,0,.3,12.31
105,2014,126,148,12.65,10.96,0,0,.3,12.31
105,2014,126,154,12.64,10.99,0,0,.299,12.31
105,2014,126,200,12.62,11.17,0,0,.299,12.31
105,2014,126,206,12.62,11.17,0,0,.3,12.31
105,2014,126,212,12.61,10.86,0,0,.299,12.31
105,2014,126,218,12.6,10.99,0,0,.299,12.31
105,2014,126,224,12.6,10.76,0,0,.299,12.31
105,2014,126,230,12.6,10.93,0,0,.3,12.31
105,2014,126,236,12.59,10.91,0,0,.3,12.31
105,2014,126,242,12.59,11.05,0,0,.3,12.31
105,2014,126,248,12.58,11.36,0,0,.299,12.31
105,2014,126,254,12.58,11.22,0,0,.3,12.31
105,2014,126,300,12.58,11,0,0,.299,12.31
105,2014,126,306,12.58,10.78,0,0,.299,12.31
105,2014,126,312,12.58,10.92,0,0,.299,12.31
105,2014,126,318,12.57,11.04,0,0,.299,12.31
105,2014,126,324,12.57,10.91,0,0,.299,12.31
105,2014,126,330,12.57,11.03,0,0,.299,12.31
105,2014,126,336,12.57,10.91,0,0,.299,12.31
105,2014,126,342,12.57,10.94,0,0,.299,12.31
105,2014,126,348,12.57,11.2,0,0,.299,12.31
105,2014,126,354,12.58,11.07,0,0,.299,12.31
105,2014,126,400,12.58,10.91,0,0,.299,12.31
105,2014,126,406,12.58,11.2,0,0,.299,12.31
105,2014,126,412,12.58,11.08,0,0,.299,12.31
105,2014,126,418,12.59,11.04,0,0,.299,12.31
105,2014,126,424,12.59,11,0,0,.299,12.31
105,2014,126,430,12.59,11.17,0,0,.299,12.31
105,2014,126,436,12.59,11.07,0,0,.3,12.31
105,2014,126,442,12.59,10.95,0,0,.299,12.31
105,2014,126,448,12.58,10.84,0,0,.3,12.31
105,2014,126,454,12.58,10.78,0,0,.3,12.31
105,2014,126,500,12.56,10.76,0,0,.299,12.31
105,2014,126,506,12.55,10.91,0,0,.299,12.31
105,2014,126,512,12.54,10.85,0,0,.299,12.31
105,2014,126,518,12.52,10.61,0,0,.3,12.31
105,2014,126,524,12.51,10.94,0,0,.299,12.31
105,2014,126,530,12.5,10.86,0,0,.299,12.31
105,2014,126,536,12.48,10.59,0,0,.299,12.31
105,2014,126,542,12.47,10.76,0,0,.299,12.31
105,2014,126,548,12.46,10.81,0,0,.299,12.31
105,2014,126,554,12.45,10.57,0,0,.299,12.31
105,2014,126,600,12.43,10.55,0,0,.299,12.31
105,2014,126,606,12.42,10.58,0,0,.299,12.31
105,2014,126,612,12.41,10.53,0,0,.299,12.31
105,2014,126,618,12.4,10.6,0,0,.299,12.31
105,2014,126,624,12.39,10.43,0,0,.299,12.31
105,2014,126,630,12.37,10.58,0,0,.299,12.31
105,2014,126,636,12.36,10.55,0,0,.299,12.31
105,2014,126,642,12.35,10.88,0,0,.3,12.31
105,2014,126,648,12.35,10.72,0,0,.299,12.31
105,2014,126,654,12.34,10.81,0,0,.3,12.31
105,2014,126,700,12.34,10.74,0,0,.299,12.31
105,2014,126,706,12.35,10.82,0,0,.299,12.31
105,2014,126,712,12.36,11.03,0,0,.299,12.31
105,2014,126,718,12.37,11.12,0,0,.3,12.31
105,2014,126,724,12.39,11.4,0,0,.3,12.31
105,2014,126,730,12.41,11.32,0,0,.3,12.31
105,2014,126,736,12.45,11.31,0,0,.299,12.31
105,2014,126,742,12.49,11.39,0,0,.299,12.31
105,2014,126,748,12.54,11.46,0,0,.299,12.31
105,2014,126,754,12.6,11.82,0,0,.3,12.31
105,2014,126,800,12.66,12.03,0,0,.299,12.31
105,2014,126,806,12.73,12.22,0,0,.299,12.31
105,2014,126,812,12.8,12.74,0,0,.299,12.31
105,2014,126,818,12.87,13.12,0,0,.3,12.31
105,2014,126,824,12.95,13.27,0,0,.299,12.31
105,2014,126,830,13.04,13.22,0,0,.299,12.31
105,2014,126,836,13.14,13.13,0,0,.299,12.31
105,2014,126,842,13.23,13.29,0,0,.298,12.31
105,2014,126,848,13.33,13.79,0,0,.299,12.31
105,2014,126,854,13.44,13.93,0,0,.299,12.31
105,2014,126,900,13.55,14.12,0,0,.299,12.31
105,2014,126,906,13.67,14.33,0,0,.299,12.31
105,2014,126,912,13.8,14.67,0,0,.299,12.31
105,2014,126,918,13.93,15.09,0,0,.298,12.31
105,2014,126,924,14.08,15.35,0,0,.298,12.3
105,2014,126,930,14.24,15.76,0,0,.298,12.3
105,2014,126,936,14.41,16.02,0,0,.297,12.3
105,2014,126,942,14.58,16.5,0,0,.297,12.3
105,2014,126,948,14.78,16.95,0,0,.296,12.3
105,2014,126,954,14.98,17.26,0,0,.296,12.3
105,2014,126,1000,15.2,17.84,0,0,.296,12.3
105,2014,126,1006,15.44,18.5,0,0,.296,12.3
105,2014,126,1012,15.69,18.49,0,0,.295,12.3
105,2014,126,1018,15.94,19.14,0,0,.295,12.3
105,2014,126,1024,16.2,18.73,0,0,.295,12.3
105,2014,126,1030,16.45,19.16,0,0,.295,12.3
105,2014,126,1036,16.69,20.16,0,0,.295,12.3
105,2014,126,1042,16.93,20.67,0,0,.293,12.3
105,2014,126,1048,17.18,20.71,0,0,.294,12.3
105,2014,126,1054,17.43,20.3,0,0,.294,12.3
105,2014,126,1100,17.67,20.88,0,0,.294,12.3
105,2014,126,1106,17.92,20.54,0,0,.294,12.3
105,2014,126,1112,18.14,21.53,0,0,.293,12.3
105,2014,126,1118,18.38,21.29,0,0,.293,12.3
105,2014,126,1124,18.6,21.39,0,0,.293,12.3
105,2014,126,1130,18.82,22.59,0,0,.293,12.3
105,2014,126,1136,19.07,22.32,0,0,.294,12.3
105,2014,126,1142,19.31,22.51,0,0,.293,12.3
105,2014,126,1148,19.55,22.35,0,0,.292,12.3
105,2014,126,1154,19.78,22.67,0,0,.293,12.3
105,2014,126,1200,20.01,22.74,0,0,.292,12.3
105,2014,126,1206,20.21,22.32,0,0,.293,12.3
105,2014,126,1212,20.39,23.25,0,0,.293,12.3
105,2014,126,1218,20.58,22.78,0,0,.293,12.3
105,2014,126,1224,20.79,23.93,0,0,.294,12.3
105,2014,126,1230,21,23.64,0,0,.294,12.3
105,2014,126,1236,21.19,23.67,0,0,.294,12.3
105,2014,126,1242,21.37,23.15,0,0,.294,12.3
105,2014,126,1248,21.55,23.4,0,0,.295,12.3
105,2014,126,1254,21.72,23.06,0,0,.294,12.3
105,2014,126,1300,21.88,23,0,0,.293,12.3
105,2014,126,1306,22,23.77,0,0,.293,12.3
105,2014,126,1312,22.14,23.33,0,0,.293,12.3
105,2014,126,1318,22.26,23.46,0,0,.293,12.3
105,2014,126,1324,22.38,22.23,0,0,.293,12.3
105,2014,126,1330,22.47,22.75,0,0,.293,12.3
105,2014,126,1336,22.54,22.9,0,0,.293,12.3
105,2014,126,1342,22.6,23.21,0,0,.293,12.3
105,2014,126,1348,22.67,22.63,0,0,.293,12.3
105,2014,126,1354,22.74,21.94,0,0,.292,12.3
105,2014,126,1400,22.78,22.05,0,0,.292,12.3
105,2014,126,1406,22.8,22.41,0,0,.292,12.3
105,2014,126,1412,22.82,22.23,0,0,.292,12.3
105,2014,126,1418,22.84,21.71,0,0,.292,12.3
105,2014,126,1424,22.84,22.39,0,0,.291,12.3
105,2014,126,1430,22.84,21.77,0,0,.292,12.3
105,2014,126,1436,22.85,22.4,0,0,.292,12.3
105,2014,126,1442,22.85,22.54,0,0,.292,12.3
105,2014,126,1448,22.86,22.61,0,0,.291,12.3
105,2014,126,1454,22.86,22.04,0,0,.29,12.3
105,2014,126,1500,22.86,23.05,0,0,.291,12.3
105,2014,126,1506,22.88,23.53,0,0,.29,12.3
105,2014,126,1512,22.92,22.9,0,0,.29,12.3
105,2014,126,1518,22.96,22.87,0,0,.29,12.3
105,2014,126,1524,23,22.1,0,0,.29,12.3
105,2014,126,1530,23.02,21.41,0,0,.29,12.3
105,2014,126,1536,23.02,21.55,0,0,.29,12.3
105,2014,126,1542,23,22.72,0,0,.29,12.3
105,2014,126,1548,23,22.37,0,0,.29,12.3
105,2014,126,1554,22.99,22.39,0,0,.29,12.3
105,2014,126,1600,22.98,21.84,0,0,.29,12.3
105,2014,126,1606,22.96,22.05,0,0,.29,12.3
105,2014,126,1612,22.95,22.61,0,0,.29,12.3
105,2014,126,1618,22.94,22.67,0,0,.289,12.3
105,2014,126,1624,22.94,22.29,0,0,.289,12.3
105,2014,126,1630,22.94,21.9,0,0,.289,12.3
105,2014,126,1636,22.93,21.33,0,0,.289,12.3
105,2014,126,1642,22.91,21.08,0,0,.288,12.3
105,2014,126,1648,22.88,20.72,0,0,.287,12.3
105,2014,126,1654,22.84,20.81,0,0,.288,12.3
105,2014,126,1700,22.79,20.52,0,0,.288,12.3
105,2014,126,1706,22.72,20.1,0,0,.288,12.3
105,2014,126,1712,22.62,19.7,0,0,.288,12.3
105,2014,126,1718,22.49,19.37,0,0,.288,12.3
105,2014,126,1724,22.36,19.64,0,0,.288,12.3
105,2014,126,1730,22.23,19.29,0,0,.287,12.3
105,2014,126,1736,22.1,19.74,0,0,.288,12.3
105,2014,126,1742,21.97,19.48,0,0,.288,12.3
105,2014,126,1748,21.85,19.23,0,0,.287,12.3
105,2014,126,1754,21.73,19.1,0,0,.288,12.3
105,2014,126,1800,21.6,19.14,0,0,.288,12.3
105,2014,126,1806,21.48,19,0,0,.287,12.3
105,2014,126,1812,21.38,19,0,0,.288,12.3
105,2014,126,1818,21.27,18.86,0,0,.288,12.3
105,2014,126,1824,21.17,18.62,0,0,.288,12.3
105,2014,126,1830,21.06,18.47,0,0,.288,12.3
105,2014,126,1836,20.95,18.48,0,0,.287,12.3
105,2014,126,1842,20.84,18.33,0,0,.288,12.3
105,2014,126,1848,20.73,18.2,0,0,.287,12.3
105,2014,126,1854,20.62,17.9,0,0,.288,12.3
105,2014,126,1900,20.51,17.91,0,0,.287,12.3
105,2014,126,1906,20.4,17.68,0,0,.287,12.3
105,2014,126,1912,20.29,17.34,0,0,.287,12.3
105,2014,126,1918,20.16,17.23,0,0,.287,12.3
105,2014,126,1924,20.03,17.04,0,0,.286,12.3
105,2014,126,1930,19.9,17.09,0,0,.286,12.3
105,2014,126,1936,19.77,16.83,0,0,.285,12.3
105,2014,126,1942,19.64,16.6,0,0,.285,12.3
105,2014,126,1948,19.51,16.48,0,0,.285,12.3
105,2014,126,1954,19.38,16.16,0,0,.286,12.3
105,2014,126,2000,19.23,15.91,0,0,.284,12.3
105,2014,126,2006,19.08,15.76,0,0,.285,12.3
105,2014,126,2012,18.93,15.04,0,0,.285,12.3
105,2014,126,2018,18.76,15.21,0,0,.285,12.3
105,2014,126,2024,18.59,14.9,0,0,.285,12.3
105,2014,126,2030,18.39,14.75,0,0,.284,12.3
105,2014,126,2036,18.2,14.71,0,0,.284,12.3
105,2014,126,2042,18.02,14.52,0,0,.284,12.3
105,2014,126,2048,17.83,14.42,0,0,.285,12.3
105,2014,126,2054,17.63,13.21,0,0,.284,12.3
105,2014,126,2100,17.41,13.15,0,0,.284,12.3
105,2014,126,2106,17.18,13.45,0,0,.284,12.3
105,2014,126,2112,16.99,13.58,0,0,.285,12.3
105,2014,126,2118,16.81,13.54,0,0,.284,12.3
105,2014,126,2124,16.64,13.59,0,0,.285,12.31
105,2014,126,2130,16.49,13.42,0,0,.284,12.31
105,2014,126,2136,16.35,13.09,0,0,.285,12.3
105,2014,126,2142,16.21,13.09,0,0,.285,12.3
105,2014,126,2148,16.07,12.94,0,0,.284,12.3
105,2014,126,2154,15.93,12.66,0,0,.285,12.3
105,2014,126,2200,15.78,12.79,0,0,.284,12.3
105,2014,126,2206,15.64,12.41,0,0,.285,12.3
105,2014,126,2212,15.5,11.9,0,0,.284,12.31
105,2014,126,2218,15.33,12.25,0,0,.285,12.31
105,2014,126,2224,15.17,11.54,0,0,.285,12.31
105,2014,126,2230,14.99,11.79,0,0,.284,12.31
105,2014,126,2236,14.83,11.6,0,0,.284,12.31
105,2014,126,2242,14.67,11.28,0,0,.284,12.31
105,2014,126,2248,14.52,11.2,0,0,.285,12.31
105,2014,126,2254,14.35,11.3,0,0,.285,12.31
105,2014,126,2300,14.2,11.27,0,0,.285,12.31
105,2014,126,2306,14.06,11.34,0,0,.284,12.31
105,2014,126,2312,13.94,11.07,0,0,.284,12.31
105,2014,126,2318,13.83,11.46,0,0,.285,12.31
105,2014,126,2324,13.74,11.18,0,0,.285,12.31
105,2014,126,2330,13.66,10.9,0,0,.284,12.31
105,2014,126,2336,13.57,10.94,0,0,.284,12.31
105,2014,126,2342,13.48,11.06,0,0,.285,12.31
105,2014,126,2348,13.4,11.03,0,0,.285,12.31
105,2014,126,2354,13.32,10.49,0,0,.285,12.31
105,2014,127,0,13.23,10.72,0,0,.285,12.31
105,2014,127,6,13.15,10.76,0,0,.285,12.31
105,2014,127,12,13.06,10.15,0,0,.285,12.31
105,2014,127,18,12.97,10.25,0,0,.285,12.31
105,2014,127,24,12.87,10.4,0,0,.285,12.31
105,2014,127,30,12.78,10.18,0,0,.285,12.31
105,2014,127,36,12.68,10.25,0,0,.285,12.31
105,2014,127,42,12.59,10.06,0,0,.285,12.31
105,2014,127,48,12.5,10.17,0,0,.285,12.31
105,2014,127,54,12.42,10.34,0,0,.284,12.31
105,2014,127,100,12.35,9.81,0,0,.285,12.31
105,2014,127,106,12.27,10.2,0,0,.285,12.31
105,2014,127,112,12.21,10.27,0,0,.285,12.31
105,2014,127,118,12.16,10.31,0,0,.285,12.31
105,2014,127,124,12.11,10.05,0,0,.285,12.31
105,2014,127,130,12.06,9.41,0,0,.284,12.31
105,2014,127,136,11.98,9.7,0,0,.285,12.31
105,2014,127,142,11.9,10.64,0,0,.285,12.31
105,2014,127,148,11.87,11.79,0,0,.285,12.31
105,2014,127,154,11.89,11.09,0,0,.285,12.31
105,2014,127,200,11.93,11.06,0,0,.286,12.31
105,2014,127,206,11.98,11.09,0,0,.285,12.31
105,2014,127,212,12.03,11.13,0,0,.285,12.31
105,2014,127,218,12.08,10.88,0,0,.285,12.31
105,2014,127,224,12.11,10.76,0,0,.286,12.31
105,2014,127,230,12.14,10.52,0,0,.285,12.31
105,2014,127,236,12.14,11.67,0,0,.285,12.31
105,2014,127,242,12.17,11.04,0,0,.285,12.31
105,2014,127,248,12.18,10.91,0,0,.285,12.31
105,2014,127,254,12.19,11.56,0,0,.286,12.31
105,2014,127,300,12.2,11.25,0,0,.286,12.31
105,2014,127,306,12.22,11.7,0,0,.285,12.31
105,2014,127,312,12.24,11.98,0,0,.284,12.31
105,2014,127,318,12.28,13.18,0,0,.285,12.31
105,2014,127,324,12.35,12.05,0,0,.285,12.31
105,2014,127,330,12.42,11.16,0,0,.285,12.31
105,2014,127,336,12.46,10.96,0,0,.284,12.31
105,2014,127,342,12.47,10.98,0,0,.285,12.31
105,2014,127,348,12.47,11.04,0,0,.285,12.31
105,2014,127,354,12.45,10.89,0,0,.285,12.31
105,2014,127,400,12.42,11.52,0,0,.285,12.31
105,2014,127,406,12.41,11.7,0,0,.285,12.31
105,2014,127,412,12.4,11.84,0,0,.285,12.31
105,2014,127,418,12.41,11.41,0,0,.285,12.31
105,2014,127,424,12.41,10.83,0,0,.285,12.31
105,2014,127,430,12.4,10.27,0,0,.285,12.31
105,2014,127,436,12.36,10.42,0,0,.285,12.31
105,2014,127,442,12.31,10.31,0,0,.285,12.31
105,2014,127,448,12.25,9.86,0,0,.285,12.31
105,2014,127,454,12.17,9.4,0,0,.285,12.31
105,2014,127,500,12.05,9.2,0,0,.285,12.31
105,2014,127,506,11.92,9.18,0,0,.285,12.31
105,2014,127,512,11.78,9.2,0,0,.285,12.31
105,2014,127,518,11.64,9.48,0,0,.285,12.31
105,2014,127,524,11.53,9.19,0,0,.285,12.31
105,2014,127,530,11.42,8.94,0,0,.286,12.31
105,2014,127,536,11.29,8.54,0,0,.286,12.31
105,2014,127,542,11.16,9.16,0,0,.286,12.31
105,2014,127,548,11.06,9.16,0,0,.286,12.31
105,2014,127,554,10.96,8.76,0,0,.286,12.31
105,2014,127,600,10.87,8.2,0,0,.287,12.31
105,2014,127,606,10.76,8.88,0,0,.287,12.31
105,2014,127,612,10.67,9.33,0,0,.287,12.31
105,2014,127,618,10.6,9.08,0,0,.287,12.31
105,2014,127,624,10.54,8.65,0,0,.288,12.31
105,2014,127,630,10.47,8.48,0,0,.287,12.31
105,2014,127,636,10.4,9.33,0,0,.287,12.31
105,2014,127,642,10.36,10.71,0,0,.287,12.31
105,2014,127,648,10.38,11.2,0,0,.287,12.31
105,2014,127,654,10.45,11.95,0,0,.287,12.31
105,2014,127,700,10.57,12.41,0,0,.287,12.31
105,2014,127,706,10.72,12.62,0,0,.287,12.31
105,2014,127,712,10.89,13.08,0,0,.287,12.31
105,2014,127,718,11.09,13.33,0,0,.286,12.31
105,2014,127,724,11.29,13.82,0,0,.287,12.31
105,2014,127,730,11.51,14.18,0,0,.286,12.31
105,2014,127,736,11.74,14.45,0,0,.285,12.31
105,2014,127,742,11.98,14.56,0,0,.283,12.31
105,2014,127,748,12.21,14.84,0,0,.283,12.31
105,2014,127,754,12.45,15.32,0,0,.283,12.31
105,2014,127,800,12.69,15.21,0,0,.283,12.31
105,2014,127,806,12.93,15.61,0,0,.282,12.31
105,2014,127,812,13.16,15.75,0,0,.282,12.31
105,2014,127,818,13.39,16.45,0,0,.283,12.31
105,2014,127,824,13.64,16.61,0,0,.282,12.31
105,2014,127,830,13.89,16.84,0,0,.282,12.31
105,2014,127,836,14.14,17.52,0,0,.281,12.31
105,2014,127,842,14.4,17.69,0,0,.281,12.3
105,2014,127,848,14.66,17.66,0,0,.281,12.3
105,2014,127,854,14.91,17.97,0,0,.282,12.3
105,2014,127,900,15.17,18.38,0,0,.281,12.3
105,2014,127,906,15.43,18.63,0,0,.282,12.3
105,2014,127,912,15.69,18.79,0,0,.281,12.3
105,2014,127,918,15.95,18.41,0,0,.281,12.3
105,2014,127,924,16.19,18.61,0,0,.281,12.3
105,2014,127,930,16.41,19.02,0,0,.281,12.3
105,2014,127,936,16.63,18.88,0,0,.281,12.3
105,2014,127,942,16.84,19.39,0,0,.281,12.3
105,2014,127,948,17.05,20.14,0,0,.28,12.3
105,2014,127,954,17.27,19.81,0,0,.279,12.3
105,2014,127,1000,17.49,19.3,0,0,.28,12.3
105,2014,127,1006,17.69,18.5,0,0,.279,12.3
105,2014,127,1012,17.84,18.59,0,0,.28,12.3
105,2014,127,1018,17.96,18.34,0,0,.279,12.3
105,2014,127,1024,18.07,18.05,0,0,.28,12.3
105,2014,127,1030,18.15,18.99,0,0,.279,12.3
105,2014,127,1036,18.22,18.93,0,0,.279,12.3
105,2014,127,1042,18.31,18.77,0,0,.279,12.3
105,2014,127,1048,18.4,18.56,0,0,.28,12.3
105,2014,127,1054,18.47,18.55,0,0,.28,12.3
105,2014,127,1100,18.53,18.47,0,0,.279,12.3
105,2014,127,1106,18.58,18.54,0,0,.28,12.3
105,2014,127,1112,18.64,18.42,0,0,.279,12.3
105,2014,127,1118,18.69,18.48,0,0,.279,12.3
105,2014,127,1124,18.74,18.59,0,0,.28,12.3
105,2014,127,1130,18.78,18.62,0,0,.279,12.3
105,2014,127,1136,18.82,18.75,0,0,.279,12.3
105,2014,127,1142,18.85,18.64,0,0,.279,12.3
105,2014,127,1148,18.88,18.45,0,0,.279,12.3
105,2014,127,1154,18.89,17.84,0,0,.279,12.3
105,2014,127,1200,18.89,17.5,0,0,.28,12.3
105,2014,127,1206,18.86,17.03,0,0,.279,12.3
105,2014,127,1212,18.81,17.18,0,0,.279,12.3
105,2014,127,1218,18.75,16.39,0,0,.279,12.3
105,2014,127,1224,18.67,15.82,0,0,.279,12.3
105,2014,127,1230,18.59,15.53,0,0,.279,12.3
105,2014,127,1236,18.49,15.25,0,0,.279,12.3
105,2014,127,1242,18.38,14.64,0,0,.279,12.3
105,2014,127,1248,18.25,13.73,0,0,.279,12.3
105,2014,127,1254,18.1,13.14,0,0,.28,12.3
105,2014,127,1300,17.92,13.37,0,0,.28,12.3
105,2014,127,1306,17.73,13.16,0,0,.279,12.3
105,2014,127,1312,17.54,12.99,0,0,.28,12.3
105,2014,127,1318,17.35,13.39,0,0,.279,12.3
105,2014,127,1324,17.19,13.32,0,0,.279,12.31
105,2014,127,1330,17.02,13.14,0,0,.279,12.31
105,2014,127,1336,16.84,13.05,0,0,.28,12.31
105,2014,127,1342,16.68,13.19,0,0,.279,12.31
105,2014,127,1348,16.53,13.33,0,0,.279,12.31
105,2014,127,1354,16.41,13.89,0,0,.279,12.31
105,2014,127,1400,16.32,13.99,0,0,.279,12.31
105,2014,127,1406,16.25,14.15,0,0,.279,12.31
105,2014,127,1412,16.19,14.24,0,0,.279,12.3
105,2014,127,1418,16.16,13.92,0,0,.279,12.3
105,2014,127,1424,16.12,13.3,0,0,.279,12.3
105,2014,127,1430,16.09,13.67,0,0,.28,12.3
105,2014,127,1436,16.07,14.38,0,0,.279,12.3
105,2014,127,1442,16.06,15.15,0,0,.279,12.3
105,2014,127,1448,16.08,15.36,0,0,.279,12.3
105,2014,127,1454,16.11,15.9,0,0,.279,12.3
105,2014,127,1500,16.17,15.91,0,0,.28,12.3
105,2014,127,1506,16.24,15.7,0,0,.28,12.3
105,2014,127,1512,16.31,15.89,0,0,.279,12.3
105,2014,127,1518,16.39,16.36,0,0,.28,12.3
105,2014,127,1524,16.48,16.36,0,0,.279,12.3
105,2014,127,1530,16.57,16.75,0,0,.279,12.3
105,2014,127,1536,16.68,16.66,0,0,.279,12.3
105,2014,127,1542,16.78,16.7,0,0,.279,12.3
105,2014,127,1548,16.88,16.57,0,0,.279,12.3
105,2014,127,1554,16.98,16.59,0,0,.279,12.3
105,2014,127,1600,17.06,16.8,0,0,.28,12.3
105,2014,127,1606,17.14,16.73,0,0,.28,12.3
105,2014,127,1612,17.22,16.8,0,0,.279,12.3
105,2014,127,1618,17.3,16.6,0,0,.28,12.3
105,2014,127,1624,17.36,16.66,0,0,.28,12.3
105,2014,127,1630,17.42,16.97,0,0,.279,12.3
105,2014,127,1636,17.47,16.78,0,0,.279,12.3
105,2014,127,1642,17.53,16.71,0,0,.279,12.3
105,2014,127,1648,17.57,16.6,0,0,.28,12.3
105,2014,127,1654,17.6,16.61,0,0,.279,12.3
105,2014,127,1700,17.63,16.54,0,0,.279,12.3
105,2014,127,1706,17.64,16.46,0,0,.279,12.3
105,2014,127,1712,17.65,16.89,0,0,.279,12.3
105,2014,127,1718,17.67,16.51,0,0,.279,12.3
105,2014,127,1724,17.68,16.43,0,0,.279,12.3
105,2014,127,1730,17.68,16.28,0,0,.28,12.3
105,2014,127,1736,17.67,16.18,0,0,.28,12.3
105,2014,127,1742,17.65,16.11,0,0,.279,12.3
105,2014,127,1748,17.63,16.31,0,0,.279,12.3
105,2014,127,1754,17.61,16.17,0,0,.279,12.3
105,2014,127,1800,17.59,16.3,0,0,.279,12.3
105,2014,127,1806,17.57,16.4,0,0,.279,12.3
105,2014,127,1812,17.56,16.44,0,0,.279,12.3
105,2014,127,1818,17.55,16.47,0,0,.279,12.3
105,2014,127,1824,17.55,16.43,0,0,.279,12.3
105,2014,127,1830,17.55,16.36,0,0,.279,12.3
105,2014,127,1836,17.55,16.34,0,0,.279,12.3
105,2014,127,1842,17.54,16.19,0,0,.279,12.3
105,2014,127,1848,17.54,16.46,0,0,.279,12.3
105,2014,127,1854,17.54,16.24,0,0,.279,12.3
105,2014,127,1900,17.53,16.27,0,0,.28,12.3
105,2014,127,1906,17.52,16.12,0,0,.279,12.3
105,2014,127,1912,17.51,15.94,0,0,.279,12.3
105,2014,127,1918,17.49,15.72,0,0,.279,12.3
105,2014,127,1924,17.46,15.65,0,0,.28,12.3
105,2014,127,1930,17.41,15.5,0,0,.279,12.3
105,2014,127,1936,17.36,15.33,0,0,.279,12.3
105,2014,127,1942,17.31,15.27,0,0,.28,12.3
105,2014,127,1948,17.25,15.23,0,0,.279,12.3
105,2014,127,1954,17.19,15.09,0,0,.279,12.3
105,2014,127,2000,17.13,15.01,0,0,.279,12.31
105,2014,127,2006,17.07,14.84,0,0,.279,12.31
105,2014,127,2012,17,14.86,0,0,.279,12.31
105,2014,127,2018,16.93,14.74,0,0,.279,12.31
105,2014,127,2024,16.86,14.58,0,0,.279,12.31
105,2014,127,2030,16.78,14.65,0,0,.279,12.31
105,2014,127,2036,16.71,14.63,0,0,.279,12.31
105,2014,127,2042,16.65,14.41,0,0,.28,12.31
105,2014,127,2048,16.58,14.41,0,0,.279,12.31
105,2014,127,2054,16.52,14.36,0,0,.28,12.31
105,2014,127,2100,16.47,14.36,0,0,.279,12.31
105,2014,127,2106,16.41,14.36,0,0,.279,12.31
105,2014,127,2112,16.36,14.47,0,0,.279,12.3
105,2014,127,2118,16.31,14.39,0,0,.28,12.3
105,2014,127,2124,16.27,14.38,0,0,.279,12.3
105,2014,127,2130,16.23,14.52,0,0,.279,12.3
105,2014,127,2136,16.2,14.6,0,0,.279,12.31
105,2014,127,2142,16.17,14.49,0,0,.279,12.31
105,2014,127,2148,16.14,14.43,0,0,.279,12.31
105,2014,127,2154,16.11,14.36,0,0,.279,12.31
105,2014,127,2200,16.08,14.29,0,0,.279,12.31
105,2014,127,2206,16.05,14.4,0,0,.28,12.31
105,2014,127,2212,16.02,14.25,0,0,.279,12.31
105,2014,127,2218,15.98,14.31,0,0,.28,12.31
105,2014,127,2224,15.95,14.25,0,0,.279,12.31
105,2014,127,2230,15.92,14.35,0,0,.279,12.31
105,2014,127,2236,15.9,14.41,0,0,.279,12.31
105,2014,127,2242,15.88,14.4,0,0,.279,12.31
105,2014,127,2248,15.86,14.43,0,0,.279,12.31
105,2014,127,2254,15.85,14.46,0,0,.28,12.31
105,2014,127,2300,15.84,14.53,0,0,.279,12.31
105,2014,127,2306,15.83,14.49,0,0,.279,12.31
105,2014,127,2312,15.83,14.49,0,0,.279,12.31
105,2014,127,2318,15.83,14.48,0,0,.279,12.31
105,2014,127,2324,15.83,14.42,0,0,.279,12.31
105,2014,127,2330,15.83,14.46,0,0,.279,12.31
105,2014,127,2336,15.83,14.46,0,0,.279,12.31
105,2014,127,2342,15.82,14.41,0,0,.28,12.31
105,2014,127,2348,15.82,14.36,0,0,.279,12.31
105,2014,127,2354,15.81,14.21,0,0,.279,12.31
105,2014,128,0,15.8,14.27,0,0,.28,12.31
105,2014,128,6,15.78,14.26,0,0,.279,12.31
105,2014,128,12,15.77,14.26,0,0,.28,12.31
105,2014,128,18,15.76,14.33,0,0,.279,12.31
105,2014,128,24,15.74,14.44,0,0,.28,12.31
105,2014,128,30,15.74,14.49,0,0,.279,12.31
105,2014,128,36,15.75,14.55,0,0,.28,12.31
105,2014,128,42,15.76,14.61,0,0,.279,12.31
105,2014,128,48,15.77,14.76,0,0,.279,12.31
105,2014,128,54,15.79,14.94,0,0,.279,12.3
105,2014,128,100,15.82,14.9,0,0,.279,12.31
105,2014,128,106,15.84,14.9,0,0,.279,12.31
105,2014,128,112,15.87,15.1,0,0,.279,12.31
105,2014,128,118,15.91,15.04,0,0,.279,12.31
105,2014,128,124,15.94,15.04,0,0,.279,12.31
105,2014,128,130,15.98,15.12,0,0,.279,12.31
105,2014,128,136,16.02,15.19,0,0,.28,12.3
105,2014,128,142,16.05,15.2,0,0,.279,12.3
105,2014,128,148,16.09,15.36,0,0,.28,12.3
105,2014,128,154,16.13,15.32,0,0,.279,12.3
105,2014,128,200,16.17,15.39,0,0,.279,12.3
105,2014,128,206,16.21,15.34,0,0,.279,12.3
105,2014,128,212,16.25,15.36,0,0,.279,12.3
105,2014,128,218,16.29,15.43,0,0,.279,12.3
105,2014,128,224,16.33,15.5,0,0,.279,12.3
105,2014,128,230,16.37,15.41,0,0,.279,12.3
105,2014,128,236,16.4,15.04,0,0,.279,12.3
105,2014,128,242,16.43,15.25,0,0,.279,12.3
105,2014,128,248,16.45,15.19,0,0,.279,12.3
105,2014,128,254,16.47,15.54,0,0,.279,12.3
105,2014,128,300,16.48,15.57,0,0,.279,12.3
105,2014,128,306,16.48,15.43,0,0,.28,12.3
105,2014,128,312,16.48,15.46,0,0,.279,12.3
105,2014,128,318,16.49,15.31,0,0,.279,12.3
105,2014,128,324,16.5,14.85,0,0,.279,12.3
105,2014,128,330,16.52,14.69,0,0,.279,12.3
105,2014,128,336,16.52,14.6,0,0,.279,12.3
105,2014,128,342,16.53,14.64,0,0,.279,12.3
105,2014,128,348,16.53,15.29,0,0,.279,12.3
105,2014,128,354,16.52,15.43,0,0,.279,12.3
105,2014,128,400,16.52,15.14,0,0,.279,12.3
105,2014,128,406,16.51,15.41,0,0,.28,12.3
105,2014,128,412,16.51,15.29,0,0,.279,12.3
105,2014,128,418,16.51,15.12,0,0,.28,12.3
105,2014,128,424,16.51,15.05,0,0,.279,12.3
105,2014,128,430,16.51,15.11,0,0,.279,12.3
105,2014,128,436,16.52,15.48,0,0,.279,12.3
105,2014,128,442,16.53,15.46,0,0,.279,12.3
105,2014,128,448,16.55,15.5,0,0,.279,12.3
105,2014,128,454,16.57,15.28,0,0,.279,12.3
105,2014,128,500,16.59,15.07,0,0,.279,12.3
105,2014,128,506,16.61,15.2,0,0,.279,12.3
105,2014,128,512,16.62,15.3,0,0,.279,12.3
105,2014,128,518,16.63,15.24,0,0,.279,12.3
105,2014,128,524,16.63,15.21,0,0,.279,12.3
105,2014,128,530,16.63,15.22,0,0,.279,12.3
105,2014,128,536,16.63,15.12,0,0,.279,12.3
105,2014,128,542,16.63,15.07,0,0,.279,12.3
105,2014,128,548,16.63,15.05,0,0,.279,12.3
105,2014,128,554,16.63,15.23,0,0,.28,12.3
105,2014,128,600,16.64,15.04,0,0,.28,12.3
105,2014,128,606,16.64,15.29,0,0,.279,12.3
105,2014,128,612,16.65,15.24,0,0,.279,12.3
105,2014,128,618,16.65,15.15,0,0,.279,12.3
105,2014,128,624,16.65,15.13,0,0,.279,12.3
105,2014,128,630,16.65,15.21,0,0,.28,12.3
105,2014,128,636,16.65,15.38,0,0,.279,12.3
105,2014,128,642,16.66,15.33,0,0,.279,12.3
105,2014,128,648,16.66,15.28,0,0,.279,12.3
105,2014,128,654,16.66,15.32,0,0,.279,12.3
105,2014,128,700,16.67,15.4,0,0,.279,12.3
105,2014,128,706,16.67,15.33,0,0,.279,12.3
105,2014,128,712,16.68,15.32,0,0,.279,12.3
105,2014,128,718,16.7,15.44,0,0,.28,12.3
105,2014,128,724,16.72,15.55,0,0,.279,12.3
105,2014,128,730,16.73,15.62,0,0,.279,12.3
105,2014,128,736,16.76,15.52,0,0,.279,12.3
105,2014,128,742,16.78,15.69,0,0,.279,12.3
105,2014,128,748,16.81,15.83,0,0,.279,12.3
105,2014,128,754,16.83,15.73,0,0,.28,12.3
105,2014,128,800,16.86,15.68,0,0,.279,12.3
105,2014,128,806,16.88,15.65,0,0,.279,12.3
105,2014,128,812,16.9,15.8,0,0,.28,12.3
105,2014,128,818,16.92,15.84,0,0,.279,12.3
105,2014,128,824,16.94,15.84,0,0,.279,12.3
105,2014,128,830,16.96,15.87,0,0,.279,12.3
105,2014,128,836,16.98,15.98,0,0,.28,12.3
105,2014,128,842,17,16.12,0,0,.28,12.3
105,2014,128,848,17.03,16.2,0,0,.279,12.3
105,2014,128,854,17.05,16.3,0,0,.279,12.3
105,2014,128,900,17.08,16.59,0,0,.279,12.3
105,2014,128,906,17.12,16.76,0,0,.28,12.3
105,2014,128,912,17.17,17.11,0,0,.279,12.3
105,2014,128,918,17.23,17.36,0,0,.279,12.3
105,2014,128,924,17.31,17.65,0,0,.279,12.3
105,2014,128,930,17.41,17.93,0,0,.279,12.3
105,2014,128,936,17.51,17.85,0,0,.279,12.3
105,2014,128,942,17.62,18.02,0,0,.279,12.3
105,2014,128,948,17.73,18.05,0,0,.279,12.3
105,2014,128,954,17.84,18.55,0,0,.279,12.3
105,2014,128,1000,17.96,19.13,0,0,.279,12.3
105,2014,128,1006,18.11,19.57,0,0,.279,12.3
105,2014,128,1012,18.28,19.65,0,0,.279,12.3
105,2014,128,1018,18.46,19.8,0,0,.279,12.3
105,2014,128,1024,18.64,19.83,0,0,.279,12.3
105,2014,128,1030,18.81,19.56,0,0,.279,12.3
105,2014,128,1036,18.97,19.38,0,0,.279,12.3
105,2014,128,1042,19.12,19.62,0,0,.279,12.3
105,2014,128,1048,19.26,19.75,0,0,.281,12.3
105,2014,128,1054,19.39,19.58,0,0,.28,12.3
105,2014,128,1100,19.51,19.73,0,0,.279,12.3
105,2014,128,1106,19.63,19.85,0,0,.28,12.3
105,2014,128,1112,19.74,20.37,0,0,.28,12.3
105,2014,128,1118,19.86,20.43,0,0,.28,12.3
105,2014,128,1124,19.98,20.81,0,0,.28,12.3
105,2014,128,1130,20.1,20.68,0,0,.279,12.3
105,2014,128,1136,20.22,21.23,0,0,.28,12.3
105,2014,128,1142,20.36,22.01,0,0,.281,12.3
105,2014,128,1148,20.52,22.7,0,0,.282,12.3
105,2014,128,1154,20.71,23.03,0,0,.281,12.3
105,2014,128,1200,20.92,23.63,0,0,.281,12.3
105,2014,128,1206,21.14,24.2,0,0,.282,12.3
105,2014,128,1212,21.39,24.26,0,0,.282,12.3
105,2014,128,1218,21.64,25.15,0,0,.283,12.3
105,2014,128,1224,21.91,24.94,0,0,.281,12.3
105,2014,128,1230,22.18,25.04,0,0,.282,12.3
105,2014,128,1236,22.43,25.59,0,0,.282,12.29
105,2014,128,1242,22.7,25.9,0,0,.282,12.29
105,2014,128,1248,22.96,25.92,0,0,.282,12.29
105,2014,128,1254,23.21,26.53,0,0,.282,12.29
105,2014,128,1300,23.47,25.98,0,0,.281,12.29
105,2014,128,1306,23.7,25.34,0,0,.281,12.29
105,2014,128,1312,23.9,26.35,0,0,.28,12.29
105,2014,128,1318,24.08,25.7,0,0,.28,12.29
105,2014,128,1324,24.23,26.16,0,0,.28,12.29
105,2014,128,1330,24.37,26.04,0,0,.279,12.29
105,2014,128,1336,24.51,25.41,0,0,.279,12.29
105,2014,128,1342,24.63,25.33,0,0,.279,12.29
105,2014,128,1348,24.72,24.95,0,0,.279,12.29
105,2014,128,1354,24.79,24.55,0,0,.278,12.29
105,2014,128,1400,24.82,25.05,0,0,.278,12.29
105,2014,128,1406,24.85,24.41,0,0,.278,12.29
105,2014,128,1412,24.86,24.92,0,0,.278,12.29
105,2014,128,1418,24.86,25.01,0,0,.278,12.29
105,2014,128,1424,24.88,25.35,0,0,.278,12.29
105,2014,128,1430,24.91,25.45,0,0,.278,12.29
105,2014,128,1436,24.95,26.16,0,0,.278,12.29
105,2014,128,1442,25.02,26.68,0,0,.279,12.29
105,2014,128,1448,25.12,26.44,0,0,.278,12.29
105,2014,128,1454,25.23,26.45,0,0,.278,12.29
105,2014,128,1500,25.33,25.39,0,0,.279,12.29
105,2014,128,1506,25.42,25.11,0,0,.278,12.29
105,2014,128,1512,25.47,25.03,0,0,.279,12.29
105,2014,128,1518,25.49,24.9,0,0,.278,12.29
105,2014,128,1524,25.5,24.81,0,0,.278,12.29
105,2014,128,1530,25.51,24.93,0,0,.278,12.3
105,2014,128,1536,25.51,25.42,0,0,.278,12.3
105,2014,128,1542,25.52,25.89,0,0,.279,12.29
105,2014,128,1548,25.55,25.45,0,0,.279,12.29
105,2014,128,1554,25.57,25.66,0,0,.279,12.29
105,2014,128,1600,25.58,24.51,0,0,.278,12.29
105,2014,128,1606,25.58,24.97,0,0,.278,12.3
105,2014,128,1612,25.58,25.1,0,0,.278,12.3
105,2014,128,1618,25.57,24.1,0,0,.278,12.3
105,2014,128,1624,25.55,24.91,0,0,.278,12.3
105,2014,128,1630,25.54,25.28,0,0,.278,12.29
105,2014,128,1636,25.54,24.24,0,0,.278,12.3
105,2014,128,1642,25.53,23.98,0,0,.279,12.3
105,2014,128,1648,25.5,23.85,0,0,.279,12.3
105,2014,128,1654,25.46,23.59,0,0,.278,12.3
105,2014,128,1700,25.41,23.21,0,0,.279,12.3
105,2014,128,1706,25.36,22.86,0,0,.278,12.3
105,2014,128,1712,25.3,22.8,0,0,.278,12.3
105,2014,128,1718,25.21,22.9,0,0,.278,12.3
105,2014,128,1724,25.12,22.96,0,0,.279,12.3
105,2014,128,1730,25.03,23.25,0,0,.279,12.3
105,2014,128,1736,24.95,23.33,0,0,.279,12.3
105,2014,128,1742,24.89,23.35,0,0,.278,12.3
105,2014,128,1748,24.84,23.25,0,0,.278,12.3
105,2014,128,1754,24.79,22.98,0,0,.278,12.3
105,2014,128,1800,24.74,22.93,0,0,.278,12.3
105,2014,128,1806,24.69,23,0,0,.278,12.3
105,2014,128,1812,24.65,22.98,0,0,.278,12.3
105,2014,128,1818,24.6,22.8,0,0,.278,12.3
105,2014,128,1824,24.55,22.72,0,0,.278,12.3
105,2014,128,1830,24.5,22.56,0,0,.278,12.3
105,2014,128,1836,24.44,22.38,0,0,.278,12.3
105,2014,128,1842,24.37,22.01,0,0,.279,12.3
105,2014,128,1848,24.29,21.8,0,0,.279,12.3
105,2014,128,1854,24.2,21.73,0,0,.279,12.3
105,2014,128,1900,24.11,22.07,0,0,.279,12.3
105,2014,128,1906,24.03,21.78,0,0,.278,12.3
105,2014,128,1912,23.95,21.78,0,0,.279,12.3
105,2014,128,1918,23.88,21.9,0,0,.279,12.3
105,2014,128,1924,23.83,21.9,0,0,.279,12.3
105,2014,128,1930,23.78,21.59,0,0,.279,12.3
105,2014,128,1936,23.73,21.71,0,0,.279,12.3
105,2014,128,1942,23.67,21.45,0,0,.279,12.3
105,2014,128,1948,23.61,20.94,0,0,.279,12.3
105,2014,128,1954,23.53,20.99,0,0,.279,12.3
105,2014,128,2000,23.44,20.37,0,0,.28,12.3
105,2014,128,2006,23.33,20.3,0,0,.281,12.3
105,2014,128,2012,23.22,20.08,0,0,.282,12.3
105,2014,128,2018,23.1,19.73,0,0,.283,12.3
105,2014,128,2024,22.98,19.65,0,0,.283,12.3
105,2014,128,2030,22.85,19.5,0,0,.283,12.3
105,2014,128,2036,22.7,19.18,0,0,.283,12.3
105,2014,128,2042,22.54,18.98,0,0,.283,12.3
105,2014,128,2048,22.36,18.71,0,0,.283,12.3
105,2014,128,2054,22.19,18.92,0,0,.284,12.3
105,2014,128,2100,22.02,18.67,0,0,.283,12.3
105,2014,128,2106,21.85,18.53,0,0,.283,12.3
105,2014,128,2112,21.69,18.55,0,0,.284,12.3
105,2014,128,2118,21.53,18.61,0,0,.284,12.3
105,2014,128,2124,21.37,18.1,0,0,.284,12.3
105,2014,128,2130,21.21,18.02,0,0,.284,12.3
105,2014,128,2136,21.06,18.22,0,0,.284,12.3
105,2014,128,2142,20.92,18.29,0,0,.284,12.3
105,2014,128,2148,20.79,18.08,0,0,.284,12.3
105,2014,128,2154,20.65,18,0,0,.284,12.3
105,2014,128,2200,20.52,17.5,0,0,.283,12.3
105,2014,128,2206,20.4,17.58,0,0,.283,12.3
105,2014,128,2212,20.28,17.35,0,0,.283,12.3
105,2014,128,2218,20.15,17.52,0,0,.283,12.3
105,2014,128,2224,20.03,17.46,0,0,.283,12.3
105,2014,128,2230,19.91,17.15,0,0,.283,12.3
105,2014,128,2236,19.8,17.23,0,0,.283,12.3
105,2014,128,2242,19.69,17.37,0,0,.282,12.3
105,2014,128,2248,19.59,17.19,0,0,.282,12.3
105,2014,128,2254,19.5,16.98,0,0,.282,12.3
105,2014,128,2300,19.41,17.22,0,0,.282,12.3
105,2014,128,2306,19.33,17.55,0,0,.282,12.3
105,2014,128,2312,19.26,17.55,0,0,.282,12.3
105,2014,128,2318,19.22,18.11,0,0,.282,12.3
105,2014,128,2324,19.21,18.06,0,0,.282,12.3
105,2014,128,2330,19.22,18.4,0,0,.282,12.3
105,2014,128,2336,19.25,18.27,0,0,.282,12.3
105,2014,128,2342,19.29,18.26,0,0,.281,12.3
105,2014,128,2348,19.33,18.19,0,0,.282,12.3
105,2014,128,2354,19.37,18.26,0,0,.282,12.3
105,2014,129,0,19.4,18.43,0,0,.282,12.3
105,2014,129,6,19.44,18.27,0,0,.282,12.3
105,2014,129,12,19.47,18.37,0,0,.282,12.3
105,2014,129,18,19.5,18.44,0,0,.282,12.3
105,2014,129,24,19.52,18.3,0,0,.282,12.3
105,2014,129,30,19.54,18.21,0,0,.282,12.3
105,2014,129,36,19.55,18.11,0,0,.282,12.3
105,2014,129,42,19.55,17.94,0,0,.282,12.3
105,2014,129,48,19.54,17.68,0,0,.282,12.3
105,2014,129,54,19.51,17.56,0,0,.282,12.3
105,2014,129,100,19.47,17.37,0,0,.282,12.3
105,2014,129,106,19.42,17.22,0,0,.282,12.3
105,2014,129,112,19.37,17.21,0,0,.282,12.3
105,2014,129,118,19.31,17.11,0,0,.282,12.3
105,2014,129,124,19.24,17.06,0,0,.282,12.3
105,2014,129,130,19.18,16.99,0,0,.282,12.3
105,2014,129,136,19.11,16.86,0,0,.282,12.3
105,2014,129,142,19.04,16.71,0,0,.282,12.3
105,2014,129,148,18.97,16.6,0,0,.282,12.3
105,2014,129,154,18.9,16.49,0,0,.282,12.3
105,2014,129,200,18.82,16.45,0,0,.282,12.3
105,2014,129,206,18.75,16.37,0,0,.282,12.3
105,2014,129,212,18.67,16.21,0,0,.282,12.3
105,2014,129,218,18.59,16.17,0,0,.282,12.3
105,2014,129,224,18.51,16.17,0,0,.282,12.3
105,2014,129,230,18.43,16.18,0,0,.282,12.3
105,2014,129,236,18.36,16.17,0,0,.282,12.3
105,2014,129,242,18.3,16.19,0,0,.282,12.3
105,2014,129,248,18.23,16.08,0,0,.282,12.3
105,2014,129,254,18.17,16.06,0,0,.282,12.3
105,2014,129,300,18.12,16.06,0,0,.282,12.3
105,2014,129,306,18.06,16.03,0,0,.282,12.3
105,2014,129,312,18.02,16.03,0,0,.282,12.3
105,2014,129,318,17.97,15.98,0,0,.282,12.3
105,2014,129,324,17.92,15.95,0,0,.281,12.3
105,2014,129,330,17.88,15.89,0,0,.281,12.3
105,2014,129,336,17.84,15.86,0,0,.281,12.3
105,2014,129,342,17.8,15.88,0,0,.282,12.3
105,2014,129,348,17.76,15.87,0,0,.281,12.3
105,2014,129,354,17.72,15.81,0,0,.282,12.3
105,2014,129,400,17.68,15.62,0,0,.281,12.3
105,2014,129,406,17.64,15.73,0,0,.282,12.3
105,2014,129,412,17.6,15.53,0,0,.282,12.3
105,2014,129,418,17.56,15.56,0,0,.282,12.3
105,2014,129,424,17.51,15.39,0,0,.281,12.3
105,2014,129,430,17.46,15.27,0,0,.282,12.3
105,2014,129,436,17.41,15.2,0,0,.281,12.3
105,2014,129,442,17.36,15.21,0,0,.282,12.3
105,2014,129,448,17.3,15.22,0,0,.282,12.3
105,2014,129,454,17.25,15.22,0,0,.282,12.3
105,2014,129,500,17.2,15.18,0,0,.282,12.3
105,2014,129,506,17.15,15.17,0,0,.281,12.3
105,2014,129,512,17.1,15.19,0,0,.282,12.3
105,2014,129,518,17.06,15.17,0,0,.281,12.3
105,2014,129,524,17.02,15.13,0,0,.282,12.3
105,2014,129,530,16.99,15.1,0,0,.281,12.31
105,2014,129,536,16.95,15.05,0,0,.282,12.31
105,2014,129,542,16.92,15.1,0,0,.282,12.31
105,2014,129,548,16.89,15.04,0,0,.282,12.31
105,2014,129,554,16.86,14.97,0,0,.281,12.31
105,2014,129,600,16.83,14.93,0,0,.281,12.31
105,2014,129,606,16.8,14.96,0,0,.282,12.31
105,2014,129,612,16.77,14.98,0,0,.282,12.31
105,2014,129,618,16.74,14.88,0,0,.281,12.3
105,2014,129,624,16.72,14.94,0,0,.281,12.3
105,2014,129,630,16.69,14.96,0,0,.282,12.3
105,2014,129,636,16.67,14.94,0,0,.282,12.31
105,2014,129,642,16.65,15.07,0,0,.282,12.3
105,2014,129,648,16.63,14.98,0,0,.282,12.3
105,2014,129,654,16.61,15.02,0,0,.282,12.31
105,2014,129,700,16.6,15.1,0,0,.282,12.31
105,2014,129,706,16.59,15.09,0,0,.282,12.31
105,2014,129,712,16.58,15.16,0,0,.282,12.31
105,2014,129,718,16.58,15.19,0,0,.282,12.31
105,2014,129,724,16.58,15.12,0,0,.282,12.31
105,2014,129,730,16.58,15.32,0,0,.282,12.3
105,2014,129,736,16.59,15.33,0,0,.281,12.3
105,2014,129,742,16.61,15.39,0,0,.282,12.3
105,2014,129,748,16.62,15.4,0,0,.281,12.3
105,2014,129,754,16.64,15.4,0,0,.281,12.3
105,2014,129,800,16.65,15.5,0,0,.282,12.3
105,2014,129,806,16.67,15.68,0,0,.281,12.3
105,2014,129,812,16.69,15.86,0,0,.282,12.3
105,2014,129,818,16.72,15.81,0,0,.282,12.3
105,2014,129,824,16.75,15.77,0,0,.282,12.3
105,2014,129,830,16.77,15.84,0,0,.282,12.3
105,2014,129,836,16.8,15.95,0,0,.282,12.3
105,2014,129,842,16.83,16.2,0,0,.281,12.3
105,2014,129,848,16.87,16.31,0,0,.281,12.3
105,2014,129,854,16.91,16.42,0,0,.282,12.3
105,2014,129,900,16.95,16.33,0,0,.282,12.3
105,2014,129,906,16.99,16.36,0,0,.282,12.3
105,2014,129,912,17.03,16.47,0,0,.281,12.3
105,2014,129,918,17.08,16.25,0,0,.282,12.3
105,2014,129,924,17.12,16.24,0,0,.282,12.3
105,2014,129,930,17.17,16.83,0,0,.282,12.3
105,2014,129,936,17.21,16.7,0,0,.282,12.3
105,2014,129,942,17.25,16.5,0,0,.282,12.3
105,2014,129,948,17.3,16.63,0,0,.281,12.3
105,2014,129,954,17.34,16.81,0,0,.282,12.3
105,2014,129,1000,17.38,16.96,0,0,.282,12.3
105,2014,129,1006,17.42,16.9,0,0,.282,12.3
105,2014,129,1012,17.46,17.26,0,0,.282,12.3
105,2014,129,1018,17.51,17.33,0,0,.281,12.3
105,2014,129,1024,17.56,17.14,0,0,.281,12.3
105,2014,129,1030,17.61,17.22,0,0,.281,12.3
105,2014,129,1036,17.66,17.44,0,0,.281,12.3
105,2014,129,1042,17.72,17.62,0,0,.282,12.3
105,2014,129,1048,17.79,17.68,0,0,.281,12.3
105,2014,129,1054,17.86,17.98,0,0,.281,12.3
105,2014,129,1100,17.93,18.19,0,0,.282,12.3
105,2014,129,1106,18.02,18.24,0,0,.281,12.3
105,2014,129,1112,18.1,18.37,0,0,.281,12.3
105,2014,129,1118,18.19,18.19,0,0,.281,12.3
105,2014,129,1124,18.28,18.78,0,0,.282,12.3
105,2014,129,1130,18.38,18.39,0,0,.282,12.3
105,2014,129,1136,18.46,18.76,0,0,.282,12.3
105,2014,129,1142,18.55,18.68,0,0,.282,12.3
105,2014,129,1148,18.63,18.92,0,0,.282,12.3
105,2014,129,1154,18.72,18.74,0,0,.282,12.3
105,2014,129,1200,18.8,19.11,0,0,.282,12.3
105,2014,129,1206,18.89,19.19,0,0,.281,12.3
105,2014,129,1212,18.97,19.16,0,0,.281,12.3
105,2014,129,1218,19.05,19.28,0,0,.281,12.3
105,2014,129,1224,19.14,19.68,0,0,.282,12.3
105,2014,129,1230,19.24,20.1,0,0,.282,12.3
105,2014,129,1236,19.34,20.47,0,0,.282,12.3
105,2014,129,1242,19.46,20.42,0,0,.282,12.3
105,2014,129,1248,19.59,20.81,0,0,.282,12.3
105,2014,129,1254,19.72,20.83,0,0,.282,12.3
105,2014,129,1300,19.86,20.85,0,0,.282,12.3
105,2014,129,1306,19.99,20.94,0,0,.282,12.3
105,2014,129,1312,20.12,21.28,0,0,.282,12.3
105,2014,129,1318,20.26,20.9,0,0,.282,12.3
105,2014,129,1324,20.39,20.51,0,0,.283,12.3
105,2014,129,1330,20.5,20.75,0,0,.283,12.3
105,2014,129,1336,20.6,20.58,0,0,.283,12.3
105,2014,129,1342,20.69,20.82,0,0,.283,12.3
105,2014,129,1348,20.77,19.89,0,0,.283,12.3
105,2014,129,1354,20.83,19.77,0,0,.284,12.3
105,2014,129,1400,20.86,20.14,0,0,.284,12.3
105,2014,129,1406,20.88,20.39,0,0,.284,12.3
105,2014,129,1412,20.9,21.07,0,0,.284,12.3
105,2014,129,1418,20.95,21.32,0,0,.284,12.3
105,2014,129,1424,21.02,20.25,0,0,.284,12.3
105,2014,129,1430,21.07,19.79,0,0,.284,12.3
105,2014,129,1436,21.1,19.61,0,0,.284,12.3
105,2014,129,1442,21.1,19.87,0,0,.284,12.3
105,2014,129,1448,21.1,19.73,0,0,.284,12.3
105,2014,129,1454,21.09,19.74,0,0,.284,12.3
105,2014,129,1500,21.08,20.03,0,0,.284,12.3
105,2014,129,1506,21.06,19.68,0,0,.284,12.3
105,2014,129,1512,21.04,19.42,0,0,.284,12.3
105,2014,129,1518,21.01,19.51,0,0,.284,12.3
105,2014,129,1524,20.97,19.69,0,0,.284,12.3
105,2014,129,1530,20.93,20.52,0,0,.284,12.3
105,2014,129,1536,20.91,21.41,0,0,.284,12.3
105,2014,129,1542,20.94,21.17,0,0,.284,12.3
105,2014,129,1548,21,21.18,0,0,.284,12.3
105,2014,129,1554,21.07,20.66,0,0,.284,12.3
105,2014,129,1600,21.14,20.55,0,0,.284,12.3
105,2014,129,1606,21.19,20.43,0,0,.284,12.3
105,2014,129,1612,21.24,20.69,0,0,.285,12.3
105,2014,129,1618,21.29,21.59,0,0,.284,12.3
105,2014,129,1624,21.36,21.64,0,0,.285,12.3
105,2014,129,1630,21.43,21.74,0,0,.284,12.3
105,2014,129,1636,21.52,21.46,0,0,.284,12.3
105,2014,129,1642,21.59,21.84,0,0,.285,12.3
105,2014,129,1648,21.67,21.92,0,0,.285,12.3
105,2014,129,1654,21.75,22.12,0,0,.284,12.3
105,2014,129,1700,21.82,21.68,0,0,.284,12.3
105,2014,129,1706,21.9,21.89,0,0,.284,12.3
105,2014,129,1712,21.98,21.92,0,0,.285,12.3
105,2014,129,1718,22.05,22.03,0,0,.285,12.3
105,2014,129,1724,22.13,21.64,0,0,.284,12.3
105,2014,129,1730,22.19,21.47,0,0,.284,12.3
105,2014,129,1736,22.23,21.32,0,0,.285,12.3
105,2014,129,1742,22.26,21.25,0,0,.284,12.3
105,2014,129,1748,22.27,21.17,0,0,.284,12.3
105,2014,129,1754,22.27,21.27,0,0,.285,12.3
105,2014,129,1800,22.26,21.09,0,0,.284,12.3
105,2014,129,1806,22.26,21.2,0,0,.284,12.3
105,2014,129,1812,22.24,20.97,0,0,.284,12.3
105,2014,129,1818,22.22,21.12,0,0,.284,12.3
105,2014,129,1824,22.2,21.02,0,0,.284,12.3
105,2014,129,1830,22.18,21.04,0,0,.284,12.3
105,2014,129,1836,22.16,20.84,0,0,.284,12.3
105,2014,129,1842,22.14,20.87,0,0,.284,12.3
105,2014,129,1848,22.11,21.01,0,0,.284,12.3
105,2014,129,1854,22.08,20.81,0,0,.284,12.3
105,2014,129,1900,22.05,20.91,0,0,.284,12.3
105,2014,129,1906,22.02,20.99,0,0,.284,12.3
105,2014,129,1912,22,20.79,0,0,.284,12.3
105,2014,129,1918,21.97,20.69,0,0,.284,12.3
105,2014,129,1924,21.94,20.63,0,0,.285,12.3
105,2014,129,1930,21.91,20.32,0,0,.284,12.3
105,2014,129,1936,21.86,20.16,0,0,.284,12.3
105,2014,129,1942,21.81,19.75,0,0,.284,12.3
105,2014,129,1948,21.74,19.68,0,0,.284,12.3
105,2014,129,1954,21.67,19.4,0,0,.284,12.3
105,2014,129,2000,21.59,19.18,0,0,.284,12.3
105,2014,129,2006,21.49,18.89,0,0,.284,12.3
105,2014,129,2012,21.39,18.75,0,0,.284,12.3
105,2014,129,2018,21.29,18.49,0,0,.284,12.3
105,2014,129,2024,21.18,18.24,0,0,.284,12.3
105,2014,129,2030,21.07,18.04,0,0,.284,12.3
105,2014,129,2036,20.96,17.83,0,0,.284,12.3
105,2014,129,2042,20.85,17.94,0,0,.284,12.3
105,2014,129,2048,20.73,17.84,0,0,.284,12.3
105,2014,129,2054,20.61,17.64,0,0,.284,12.3
105,2014,129,2100,20.51,17.66,0,0,.284,12.3
105,2014,129,2106,20.4,17.55,0,0,.284,12.3
105,2014,129,2112,20.29,17.44,0,0,.283,12.3
105,2014,129,2118,20.18,17.27,0,0,.283,12.3
105,2014,129,2124,20.08,17.48,0,0,.283,12.3
105,2014,129,2130,19.97,17.57,0,0,.283,12.3
105,2014,129,2136,19.86,17.33,0,0,.283,12.3
105,2014,129,2142,19.76,17.23,0,0,.283,12.3
105,2014,129,2148,19.66,17.34,0,0,.282,12.3
105,2014,129,2154,19.57,17.12,0,0,.282,12.3
105,2014,129,2200,19.49,17.11,0,0,.282,12.3
105,2014,129,2206,19.42,17.07,0,0,.282,12.3
105,2014,129,2212,19.35,17.97,0,0,.282,12.3
105,2014,129,2218,19.32,18.46,0,0,.282,12.3
105,2014,129,2224,19.33,18.49,0,0,.282,12.3
105,2014,129,2230,19.35,18.41,0,0,.282,12.3
105,2014,129,2236,19.4,18.37,0,0,.282,12.3
105,2014,129,2242,19.44,18.16,0,0,.282,12.3
105,2014,129,2248,19.48,18.36,0,0,.282,12.3
105,2014,129,2254,19.52,18.35,0,0,.281,12.3
105,2014,129,2300,19.56,18.45,0,0,.282,12.3
105,2014,129,2306,19.6,18.21,0,0,.282,12.3
105,2014,129,2312,19.63,17.74,0,0,.282,12.3
105,2014,129,2318,19.64,17.6,0,0,.282,12.3
105,2014,129,2324,19.64,17.83,0,0,.282,12.3
105,2014,129,2330,19.64,17.9,0,0,.282,12.3
105,2014,129,2336,19.62,17.66,0,0,.282,12.3
105,2014,129,2342,19.59,17.8,0,0,.282,12.3
105,2014,129,2348,19.56,17.65,0,0,.282,12.3
105,2014,129,2354,19.52,17.5,0,0,.282,12.3
105,2014,130,0,19.48,17.46,0,0,.282,12.3
105,2014,130,6,19.44,17.68,0,0,.282,12.3
105,2014,130,12,19.41,17.69,0,0,.282,12.3
105,2014,130,18,19.38,17.62,0,0,.282,12.3
105,2014,130,24,19.35,17.59,0,0,.282,12.3
105,2014,130,30,19.31,17.37,0,0,.282,12.3
105,2014,130,36,19.28,17.38,0,0,.282,12.3
105,2014,130,42,19.25,17.5,0,0,.282,12.3
105,2014,130,48,19.23,17.63,0,0,.282,12.3
105,2014,130,54,19.22,17.93,0,0,.282,12.3
105,2014,130,100,19.23,18.29,0,0,.282,12.3
105,2014,130,106,19.26,18.45,0,0,.282,12.3
105,2014,130,112,19.31,18.47,0,0,.282,12.3
105,2014,130,118,19.37,18.7,0,0,.281,12.3
105,2014,130,124,19.44,18.79,0,0,.282,12.3
105,2014,130,130,19.52,19.06,0,0,.282,12.3
105,2014,130,136,19.6,19.1,0,0,.282,12.3
105,2014,130,142,19.69,19.29,0,0,.282,12.3
105,2014,130,148,19.77,19.11,0,0,.282,12.3
105,2014,130,154,19.85,18.99,0,0,.282,12.3
105,2014,130,200,19.91,18.96,0,0,.283,12.3
105,2014,130,206,19.97,18.9,0,0,.282,12.3
105,2014,130,212,20.02,18.99,0,0,.282,12.3
105,2014,130,218,20.06,18.93,0,0,.282,12.3
105,2014,130,224,20.1,18.71,0,0,.282,12.3
105,2014,130,230,20.13,18.91,0,0,.282,12.3
105,2014,130,236,20.16,18.98,0,0,.282,12.3
105,2014,130,242,20.19,19.03,0,0,.283,12.3
105,2014,130,248,20.22,18.91,0,0,.283,12.3
105,2014,130,254,20.25,18.9,0,0,.283,12.3
105,2014,130,300,20.28,19.09,0,0,.283,12.3
105,2014,130,306,20.31,18.97,0,0,.283,12.3
105,2014,130,312,20.34,18.96,0,0,.283,12.3
105,2014,130,318,20.36,19.02,0,0,.283,12.3
105,2014,130,324,20.39,18.9,0,0,.283,12.3
105,2014,130,330,20.41,19.35,0,0,.283,12.3
105,2014,130,336,20.44,19.17,0,0,.283,12.3
105,2014,130,342,20.47,19.1,0,0,.283,12.3
105,2014,130,348,20.49,19.11,0,0,.283,12.3
105,2014,130,354,20.51,19.41,0,0,.283,12.3
105,2014,130,400,20.54,19.26,0,0,.284,12.3
105,2014,130,406,20.57,19.19,0,0,.283,12.3
105,2014,130,412,20.6,19.21,0,0,.284,12.3
105,2014,130,418,20.62,19.06,0,0,.283,12.3
105,2014,130,424,20.64,19.16,0,0,.284,12.3
105,2014,130,430,20.65,19.23,0,0,.284,12.3
105,2014,130,436,20.67,19.08,0,0,.284,12.3
105,2014,130,442,20.68,19.09,0,0,.284,12.3
105,2014,130,448,20.69,19.08,0,0,.284,12.3
105,2014,130,454,20.69,19.1,0,0,.283,12.3
105,2014,130,500,20.7,19.32,0,0,.284,12.3
105,2014,130,506,20.72,19.1,0,0,.284,12.3
105,2014,130,512,20.73,19.09,0,0,.283,12.3
105,2014,130,518,20.73,19.07,0,0,.284,12.3
105,2014,130,524,20.74,19,0,0,.284,12.3
105,2014,130,530,20.74,18.99,0,0,.284,12.3
105,2014,130,536,20.74,18.93,0,0,.284,12.3
105,2014,130,542,20.74,18.82,0,0,.284,12.3
105,2014,130,548,20.73,18.76,0,0,.284,12.3
105,2014,130,554,20.73,18.82,0,0,.284,12.3
105,2014,130,600,20.72,18.75,0,0,.284,12.3
105,2014,130,606,20.71,18.8,0,0,.284,12.3
105,2014,130,612,20.7,18.78,0,0,.284,12.3
105,2014,130,618,20.68,18.82,0,0,.284,12.3
105,2014,130,624,20.67,18.73,0,0,.284,12.3
105,2014,130,630,20.65,18.71,0,0,.284,12.3
105,2014,130,636,20.63,18.84,0,0,.284,12.3
105,2014,130,642,20.62,18.86,0,0,.284,12.3
105,2014,130,648,20.61,18.86,0,0,.284,12.3
105,2014,130,654,20.59,18.88,0,0,.284,12.3
105,2014,130,700,20.58,18.64,0,0,.284,12.3
105,2014,130,706,20.57,19.03,0,0,.284,12.3
105,2014,130,712,20.57,19.08,0,0,.284,12.3
105,2014,130,718,20.58,19.19,0,0,.284,12.3
105,2014,130,724,20.6,19.26,0,0,.284,12.3
105,2014,130,730,20.63,19.44,0,0,.284,12.3
105,2014,130,736,20.67,19.53,0,0,.284,12.3
105,2014,130,742,20.71,19.66,0,0,.284,12.3
105,2014,130,748,20.77,19.65,0,0,.284,12.3
105,2014,130,754,20.82,19.97,0,0,.284,12.3
105,2014,130,800,20.88,20.1,0,0,.284,12.3
105,2014,130,806,20.95,20.32,0,0,.283,12.3
105,2014,130,812,21.02,20.41,0,0,.283,12.3
105,2014,130,818,21.1,20.56,0,0,.283,12.3
105,2014,130,824,21.2,20.86,0,0,.282,12.3
105,2014,130,830,21.3,20.96,0,0,.282,12.3
105,2014,130,836,21.4,21.42,0,0,.282,12.3
105,2014,130,842,21.52,21.52,0,0,.283,12.3
105,2014,130,848,21.64,21.66,0,0,.283,12.3
105,2014,130,854,21.76,21.81,0,0,.283,12.3
105,2014,130,900,21.88,22.09,0,0,.283,12.3
105,2014,130,906,22.01,22.63,0,0,.283,12.3
105,2014,130,912,22.15,22.69,0,0,.283,12.3
105,2014,130,918,22.3,22.96,0,0,.283,12.3
105,2014,130,924,22.44,22.76,0,0,.283,12.3
105,2014,130,930,22.58,22.72,0,0,.283,12.3
105,2014,130,936,22.71,23.29,0,0,.282,12.3
105,2014,130,942,22.85,23.61,0,0,.281,12.3
105,2014,130,948,22.99,23.8,0,0,.281,12.29
105,2014,130,954,23.15,24.54,0,0,.281,12.29
105,2014,130,1000,23.32,25.22,0,0,.281,12.29
105,2014,130,1006,23.5,25.62,0,0,.281,12.29
105,2014,130,1012,23.71,26.06,0,0,.279,12.29
105,2014,130,1018,23.94,25.46,0,0,.279,12.29
105,2014,130,1024,24.16,25.42,0,0,.279,12.29
105,2014,130,1030,24.35,25.7,0,0,.278,12.29
105,2014,130,1036,24.54,25.54,0,0,.277,12.29
105,2014,130,1042,24.72,25.87,0,0,.277,12.29
105,2014,130,1048,24.9,25.94,0,0,.277,12.29
105,2014,130,1054,25.06,26.43,0,0,.276,12.29
105,2014,130,1100,25.23,26.56,0,0,.276,12.29
105,2014,130,1106,25.41,26.21,0,0,.276,12.29
105,2014,130,1112,25.59,26.17,0,0,.276,12.29
105,2014,130,1118,25.75,26.46,0,0,.276,12.29
105,2014,130,1124,25.9,26.72,0,0,.276,12.29
105,2014,130,1130,26.05,26.51,0,0,.276,12.29
105,2014,130,1136,26.19,26.5,0,0,.276,12.29
105,2014,130,1142,26.31,26.32,0,0,.276,12.29
105,2014,130,1148,26.42,26.33,0,0,.276,12.29
105,2014,130,1154,26.51,26.21,0,0,.277,12.29
105,2014,130,1200,26.6,26.63,0,0,.276,12.29
105,2014,130,1206,26.68,26.76,0,0,.276,12.29
105,2014,130,1212,26.76,26.61,0,0,.277,12.29
105,2014,130,1218,26.83,26.67,0,0,.276,12.29
105,2014,130,1224,26.9,26.7,0,0,.276,12.29
105,2014,130,1230,26.96,26.4,0,0,.277,12.29
105,2014,130,1236,27.01,25.98,0,0,.277,12.29
105,2014,130,1242,27.05,27.2,0,0,.276,12.29
105,2014,130,1248,27.09,26.94,0,0,.276,12.29
105,2014,130,1254,27.15,26.56,0,0,.276,12.29
105,2014,130,1300,27.21,25.35,0,0,.276,12.29
105,2014,130,1306,27.21,24.36,0,0,.276,12.29
105,2014,130,1312,27.17,24.11,0,0,.276,12.29
105,2014,130,1318,27.08,24.29,0,0,.276,12.29
105,2014,130,1324,26.96,23.8,0,0,.276,12.3
105,2014,130,1330,26.81,23.07,0,0,.276,12.3
105,2014,130,1336,26.64,22.36,0,0,.276,12.3
105,2014,130,1342,26.44,22,0,0,.276,12.3
105,2014,130,1348,26.22,22.29,0,0,.276,12.29
105,2014,130,1354,26.01,22.46,0,0,.276,12.29
105,2014,130,1400,25.83,22.81,0,0,.276,12.29
105,2014,130,1406,25.67,22.88,0,0,.276,12.29
105,2014,130,1412,25.54,22.86,0,0,.276,12.29
105,2014,130,1418,25.43,22.62,0,0,.276,12.3
105,2014,130,1424,25.33,22.33,0,0,.276,12.3
105,2014,130,1430,25.23,22.04,0,0,.276,12.3
105,2014,130,1436,25.13,22.17,0,0,.276,12.3
105,2014,130,1442,25.03,22.2,0,0,.276,12.3
105,2014,130,1448,24.94,22.48,0,0,.276,12.3
105,2014,130,1454,24.86,22.62,0,0,.276,12.3
105,2014,130,1500,24.81,22.82,0,0,.276,12.3
105,2014,130,1506,24.77,23.11,0,0,.276,12.29
105,2014,130,1512,24.76,23.16,0,0,.276,12.29
105,2014,130,1518,24.75,23.25,0,0,.276,12.29
105,2014,130,1524,24.76,23.61,0,0,.276,12.29
105,2014,130,1530,24.77,24.08,0,0,.276,12.29
105,2014,130,1536,24.81,24.33,0,0,.276,12.29
105,2014,130,1542,24.86,24.8,0,0,.276,12.29
105,2014,130,1548,24.93,24.71,0,0,.276,12.29
105,2014,130,1554,25.01,24.68,0,0,.276,12.29
105,2014,130,1600,25.09,24.66,0,0,.276,12.29
105,2014,130,1606,25.16,24.7,0,0,.276,12.29
105,2014,130,1612,25.23,24.77,0,0,.276,12.3
105,2014,130,1618,25.29,24.52,0,0,.276,12.3
105,2014,130,1624,25.35,24.46,0,0,.276,12.3
105,2014,130,1630,25.39,24.58,0,0,.276,12.3
105,2014,130,1636,25.42,24.77,0,0,.276,12.3
105,2014,130,1642,25.46,25.01,0,0,.276,12.29
105,2014,130,1648,25.49,24.93,0,0,.276,12.29
105,2014,130,1654,25.53,25.02,0,0,.276,12.29
105,2014,130,1700,25.57,24.93,0,0,.276,12.29
105,2014,130,1706,25.61,25.14,0,0,.276,12.29
105,2014,130,1712,25.65,24.72,0,0,.276,12.29
105,2014,130,1718,25.68,24.33,0,0,.276,12.3
105,2014,130,1724,25.69,24,0,0,.276,12.3
105,2014,130,1730,25.68,23.81,0,0,.276,12.3
105,2014,130,1736,25.64,23.68,0,0,.276,12.3
105,2014,130,1742,25.59,23.57,0,0,.276,12.3
105,2014,130,1748,25.54,23.5,0,0,.276,12.3
105,2014,130,1754,25.48,23.8,0,0,.276,12.3
105,2014,130,1800,25.43,23.95,0,0,.276,12.3
105,2014,130,1806,25.38,23.61,0,0,.276,12.3
105,2014,130,1812,25.34,23.61,0,0,.276,12.3
105,2014,130,1818,25.29,23.29,0,0,.276,12.29
105,2014,130,1824,25.24,23.04,0,0,.276,12.29
105,2014,130,1830,25.18,22.59,0,0,.275,12.29
105,2014,130,1836,25.12,22.66,0,0,.276,12.3
105,2014,130,1842,25.05,22.73,0,0,.276,12.3
105,2014,130,1848,24.98,22.73,0,0,.276,12.3
105,2014,130,1854,24.91,22.67,0,0,.276,12.3
105,2014,130,1900,24.85,23.09,0,0,.276,12.29
105,2014,130,1906,24.8,23.15,0,0,.276,12.29
105,2014,130,1912,24.76,23.15,0,0,.276,12.29
105,2014,130,1918,24.72,22.87,0,0,.276,12.29
105,2014,130,1924,24.68,22.75,0,0,.276,12.29
105,2014,130,1930,24.64,22.54,0,0,.276,12.29
105,2014,130,1936,24.58,22.33,0,0,.276,12.3
105,2014,130,1942,24.52,22.14,0,0,.276,12.3
105,2014,130,1948,24.46,22.05,0,0,.276,12.3
105,2014,130,1954,24.39,21.79,0,0,.275,12.3
105,2014,130,2000,24.3,21.66,0,0,.276,12.29
105,2014,130,2006,24.21,21.72,0,0,.276,12.3
105,2014,130,2012,24.1,21.34,0,0,.276,12.29
105,2014,130,2018,24,21.16,0,0,.276,12.29
105,2014,130,2024,23.88,21.04,0,0,.276,12.3
105,2014,130,2030,23.75,20.75,0,0,.276,12.3
105,2014,130,2036,23.63,20.83,0,0,.276,12.3
105,2014,130,2042,23.51,20.75,0,0,.277,12.3
105,2014,130,2048,23.38,20.5,0,0,.277,12.3
105,2014,130,2054,23.26,20.61,0,0,.277,12.3
105,2014,130,2100,23.15,20.22,0,0,.277,12.3
105,2014,130,2106,23.03,20.31,0,0,.278,12.3
105,2014,130,2112,22.91,20.07,0,0,.278,12.3
105,2014,130,2118,22.8,20.32,0,0,.278,12.3
105,2014,130,2124,22.71,20.59,0,0,.278,12.3
105,2014,130,2130,22.64,20.63,0,0,.278,12.3
105,2014,130,2136,22.58,20.93,0,0,.278,12.3
105,2014,130,2142,22.54,20.86,0,0,.278,12.3
105,2014,130,2148,22.51,20.98,0,0,.278,12.3
105,2014,130,2154,22.48,20.93,0,0,.278,12.3
105,2014,130,2200,22.45,20.71,0,0,.278,12.3
105,2014,130,2206,22.42,21,0,0,.278,12.3
105,2014,130,2212,22.4,20.86,0,0,.278,12.3
105,2014,130,2218,22.37,20.59,0,0,.278,12.3
105,2014,130,2224,22.34,20.2,0,0,.278,12.3
105,2014,130,2230,22.3,20.24,0,0,.278,12.3
105,2014,130,2236,22.24,20.43,0,0,.278,12.3
105,2014,130,2242,22.2,20.21,0,0,.278,12.3
105,2014,130,2248,22.15,20.03,0,0,.278,12.3
105,2014,130,2254,22.1,19.78,0,0,.278,12.3
105,2014,130,2300,22.04,19.81,0,0,.278,12.3
105,2014,130,2306,21.97,20.1,0,0,.278,12.3
105,2014,130,2312,21.91,20.24,0,0,.278,12.3
105,2014,130,2318,21.87,20.09,0,0,.278,12.3
105,2014,130,2324,21.83,19.98,0,0,.278,12.3
105,2014,130,2330,21.8,19.91,0,0,.278,12.3
105,2014,130,2336,21.77,19.9,0,0,.278,12.3
105,2014,130,2342,21.74,19.81,0,0,.278,12.3
105,2014,130,2348,21.69,19.46,0,0,.278,12.3
105,2014,130,2354,21.65,19.19,0,0,.278,12.3
105,2014,131,0,21.59,19.13,0,0,.278,12.3
105,2014,131,6,21.53,19.18,0,0,.278,12.3
105,2014,131,12,21.46,19.13,0,0,.278,12.3
105,2014,131,18,21.38,19.13,0,0,.278,12.3
105,2014,131,24,21.31,19.27,0,0,.278,12.3
105,2014,131,30,21.25,19.2,0,0,.278,12.3
105,2014,131,36,21.19,19.18,0,0,.278,12.3
105,2014,131,42,21.13,18.84,0,0,.278,12.3
105,2014,131,48,21.07,18.91,0,0,.278,12.3
105,2014,131,54,21.01,19.15,0,0,.278,12.3
105,2014,131,100,20.95,18.89,0,0,.278,12.3
105,2014,131,106,20.89,18.78,0,0,.278,12.3
105,2014,131,112,20.83,18.44,0,0,.278,12.3
105,2014,131,118,20.78,18.43,0,0,.278,12.3
105,2014,131,124,20.71,18.11,0,0,.278,12.3
105,2014,131,130,20.64,18.09,0,0,.278,12.3
105,2014,131,136,20.57,18.21,0,0,.278,12.3
105,2014,131,142,20.49,17.74,0,0,.277,12.3
105,2014,131,148,20.41,17.8,0,0,.278,12.3
105,2014,131,154,20.33,17.73,0,0,.277,12.3
105,2014,131,200,20.24,17.4,0,0,.277,12.3
105,2014,131,206,20.14,17.33,0,0,.277,12.3
105,2014,131,212,20.05,17.2,0,0,.277,12.3
105,2014,131,218,19.96,17,0,0,.277,12.3
105,2014,131,224,19.87,16.9,0,0,.276,12.3
105,2014,131,230,19.77,16.77,0,0,.276,12.3
105,2014,131,236,19.67,16.75,0,0,.276,12.3
105,2014,131,242,19.57,16.8,0,0,.276,12.3
105,2014,131,248,19.48,16.86,0,0,.276,12.3
105,2014,131,254,19.4,16.78,0,0,.276,12.3
105,2014,131,300,19.33,16.62,0,0,.276,12.3
105,2014,131,306,19.26,16.72,0,0,.276,12.3
105,2014,131,312,19.18,16.63,0,0,.276,12.3
105,2014,131,318,19.11,15.99,0,0,.275,12.3
105,2014,131,324,19.02,15.88,0,0,.276,12.3
105,2014,131,330,18.91,16.02,0,0,.276,12.3
105,2014,131,336,18.8,15.7,0,0,.275,12.3
105,2014,131,342,18.68,15.73,0,0,.275,12.3
105,2014,131,348,18.56,15.76,0,0,.276,12.3
105,2014,131,354,18.42,15.49,0,0,.275,12.3
105,2014,131,400,18.29,15.52,0,0,.275,12.3
105,2014,131,406,18.17,15.64,0,0,.276,12.3
105,2014,131,412,18.06,15.21,0,0,.276,12.3
105,2014,131,418,17.95,15.51,0,0,.275,12.3
105,2014,131,424,17.85,16.03,0,0,.276,12.3
105,2014,131,430,17.79,15.82,0,0,.275,12.3
105,2014,131,436,17.74,15.78,0,0,.275,12.3
105,2014,131,442,17.71,15.69,0,0,.276,12.3
105,2014,131,448,17.67,15.55,0,0,.275,12.3
105,2014,131,454,17.64,15.09,0,0,.276,12.3
105,2014,131,500,17.59,14.86,0,0,.276,12.3
105,2014,131,506,17.53,15.22,0,0,.275,12.3
105,2014,131,512,17.48,15.32,0,0,.276,12.3
105,2014,131,518,17.43,15.38,0,0,.276,12.3
105,2014,131,524,17.39,15.16,0,0,.276,12.3
105,2014,131,530,17.35,15.29,0,0,.275,12.3
105,2014,131,536,17.31,15.32,0,0,.276,12.3
105,2014,131,542,17.28,15.16,0,0,.276,12.3
105,2014,131,548,17.26,15.46,0,0,.276,12.3
105,2014,131,554,17.24,15.41,0,0,.275,12.3
105,2014,131,600,17.23,15.19,0,0,.276,12.3
105,2014,131,606,17.21,15.24,0,0,.275,12.3
105,2014,131,612,17.19,15.26,0,0,.276,12.3
105,2014,131,618,17.17,15.39,0,0,.275,12.3
105,2014,131,624,17.16,15.14,0,0,.275,12.3
105,2014,131,630,17.13,15.66,0,0,.275,12.3
105,2014,131,636,17.12,15.97,0,0,.275,12.3
105,2014,131,642,17.12,16.44,0,0,.275,12.3
105,2014,131,648,17.13,16.88,0,0,.275,12.3
105,2014,131,654,17.17,17.25,0,0,.276,12.3
105,2014,131,700,17.24,17.42,0,0,.275,12.3
105,2014,131,706,17.32,17.79,0,0,.275,12.3
105,2014,131,712,17.43,18.37,0,0,.275,12.3
105,2014,131,718,17.54,18.68,0,0,.275,12.3
105,2014,131,724,17.68,19.26,0,0,.275,12.3
105,2014,131,730,17.82,19.63,0,0,.275,12.3
105,2014,131,736,17.98,19.65,0,0,.274,12.3
105,2014,131,742,18.15,20.17,0,0,.275,12.3
105,2014,131,748,18.33,20.37,0,0,.273,12.3
105,2014,131,754,18.52,20.63,0,0,.273,12.3
105,2014,131,800,18.71,20.46,0,0,.273,12.3
105,2014,131,806,18.9,20.92,0,0,.273,12.3
105,2014,131,812,19.09,21.08,0,0,.273,12.3
105,2014,131,818,19.28,21.39,0,0,.273,12.3
105,2014,131,824,19.47,21.73,0,0,.273,12.3
105,2014,131,830,19.66,21.92,0,0,.273,12.3
105,2014,131,836,19.86,21.98,0,0,.273,12.3
105,2014,131,842,20.07,22.31,0,0,.272,12.3
105,2014,131,848,20.28,22.45,0,0,.271,12.3
105,2014,131,854,20.49,22.8,0,0,.273,12.3
105,2014,131,900,20.69,22.56,0,0,.273,12.3
105,2014,131,906,20.87,23.26,0,0,.273,12.3
105,2014,131,912,21.06,23.56,0,0,.274,12.3
105,2014,131,918,21.25,23.86,0,0,.273,12.3
105,2014,131,924,21.46,23.57,0,0,.273,12.3
105,2014,131,930,21.65,24.24,0,0,.273,12.3
105,2014,131,936,21.84,23.61,0,0,.273,12.3
105,2014,131,942,22.02,24.32,0,0,.274,12.3
105,2014,131,948,22.2,23.76,0,0,.273,12.3
105,2014,131,954,22.37,24.42,0,0,.273,12.3
105,2014,131,1000,22.54,24.49,0,0,.273,12.3
105,2014,131,1006,22.7,24.17,0,0,.273,12.3
105,2014,131,1012,22.85,24.5,0,0,.273,12.3
105,2014,131,1018,23,24.91,0,0,.274,12.3
105,2014,131,1024,23.14,25.33,0,0,.273,12.3
105,2014,131,1030,23.3,25.77,0,0,.273,12.3
105,2014,131,1036,23.46,26.11,0,0,.273,12.29
105,2014,131,1042,23.62,25.57,0,0,.273,12.29
105,2014,131,1048,23.79,25.14,0,0,.272,12.29
105,2014,131,1054,23.95,25.73,0,0,.272,12.3
105,2014,131,1100,24.1,26.21,0,0,.271,12.29
105,2014,131,1106,24.25,26.43,0,0,.271,12.29
105,2014,131,1112,24.4,25.88,0,0,.271,12.29
105,2014,131,1118,24.55,26.93,0,0,.27,12.29
105,2014,131,1124,24.71,27.28,0,0,.27,12.29
105,2014,131,1130,24.87,26.97,0,0,.27,12.29
105,2014,131,1136,25.02,26.51,0,0,.269,12.29
105,2014,131,1142,25.17,27.51,0,0,.268,12.29
105,2014,131,1148,25.32,27.79,0,0,.268,12.29
105,2014,131,1154,25.49,28.02,0,0,.268,12.29
105,2014,131,1200,25.67,28.57,0,0,.268,12.29
105,2014,131,1206,25.83,28.11,0,0,.268,12.29
105,2014,131,1212,25.99,27.98,0,0,.268,12.29
105,2014,131,1218,26.15,27.65,0,0,.268,12.29
105,2014,131,1224,26.28,27.68,0,0,.268,12.29
105,2014,131,1230,26.4,27.51,0,0,.268,12.29
105,2014,131,1236,26.52,27.51,0,0,.268,12.29
105,2014,131,1242,26.62,28.14,0,0,.268,12.29
105,2014,131,1248,26.72,27.82,0,0,.267,12.29
105,2014,131,1254,26.81,27.71,0,0,.268,12.29
105,2014,131,1300,26.89,28.17,0,0,.268,12.29
105,2014,131,1306,26.97,28.12,0,0,.267,12.29
105,2014,131,1312,27.05,28.58,0,0,.267,12.29
105,2014,131,1318,27.12,28.2,0,0,.267,12.29
105,2014,131,1324,27.21,28.84,0,0,.267,12.29
105,2014,131,1330,27.3,28.44,0,0,.267,12.29
105,2014,131,1336,27.38,28.33,0,0,.267,12.29
105,2014,131,1342,27.46,27.96,0,0,.266,12.29
105,2014,131,1348,27.52,28.78,0,0,.265,12.29
105,2014,131,1354,27.58,29.09,0,0,.265,12.29
105,2014,131,1400,27.65,28.74,0,0,.265,12.29
105,2014,131,1406,27.72,28.24,0,0,.264,12.29
105,2014,131,1412,27.79,28.36,0,0,.265,12.29
105,2014,131,1418,27.84,27.36,0,0,.264,12.29
105,2014,131,1424,27.86,26.5,0,0,.265,12.29
105,2014,131,1430,27.85,26.92,0,0,.265,12.29
105,2014,131,1436,27.82,27.61,0,0,.265,12.29
105,2014,131,1442,27.79,27.42,0,0,.265,12.29
105,2014,131,1448,27.75,27.14,0,0,.265,12.29
105,2014,131,1454,27.71,27.72,0,0,.265,12.29
105,2014,131,1500,27.68,26.78,0,0,.265,12.29
105,2014,131,1506,27.65,27.63,0,0,.263,12.29
105,2014,131,1512,27.62,27.74,0,0,.262,12.29
105,2014,131,1518,27.61,26.84,0,0,.262,12.29
105,2014,131,1524,27.61,27.55,0,0,.262,12.29
105,2014,131,1530,27.61,27.68,0,0,.262,12.29
105,2014,131,1536,27.63,28.22,0,0,.262,12.29
105,2014,131,1542,27.65,27.92,0,0,.261,12.29
105,2014,131,1548,27.67,28.1,0,0,.262,12.29
105,2014,131,1554,27.7,27.62,0,0,.262,12.29
105,2014,131,1600,27.71,27.8,0,0,.262,12.29
105,2014,131,1606,27.72,27.33,0,0,.261,12.29
105,2014,131,1612,27.72,27.52,0,0,.261,12.29
105,2014,131,1618,27.72,27.28,0,0,.262,12.29
105,2014,131,1624,27.71,26.49,0,0,.262,12.29
105,2014,131,1630,27.69,26.97,0,0,.261,12.29
105,2014,131,1636,27.67,26.94,0,0,.262,12.29
105,2014,131,1642,27.64,26.71,0,0,.261,12.29
105,2014,131,1648,27.61,25.44,0,0,.261,12.29
105,2014,131,1654,27.56,25.01,0,0,.262,12.29
105,2014,131,1700,27.51,25.42,0,0,.261,12.29
105,2014,131,1706,27.45,25.05,0,0,.261,12.29
105,2014,131,1712,27.38,24.86,0,0,.261,12.29
105,2014,131,1718,27.3,24.39,0,0,.261,12.29
105,2014,131,1724,27.19,24.05,0,0,.261,12.29
105,2014,131,1730,27.06,24.04,0,0,.261,12.29
105,2014,131,1736,26.91,23.93,0,0,.261,12.29
105,2014,131,1742,26.76,23.53,0,0,.261,12.3
105,2014,131,1748,26.59,23.55,0,0,.261,12.3
105,2014,131,1754,26.43,23.15,0,0,.262,12.3
105,2014,131,1800,26.26,23.1,0,0,.261,12.3
105,2014,131,1806,26.08,22.93,0,0,.261,12.3
105,2014,131,1812,25.9,22.87,0,0,.261,12.3
105,2014,131,1818,25.73,22.88,0,0,.262,12.3
105,2014,131,1824,25.57,22.81,0,0,.261,12.3
105,2014,131,1830,25.42,22.45,0,0,.261,12.3
105,2014,131,1836,25.26,22.45,0,0,.261,12.3
105,2014,131,1842,25.11,22.1,0,0,.261,12.3
105,2014,131,1848,24.97,22.03,0,0,.261,12.3
105,2014,131,1854,24.83,22.15,0,0,.262,12.3
105,2014,131,1900,24.69,22.03,0,0,.262,12.3
105,2014,131,1906,24.55,21.81,0,0,.262,12.3
105,2014,131,1912,24.42,21.38,0,0,.262,12.3
105,2014,131,1918,24.28,21.15,0,0,.261,12.3
105,2014,131,1924,24.14,21.11,0,0,.262,12.3
105,2014,131,1930,23.99,20.7,0,0,.262,12.3
105,2014,131,1936,23.85,20.48,0,0,.262,12.3
105,2014,131,1942,23.69,20.54,0,0,.262,12.3
105,2014,131,1948,23.55,20.29,0,0,.263,12.3
105,2014,131,1954,23.41,20.03,0,0,.263,12.3
105,2014,131,2000,23.24,19.69,0,0,.263,12.3
105,2014,131,2006,23.07,19.59,0,0,.264,12.3
105,2014,131,2012,22.9,19.3,0,0,.264,12.3
105,2014,131,2018,22.72,19.12,0,0,.264,12.3
105,2014,131,2024,22.55,19.06,0,0,.263,12.3
105,2014,131,2030,22.37,18.95,0,0,.264,12.3
105,2014,131,2036,22.19,18.7,0,0,.264,12.3
105,2014,131,2042,22.01,18.51,0,0,.264,12.3
105,2014,131,2048,21.83,18.35,0,0,.264,12.3
105,2014,131,2054,21.66,18.18,0,0,.264,12.3
105,2014,131,2100,21.47,17.93,0,0,.264,12.3
105,2014,131,2106,21.29,17.67,0,0,.264,12.3
105,2014,131,2112,21.11,17.71,0,0,.264,12.3
105,2014,131,2118,20.94,17.62,0,0,.263,12.3
105,2014,131,2124,20.77,17.55,0,0,.264,12.3
105,2014,131,2130,20.61,17.45,0,0,.263,12.3
105,2014,131,2136,20.45,16.99,0,0,.263,12.3
105,2014,131,2142,20.29,17.12,0,0,.262,12.3
105,2014,131,2148,20.13,16.8,0,0,.263,12.3
105,2014,131,2154,19.98,16.88,0,0,.262,12.3
105,2014,131,2200,19.82,16.65,0,0,.262,12.3
105,2014,131,2206,19.67,16.47,0,0,.261,12.3
105,2014,131,2212,19.52,16.6,0,0,.262,12.3
105,2014,131,2218,19.37,16.61,0,0,.261,12.3
105,2014,131,2224,19.24,16.3,0,0,.261,12.3
105,2014,131,2230,19.12,16.18,0,0,.262,12.3
105,2014,131,2236,18.99,16.32,0,0,.261,12.3
105,2014,131,2242,18.87,16.09,0,0,.261,12.3
105,2014,131,2248,18.74,15.57,0,0,.261,12.3
105,2014,131,2254,18.61,15.48,0,0,.261,12.3
105,2014,131,2300,18.48,15.62,0,0,.261,12.3
105,2014,131,2306,18.35,15.84,0,0,.261,12.3
105,2014,131,2312,18.22,15.67,0,0,.26,12.3
105,2014,131,2318,18.11,15.42,0,0,.26,12.3
105,2014,131,2324,18,15.42,0,0,.26,12.3
105,2014,131,2330,17.89,15.63,0,0,.261,12.3
105,2014,131,2336,17.79,15.59,0,0,.26,12.3
105,2014,131,2342,17.71,15.39,0,0,.26,12.3
105,2014,131,2348,17.63,15.38,0,0,.26,12.3
105,2014,131,2354,17.56,15.53,0,0,.26,12.3
105,2014,132,0,17.5,15.27,0,0,.26,12.3
105,2014,132,6,17.43,15.19,0,0,.26,12.3
105,2014,132,12,17.37,15.1,0,0,.26,12.3
105,2014,132,18,17.3,15.16,0,0,.26,12.3
105,2014,132,24,17.23,15.45,0,0,.259,12.3
105,2014,132,30,17.17,15.33,0,0,.26,12.3
105,2014,132,36,17.13,15.25,0,0,.26,12.3
105,2014,132,42,17.09,15.29,0,0,.26,12.3
105,2014,132,48,17.05,15.34,0,0,.26,12.3
105,2014,132,54,17.02,15.32,0,0,.26,12.3
105,2014,132,100,16.98,15.29,0,0,.26,12.3
105,2014,132,106,16.95,15.34,0,0,.26,12.3
105,2014,132,112,16.92,15.28,0,0,.26,12.3
105,2014,132,118,16.9,15.42,0,0,.26,12.3
105,2014,132,124,16.88,15.51,0,0,.26,12.3
105,2014,132,130,16.86,15.31,0,0,.26,12.3
105,2014,132,136,16.85,15.14,0,0,.26,12.3
105,2014,132,142,16.82,15.38,0,0,.26,12.3
105,2014,132,148,16.8,15.29,0,0,.26,12.3
105,2014,132,154,16.78,15.35,0,0,.26,12.3
105,2014,132,200,16.77,15.26,0,0,.26,12.3
105,2014,132,206,16.76,15.32,0,0,.26,12.3
105,2014,132,212,16.74,15.27,0,0,.26,12.3
105,2014,132,218,16.73,15.46,0,0,.26,12.3
105,2014,132,224,16.72,15.5,0,0,.26,12.3
105,2014,132,230,16.71,15.45,0,0,.26,12.3
105,2014,132,236,16.7,15.29,0,0,.26,12.3
105,2014,132,242,16.68,15.05,0,0,.26,12.3
105,2014,132,248,16.67,15.27,0,0,.26,12.3
105,2014,132,254,16.65,14.97,0,0,.26,12.3
105,2014,132,300,16.62,14.91,0,0,.26,12.3
105,2014,132,306,16.59,14.97,0,0,.261,12.3
105,2014,132,312,16.57,15.15,0,0,.26,12.3
105,2014,132,318,16.56,15.28,0,0,.26,12.3
105,2014,132,324,16.57,15.45,0,0,.26,12.3
105,2014,132,330,16.59,15.5,0,0,.26,12.3
105,2014,132,336,16.61,15.23,0,0,.26,12.3
105,2014,132,342,16.62,14.9,0,0,.26,12.3
105,2014,132,348,16.61,14.84,0,0,.26,12.3
105,2014,132,354,16.59,14.84,0,0,.26,12.3
105,2014,132,400,16.57,14.93,0,0,.26,12.3
105,2014,132,406,16.55,14.99,0,0,.26,12.3
105,2014,132,412,16.54,14.94,0,0,.26,12.3
105,2014,132,418,16.52,15.07,0,0,.26,12.3
105,2014,132,424,16.5,15.05,0,0,.26,12.3
105,2014,132,430,16.48,14.67,0,0,.26,12.3
105,2014,132,436,16.45,14.54,0,0,.26,12.3
105,2014,132,442,16.41,14.76,0,0,.26,12.3
105,2014,132,448,16.38,14.78,0,0,.26,12.3
105,2014,132,454,16.35,14.54,0,0,.26,12.3
105,2014,132,500,16.33,14.23,0,0,.26,12.3
105,2014,132,506,16.29,14.41,0,0,.26,12.3
105,2014,132,512,16.25,14.43,0,0,.26,12.3
105,2014,132,518,16.2,14.36,0,0,.26,12.3
105,2014,132,524,16.15,14.39,0,0,.26,12.3
105,2014,132,530,16.11,14.46,0,0,.26,12.3
105,2014,132,536,16.08,14.52,0,0,.26,12.3
105,2014,132,542,16.06,14.54,0,0,.26,12.3
105,2014,132,548,16.03,14.31,0,0,.26,12.3
105,2014,132,554,16.01,14,0,0,.26,12.3
105,2014,132,600,15.96,14.36,0,0,.26,12.3
105,2014,132,606,15.92,14.41,0,0,.26,12.3
105,2014,132,612,15.89,14.53,0,0,.26,12.3
105,2014,132,618,15.87,14.53,0,0,.26,12.3
105,2014,132,624,15.86,14.96,0,0,.26,12.3
105,2014,132,630,15.85,14.64,0,0,.26,12.3
105,2014,132,636,15.84,14.65,0,0,.26,12.3
105,2014,132,642,15.84,15.11,0,0,.26,12.3
105,2014,132,648,15.86,15.92,0,0,.26,12.3
105,2014,132,654,15.9,16.51,0,0,.26,12.3
105,2014,132,700,15.97,17.11,0,0,.26,12.3
105,2014,132,706,16.08,17.78,0,0,.26,12.3
105,2014,132,712,16.22,18.13,0,0,.26,12.3
105,2014,132,718,16.38,18.94,0,0,.26,12.3
105,2014,132,724,16.57,19.05,0,0,.26,12.3
105,2014,132,730,16.78,19.77,0,0,.26,12.3
105,2014,132,736,17.02,20.34,0,0,.259,12.3
105,2014,132,742,17.3,20.89,0,0,.259,12.3
105,2014,132,748,17.61,20.96,0,0,.258,12.3
105,2014,132,754,17.92,20.68,0,0,.257,12.3
105,2014,132,800,18.23,20.48,0,0,.257,12.3
105,2014,132,806,18.53,20.56,0,0,.257,12.3
105,2014,132,812,18.8,20.85,0,0,.257,12.3
105,2014,132,818,19.07,21.93,0,0,.257,12.3
105,2014,132,824,19.35,22.02,0,0,.257,12.3
105,2014,132,830,19.63,22.01,0,0,.257,12.3
105,2014,132,836,19.92,22.53,0,0,.257,12.3
105,2014,132,842,20.19,22.47,0,0,.257,12.3
105,2014,132,848,20.46,21.99,0,0,.258,12.3
105,2014,132,854,20.72,22.44,0,0,.259,12.3
105,2014,132,900,20.95,22.44,0,0,.259,12.3
105,2014,132,906,21.17,24.35,0,0,.259,12.3
105,2014,132,912,21.4,24.84,0,0,.259,12.3
105,2014,132,918,21.65,25.23,0,0,.259,12.3
105,2014,132,924,21.92,26.08,0,0,.258,12.29
105,2014,132,930,22.2,26.18,0,0,.257,12.29
105,2014,132,936,22.5,26.56,0,0,.258,12.29
105,2014,132,942,22.8,26.96,0,0,.257,12.29
105,2014,132,948,23.1,27.51,0,0,.257,12.29
105,2014,132,954,23.42,27.37,0,0,.257,12.29
105,2014,132,1000,23.73,28.28,0,0,.256,12.29
105,2014,132,1006,24.05,28,0,0,.256,12.29
105,2014,132,1012,24.37,28.12,0,0,.255,12.29
105,2014,132,1018,24.66,28.05,0,0,.254,12.29
105,2014,132,1024,24.94,28.32,0,0,.254,12.29
105,2014,132,1030,25.21,28.35,0,0,.254,12.29
105,2014,132,1036,25.48,28.59,0,0,.254,12.29
105,2014,132,1042,25.73,28.92,0,0,.254,12.29
105,2014,132,1048,25.96,28.44,0,0,.254,12.29
105,2014,132,1054,26.17,28.43,0,0,.254,12.29
105,2014,132,1100,26.37,28.35,0,0,.254,12.29
105,2014,132,1106,26.54,28.66,0,0,.254,12.29
105,2014,132,1112,26.72,28.35,0,0,.254,12.29
105,2014,132,1118,26.88,28.83,0,0,.254,12.29
105,2014,132,1124,27.04,29.23,0,0,.254,12.29
105,2014,132,1130,27.18,29.27,0,0,.254,12.29
105,2014,132,1136,27.34,29.84,0,0,.254,12.29
105,2014,132,1142,27.5,29.56,0,0,.254,12.29
105,2014,132,1148,27.66,29.77,0,0,.254,12.29
105,2014,132,1154,27.82,29.8,0,0,.253,12.29
105,2014,132,1200,28,30.4,0,0,.253,12.29
105,2014,132,1206,28.2,30.29,0,0,.253,12.29
105,2014,132,1212,28.41,30.86,0,0,.253,12.29
105,2014,132,1218,28.6,31.13,0,0,.253,12.29
105,2014,132,1224,28.79,30.18,0,0,.253,12.29
105,2014,132,1230,28.96,30.52,0,0,.253,12.29
105,2014,132,1236,29.1,30.05,0,0,.253,12.29
105,2014,132,1242,29.24,30.18,0,0,.253,12.29
105,2014,132,1248,29.36,30.42,0,0,.253,12.29
105,2014,132,1254,29.49,30.55,0,0,.253,12.29
105,2014,132,1300,29.61,30.2,0,0,.253,12.29
105,2014,132,1306,29.71,31.06,0,0,.252,12.29
105,2014,132,1312,29.82,30.75,0,0,.251,12.29
105,2014,132,1318,29.94,30.74,0,0,.252,12.29
105,2014,132,1324,30.05,31.12,0,0,.251,12.29
105,2014,132,1330,30.17,31,0,0,.251,12.29
105,2014,132,1336,30.27,30.65,0,0,.251,12.29
105,2014,132,1342,30.37,30.15,0,0,.251,12.29
105,2014,132,1348,30.44,30.51,0,0,.251,12.29
105,2014,132,1354,30.49,30.32,0,0,.251,12.29
105,2014,132,1400,30.54,30.2,0,0,.251,12.29
105,2014,132,1406,30.58,30.68,0,0,.251,12.29
105,2014,132,1412,30.62,30.66,0,0,.251,12.29
105,2014,132,1418,30.66,29.64,0,0,.251,12.29
105,2014,132,1424,30.66,29.7,0,0,.251,12.29
105,2014,132,1430,30.65,29.41,0,0,.251,12.29
105,2014,132,1436,30.63,29.55,0,0,.251,12.29
105,2014,132,1442,30.59,29.8,0,0,.251,12.29
105,2014,132,1448,30.56,30.01,0,0,.251,12.29
105,2014,132,1454,30.54,29.03,0,0,.251,12.29
105,2014,132,1500,30.5,28.61,0,0,.251,12.29
105,2014,132,1506,30.44,30.14,0,0,.251,12.29
105,2014,132,1512,30.4,29.39,0,0,.251,12.29
105,2014,132,1518,30.37,29.74,0,0,.251,12.29
105,2014,132,1524,30.35,29.77,0,0,.251,12.29
105,2014,132,1530,30.34,29.64,0,0,.251,12.29
105,2014,132,1536,30.33,29.71,0,0,.251,12.29
105,2014,132,1542,30.33,30.39,0,0,.251,12.29
105,2014,132,1548,30.35,30.43,0,0,.25,12.29