,28.03,30.85,0,0,.359,12.29
105,2014,146,1124,28.24,30.74,0,0,.359,12.29
105,2014,146,1130,28.44,31.53,0,0,.358,12.29
105,2014,146,1136,28.62,31.15,0,0,.358,12.29
105,2014,146,1142,28.81,31.45,0,0,.357,12.29
105,2014,146,1148,29,31.31,0,0,.357,12.28
105,2014,146,1154,29.19,32.1,0,0,.356,12.28
105,2014,146,1200,29.39,32.06,0,0,.355,12.28
105,2014,146,1206,29.58,32.6,0,0,.355,12.28
105,2014,146,1212,29.77,32.37,0,0,.354,12.28
105,2014,146,1218,29.96,31.56,0,0,.354,12.28
105,2014,146,1224,30.14,31,0,0,.354,12.29
105,2014,146,1230,30.28,31.44,0,0,.353,12.29
105,2014,146,1236,30.42,31.62,0,0,.352,12.29
105,2014,146,1242,30.56,32.17,0,0,.352,12.29
105,2014,146,1248,30.69,32.41,0,0,.351,12.28
105,2014,146,1254,30.8,31.72,0,0,.35,12.28
105,2014,146,1300,30.91,31.69,0,0,.35,12.29
105,2014,146,1306,31.03,32.13,0,0,.35,12.29
105,2014,146,1312,31.14,32.1,0,0,.349,12.29
105,2014,146,1318,31.25,32.13,0,0,.349,12.29
105,2014,146,1324,31.35,32.16,0,0,.347,12.29
105,2014,146,1330,31.46,31.86,0,0,.347,12.28
105,2014,146,1336,31.55,32.01,0,0,.345,12.29
105,2014,146,1342,31.64,32.26,0,0,.345,12.29
105,2014,146,1348,31.72,32.2,0,0,.345,12.29
105,2014,146,1354,31.8,32.39,0,0,.344,12.29
105,2014,146,1400,31.88,32.7,0,0,.344,12.29
105,2014,146,1406,31.96,32.51,0,0,.343,12.29
105,2014,146,1412,32.03,32.78,0,0,.342,12.28
105,2014,146,1418,32.11,32.95,0,0,.342,12.28
105,2014,146,1424,32.2,32.66,0,0,.342,12.28
105,2014,146,1430,32.29,32.27,0,0,.342,12.29
105,2014,146,1436,32.37,32.3,0,0,.342,12.29
105,2014,146,1442,32.43,32.05,0,0,.341,12.29
105,2014,146,1448,32.48,32.06,0,0,.341,12.29
105,2014,146,1454,32.51,31.89,0,0,.341,12.29
105,2014,146,1500,32.53,32.18,0,0,.341,12.29
105,2014,146,1506,32.56,31.91,0,0,.339,12.29
105,2014,146,1512,32.58,31.79,0,0,.339,12.29
105,2014,146,1518,32.6,31.74,0,0,.339,12.28
105,2014,146,1524,32.61,32.01,0,0,.337,12.28
105,2014,146,1530,32.63,31.79,0,0,.337,12.29
105,2014,146,1536,32.65,32.26,0,0,.337,12.28
105,2014,146,1542,32.68,31.65,0,0,.337,12.29
105,2014,146,1548,32.69,31.34,0,0,.336,12.29
105,2014,146,1554,32.7,31.32,0,0,.335,12.29
105,2014,146,1600,32.68,31.3,0,0,.336,12.29
105,2014,146,1606,32.67,30.64,0,0,.336,12.29
105,2014,146,1612,32.62,30.66,0,0,.336,12.29
105,2014,146,1618,32.57,30.37,0,0,.336,12.29
105,2014,146,1624,32.51,30.44,0,0,.336,12.29
105,2014,146,1630,32.45,30.34,0,0,.336,12.29
105,2014,146,1636,32.39,30.09,0,0,.334,12.29
105,2014,146,1642,32.32,29.61,0,0,.333,12.29
105,2014,146,1648,32.25,29.2,0,0,.333,12.29
105,2014,146,1654,32.16,29.31,0,0,.333,12.29
105,2014,146,1700,32.06,29.53,0,0,.334,12.29
105,2014,146,1706,31.96,29.07,0,0,.333,12.29
105,2014,146,1712,31.86,28.77,0,0,.333,12.29
105,2014,146,1718,31.75,28.54,0,0,.333,12.29
105,2014,146,1724,31.63,28.51,0,0,.333,12.29
105,2014,146,1730,31.52,28.26,0,0,.333,12.29
105,2014,146,1736,31.4,28.02,0,0,.333,12.29
105,2014,146,1742,31.26,28.09,0,0,.333,12.29
105,2014,146,1748,31.12,28.26,0,0,.332,12.29
105,2014,146,1754,30.98,28.07,0,0,.331,12.29
105,2014,146,1800,30.84,27.84,0,0,.331,12.29
105,2014,146,1806,30.71,27.92,0,0,.331,12.29
105,2014,146,1812,30.59,27.68,0,0,.331,12.29
105,2014,146,1818,30.45,27.4,0,0,.331,12.29
105,2014,146,1824,30.32,27.38,0,0,.33,12.29
105,2014,146,1830,30.18,27.35,0,0,.33,12.29
105,2014,146,1836,30.06,27.05,0,0,.33,12.29
105,2014,146,1842,29.93,26.87,0,0,.33,12.29
105,2014,146,1848,29.79,26.36,0,0,.33,12.29
105,2014,146,1854,29.65,26.03,0,0,.33,12.29
105,2014,146,1900,29.5,25.97,0,0,.33,12.29
105,2014,146,1906,29.34,25.73,0,0,.329,12.29
105,2014,146,1912,29.18,25.33,0,0,.33,12.29
105,2014,146,1918,29.01,25.24,0,0,.33,12.29
105,2014,146,1924,28.83,25.28,0,0,.33,12.29
105,2014,146,1930,28.67,25.05,0,0,.33,12.29
105,2014,146,1936,28.49,24.47,0,0,.329,12.29
105,2014,146,1942,28.31,24.32,0,0,.33,12.29
105,2014,146,1948,28.14,24.14,0,0,.329,12.29
105,2014,146,1954,27.97,24.05,0,0,.33,12.29
105,2014,146,2000,27.79,23.55,0,0,.329,12.29
105,2014,146,2006,27.62,23.41,0,0,.329,12.29
105,2014,146,2012,27.44,23.31,0,0,.329,12.29
105,2014,146,2018,27.26,23.13,0,0,.329,12.29
105,2014,146,2024,27.06,22.86,0,0,.328,12.29
105,2014,146,2030,26.86,22.64,0,0,.329,12.29
105,2014,146,2036,26.66,22.5,0,0,.328,12.29
105,2014,146,2042,26.47,22.21,0,0,.328,12.29
105,2014,146,2048,26.27,22.04,0,0,.328,12.29
105,2014,146,2054,26.07,21.88,0,0,.328,12.29
105,2014,146,2100,25.89,21.65,0,0,.327,12.29
105,2014,146,2106,25.69,21.53,0,0,.328,12.29
105,2014,146,2112,25.5,21.43,0,0,.328,12.29
105,2014,146,2118,25.31,21.2,0,0,.328,12.29
105,2014,146,2124,25.13,21.14,0,0,.328,12.29
105,2014,146,2130,24.94,21.06,0,0,.328,12.29
105,2014,146,2136,24.77,20.97,0,0,.328,12.29
105,2014,146,2142,24.6,20.85,0,0,.328,12.29
105,2014,146,2148,24.45,20.78,0,0,.328,12.29
105,2014,146,2154,24.3,20.68,0,0,.326,12.29
105,2014,146,2200,24.14,20.68,0,0,.327,12.29
105,2014,146,2206,23.99,20.58,0,0,.326,12.29
105,2014,146,2212,23.84,20.51,0,0,.326,12.29
105,2014,146,2218,23.7,20.53,0,0,.327,12.29
105,2014,146,2224,23.56,20.51,0,0,.326,12.3
105,2014,146,2230,23.42,20.42,0,0,.327,12.3
105,2014,146,2236,23.28,20.3,0,0,.327,12.3
105,2014,146,2242,23.14,20.27,0,0,.328,12.3
105,2014,146,2248,23.01,20.16,0,0,.328,12.3
105,2014,146,2254,22.9,20.29,0,0,.328,12.3
105,2014,146,2300,22.78,20.17,0,0,.328,12.3
105,2014,146,2306,22.66,19.93,0,0,.328,12.3
105,2014,146,2312,22.55,19.97,0,0,.328,12.3
105,2014,146,2318,22.45,20.16,0,0,.327,12.3
105,2014,146,2324,22.36,19.96,0,0,.327,12.3
105,2014,146,2330,22.28,20.04,0,0,.326,12.3
105,2014,146,2336,22.2,20.04,0,0,.327,12.3
105,2014,146,2342,22.14,19.98,0,0,.326,12.3
105,2014,146,2348,22.08,19.94,0,0,.326,12.3
105,2014,146,2354,22.01,19.95,0,0,.326,12.3
105,2014,147,0,21.94,19.97,0,0,.326,12.3
105,2014,147,6,21.88,19.91,0,0,.326,12.3
105,2014,147,12,21.83,20,0,0,.326,12.3
105,2014,147,18,21.78,19.97,0,0,.325,12.3
105,2014,147,24,21.74,19.92,0,0,.325,12.3
105,2014,147,30,21.71,20.04,0,0,.325,12.3
105,2014,147,36,21.67,19.73,0,0,.325,12.3
105,2014,147,42,21.64,19.83,0,0,.325,12.3
105,2014,147,48,21.6,19.78,0,0,.325,12.3
105,2014,147,54,21.56,19.92,0,0,.325,12.3
105,2014,147,100,21.52,19.9,0,0,.325,12.3
105,2014,147,106,21.49,19.66,0,0,.325,12.3
105,2014,147,112,21.46,19.92,0,0,.325,12.3
105,2014,147,118,21.43,19.93,0,0,.325,12.3
105,2014,147,124,21.4,19.79,0,0,.325,12.3
105,2014,147,130,21.38,19.83,0,0,.324,12.3
105,2014,147,136,21.36,19.74,0,0,.323,12.3
105,2014,147,142,21.34,19.87,0,0,.323,12.3
105,2014,147,148,21.32,19.9,0,0,.323,12.3
105,2014,147,154,21.32,19.92,0,0,.322,12.3
105,2014,147,200,21.31,19.81,0,0,.323,12.3
105,2014,147,206,21.31,19.69,0,0,.323,12.3
105,2014,147,212,21.3,19.76,0,0,.323,12.3
105,2014,147,218,21.29,19.57,0,0,.323,12.3
105,2014,147,224,21.27,19.82,0,0,.323,12.3
105,2014,147,230,21.26,19.48,0,0,.323,12.3
105,2014,147,236,21.23,19.62,0,0,.323,12.3
105,2014,147,242,21.21,19.27,0,0,.323,12.3
105,2014,147,248,21.17,19.31,0,0,.323,12.3
105,2014,147,254,21.13,19.36,0,0,.322,12.3
105,2014,147,300,21.08,19.1,0,0,.322,12.3
105,2014,147,306,21.04,19.06,0,0,.322,12.3
105,2014,147,312,21,19.25,0,0,.321,12.3
105,2014,147,318,20.96,19.07,0,0,.321,12.3
105,2014,147,324,20.92,19.22,0,0,.321,12.3
105,2014,147,330,20.9,19.32,0,0,.32,12.3
105,2014,147,336,20.89,19.27,0,0,.321,12.3
105,2014,147,342,20.88,19.3,0,0,.321,12.3
105,2014,147,348,20.88,19.26,0,0,.321,12.3
105,2014,147,354,20.88,19.11,0,0,.32,12.3
105,2014,147,400,20.88,19.13,0,0,.32,12.3
105,2014,147,406,20.87,18.92,0,0,.32,12.3
105,2014,147,412,20.86,18.94,0,0,.319,12.3
105,2014,147,418,20.84,18.81,0,0,.319,12.3
105,2014,147,424,20.82,18.77,0,0,.319,12.3
105,2014,147,430,20.78,18.87,0,0,.319,12.3
105,2014,147,436,20.75,18.79,0,0,.319,12.3
105,2014,147,442,20.72,18.85,0,0,.319,12.3
105,2014,147,448,20.7,18.9,0,0,.319,12.3
105,2014,147,454,20.67,18.81,0,0,.319,12.3
105,2014,147,500,20.66,18.68,0,0,.319,12.3
105,2014,147,506,20.64,18.56,0,0,.319,12.3
105,2014,147,512,20.62,18.55,0,0,.319,12.3
105,2014,147,518,20.59,18.64,0,0,.319,12.3
105,2014,147,524,20.57,18.65,0,0,.318,12.3
105,2014,147,530,20.55,18.75,0,0,.316,12.3
105,2014,147,536,20.53,18.79,0,0,.316,12.3
105,2014,147,542,20.52,18.64,0,0,.317,12.3
105,2014,147,548,20.51,18.59,0,0,.317,12.3
105,2014,147,554,20.49,18.44,0,0,.317,12.3
105,2014,147,600,20.47,18.45,0,0,.317,12.3
105,2014,147,606,20.44,18.46,0,0,.317,12.3
105,2014,147,612,20.42,18.45,0,0,.317,12.3
105,2014,147,618,20.38,18.47,0,0,.316,12.3
105,2014,147,624,20.36,18.53,0,0,.316,12.3
105,2014,147,630,20.33,18.57,0,0,.316,12.3
105,2014,147,636,20.3,18.8,0,0,.316,12.3
105,2014,147,642,20.29,19.04,0,0,.315,12.3
105,2014,147,648,20.29,19.14,0,0,.316,12.3
105,2014,147,654,20.31,19.37,0,0,.315,12.3
105,2014,147,700,20.35,19.68,0,0,.314,12.3
105,2014,147,706,20.4,19.8,0,0,.315,12.3
105,2014,147,712,20.46,20.01,0,0,.315,12.3
105,2014,147,718,20.53,21.03,0,0,.314,12.3
105,2014,147,724,20.62,21.44,0,0,.312,12.3
105,2014,147,730,20.74,21.86,0,0,.313,12.3
105,2014,147,736,20.88,22.27,0,0,.312,12.3
105,2014,147,742,21.04,23.09,0,0,.311,12.3
105,2014,147,748,21.23,23.9,0,0,.311,12.29
105,2014,147,754,21.45,24.2,0,0,.311,12.29
105,2014,147,800,21.69,24.4,0,0,.311,12.29
105,2014,147,806,21.96,24.73,0,0,.311,12.29
105,2014,147,812,22.23,25.18,0,0,.309,12.29
105,2014,147,818,22.51,25.74,0,0,.309,12.29
105,2014,147,824,22.81,25.73,0,0,.309,12.29
105,2014,147,830,23.09,26.19,0,0,.309,12.29
105,2014,147,836,23.38,26.44,0,0,.309,12.29
105,2014,147,842,23.68,26.82,0,0,.308,12.29
105,2014,147,848,23.97,26.9,0,0,.307,12.29
105,2014,147,854,24.26,27.14,0,0,.306,12.29
105,2014,147,900,24.55,27.68,0,0,.305,12.29
105,2014,147,906,24.83,27.75,0,0,.305,12.29
105,2014,147,912,25.11,27.97,0,0,.305,12.29
105,2014,147,918,25.4,28.45,0,0,.305,12.29
105,2014,147,924,25.69,29.01,0,0,.304,12.29
105,2014,147,930,25.98,29.51,0,0,.303,12.29
105,2014,147,936,26.27,29.39,0,0,.303,12.29
105,2014,147,942,26.55,29.6,0,0,.303,12.29
105,2014,147,948,26.84,29.74,0,0,.303,12.29
105,2014,147,954,27.12,30.02,0,0,.303,12.29
105,2014,147,1000,27.4,30.86,0,0,.303,12.29
105,2014,147,1006,27.68,31.07,0,0,.303,12.29
105,2014,147,1012,27.96,31.33,0,0,.303,12.29
105,2014,147,1018,28.25,31.32,0,0,.303,12.29
105,2014,147,1024,28.53,31.69,0,0,.303,12.29
105,2014,147,1030,28.81,31.68,0,0,.303,12.29
105,2014,147,1036,29.08,31.54,0,0,.303,12.28
105,2014,147,1042,29.34,32.08,0,0,.303,12.28
105,2014,147,1048,29.59,32.17,0,0,.302,12.28
105,2014,147,1054,29.84,31.92,0,0,.302,12.28
105,2014,147,1100,30.09,32.17,0,0,.302,12.29
105,2014,147,1106,30.32,32.61,0,0,.302,12.28
105,2014,147,1112,30.54,33.23,0,0,.301,12.28
105,2014,147,1118,30.77,32.36,0,0,.301,12.28
105,2014,147,1124,30.98,33.07,0,0,.301,12.28
105,2014,147,1130,31.18,33.59,0,0,.3,12.28
105,2014,147,1136,31.39,33.22,0,0,.301,12.28
105,2014,147,1142,31.59,33.24,0,0,.3,12.28
105,2014,147,1148,31.79,32.89,0,0,.3,12.28
105,2014,147,1154,31.97,33.5,0,0,.301,12.28
105,2014,147,1200,32.14,33.66,0,0,.301,12.28
105,2014,147,1206,32.31,33.65,0,0,.301,12.28
105,2014,147,1212,32.49,34.36,0,0,.3,12.28
105,2014,147,1218,32.66,34.11,0,0,.299,12.28
105,2014,147,1224,32.82,33.22,0,0,.299,12.28
105,2014,147,1230,32.95,33.18,0,0,.299,12.28
105,2014,147,1236,33.05,33.72,0,0,.299,12.28
105,2014,147,1242,33.15,34.3,0,0,.298,12.28
105,2014,147,1248,33.26,34.68,0,0,.298,12.28
105,2014,147,1254,33.37,34.37,0,0,.298,12.28
105,2014,147,1300,33.49,34.74,0,0,.299,12.28
105,2014,147,1306,33.62,33.3,0,0,.298,12.28
105,2014,147,1312,33.72,33.23,0,0,.298,12.28
105,2014,147,1318,33.78,33.82,0,0,.297,12.28
105,2014,147,1324,33.85,34.92,0,0,.297,12.28
105,2014,147,1330,33.94,34.43,0,0,.297,12.28
105,2014,147,1336,34.04,35.51,0,0,.297,12.28
105,2014,147,1342,34.16,34.61,0,0,.296,12.28
105,2014,147,1348,34.28,34.35,0,0,.295,12.28
105,2014,147,1354,34.39,35.09,0,0,.295,12.28
105,2014,147,1400,34.48,34.76,0,0,.295,12.28
105,2014,147,1406,34.57,32.53,0,0,.295,12.28
105,2014,147,1412,34.6,33.15,0,0,.295,12.28
105,2014,147,1418,34.6,34.66,0,0,.295,12.28
105,2014,147,1424,34.63,35.1,0,0,.295,12.28
105,2014,147,1430,34.67,34.03,0,0,.294,12.28
105,2014,147,1436,34.71,34.48,0,0,.294,12.28
105,2014,147,1442,34.74,33.89,0,0,.294,12.28
105,2014,147,1448,34.75,32.73,0,0,.294,12.28
105,2014,147,1454,34.74,33.54,0,0,.294,12.28
105,2014,147,1500,34.71,32.76,0,0,.293,12.28
105,2014,147,1506,34.68,33.34,0,0,.293,12.28
105,2014,147,1512,34.65,34.02,0,0,.293,12.28
105,2014,147,1518,34.64,34,0,0,.292,12.28
105,2014,147,1524,34.64,33.79,0,0,.292,12.28
105,2014,147,1530,34.65,33.79,0,0,.291,12.28
105,2014,147,1536,34.67,34,0,0,.291,12.28
105,2014,147,1542,34.7,33.76,0,0,.292,12.28
105,2014,147,1548,34.72,34.38,0,0,.291,12.28
105,2014,147,1554,34.75,34.11,0,0,.291,12.28
105,2014,147,1600,34.79,33.42,0,0,.291,12.28
105,2014,147,1606,34.82,32.82,0,0,.291,12.28
105,2014,147,1612,34.83,33.08,0,0,.291,12.28
105,2014,147,1618,34.82,32.59,0,0,.291,12.28
105,2014,147,1624,34.8,32.23,0,0,.29,12.28
105,2014,147,1630,34.75,31.95,0,0,.29,12.28
105,2014,147,1636,34.68,31.9,0,0,.29,12.28
105,2014,147,1642,34.6,31.45,0,0,.29,12.28
105,2014,147,1648,34.51,31.66,0,0,.289,12.28
105,2014,147,1654,34.41,31.3,0,0,.29,12.28
105,2014,147,1700,34.3,30.61,0,0,.29,12.29
105,2014,147,1706,34.16,30.48,0,0,.29,12.29
105,2014,147,1712,34.01,30.08,0,0,.29,12.28
105,2014,147,1718,33.85,29.76,0,0,.29,12.28
105,2014,147,1724,33.67,29.64,0,0,.29,12.29
105,2014,147,1730,33.46,29.06,0,0,.29,12.29
105,2014,147,1736,33.23,28.87,0,0,.29,12.29
105,2014,147,1742,33,28.69,0,0,.29,12.29
105,2014,147,1748,32.75,28.31,0,0,.29,12.29
105,2014,147,1754,32.5,28.2,0,0,.29,12.29
105,2014,147,1800,32.24,27.76,0,0,.289,12.29
105,2014,147,1806,31.97,27.6,0,0,.289,12.29
105,2014,147,1812,31.71,27.41,0,0,.289,12.29
105,2014,147,1818,31.46,27.4,0,0,.289,12.29
105,2014,147,1824,31.2,27.04,0,0,.289,12.29
105,2014,147,1830,30.97,26.84,0,0,.289,12.29
105,2014,147,1836,30.73,26.78,0,0,.289,12.29
105,2014,147,1842,30.51,26.14,0,0,.289,12.29
105,2014,147,1848,30.3,26.08,0,0,.289,12.29
105,2014,147,1854,30.09,26.02,0,0,.289,12.29
105,2014,147,1900,29.88,25.36,0,0,.29,12.29
105,2014,147,1906,29.65,25.13,0,0,.289,12.29
105,2014,147,1912,29.41,24.62,0,0,.289,12.29
105,2014,147,1918,29.15,22.73,0,0,.291,12.3
105,2014,147,1924,28.84,21.18,0,0,.294,12.3
105,2014,147,1930,28.45,20.85,0,0,.323,12.3
105,2014,147,1936,28.03,20.79,0,0,.345,12.3
105,2014,147,1942,27.59,20.79,0,0,.355,12.3
105,2014,147,1948,27.16,20.63,0,0,.368,12.3
105,2014,147,1954,26.75,20.69,0,0,.373,12.3
105,2014,147,2000,26.35,20.66,0,0,.375,12.3
105,2014,147,2006,25.99,20.55,0,0,.375,12.3
105,2014,147,2012,25.66,20.58,0,0,.375,12.3
105,2014,147,2018,25.36,20.5,0,0,.377,12.3
105,2014,147,2024,25.07,20.39,0,0,.378,12.3
105,2014,147,2030,24.81,20.3,0,0,.378,12.3
105,2014,147,2036,24.57,20.26,0,0,.378,12.3
105,2014,147,2042,24.35,20.25,0,0,.378,12.3
105,2014,147,2048,24.16,20.24,0,0,.378,12.3
105,2014,147,2054,23.98,20.29,0,0,.378,12.3
105,2014,147,2100,23.81,20.27,0,0,.379,12.3
105,2014,147,2106,23.65,20.17,0,0,.379,12.3
105,2014,147,2112,23.5,20.08,0,0,.379,12.3
105,2014,147,2118,23.36,20.13,0,0,.38,12.3
105,2014,147,2124,23.23,20.05,0,0,.38,12.3
105,2014,147,2130,23.11,19.94,0,0,.381,12.3
105,2014,147,2136,23,19.92,0,0,.38,12.3
105,2014,147,2142,22.91,19.95,0,0,.381,12.3
105,2014,147,2148,22.82,19.96,0,0,.381,12.3
105,2014,147,2154,22.74,19.91,0,0,.38,12.3
105,2014,147,2200,22.66,20,0,0,.381,12.3
105,2014,147,2206,22.59,19.97,0,0,.382,12.3
105,2014,147,2212,22.52,19.95,0,0,.382,12.3
105,2014,147,2218,22.45,20.05,0,0,.382,12.3
105,2014,147,2224,22.39,20.13,0,0,.382,12.3
105,2014,147,2230,22.33,20.05,0,0,.381,12.3
105,2014,147,2236,22.28,20.15,0,0,.381,12.3
105,2014,147,2242,22.22,20.09,0,0,.381,12.3
105,2014,147,2248,22.17,19.94,0,0,.381,12.3
105,2014,147,2254,22.13,19.81,0,0,.38,12.3
105,2014,147,2300,22.08,19.72,0,0,.38,12.3
105,2014,147,2306,22.04,20.01,0,0,.379,12.3
105,2014,147,2312,22,20.03,0,0,.378,12.3
105,2014,147,2318,21.95,20.04,0,0,.377,12.3
105,2014,147,2324,21.92,20.02,0,0,.378,12.3
105,2014,147,2330,21.88,20,0,0,.376,12.3
105,2014,147,2336,21.84,19.98,0,0,.375,12.3
105,2014,147,2342,21.81,19.94,0,0,.375,12.3
105,2014,147,2348,21.79,19.95,0,0,.374,12.3
105,2014,147,2354,21.76,19.98,0,0,.374,12.3
105,2014,148,0,21.74,19.93,0,0,.372,12.3
105,2014,148,6,21.71,19.83,0,0,.372,12.3
105,2014,148,12,21.68,19.83,0,0,.371,12.3
105,2014,148,18,21.66,20.04,0,0,.37,12.3
105,2014,148,24,21.63,19.93,0,0,.37,12.3
105,2014,148,30,21.61,19.94,0,0,.369,12.3
105,2014,148,36,21.59,19.93,0,0,.368,12.3
105,2014,148,42,21.57,20.03,0,0,.368,12.3
105,2014,148,48,21.55,20.07,0,0,.367,12.3
105,2014,148,54,21.54,19.88,0,0,.367,12.3
105,2014,148,100,21.52,19.85,0,0,.366,12.3
105,2014,148,106,21.5,19.79,0,0,.365,12.3
105,2014,148,112,21.49,19.82,0,0,.364,12.3
105,2014,148,118,21.47,19.8,0,0,.364,12.3
105,2014,148,124,21.45,19.75,0,0,.364,12.3
105,2014,148,130,21.43,19.76,0,0,.363,12.3
105,2014,148,136,21.41,19.69,0,0,.364,12.3
105,2014,148,142,21.39,19.55,0,0,.361,12.3
105,2014,148,148,21.38,19.66,0,0,.361,12.3
105,2014,148,154,21.36,19.65,0,0,.361,12.3
105,2014,148,200,21.34,19.58,0,0,.361,12.3
105,2014,148,206,21.32,19.56,0,0,.359,12.3
105,2014,148,212,21.3,19.51,0,0,.359,12.3
105,2014,148,218,21.28,19.39,0,0,.359,12.3
105,2014,148,224,21.25,19.48,0,0,.358,12.3
105,2014,148,230,21.23,19.35,0,0,.358,12.3
105,2014,148,236,21.2,19.46,0,0,.358,12.3
105,2014,148,242,21.18,19.64,0,0,.357,12.3
105,2014,148,248,21.17,19.6,0,0,.356,12.3
105,2014,148,254,21.15,19.53,0,0,.355,12.3
105,2014,148,300,21.13,19.53,0,0,.356,12.3
105,2014,148,306,21.12,19.5,0,0,.356,12.3
105,2014,148,312,21.12,19.58,0,0,.355,12.3
105,2014,148,318,21.12,19.64,0,0,.354,12.3
105,2014,148,324,21.12,19.49,0,0,.355,12.3
105,2014,148,330,21.12,19.4,0,0,.354,12.3
105,2014,148,336,21.12,19.44,0,0,.353,12.3
105,2014,148,342,21.11,19.28,0,0,.353,12.3
105,2014,148,348,21.09,19.3,0,0,.352,12.3
105,2014,148,354,21.08,19.44,0,0,.353,12.3
105,2014,148,400,21.07,19.39,0,0,.352,12.3
105,2014,148,406,21.05,19.42,0,0,.35,12.3
105,2014,148,412,21.03,19.21,0,0,.35,12.3
105,2014,148,418,21.01,19.28,0,0,.35,12.3
105,2014,148,424,20.99,19.14,0,0,.35,12.3
105,2014,148,430,20.97,19.1,0,0,.35,12.3
105,2014,148,436,20.94,18.98,0,0,.35,12.3
105,2014,148,442,20.92,19.04,0,0,.349,12.3
105,2014,148,448,20.89,19.05,0,0,.349,12.3
105,2014,148,454,20.86,18.99,0,0,.349,12.3
105,2014,148,500,20.83,19.05,0,0,.347,12.3
105,2014,148,506,20.8,18.98,0,0,.347,12.3
105,2014,148,512,20.78,18.87,0,0,.347,12.3
105,2014,148,518,20.75,18.81,0,0,.347,12.3
105,2014,148,524,20.72,18.97,0,0,.345,12.3
105,2014,148,530,20.7,18.86,0,0,.345,12.3
105,2014,148,536,20.67,18.92,0,0,.344,12.3
105,2014,148,542,20.64,18.93,0,0,.344,12.3
105,2014,148,548,20.62,18.91,0,0,.343,12.3
105,2014,148,554,20.59,18.94,0,0,.343,12.3
105,2014,148,600,20.57,18.78,0,0,.343,12.3
105,2014,148,606,20.56,18.91,0,0,.343,12.3
105,2014,148,612,20.54,19.04,0,0,.343,12.3
105,2014,148,618,20.53,19.07,0,0,.343,12.3
105,2014,148,624,20.54,19.29,0,0,.341,12.3
105,2014,148,630,20.55,19.29,0,0,.341,12.3
105,2014,148,636,20.57,19.35,0,0,.341,12.3
105,2014,148,642,20.59,19.48,0,0,.341,12.3
105,2014,148,648,20.62,19.51,0,0,.341,12.3
105,2014,148,654,20.66,19.82,0,0,.34,12.3
105,2014,148,700,20.7,20.38,0,0,.339,12.3
105,2014,148,706,20.77,20.64,0,0,.339,12.3
105,2014,148,712,20.85,20.36,0,0,.34,12.3
105,2014,148,718,20.93,20.38,0,0,.34,12.3
105,2014,148,724,21.01,20.41,0,0,.339,12.3
105,2014,148,730,21.08,20.46,0,0,.339,12.3
105,2014,148,736,21.15,20.55,0,0,.339,12.3
105,2014,148,742,21.22,20.71,0,0,.339,12.3
105,2014,148,748,21.3,20.93,0,0,.339,12.3
105,2014,148,754,21.37,21.11,0,0,.339,12.3
105,2014,148,800,21.46,21.2,0,0,.339,12.3
105,2014,148,806,21.55,21.2,0,0,.337,12.3
105,2014,148,812,21.65,21.2,0,0,.336,12.3
105,2014,148,818,21.74,21.73,0,0,.337,12.3
105,2014,148,824,21.85,21.95,0,0,.337,12.3
105,2014,148,830,21.96,21.96,0,0,.336,12.3
105,2014,148,836,22.07,22.32,0,0,.336,12.3
105,2014,148,842,22.2,22.42,0,0,.336,12.3
105,2014,148,848,22.32,22.39,0,0,.336,12.3
105,2014,148,854,22.45,22.24,0,0,.336,12.3
105,2014,148,900,22.56,22.19,0,0,.335,12.3
105,2014,148,906,22.65,22.21,0,0,.335,12.29
105,2014,148,912,22.74,22.16,0,0,.334,12.3
105,2014,148,918,22.82,22.41,0,0,.334,12.3
105,2014,148,924,22.9,22.46,0,0,.334,12.3
105,2014,148,930,22.97,22.41,0,0,.334,12.3
105,2014,148,936,23.05,22.26,0,0,.334,12.3
105,2014,148,942,23.11,22.35,0,0,.334,12.3
105,2014,148,948,23.16,22.53,0,0,.334,12.3
105,2014,148,954,23.22,22.73,0,0,.334,12.3
105,2014,148,1000,23.28,23.09,0,0,.333,12.3
105,2014,148,1006,23.36,23.73,0,0,.332,12.29
105,2014,148,1012,23.46,23.65,0,0,.332,12.29
105,2014,148,1018,23.57,23.48,0,0,.332,12.29
105,2014,148,1024,23.67,22.99,0,0,.331,12.29
105,2014,148,1030,23.75,23.24,0,0,.331,12.29
105,2014,148,1036,23.82,23.36,0,0,.33,12.29
105,2014,148,1042,23.9,23.73,0,0,.33,12.29
105,2014,148,1048,23.97,25.52,0,0,.329,12.29
105,2014,148,1054,24.09,26.46,0,0,.327,12.29
105,2014,148,1100,24.25,25.81,0,0,.326,12.29
105,2014,148,1106,24.43,26.34,0,0,.326,12.29
105,2014,148,1112,24.63,26.56,0,0,.325,12.29
105,2014,148,1118,24.82,26.82,0,0,.324,12.29
105,2014,148,1124,25.03,26.79,0,0,.324,12.29
105,2014,148,1130,25.23,26.81,0,0,.324,12.29
105,2014,148,1136,25.43,28.39,0,0,.323,12.29
105,2014,148,1142,25.65,28.94,0,0,.322,12.29
105,2014,148,1148,25.89,28.54,0,0,.322,12.29
105,2014,148,1154,26.11,28.57,0,0,.322,12.29
105,2014,148,1200,26.34,28.67,0,0,.322,12.29
105,2014,148,1206,26.56,28.61,0,0,.322,12.29
105,2014,148,1212,26.77,28.48,0,0,.322,12.29
105,2014,148,1218,26.96,27.8,0,0,.321,12.29
105,2014,148,1224,27.13,27.16,0,0,.321,12.29
105,2014,148,1230,27.27,26.64,0,0,.321,12.29
105,2014,148,1236,27.37,26.71,0,0,.321,12.29
105,2014,148,1242,27.43,26.74,0,0,.321,12.29
105,2014,148,1248,27.47,26.56,0,0,.32,12.29
105,2014,148,1254,27.5,26.22,0,0,.32,12.29
105,2014,148,1300,27.51,26.69,0,0,.32,12.29
105,2014,148,1306,27.52,27.46,0,0,.32,12.29
105,2014,148,1312,27.55,28.91,0,0,.32,12.29
105,2014,148,1318,27.63,28.95,0,0,.32,12.29
105,2014,148,1324,27.74,29.27,0,0,.319,12.29
105,2014,148,1330,27.87,29.52,0,0,.32,12.29
105,2014,148,1336,28.02,29.95,0,0,.319,12.29
105,2014,148,1342,28.18,29.75,0,0,.319,12.29
105,2014,148,1348,28.34,29.79,0,0,.319,12.29
105,2014,148,1354,28.52,30.39,0,0,.319,12.29
105,2014,148,1400,28.69,29.08,0,0,.317,12.29
105,2014,148,1406,28.83,28.79,0,0,.317,12.29
105,2014,148,1412,28.93,28.45,0,0,.317,12.29
105,2014,148,1418,29.02,28.99,0,0,.317,12.29
105,2014,148,1424,29.08,28.29,0,0,.317,12.29
105,2014,148,1430,29.12,29.41,0,0,.317,12.29
105,2014,148,1436,29.17,29.83,0,0,.317,12.29
105,2014,148,1442,29.24,29.45,0,0,.317,12.29
105,2014,148,1448,29.3,29.82,0,0,.317,12.29
105,2014,148,1454,29.36,28.24,0,0,.317,12.29
105,2014,148,1500,29.39,27.93,0,0,.317,12.29
105,2014,148,1506,29.39,28.75,0,0,.317,12.29
105,2014,148,1512,29.41,29.27,0,0,.317,12.29
105,2014,148,1518,29.43,29.82,0,0,.316,12.29
105,2014,148,1524,29.48,30.01,0,0,.316,12.29
105,2014,148,1530,29.55,30.28,0,0,.316,12.29
105,2014,148,1536,29.62,30.25,0,0,.315,12.29
105,2014,148,1542,29.71,29.51,0,0,.314,12.29
105,2014,148,1548,29.78,28.81,0,0,.315,12.29
105,2014,148,1554,29.83,30.63,0,0,.314,12.29
105,2014,148,1600,29.87,30.62,0,0,.314,12.29
105,2014,148,1606,29.94,30.81,0,0,.313,12.29
105,2014,148,1612,30.03,30.6,0,0,.312,12.29
105,2014,148,1618,30.12,29.87,0,0,.312,12.29
105,2014,148,1624,30.19,29.13,0,0,.312,12.29
105,2014,148,1630,30.24,29.07,0,0,.312,12.29
105,2014,148,1636,30.24,28.56,0,0,.313,12.29
105,2014,148,1642,30.22,29.06,0,0,.312,12.29
105,2014,148,1648,30.19,29.44,0,0,.312,12.29
105,2014,148,1654,30.16,30.22,0,0,.312,12.29
105,2014,148,1700,30.17,29.66,0,0,.312,12.29
105,2014,148,1706,30.18,28.81,0,0,.312,12.29
105,2014,148,1712,30.18,29.07,0,0,.312,12.29
105,2014,148,1718,30.17,28.89,0,0,.312,12.29
105,2014,148,1724,30.14,28.74,0,0,.311,12.29
105,2014,148,1730,30.1,28.17,0,0,.311,12.29
105,2014,148,1736,30.03,27.85,0,0,.311,12.29
105,2014,148,1742,29.94,27.9,0,0,.311,12.29
105,2014,148,1748,29.85,27.94,0,0,.312,12.29
105,2014,148,1754,29.75,27.55,0,0,.312,12.29
105,2014,148,1800,29.66,27.69,0,0,.311,12.29
105,2014,148,1806,29.56,27.46,0,0,.311,12.29
105,2014,148,1812,29.46,27.24,0,0,.311,12.29
105,2014,148,1818,29.35,27.12,0,0,.312,12.29
105,2014,148,1824,29.23,27.4,0,0,.312,12.29
105,2014,148,1830,29.13,27.03,0,0,.311,12.29
105,2014,148,1836,29.05,26.82,0,0,.311,12.29
105,2014,148,1842,28.96,26.57,0,0,.312,12.29
105,2014,148,1848,28.86,25.27,0,0,.311,12.29
105,2014,148,1854,28.72,24.15,0,0,.311,12.29
105,2014,148,1900,28.51,23.55,0,0,.311,12.29
105,2014,148,1906,28.26,23,0,0,.311,12.29
105,2014,148,1912,27.98,22.78,0,0,.311,12.29
105,2014,148,1918,27.68,22.47,0,0,.311,12.29
105,2014,148,1924,27.37,22.08,0,0,.311,12.3
105,2014,148,1930,27.06,21.65,0,0,.311,12.3
105,2014,148,1936,26.73,21.25,0,0,.31,12.3
105,2014,148,1942,26.41,20.91,0,0,.31,12.3
105,2014,148,1948,26.08,20.69,0,0,.311,12.3
105,2014,148,1954,25.76,20.35,0,0,.31,12.3
105,2014,148,2000,25.44,20.13,0,0,.311,12.3
105,2014,148,2006,25.11,19.73,0,0,.311,12.3
105,2014,148,2012,24.79,19.36,0,0,.31,12.3
105,2014,148,2018,24.47,19.23,0,0,.31,12.3
105,2014,148,2024,24.17,18.88,0,0,.311,12.3
105,2014,148,2030,23.86,18.61,0,0,.311,12.3
105,2014,148,2036,23.56,18.44,0,0,.311,12.3
105,2014,148,2042,23.27,18.27,0,0,.312,12.3
105,2014,148,2048,22.99,18.17,0,0,.312,12.3
105,2014,148,2054,22.71,17.97,0,0,.313,12.3
105,2014,148,2100,22.45,17.82,0,0,.313,12.3
105,2014,148,2106,22.19,17.65,0,0,.313,12.3
105,2014,148,2112,21.94,17.51,0,0,.312,12.3
105,2014,148,2118,21.71,17.46,0,0,.312,12.3
105,2014,148,2124,21.48,17.36,0,0,.313,12.3
105,2014,148,2130,21.26,17.31,0,0,.312,12.3
105,2014,148,2136,21.05,17.17,0,0,.312,12.3
105,2014,148,2142,20.86,16.94,0,0,.312,12.3
105,2014,148,2148,20.66,16.92,0,0,.311,12.3
105,2014,148,2154,20.47,16.85,0,0,.312,12.3
105,2014,148,2200,20.3,16.82,0,0,.311,12.3
105,2014,148,2206,20.14,16.71,0,0,.311,12.3
105,2014,148,2212,19.98,16.53,0,0,.31,12.3
105,2014,148,2218,19.82,16.51,0,0,.31,12.3
105,2014,148,2224,19.68,16.38,0,0,.31,12.3
105,2014,148,2230,19.54,16.44,0,0,.31,12.3
105,2014,148,2236,19.4,16.34,0,0,.31,12.3
105,2014,148,2242,19.27,16.24,0,0,.309,12.31
105,2014,148,2248,19.13,16.19,0,0,.31,12.3
105,2014,148,2254,19.01,16.15,0,0,.309,12.3
105,2014,148,2300,18.89,16.06,0,0,.31,12.3
105,2014,148,2306,18.78,16.06,0,0,.31,12.3
105,2014,148,2312,18.67,15.96,0,0,.309,12.3
105,2014,148,2318,18.57,15.78,0,0,.309,12.3
105,2014,148,2324,18.47,15.72,0,0,.309,12.3
105,2014,148,2330,18.37,15.7,0,0,.31,12.31
105,2014,148,2336,18.27,15.63,0,0,.31,12.3
105,2014,148,2342,18.17,15.6,0,0,.309,12.3
105,2014,148,2348,18.09,15.65,0,0,.31,12.3
105,2014,148,2354,18.01,15.56,0,0,.309,12.3
105,2014,149,0,17.93,15.58,0,0,.309,12.31
105,2014,149,6,17.85,15.62,0,0,.309,12.31
105,2014,149,12,17.77,15.69,0,0,.309,12.31
105,2014,149,18,17.7,15.62,0,0,.309,12.31
105,2014,149,24,17.63,15.56,0,0,.308,12.31
105,2014,149,30,17.57,15.59,0,0,.309,12.31
105,2014,149,36,17.52,15.59,0,0,.309,12.31
105,2014,149,42,17.47,15.52,0,0,.308,12.3
105,2014,149,48,17.42,15.51,0,0,.307,12.31
105,2014,149,54,17.38,15.49,0,0,.308,12.3
105,2014,149,100,17.34,15.5,0,0,.308,12.3
105,2014,149,106,17.3,15.4,0,0,.308,12.3
105,2014,149,112,17.26,15.34,0,0,.308,12.3
105,2014,149,118,17.21,15.3,0,0,.308,12.3
105,2014,149,124,17.17,15.32,0,0,.308,12.3
105,2014,149,130,17.13,15.21,0,0,.308,12.31
105,2014,149,136,17.09,15.17,0,0,.308,12.31
105,2014,149,142,17.05,15.06,0,0,.308,12.31
105,2014,149,148,17,14.96,0,0,.308,12.31
105,2014,149,154,16.95,14.92,0,0,.308,12.31
105,2014,149,200,16.9,14.77,0,0,.308,12.31
105,2014,149,206,16.84,14.6,0,0,.308,12.31
105,2014,149,212,16.78,14.46,0,0,.308,12.31
105,2014,149,218,16.72,14.46,0,0,.308,12.31
105,2014,149,224,16.66,14.45,0,0,.307,12.31
105,2014,149,230,16.6,14.48,0,0,.308,12.31
105,2014,149,236,16.55,14.35,0,0,.306,12.31
105,2014,149,242,16.5,14.34,0,0,.306,12.31
105,2014,149,248,16.44,14.19,0,0,.306,12.3
105,2014,149,254,16.39,14.24,0,0,.306,12.31
105,2014,149,300,16.34,14.14,0,0,.306,12.31
105,2014,149,306,16.29,14.14,0,0,.306,12.31
105,2014,149,312,16.23,14.18,0,0,.306,12.31
105,2014,149,318,16.18,14.14,0,0,.306,12.31
105,2014,149,324,16.13,14.09,0,0,.306,12.31
105,2014,149,330,16.09,14.07,0,0,.306,12.31
105,2014,149,336,16.04,14.08,0,0,.306,12.31
105,2014,149,342,16,14.18,0,0,.306,12.31
105,2014,149,348,15.96,14.11,0,0,.306,12.31
105,2014,149,354,15.93,14.03,0,0,.306,12.31
105,2014,149,400,15.89,14.03,0,0,.306,12.31
105,2014,149,406,15.86,13.96,0,0,.306,12.31
105,2014,149,412,15.83,14.06,0,0,.306,12.31
105,2014,149,418,15.81,14.08,0,0,.306,12.31
105,2014,149,424,15.78,14.03,0,0,.306,12.31
105,2014,149,430,15.76,14.09,0,0,.306,12.31
105,2014,149,436,15.75,14.1,0,0,.306,12.31
105,2014,149,442,15.74,14.16,0,0,.306,12.31
105,2014,149,448,15.72,14.08,0,0,.305,12.31
105,2014,149,454,15.71,14.04,0,0,.305,12.31
105,2014,149,500,15.69,14.05,0,0,.304,12.31
105,2014,149,506,15.67,13.99,0,0,.305,12.31
105,2014,149,512,15.65,14.01,0,0,.304,12.31
105,2014,149,518,15.63,13.95,0,0,.304,12.31
105,2014,149,524,15.61,14,0,0,.304,12.31
105,2014,149,530,15.59,13.94,0,0,.307,12.31
105,2014,149,536,15.57,13.97,0,0,.326,12.31
105,2014,149,542,15.55,13.97,0,0,.352,12.31
105,2014,149,548,15.55,14.03,0,0,.38,12.31
105,2014,149,554,15.54,14.01,0,0,.416,12.31
105,2014,149,600,15.53,13.94,0,0,.455,12.3
105,2014,149,606,15.53,13.92,0,0,.49,12.3
105,2014,149,612,15.52,13.91,0,0,.525,12.31
105,2014,149,618,15.51,13.98,0,0,.555,12.31
105,2014,149,624,15.5,13.98,0,0,.584,12.3
105,2014,149,630,15.49,13.99,0,0,.614,12.3
105,2014,149,636,15.49,13.98,0,0,.65,12.31
105,2014,149,642,15.49,14.06,0,0,.685,12.3
105,2014,149,648,15.5,14.05,0,0,.717,12.3
105,2014,149,654,15.5,14.05,0,0,.747,12.3
105,2014,149,700,15.5,14.02,0,0,.774,12.3
105,2014,149,706,15.5,13.96,0,0,.798,12.31
105,2014,149,712,15.5,14.01,0,0,.82,12.31
105,2014,149,718,15.51,13.96,0,0,.84,12.3
105,2014,149,724,15.51,13.77,0,0,.85,12.31
105,2014,149,730,15.5,13.84,0,0,.851,12.31
105,2014,149,736,15.49,13.83,0,0,.85,12.31
105,2014,149,742,15.47,13.89,0,0,.851,12.31
105,2014,149,748,15.46,13.9,0,0,.844,12.3
105,2014,149,754,15.46,14.01,0,0,.832,12.31
105,2014,149,800,15.45,13.95,0,0,.819,12.3
105,2014,149,806,15.45,13.86,0,0,.805,12.31
105,2014,149,812,15.44,13.88,0,0,.794,12.31
105,2014,149,818,15.43,14.06,0,0,.784,12.31
105,2014,149,824,15.42,13.93,0,0,.775,12.3
105,2014,149,830,15.42,13.91,0,0,.768,12.31
105,2014,149,836,15.42,14.03,0,0,.76,12.3
105,2014,149,842,15.41,14.02,0,0,.751,12.3
105,2014,149,848,15.41,13.91,0,0,.742,12.3
105,2014,149,854,15.41,13.96,0,0,.734,12.3
105,2014,149,900,15.4,13.88,0,0,.725,12.3
105,2014,149,906,15.39,14.03,0,0,.717,12.3
105,2014,149,912,15.39,14,0,0,.709,12.31
105,2014,149,918,15.39,13.97,0,0,.701,12.3
105,2014,149,924,15.39,13.9,0,0,.692,12.3
105,2014,149,930,15.39,14.09,0,0,.684,12.3
105,2014,149,936,15.4,14.05,0,0,.675,12.3
105,2014,149,942,15.4,14.15,0,0,.667,12.3
105,2014,149,948,15.41,13.98,0,0,.659,12.3
105,2014,149,954,15.4,13.79,0,0,.65,12.31
105,2014,149,1000,15.4,14.11,0,0,.641,12.3
105,2014,149,1006,15.4,14.07,0,0,.633,12.3
105,2014,149,1012,15.41,14.07,0,0,.626,12.3
105,2014,149,1018,15.41,13.95,0,0,.618,12.3
105,2014,149,1024,15.4,14.02,0,0,.611,12.3
105,2014,149,1030,15.4,14.07,0,0,.604,12.3
105,2014,149,1036,15.39,14.14,0,0,.597,12.3
105,2014,149,1042,15.39,13.97,0,0,.591,12.31
105,2014,149,1048,15.38,13.99,0,0,.585,12.31
105,2014,149,1054,15.38,14.21,0,0,.578,12.3
105,2014,149,1100,15.38,13.92,0,0,.571,12.3
105,2014,149,1106,15.38,13.92,0,0,.566,12.3
105,2014,149,1112,15.37,13.85,0,0,.561,12.31
105,2014,149,1118,15.36,13.96,0,0,.556,12.31
105,2014,149,1124,15.35,13.98,0,0,.55,12.31
105,2014,149,1130,15.34,14.14,0,0,.546,12.31
105,2014,149,1136,15.33,13.92,0,0,.541,12.31
105,2014,149,1142,15.32,13.93,0,0,.537,12.31
105,2014,149,1148,15.32,13.99,0,0,.532,12.31
105,2014,149,1154,15.31,14.12,0,0,.527,12.3
105,2014,149,1200,15.31,14.15,0,0,.524,12.3
105,2014,149,1206,15.32,14.2,0,0,.519,12.3
105,2014,149,1212,15.33,14.25,0,0,.515,12.31
105,2014,149,1218,15.35,14.35,0,0,.511,12.31
105,2014,149,1224,15.37,14.48,0,0,.508,12.3
105,2014,149,1230,15.41,14.75,0,0,.505,12.3
105,2014,149,1236,15.45,14.8,0,0,.501,12.3
105,2014,149,1242,15.49,14.75,0,0,.498,12.3
105,2014,149,1248,15.54,14.79,0,0,.495,12.3
105,2014,149,1254,15.59,14.74,0,0,.491,12.3
105,2014,149,1300,15.63,14.98,0,0,.489,12.3
105,2014,149,1306,15.67,14.92,0,0,.485,12.3
105,2014,149,1312,15.72,14.94,0,0,.483,12.3
105,2014,149,1318,15.76,14.98,0,0,.48,12.3
105,2014,149,1324,15.8,14.89,0,0,.478,12.3
105,2014,149,1330,15.83,14.97,0,0,.475,12.3
105,2014,149,1336,15.86,15.04,0,0,.474,12.3
105,2014,149,1342,15.88,14.99,0,0,.471,12.3
105,2014,149,1348,15.91,14.79,0,0,.469,12.3
105,2014,149,1354,15.94,14.96,0,0,.467,12.3
105,2014,149,1400,15.96,14.65,0,0,.465,12.3
105,2014,149,1406,15.97,14.74,0,0,.464,12.3
105,2014,149,1412,15.97,14.57,0,0,.464,12.3
105,2014,149,1418,15.98,14.74,0,0,.464,12.3
105,2014,149,1424,15.98,14.7,0,0,.464,12.3
105,2014,149,1430,15.98,14.56,0,0,.464,12.3
105,2014,149,1436,15.97,14.67,0,0,.463,12.3
105,2014,149,1442,15.97,14.78,0,0,.464,12.3
105,2014,149,1448,15.97,14.69,0,0,.464,12.3
105,2014,149,1454,15.97,14.59,0,0,.463,12.3
105,2014,149,1500,15.97,14.52,0,0,.465,12.3
105,2014,149,1506,15.97,14.65,0,0,.469,12.3
105,2014,149,1512,15.96,14.81,0,0,.476,12.3
105,2014,149,1518,15.96,15.24,0,0,.486,12.3
105,2014,149,1524,15.98,15.42,0,0,.498,12.3
105,2014,149,1530,16.01,15.27,0,0,.516,12.3
105,2014,149,1536,16.04,15.19,0,0,.536,12.3
105,2014,149,1542,16.08,15.18,0,0,.558,12.3
105,2014,149,1548,16.11,15.45,0,0,.584,12.3
105,2014,149,1554,16.13,15.33,0,0,.612,12.3
105,2014,149,1600,16.16,15.07,0,0,.643,12.3
105,2014,149,1606,16.18,15.02,0,0,.675,12.31
105,2014,149,1612,16.19,14.93,0,0,.709,12.31
105,2014,149,1618,16.19,15.14,0,0,.746,12.3
105,2014,149,1624,16.19,14.98,0,0,.78,12.3
105,2014,149,1630,16.19,14.73,0,0,.818,12.3
105,2014,149,1636,16.19,14.74,0,0,.86,12.31
105,2014,149,1642,16.18,14.66,0,0,.902,12.31
105,2014,149,1648,16.2,14.41,0,0,.946,12.31
105,2014,149,1654,16.33,14.29,0,0,.988,12.31
105,2014,149,1700,16.55,14.19,0,0,1.025,12.31
105,2014,149,1706,16.83,14.57,0,0,1.064,12.31
105,2014,149,1712,17.15,14.37,0,0,1.096,12.3
105,2014,149,1718,17.48,14.31,0,0,1.122,12.3
105,2014,149,1724,17.82,14.29,0,0,1.141,12.3
105,2014,149,1730,18.16,14.26,0,0,1.15,12.3
105,2014,149,1736,18.49,14.2,0,0,1.153,12.3
105,2014,149,1742,18.82,14.16,0,0,1.153,12.31
105,2014,149,1748,19.13,14.28,0,0,1.154,12.3
105,2014,149,1754,19.44,14.21,0,0,1.151,12.3
105,2014,149,1800,19.72,14.41,0,0,1.146,12.3
105,2014,149,1806,19.99,14.36,0,0,1.142,12.3
105,2014,149,1812,20.26,14.39,0,0,1.138,12.3
105,2014,149,1818,20.5,14.29,0,0,1.135,12.3
105,2014,149,1824,20.73,14.33,0,0,1.131,12.3
105,2014,149,1830,20.94,14.36,0,0,1.128,12.3
105,2014,149,1836,21.14,14.57,0,0,1.126,12.3
105,2014,149,1842,21.34,14.59,0,0,1.125,12.3
105,2014,149,1848,21.51,14.24,0,0,1.119,12.3
105,2014,149,1854,21.69,14.43,0,0,1.116,12.3
105,2014,149,1900,21.86,14.43,0,0,1.11,12.3
105,2014,149,1906,22.01,14.29,0,0,1.101,12.3
105,2014,149,1912,22.16,14.25,0,0,1.092,12.3
105,2014,149,1918,22.29,14.31,0,0,1.081,12.3
105,2014,149,1924,22.41,14.14,0,0,1.066,12.3
105,2014,149,1930,22.53,14.3,0,0,1.056,12.3
105,2014,149,1936,22.63,14.12,0,0,1.04,12.3
105,2014,149,1942,22.72,14.11,0,0,1.025,12.3
105,2014,149,1948,22.81,14.07,0,0,1.01,12.3
105,2014,149,1954,22.9,13.97,0,0,.993,12.3
105,2014,149,2000,22.98,13.66,0,0,.974,12.3
105,2014,149,2006,23.06,13.72,0,0,.957,12.3
105,2014,149,2012,23.14,13.73,0,0,.938,12.3
105,2014,149,2018,23.21,13.84,0,0,.921,12.3
105,2014,149,2024,23.28,13.72,0,0,.904,12.3
105,2014,149,2030,23.35,13.76,0,0,.886,12.3
105,2014,149,2036,23.41,13.78,0,0,.868,12.3
105,2014,149,2042,23.47,13.99,0,0,.852,12.3
105,2014,149,2048,23.52,13.82,0,0,.835,12.3
105,2014,149,2054,23.57,13.88,0,0,.819,12.3
105,2014,149,2100,23.62,13.81,0,0,.804,12.3
105,2014,149,2106,23.66,13.87,0,0,.791,12.3
105,2014,149,2112,23.7,13.75,0,0,.777,12.3
105,2014,149,2118,23.73,13.62,0,0,.764,12.3
105,2014,149,2124,23.76,13.8,0,0,.751,12.3
105,2014,149,2130,23.77,13.88,0,0,.74,12.3
105,2014,149,2136,23.8,13.72,0,0,.727,12.3
105,2014,149,2142,23.82,13.71,0,0,.715,12.3
105,2014,149,2148,23.84,13.85,0,0,.704,12.3
105,2014,149,2154,23.85,13.82,0,0,.692,12.3
105,2014,149,2200,23.87,13.83,0,0,.682,12.3
105,2014,149,2206,23.89,13.81,0,0,.672,12.3
105,2014,149,2212,23.91,14.11,0,0,.663,12.3
105,2014,149,2218,23.92,14.25,0,0,.654,12.3
105,2014,149,2224,23.95,14.16,0,0,.642,12.3
105,2014,149,2230,23.97,14.25,0,0,.634,12.3
105,2014,149,2236,24,14.15,0,0,.626,12.3
105,2014,149,2242,24.03,14.39,0,0,.618,12.3
105,2014,149,2248,24.05,14.27,0,0,.608,12.3
105,2014,149,2254,24.07,14.26,0,0,.602,12.3
105,2014,149,2300,24.09,14.14,0,0,.595,12.3
105,2014,149,2306,24.12,14.18,0,0,.588,12.3
105,2014,149,2312,24.14,14.25,0,0,.583,12.3
105,2014,149,2318,24.17,14.22,0,0,.576,12.3
105,2014,149,2324,24.2,14.11,0,0,.57,12.3
105,2014,149,2330,24.22,14.18,0,0,.565,12.3
105,2014,149,2336,24.24,14.14,0,0,.56,12.3
105,2014,149,2342,24.27,14.14,0,0,.554,12.3
105,2014,149,2348,24.28,14.25,0,0,.549,12.3
105,2014,149,2354,24.3,14,0,0,.544,12.3
105,2014,150,0,24.32,13.95,0,0,.54,12.3
105,2014,150,6,24.34,14.01,0,0,.536,12.3
105,2014,150,12,24.36,14.38,0,0,.532,12.3
105,2014,150,18,24.38,14.27,0,0,.528,12.3
105,2014,150,24,24.4,14.31,0,0,.523,12.3
105,2014,150,30,24.42,14.49,0,0,.52,12.3
105,2014,150,36,24.45,14.32,0,0,.516,12.3
105,2014,150,42,24.47,14.23,0,0,.512,12.3
105,2014,150,48,24.5,14.35,0,0,.509,12.3
105,2014,150,54,24.52,14.33,0,0,.506,12.3
105,2014,150,100,24.55,14.29,0,0,.503,12.3
105,2014,150,106,24.58,14.35,0,0,.501,12.3
105,2014,150,112,24.6,14.36,0,0,.497,12.3
105,2014,150,118,24.62,14.15,0,0,.495,12.3
105,2014,150,124,24.64,14.08,0,0,.49,12.3
105,2014,150,130,24.65,14,0,0,.489,12.3
105,2014,150,136,24.66,14.16,0,0,.486,12.3
105,2014,150,142,24.67,14.21,0,0,.484,12.3
105,2014,150,148,24.68,14.2,0,0,.482,12.3
105,2014,150,154,24.68,14.25,0,0,.479,12.3
105,2014,150,200,24.7,14.06,0,0,.476,12.3
105,2014,150,206,24.7,14.44,0,0,.475,12.3
105,2014,150,212,24.71,14.35,0,0,.472,12.3
105,2014,150,218,24.72,14.31,0,0,.471,12.3
105,2014,150,224,24.73,14.44,0,0,.469,12.3
105,2014,150,230,24.73,14.34,0,0,.466,12.3
105,2014,150,236,24.75,14.4,0,0,.465,12.3
105,2014,150,242,24.76,14.47,0,0,.466,12.3
105,2014,150,248,24.77,14.48,0,0,.466,12.3
105,2014,150,254,24.78,14.44,0,0,.466,12.3
105,2014,150,300,24.8,14.49,0,0,.465,12.3
105,2014,150,306,24.81,14.46,0,0,.465,12.3
105,2014,150,312,24.83,14.38,0,0,.465,12.3
105,2014,150,318,24.84,14.36,0,0,.468,12.3
105,2014,150,324,24.86,14.42,0,0,.477,12.3
105,2014,150,330,24.87,14.45,0,0,.488,12.3
105,2014,150,336,24.89,14.46,0,0,.501,12.3
105,2014,150,342,24.9,14.49,0,0,.521,12.3
105,2014,150,348,24.91,14.59,0,0,.546,12.3
105,2014,150,354,24.92,14.4,0,0,.573,12.3
105,2014,150,400,24.93,14.43,0,0,.608,12.3
105,2014,150,406,24.94,14.37,0,0,.649,12.3
105,2014,150,412,24.95,14.12,0,0,.689,12.3
105,2014,150,418,24.96,14.44,0,0,.736,12.3
105,2014,150,424,24.97,14.55,0,0,.787,12.3
105,2014,150,430,24.97,14.36,0,0,.841,12.3
105,2014,150,436,24.98,14.53,0,0,.896,12.3
105,2014,150,442,24.99,14.61,0,0,.948,12.3
105,2014,150,448,25,14.46,0,0,.997,12.3
105,2014,150,454,25.01,14.14,0,0,1.041,12.3
105,2014,150,500,25.01,14.18,0,0,1.083,12.3
105,2014,150,506,24.99,14.21,0,0,1.121,12.3
105,2014,150,512,24.95,14.13,0,0,1.157,12.3
105,2014,150,518,24.88,14.24,0,0,1.196,12.3
105,2014,150,524,24.78,14.23,0,0,1.227,12.3
105,2014,150,530,24.69,14.27,0,0,1.257,12.3
105,2014,150,536,24.61,14.25,0,0,1.281,12.3
105,2014,150,542,24.54,14.23,0,0,1.302,12.3
105,2014,150,548,24.48,14.2,0,0,1.317,12.3
105,2014,150,554,24.43,14.24,0,0,1.326,12.3
105,2014,150,600,24.38,14.12,0,0,1.333,12.3
105,2014,150,606,24.36,14.22,0,0,1.338,12.3
105,2014,150,612,24.34,14.06,0,0,1.338,12.3
105,2014,150,618,24.35,14.07,0,0,1.337,12.3
105,2014,150,624,24.36,14.19,0,0,1.338,12.3
105,2014,150,630,24.38,14.29,0,0,1.338,12.3
105,2014,150,636,24.41,14.16,0,0,1.334,12.3
105,2014,150,642,24.44,14.18,0,0,1.332,12.3
105,2014,150,648,24.46,14.28,0,0,1.328,12.3
105,2014,150,654,24.48,14.26,0,0,1.32,12.3
105,2014,150,700,24.5,14.24,0,0,1.312,12.3
105,2014,150,706,24.52,14.34,0,0,1.309,12.3
105,2014,150,712,24.56,14.29,0,0,1.305,12.3
105,2014,150,718,24.59,14.22,0,0,1.303,12.3
105,2014,150,724,24.63,14.23,0,0,1.299,12.3
105,2014,150,730,24.66,14.14,0,0,1.292,12.3
105,2014,150,736,24.7,14.38,0,0,1.284,12.3
105,2014,150,742,24.74,14.36,0,0,1.272,12.3
105,2014,150,748,24.77,14.34,0,0,1.26,12.3
105,2014,150,754,24.82,14.46,0,0,1.246,12.3
105,2014,150,800,24.86,14.53,0,0,1.231,12.3
105,2014,150,806,24.9,14.57,0,0,1.213,12.3
105,2014,150,812,24.92,14.58,0,0,1.196,12.3
105,2014,150,818,24.94,14.76,0,0,1.178,12.3
105,2014,150,824,24.96,14.76,0,0,1.158,12.3
105,2014,150,830,24.98,14.73,0,0,1.137,12.3
105,2014,150,836,24.99,14.78,0,0,1.115,12.3
105,2014,150,842,25,14.86,0,0,1.096,12.3
105,2014,150,848,25.02,14.79,0,0,1.072,12.3
105,2014,150,854,25.04,15.06,0,0,1.053,12.3
105,2014,150,900,25.06,14.86,0,0,1.033,12.3
105,2014,150,906,25.09,14.83,0,0,1.015,12.3
105,2014,150,912,25.13,14.97,0,0,.995,12.3
105,2014,150,918,25.15,14.97,0,0,.977,12.3
105,2014,150,924,25.17,15.1,0,0,.959,12.3
105,2014,150,930,25.19,15.2,0,0,.942,12.3
105,2014,150,936,25.21,15.19,0,0,.924,12.3
105,2014,150,942,25.23,15.46,0,0,.909,12.3
105,2014,150,948,25.25,15.41,0,0,.889,12.3
105,2014,150,954,25.27,15.5,0,0,.87,12.3
105,2014,150,1000,25.3,15.8,0,0,.855,12.3
105,2014,150,1006,25.35,16.14,0,0,.839,12.3
105,2014,150,1012,25.4,16.34,0,0,.823,12.3
105,2014,150,1018,25.47,16.34,0,0,.807,12.3
105,2014,150,1024,25.53,16.51,0,0,.792,12.3
105,2014,150,1030,25.55,16.35,0,0,.779,12.3
105,2014,150,1036,25.53,16.34,0,0,.766,12.3
105,2014,150,1042,25.51,16.34,0,0,.753,12.3
105,2014,150,1048,25.52,16.26,0,0,.742,12.3
105,2014,150,1054,25.53,16.41,0,0,.729,12.3
105,2014,150,1100,25.51,16.63,0,0,.716,12.3
105,2014,150,1106,25.48,16.49,0,0,.703,12.3
105,2014,150,1112,25.43,16.47,0,0,.694,12.3
105,2014,150,1118,25.37,16.8,0,0,.683,12.3
105,2014,150,1124,25.33,17.41,0,0,.673,12.3
105,2014,150,1130,25.31,17.97,0,0,.664,12.3
105,2014,150,1136,25.32,18.01,0,0,.654,12.3
105,2014,150,1142,25.35,17.77,0,0,.644,12.3
105,2014,150,1148,25.39,17.46,0,0,.636,12.3
105,2014,150,1154,25.43,17.72,0,0,.626,12.3
105,2014,150,1200,25.48,18.15,0,0,.619,12.3
105,2014,150,1206,25.53,19.08,0,0,.611,12.3
105,2014,150,1212,25.62,19.93,0,0,.602,12.3
105,2014,150,1218,25.72,18.97,0,0,.595,12.3
105,2014,150,1224,25.85,18.86,0,0,.589,12.3
105,2014,150,1230,26.02,19.11,0,0,.582,12.3
105,2014,150,1236,26.19,19.62,0,0,.577,12.3
105,2014,150,1242,26.39,19.64,0,0,.57,12.3
105,2014,150,1248,26.61,19.73,0,0,.564,12.3
105,2014,150,1254,26.84,19.84,0,0,.559,12.3
105,2014,150,1300,27.08,19.55,0,0,.554,12.3
105,2014,150,1306,27.3,19,0,0,.549,12.3
105,2014,150,1312,27.51,19.65,0,0,.545,12.3
105,2014,150,1318,27.69,20.58,0,0,.54,12.3
105,2014,150,1324,27.84,21.3,0,0,.535,12.3
105,2014,150,1330,28.02,20.67,0,0,.53,12.3
105,2014,150,1336,28.19,20.13,0,0,.526,12.3
105,2014,150,1342,28.36,20.14,0,0,.523,12.3
105,2014,150,1348,28.51,19.77,0,0,.519,12.3
105,2014,150,1354,28.66,20.58,0,0,.515,12.3
105,2014,150,1400,28.81,20.31,0,0,.512,12.3
105,2014,150,1406,28.95,20.21,0,0,.508,12.3
105,2014,150,1412,29.06,21.4,0,0,.504,12.29
105,2014,150,1418,29.2,21.06,0,0,.502,12.29
105,2014,150,1424,29.36,22.24,0,0,.499,12.29
105,2014,150,1430,29.55,22.5,0,0,.494,12.29
105,2014,150,1436,29.75,22.24,0,0,.492,12.29
105,2014,150,1442,29.92,21.11,0,0,.489,12.29
105,2014,150,1448,30.07,21.12,0,0,.486,12.29
105,2014,150,1454,30.21,21.2,0,0,.484,12.3
105,2014,150,1500,30.33,21.25,0,0,.481,12.3
105,2014,150,1506,30.44,21.61,0,0,.478,12.3
105,2014,150,1512,30.52,21.03,0,0,.477,12.3
105,2014,150,1518,30.6,21.09,0,0,.475,12.29
105,2014,150,1524,30.68,21.38,0,0,.473,12.29
105,2014,150,1530,30.76,21.68,0,0,.471,12.29
105,2014,150,1536,30.84,23.09,0,0,.468,12.29
105,2014,150,1542,30.91,22.67,0,0,.465,12.29
105,2014,150,1548,30.98,21.8,0,0,.464,12.29
105,2014,150,1554,31.03,22.72,0,0,.461,12.29
105,2014,150,1600,31.09,22.81,0,0,.459,12.29
105,2014,150,1606,31.18,22.77,0,0,.457,12.29
105,2014,150,1612,31.28,23.23,0,0,.456,12.29
105,2014,150,1618,31.38,21.82,0,0,.454,12.29
105,2014,150,1624,31.49,22.97,0,0,.452,12.29
105,2014,150,1630,31.6,23.11,0,0,.452,12.29
105,2014,150,1636,31.71,23.1,0,0,.45,12.29
105,2014,150,1642,31.82,21.92,0,0,.448,12.29
105,2014,150,1648,31.94,22.27,0,0,.446,12.29
105,2014,150,1654,32.06,22.14,0,0,.445,12.29
105,2014,150,1700,32.15,21.29,0,0,.444,12.29
105,2014,150,1706,32.23,21.06,0,0,.443,12.29
105,2014,150,1712,32.29,21.06,0,0,.443,12.3
105,2014,150,1718,32.3,20.94,0,0,.442,12.3
105,2014,150,1724,32.3,20.51,0,0,.44,12.3
105,2014,150,1730,32.28,20.41,0,0,.44,12.29
105,2014,150,1736,32.24,20.52,0,0,.44,12.3
105,2014,150,1742,32.18,20.37,0,0,.438,12.3
105,2014,150,1748,32.11,20.44,0,0,.437,12.3
105,2014,150,1754,32.04,20.15,0,0,.436,12.29
105,2014,150,1800,31.95,19.79,0,0,.435,12.3
105,2014,150,1806,31.86,19.81,0,0,.434,12.29
105,2014,150,1812,31.77,19.2,0,0,.433,12.29
105,2014,150,1818,31.69,19.22,0,0,.432,12.29
105,2014,150,1824,31.6,19.02,0,0,.432,12.29
105,2014,150,1830,31.51,18.7,0,0,.431,12.3
105,2014,150,1836,31.42,18.8,0,0,.43,12.29
105,2014,150,1842,31.32,18.56,0,0,.429,12.29
105,2014,150,1848,31.21,18.51,0,0,.429,12.29
105,2014,150,1854,31.1,18.39,0,0,.427,12.29
105,2014,150,1900,30.99,18.17,0,0,.427,12.29
105,2014,150,1906,30.88,18.12,0,0,.425,12.29
105,2014,150,1912,30.78,18.13,0,0,.424,12.3
105,2014,150,1918,30.66,18.18,0,0,.424,12.3
105,2014,150,1924,30.54,17.92,0,0,.423,12.3
105,2014,150,1930,30.43,17.85,0,0,.422,12.3
105,2014,150,1936,30.32,17.78,0,0,.421,12.29
105,2014,150,1942,30.21,17.78,0,0,.42,12.29
105,2014,150,1948,30.11,17.47,0,0,.42,12.29
105,2014,150,1954,30,17.42,0,0,.418,12.29
105,2014,150,2000,29.89,17.34,0,0,.418,12.29
105,2014,150,2006,29.78,17.09,0,0,.418,12.3
105,2014,150,2012,29.67,16.87,0,0,.416,12.3
105,2014,150,2018,29.57,16.66,0,0,.416,12.3
105,2014,150,2024,29.45,16.46,0,0,.415,12.3
105,2014,150,2030,29.32,16.33,0,0,.415,12.3
105,2014,150,2036,29.19,16.27,0,0,.414,12.3
105,2014,150,2042,29.06,16.04,0,0,.413,12.3
105,2014,150,2048,28.93,15.9,0,0,.413,12.3
105,2014,150,2054,28.8,15.9,0,0,.411,12.3
105,2014,150,2100,28.66,15.77,0,0,.411,12.3
105,2014,150,2106,28.52,15.65,0,0,.41,12.3
105,2014,150,2112,28.38,15.56,0,0,.41,12.3
105,2014,150,2118,28.24,15.41,0,0,.409,12.3
105,2014,150,2124,28.11,15.36,0,0,.408,12.3
105,2014,150,2130,27.97,15.33,0,0,.407,12.3
105,2014,150,2136,27.83,15.26,0,0,.407,12.3
105,2014,150,2142,27.7,15.1,0,0,.406,12.3
105,2014,150,2148,27.57,15.3,0,0,.405,12.3
105,2014,150,2154,27.44,15.05,0,0,.404,12.3
105,2014,150,2200,27.32,15.06,0,0,.404,12.3
105,2014,150,2206,27.2,14.86,0,0,.403,12.3
105,2014,150,2212,27.08,14.91,0,0,.402,12.3
105,2014,150,2218,26.97,14.92,0,0,.402,12.3
105,2014,150,2224,26.87,14.82,0,0,.4,12.3
105,2014,150,2230,26.77,14.81,0,0,.401,12.3
105,2014,150,2236,26.67,14.83,0,0,.4,12.3
105,2014,150,2242,26.58,14.79,0,0,.399,12.3
105,2014,150,2248,26.48,14.65,0,0,.399,12.3
105,2014,150,2254,26.4,14.84,0,0,.397,12.3
105,2014,150,2300,26.32,14.87,0,0,.397,12.3
105,2014,150,2306,26.24,14.64,0,0,.397,12.3
105,2014,150,2312,26.17,14.82,0,0,.395,12.3
105,2014,150,2318,26.11,14.91,0,0,.395,12.3
105,2014,150,2324,26.05,14.84,0,0,.394,12.3
105,2014,150,2330,25.99,14.79,0,0,.394,12.3
105,2014,150,2336,25.93,14.74,0,0,.394,12.3
105,2014,150,2342,25.88,14.74,0,0,.393,12.3
105,2014,150,2348,25.84,14.72,0,0,.392,12.3
105,2014,150,2354,25.79,14.77,0,0,.392,12.3
105,2014,151,0,25.75,14.81,0,0,.392,12.3
105,2014,151,6,25.71,14.79,0,0,.391,12.3
105,2014,151,12,25.68,14.85,0,0,.389,12.3
105,2014,151,18,25.65,14.96,0,0,.39,12.3
105,2014,151,24,25.64,15.02,0,0,.388,12.3
105,2014,151,30,25.64,15.1,0,0,.389,12.3
105,2014,151,36,25.65,15.18,0,0,.388,12.3
105,2014,151,42,25.67,15.26,0,0,.387,12.3
105,2014,151,48,25.68,15.32,0,0,.387,12.3
105,2014,151,54,25.71,15.25,0,0,.386,12.3
105,2014,151,100,25.73,15.43,0,0,.386,12.3
105,2014,151,106,25.76,15.57,0,0,.385,12.3
105,2014,151,112,25.78,15.64,0,0,.385,12.3
105,2014,151,118,25.81,15.65,0,0,.384,12.3
105,2014,151,124,25.84,15.59,0,0,.383,12.3
105,2014,151,130,25.87,15.64,0,0,.383,12.3
105,2014,151,136,25.9,15.62,0,0,.383,12.3
105,2014,151,142,25.93,15.68,0,0,.382,12.3
105,2014,151,148,25.96,15.7,0,0,.381,12.3
105,2014,151,154,25.99,15.74,0,0,.381,12.3
105,2014,151,200,26.02,15.76,0,0,.381,12.3
105,2014,151,206,26.06,15.67,0,0,.38,12.3
105,2014,151,212,26.09,15.66,0,0,.38,12.3
105,2014,151,218,26.11,15.65,0,0,.38,12.3
105,2014,151,224,26.12,15.5,0,0,.378,12.3
105,2014,151,230,26.12,15.54,0,0,.377,12.3
105,2014,151,236,26.12,15.43,0,0,.378,12.3
105,2014,151,242,26.12,15.42,0,0,.378,12.3
105,2014,151,248,26.1,15.32,0,0,.375,12.3
105,2014,151,254,26.08,15.19,0,0,.376,12.3
105,2014,151,300,26.06,15.29,0,0,.376,12.3
105,2014,151,306,26.03,15.23,0,0,.375,12.3
105,2014,151,312,25.99,15.1,0,0,.375,12.3
105,2014,151,318,25.95,15.04,0,0,.375,12.3
105,2014,151,324,25.92,15.04,0,0,.375,12.3
105,2014,151,330,25.87,14.99,0,0,.375,12.3
105,2014,151,336,25.83,14.93,0,0,.374,12.3
105,2014,151,342,25.79,14.91,0,0,.373,12.3
105,2014,151,348,25.74,14.85,0,0,.372,12.3
105,2014,151,354,25.7,14.97,0,0,.372,12.3
105,2014,151,400,25.66,14.84,0,0,.372,12.3
105,2014,151,406,25.62,14.69,0,0,.371,12.3
105,2014,151,412,25.57,14.75,0,0,.371,12.3
105,2014,151,418,25.53,14.86,0,0,.371,12.3
105,2014,151,424,25.49,14.89,0,0,.369,12.3
105,2014,151,430,25.44,14.65,0,0,.369,12.3
105,2014,151,436,25.39,14.29,0,0,.369,12.3
105,2014,151,442,25.35,14.21,0,0,.369,12.3
105,2014,151,448,25.3,14.39,0,0,.369,12.3
105,2014,151,454,25.24,14.31,0,0,.369,12.3
105,2014,151,500,25.19,14.27,0,0,.367,12.3
105,2014,151,506,25.14,14.18,0,0,.366,12.3
105,2014,151,512,25.09,14.05,0,0,.366,12.3
105,2014,151,518,25.04,13.91,0,0,.367,12.3
105,2014,151,524,24.98,13.72,0,0,.367,12.3
105,2014,151,530,24.93,13.73,0,0,.367,12.3
105,2014,151,536,24.88,13.49,0,0,.364,12.3
105,2014,151,542,24.83,13.25,0,0,.365,12.3
105,2014,151,548,24.77,13.27,0,0,.365,12.3
105,2014,151,554,24.7,13.4,0,0,.366,12.3
105,2014,151,600,24.64,13.34,0,0,.365,12.3
105,2014,151,606,24.57,13.46,0,0,.363,12.3
105,2014,151,612,24.51,13.62,0,0,.363,12.3
105,2014,151,618,24.46,13.71,0,0,.364,12.3
105,2014,151,624,24.4,13.87,0,0,.363,12.3
105,2014,151,630,24.36,14.04,0,0,.362,12.3
105,2014,151,636,24.33,14.01,0,0,.362,12.3
105,2014,151,642,24.3,13.74,0,0,.362,12.3
105,2014,151,648,24.28,13.73,0,0,.362,12.3
105,2014,151,654,24.27,13.75,0,0,.362,12.3
105,2014,151,700,24.25,14.11,0,0,.36,12.3
105,2014,151,706,24.24,15.46,0,0,.359,12.3
105,2014,151,712,24.25,15.68,0,0,.358,12.3
105,2014,151,718,24.28,15.82,0,0,.358,12.3
105,2014,151,724,24.33,16.05,0,0,.357,12.3
105,2014,151,730,24.41,16.97,0,0,.357,12.3
105,2014,151,736,24.51,17.23,0,0,.355,12.3
105,2014,151,742,24.64,17.57,0,0,.355,12.3
105,2014,151,748,24.76,18.01,0,0,.355,12.3
105,2014,151,754,24.89,18.35,0,0,.355,12.3
105,2014,151,800,24.99,18.67,0,0,.354,12.3
105,2014,151,806,25.07,18.93,0,0,.353,12.3
105,2014,151,812,25.11,19.21,0,0,.353,12.3
105,2014,151,818,25.13,19.42,0,0,.353,12.3
105,2014,151,824,25.13,19.8,0,0,.353,12.3
105,2014,151,830,25.13,20.31,0,0,.353,12.3
105,2014,151,836,25.16,20.45,0,0,.352,12.3
105,2014,151,842,25.19,20.97,0,0,.35,12.3
105,2014,151,848,25.24,21.27,0,0,.35,12.3
105,2014,151,854,25.3,21.94,0,0,.35,12.3
105,2014,151,900,25.39,22.19,0,0,.35,12.3
105,2014,151,906,25.5,22.11,0,0,.349,12.3
105,2014,151,912,25.62,22.61,0,0,.35,12.3
105,2014,151,918,25.76,22.83,0,0,.348,12.3
105,2014,151,924,25.91,22.84,0,0,.347,12.3
105,2014,151,930,26.08,23.69,0,0,.347,12.3
105,2014,151,936,26.28,24.07,0,0,.347,12.29
105,2014,151,942,26.52,24.32,0,0,.347,12.29
105,2014,151,948,26.81,24.11,0,0,.346,12.29
105,2014,151,954,27.09,24.56,0,0,.345,12.29
105,2014,151,1000,27.37,23.84,0,0,.346,12.29
105,2014,151,1006,27.61,24.29,0,0,.347,12.29
105,2014,151,1012,27.82,24.52,0,0,.346,12.29
105,2014,151,1018,28.03,24.83,0,0,.345,12.29
105,2014,151,1024,28.23,25.89,0,0,.345,12.29
105,2014,151,1030,28.44,25.72,0,0,.344,12.29
105,2014,151,1036,28.67,26.28,0,0,.344,12.29
105,2014,151,1042,28.94,26.47,0,0,.344,12.29
105,2014,151,1048,29.21,26.85,0,0,.343,12.29
105,2014,151,1054,29.5,26.68,0,0,.343,12.29
105,2014,151,1100,29.77,26.41,0,0,.342,12.29
105,2014,151,1106,30,26.12,0,0,.342,12.29
105,2014,151,1112,30.18,25.83,0,0,.342,12.29
105,2014,151,1118,30.3,26.33,0,0,.342,12.29
105,2014,151,1124,30.4,26.77,0,0,.342,12.29
105,2014,151,1130,30.51,26.42,0,0,.342,12.29
105,2014,151,1136,30.59,26.48,0,0,.341,12.29
105,2014,151,1142,30.66,26.74,0,0,.341,12.29
105,2014,151,1148,30.74,27.06,0,0,.34,12.29
105,2014,151,1154,30.85,26.74,0,0,.34,12.29
105,2014,151,1200,30.95,26.27,0,0,.34,12.29
105,2014,151,1206,31.02,26.91,0,0,.339,12.29
105,2014,151,1212,31.07,26.36,0,0,.34,12.29
105,2014,151,1218,31.13,26.5,0,0,.339,12.29
105,2014,151,1224,31.19,27.43,0,0,.339,12.29
105,2014,151,1230,31.26,26.91,0,0,.339,12.29
105,2014,151,1236,31.33,26.91,0,0,.338,12.29
105,2014,151,1242,31.38,26.42,0,0,.338,12.29
105,2014,151,1248,31.42,27.11,0,0,.338,12.29
105,2014,151,1254,31.47,26.13,0,0,.338,12.29
105,2014,151,1300,31.56,27.53,0,0,.338,12.29
105,2014,151,1306,31.65,28.03,0,0,.336,12.29
105,2014,151,1312,31.75,26.36,0,0,.336,12.29
105,2014,151,1318,31.87,25.33,0,0,.336,12.29
105,2014,151,1324,31.99,25.78,0,0,.336,12.29
105,2014,151,1330,32.08,27.42,0,0,.336,12.29
105,2014,151,1336,32.16,28.08,0,0,.336,12.29
105,2014,151,1342,32.29,27.95,0,0,.336,12.29
105,2014,151,1348,32.46,27.8,0,0,.335,12.29
105,2014,151,1354,32.64,27.41,0,0,.335,12.29
105,2014,151,1400,32.85,27.7,0,0,.335,12.29
105,2014,151,1406,33.07,27.81,0,0,.333,12.29
105,2014,151,1412,33.3,27.31,0,0,.333,12.29
105,2014,151,1418,33.51,27.72,0,0,.333,12.29
105,2014,151,1424,33.65,28.25,0,0,.334,12.29
105,2014,151,1430,33.76,27.53,0,0,.333,12.29
105,2014,151,1436,33.84,26.18,0,0,.333,12.29
105,2014,151,1442,33.88,27.14,0,0,.333,12.29
105,2014,151,1448,33.9,26.63,0,0,.332,12.29
105,2014,151,1454,33.94,27.58,0,0,.331,12.29
105,2014,151,1500,33.97,27.7,0,0,.331,12.29
105,2014,151,1506,34.01,27.3,0,0,.331,12.29
105,2014,151,1512,34.09,25.5,0,0,.33,12.29
105,2014,151,1518,34.17,26.35,0,0,.33,12.29
105,2014,151,1524,34.24,25.97,0,0,.331,12.29
105,2014,151,1530,34.27,26.54,0,0,.33,12.29
105,2014,151,1536,34.28,25.46,0,0,.33,12.29
105,2014,151,1542,34.27,26.91,0,0,.33,12.29
105,2014,151,1548,34.23,26.62,0,0,.328,12.29
105,2014,151,1554,34.17,26.48,0,0,.328,12.29
105,2014,151,1600,34.08,26.67,0,0,.328,12.29
105,2014,151,1606,33.99,26.99,0,0,.328,12.29
105,2014,151,1612,33.91,27.39,0,0,.328,12.29
105,2014,151,1618,33.88,27.48,0,0,.327,12.29
105,2014,151,1624,33.88,27.38,0,0,.327,12.29
105,2014,151,1630,33.92,27.43,0,0,.326,12.29
105,2014,151,1636,33.98,27.11,0,0,.325,12.29
105,2014,151,1642,34.05,26.98,0,0,.325,12.29
105,2014,151,1648,34.11,26.58,0,0,.325,12.29
105,2014,151,1654,34.17,26.39,0,0,.325,12.29
105,2014,151,1700,34.22,26.01,0,0,.325,12.29
105,2014,151,1706,34.27,25.63,0,0,.325,12.29
105,2014,151,1712,34.32,24.77,0,0,.325,12.29
105,2014,151,1718,34.37,24.48,0,0,.325,12.29
105,2014,151,1724,34.38,24.27,0,0,.325,12.29
105,2014,151,1730,34.34,24.22,0,0,.325,12.29
105,2014,151,1736,34.26,24.13,0,0,.325,12.29
105,2014,151,1742,34.16,23.95,0,0,.325,12.29
105,2014,151,1748,34.03,23.59,0,0,.325,12.29
105,2014,151,1754,33.88,23.44,0,0,.325,12.29
105,2014,151,1800,33.73,23.29,0,0,.325,12.29
105,2014,151,1806,33.58,23.22,0,0,.325,12.29
105,2014,151,1812,33.43,23.01,0,0,.326,12.29
105,2014,151,1818,33.29,22.89,0,0,.326,12.29
105,2014,151,1824,33.14,22.85,0,0,.325,12.29
105,2014,151,1830,32.99,22.66,0,0,.325,12.29
105,2014,151,1836,32.86,22.55,0,0,.325,12.29
105,2014,151,1842,32.75,22.49,0,0,.325,12.29
105,2014,151,1848,32.64,22.36,0,0,.324,12.29
105,2014,151,1854,32.52,22.11,0,0,.325,12.29
105,2014,151,1900,32.42,22,0,0,.325,12.29
105,2014,151,1906,32.33,21.85,0,0,.324,12.29
105,2014,151,1912,32.25,21.62,0,0,.324,12.29
105,2014,151,1918,32.17,21.61,0,0,.324,12.29
105,2014,151,1924,32.1,21.35,0,0,.324,12.29
105,2014,151,1930,32.03,21.37,0,0,.323,12.29
105,2014,151,1936,31.95,21.37,0,0,.323,12.29
105,2014,151,1942,31.88,21.13,0,0,.323,12.29
105,2014,151,1948,31.8,20.81,0,0,.323,12.29
105,2014,151,1954,31.73,20.82,0,0,.323,12.29
105,2014,151,2000,31.65,20.65,0,0,.323,12.29
105,2014,151,2006,31.56,20.55,0,0,.323,12.29
105,2014,151,2012,31.48,20.52,0,0,.323,12.29
105,2014,151,2018,31.39,20.4,0,0,.323,12.29
105,2014,151,2024,31.3,20.29,0,0,.323,12.3
105,2014,151,2030,31.2,20.06,0,0,.322,12.3
105,2014,151,2036,31.1,19.78,0,0,.322,12.3
105,2014,151,2042,31.01,19.55,0,0,.322,12.3
105,2014,151,2048,30.9,19.54,0,0,.322,12.3
105,2014,151,2054,30.8,19.44,0,0,.322,12.3
105,2014,151,2100,30.69,19.25,0,0,.322,12.3
105,2014,151,2106,30.58,18.8,0,0,.324,12.3
105,2014,151,2112,30.48,18.55,0,0,.322,12.3
105,2014,151,2118,30.37,18.34,0,0,.322,12.3
105,2014,151,2124,30.26,18.42,0,0,.323,12.3
105,2014,151,2130,30.15,18.15,0,0,.323,12.3
105,2014,151,2136,30.05,18.62,0,0,.322,12.3
105,2014,151,2142,29.93,18.51,0,0,.322,12.3
105,2014,151,2148,29.81,18.49,0,0,.322,12.3
105,2014,151,2154,29.69,18.36,0,0,.322,12.3
105,2014,151,2200,29.57,18.34,0,0,.323,12.3
105,2014,151,2206,29.45,18.32,0,0,.322,12.3
105,2014,151,2212,29.33,18.19,0,0,.322,12.3
105,2014,151,2218,29.21,18.06,0,0,.322,12.3
105,2014,151,2224,29.11,18.01,0,0,.322,12.3
105,2014,151,2230,29.01,18,0,0,.322,12.3
105,2014,151,2236,28.91,17.84,0,0,.322,12.3
105,2014,151,2242,28.81,17.76,0,0,.322,12.3
105,2014,151,2248,28.71,17.61,0,0,.322,12.3
105,2014,151,2254,28.61,17.68,0,0,.322,12.3
105,2014,151,2300,28.51,17.44,0,0,.321,12.3
105,2014,151,2306,28.41,17.44,0,0,.322,12.3
105,2014,151,2312,28.31,17.25,0,0,.322,12.3
105,2014,151,2318,28.23,17.15,0,0,.322,12.3
105,2014,151,2324,28.15,17.3,0,0,.322,12.3
105,2014,151,2330,28.06,16.93,0,0,.321,12.3
105,2014,151,2336,27.97,16.98,0,0,.32,12.3
105,2014,151,2342,27.88,16.78,0,0,.32,12.3
105,2014,151,2348,27.8,16.83,0,0,.321,12.3
105,2014,151,2354,27.71,17.03,0,0,.32,12.3
105,2014,152,0,27.63,16.79,0,0,.32,12.3
105,2014,152,6,27.55,16.79,0,0,.32,12.3
105,2014,152,12,27.48,16.74,0,0,.32,12.3
105,2014,152,18,27.41,16.42,0,0,.32,12.3
105,2014,152,24,27.35,16.28,0,0,.32,12.3
105,2014,152,30,27.28,16.24,0,0,.32,12.3
105,2014,152,36,27.21,16.3,0,0,.32,12.3
105,2014,152,42,27.14,16.31,0,0,.32,12.3
105,2014,152,48,27.06,16.36,0,0,.32,12.3
105,2014,152,54,26.98,16.11,0,0,.32,12.3
105,2014,152,100,26.92,16,0,0,.32,12.3
105,2014,152,106,26.86,15.97,0,0,.32,12.3
105,2014,152,112,26.8,15.86,0,0,.319,12.3
105,2014,152,118,26.75,15.78,0,0,.32,12.3
105,2014,152,124,26.69,15.93,0,0,.319,12.3
105,2014,152,130,26.63,15.89,0,0,.319,12.3
105,2014,152,136,26.58,15.75,0,0,.319,12.3
105,2014,152,142,26.52,15.67,0,0,.319,12.3
105,2014,152,148,26.46,15.59,0,0,.319,12.3
105,2014,152,154,26.4,15.5,0,0,.319,12.3
105,2014,152,200,26.35,15.32,0,0,.319,12.3
105,2014,152,206,26.3,15.09,0,0,.319,12.3
105,2014,152,212,26.25,15.21,0,0,.319,12.3
105,2014,152,218,26.2,15.22,0,0,.32,12.3
105,2014,152,224,26.15,15.1,0,0,.318,12.3
105,2014,152,230,26.09,14.65,0,0,.318,12.3
105,2014,152,236,26.03,14.69,0,0,.317,12.3
105,2014,152,242,25.97,14.51,0,0,.317,12.3
105,2014,152,248,25.89,14.16,0,0,.317,12.3
105,2014,152,254,25.82,14.19,0,0,.317,12.3
105,2014,152,300,25.74,14.1,0,0,.317,12.3
105,2014,152,306,25.66,14,0,0,.317,12.3
105,2014,152,312,25.58,13.76,0,0,.317,12.3
105,2014,152,318,25.5,13.72,0,0,.317,12.3
105,2014,152,324,25.42,14,0,0,.317,12.3
105,2014,152,330,25.34,13.94,0,0,.317,12.3
105,2014,152,336,25.25,13.79,0,0,.317,12.3
105,2014,152,342,25.17,13.6,0,0,.317,12.3
105,2014,152,348,25.09,13.53,0,0,.317,12.3
105,2014,152,354,25.01,13.31,0,0,.317,12.3
105,2014,152,400,24.92,12.6,0,0,.317,12.3
105,2014,152,406,24.84,12.47,0,0,.317,12.3
105,2014,152,412,24.75,12.68,0,0,.317,12.3
105,2014,152,418,24.66,12.63,0,0,.317,12.3
105,2014,152,424,24.56,12.67,0,0,.317,12.3
105,2014,152,430,24.48,12.66,0,0,.317,12.3
105,2014,152,436,24.4,12.18,0,0,.317,12.3
105,2014,152,442,24.31,12.21,0,0,.316,12.3
105,2014,152,448,24.23,12.17,0,0,.317,12.3
105,2014,152,454,24.14,12.17,0,0,.317,12.3
105,2014,152,500,24.06,12.16,0,0,.317,12.3
105,2014,152,506,23.97,11.65,0,0,.318,12.3
105,2014,152,512,23.88,11.85,0,0,.317,12.3
105,2014,152,518,23.8,11.78,0,0,.316,12.3
105,2014,152,524,23.71,11.71,0,0,.316,12.3
105,2014,152,530,23.62,11.46,0,0,.316,12.3
105,2014,152,536,23.53,11.32,0,0,.317,12.3
105,2014,152,542,23.44,11.43,0,0,.317,12.3
105,2014,152,548,23.34,11.56,0,0,.317,12.3
105,2014,152,554,23.26,11.51,0,0,.317,12.3
105,2014,152,600,23.18,11.53,0,0,.317,12.3
105,2014,152,606,23.11,11.59,0,0,.317,12.3
105,2014,152,612,23.04,11.78,0,0,.316,12.3
105,2014,152,618,22.99,12.03,0,0,.317,12.3
105,2014,152,624,22.95,12.45,0,0,.317,12.3
105,2014,152,630,22.91,13.06,0,0,.315,12.3
105,2014,152,636,22.89,13.32,0,0,.315,12.3
105,2014,152,642,22.89,14,0,0,.314,12.3
105,2014,152,648,22.91,14.61,0,0,.313,12.3
105,2014,152,654,22.95,15.13,0,0,.312,12.3
105,2014,152,700,23.01,15.46,0,0,.312,12.3
105,2014,152,706,23.08,15.55,0,0,.312,12.3
105,2014,152,712,23.18,15.89,0,0,.312,12.3
105,2014,152,718,23.3,16.23,0,0,.312,12.3
105,2014,152,724,23.43,16.84,0,0,.311,12.3
105,2014,152,730,23.58,16.46,0,0,.311,12.3
105,2014,152,736,23.75,16.44,0,0,.31,12.3
105,2014,152,742,23.95,17.32,0,0,.31,12.3
105,2014,152,748,24.16,17.68,0,0,.31,12.3
105,2014,152,754,24.39,18.75,0,0,.309,12.3
105,2014,152,800,24.63,19.98,0,0,.308,12.3
105,2014,152,806,24.9,20.42,0,0,.306,12.3
105,2014,152,812,25.18,20.47,0,0,.306,12.3
105,2014,152,818,25.48,20.51,0,0,.306,12.3
105,2014,152,824,25.78,20.84,0,0,.306,12.29
105,2014,152,830,26.1,20.64,0,0,.311,12.29
105,2014,152,836,26.4,20.81,0,0,.325,12.29
105,2014,152,842,26.71,21.39,0,0,.348,12.29
105,2014,152,848,27,21.78,0,0,.379,12.3
105,2014,152,854,27.28,21.99,0,0,.407,12.29
105,2014,152,900,27.57,22.34,0,0,.429,12.29
105,2014,152,906,27.84,22.08,0,0,.449,12.29
105,2014,152,912,28.11,22.28,0,0,.465,12.29
105,2014,152,918,28.37,22,0,0,.478,12.29
105,2014,152,924,28.62,22.96,0,0,.491,12.29
105,2014,152,930,28.87,22.54,0,0,.505,12.29
105,2014,152,936,29.1,23.7,0,0,.52,12.29
105,2014,152,942,29.33,23.35,0,0,.531,12.29
105,2014,152,948,29.56,23.15,0,0,.539,12.29
105,2014,152,954,29.79,22.74,0,0,.542,12.29
105,2014,152,1000,30,22.58,0,0,.542,12.29
105,2014,152,1006,30.21,23.73,0,0,.542,12.29
105,2014,152,1012,30.42,23.03,0,0,.542,12.29
105,2014,152,1018,30.6,23.57,0,0,.542,12.29
105,2014,152,1024,30.79,23.1,0,0,.543,12.29
105,2014,152,1030,30.98,23.42,0,0,.543,12.29
105,2014,152,1036,31.17,23.5,0,0,.54,12.29
105,2014,152,1042,31.35,23.52,0,0,.536,12.29
105,2014,152,1048,31.51,24.29,0,0,.533,12.29
105,2014,152,1054,31.67,24.56,0,0,.528,12.29
105,2014,152,1100,31.85,24.58,0,0,.525,12.29
105,2014,152,1106,32.03,24.73,0,0,.521,12.29
105,2014,152,1112,32.22,25.05,0,0,.517,12.29
105,2014,152,1118,32.4,23.96,0,0,.513,12.29
105,2014,152,1124,32.58,23.68,0,0,.51,12.29
105,2014,152,1130,32.75,24.34,0,0,.507,12.29
105,2014,152,1136,32.9,24.51,0,0,.504,12.29
105,2014,152,1142,33.02,24.71,0,0,.502,12.29
105,2014,152,1148,33.14,25,0,0,.499,12.29
105,2014,152,1154,33.26,25.56,0,0,.496,12.29
105,2014,152,1200,33.38,24.46,0,0,.493,12.29
105,2014,152,1206,33.47,24.5,0,0,.489,12.29
105,2014,152,1212,33.58,24.43,0,0,.486,12.29
105,2014,152,1218,33.7,24.76,0,0,.484,12.29
105,2014,152,1224,33.82,25.24,0,0,.481,12.29
105,2014,152,1230,33.92,25.64,0,0,.477,12.29
105,2014,152,1236,34.03,25.43,0,0,.475,12.29
105,2014,152,1242,34.13,25.93,0,0,.472,12.29
105,2014,152,1248,34.24,25.4,0,0,.47,12.29
105,2014,152,1254,34.33,25.35,0,0,.467,12.29
105,2014,152,1300,34.42,25.54,0,0,.465,12.29
105,2014,152,1306,34.5,25.87,0,0,.463,12.29
105,2014,152,1312,34.58,26.09,0,0,.461,12.29
105,2014,152,1318,34.65,25.68,0,0,.458,12.29
105,2014,152,1324,34.73,25.69,0,0,.457,12.29
105,2014,152,1330,34.82,26.06,0,0,.455,12.29
105,2014,152,1336,34.92,26.27,0,0,.452,12.29
105,2014,152,1342,35,26.48,0,0,.451,12.29
105,2014,152,1348,35.08,26.11,0,0,.449,12.29
105,2014,152,1354,35.15,26.22,0,0,.448,12.29
105,2014,152,1400,35.2,26.37,0,0,.446,12.29
105,2014,152,1406,35.26,26.32,0,0,.444,12.29
105,2014,152,1412,35.31,26.62,0,0,.442,12.29
105,2014,152,1418,35.35,26.37,0,0,.441,12.29
105,2014,152,1424,35.4,25.55,0,0,.438,12.29
105,2014,152,1430,35.44,25.06,0,0,.437,12.29
105,2014,152,1436,35.45,25.24,0,0,.435,12.29
105,2014,152,1442,35.44,25.12,0,0,.434,12.29
105,2014,152,1448,35.44,25.71,0,0,.432,12.29
105,2014,152,1454,35.45,25.97,0,0,.43,12.29
105,2014,152,1500,35.47,26.18,0,0,.429,12.29
105,2014,152,1506,35.49,26.15,0,0,.429,12.29
105,2014,152,1512,35.51,26.36,0,0,.427,12.29
105,2014,152,1518,35.52,26.39,0,0,.425,12.29
105,2014,152,1524,35.52,25.99,0,0,.424,12.29
105,2014,152,1530,35.55,26.59,0,0,.422,12.29
105,2014,152,1536,35.58,26.43,0,0,.422,12.29
105,2014,152,1542,35.61,26.83,0,0,.42,12.29
105,2014,152,1548,35.65,26.88,0,0,.419,12.29
105,2014,152,1554,35.68,26.85,0,0,.417,12.29
105,2014,152,1600,35.72,26.72,0,0,.416,12.29
105,2014,152,1606,35.78,27.03,0,0,.415,12.29
105,2014,152,1612,35.85,25.98,0,0,.413,12.29
105,2014,152,1618,35.9,26.47,0,0,.412,12.29
105,2014,152,1624,35.95,25.89,0,0,.411,12.29
105,2014,152,1630,35.98,25.7,0,0,.41,12.29
105,2014,152,1636,36.01,25.56,0,0,.409,12.29
105,2014,152,1642,36.02,25.58,0,0,.408,12.29
105,2014,152,1648,36.03,25.18,0,0,.407,12.29
105,2014,152,1654,36.05,25.54,0,0,.406,12.29
105,2014,152,1700,36.06,24.87,0,0,.404,12.29
105,2014,152,1706,36.08,23.64,0,0,.404,12.29
105,2014,152,1712,36.09,23.35,0,0,.404,12.29
105,2014,152,1718,36.06,23.1,0,0,.404,12.29
105,2014,152,1724,35.99,22.79,0,0,.404,12.29
105,2014,152,1730,35.89,22.31,0,0,.403,12.29
105,2014,152,1736,35.76,22.5,0,0,.403,12.29
105,2014,152,1742,35.61,22.69,0,0,.403,12.29
105,2014,152,1748,35.43,22.32,0,0,.404,12.29
105,2014,152,1754,35.25,22.04,0,0,.402,12.29
105,2014,152,1800,35.06,21.71,0,0,.401,12.29
105,2014,152,1806,34.86,21.53,0,0,.401,12.29
105,2014,152,1812,34.67,21.71,0,0,.4,12.29
105,2014,152,1818,34.49,21.66,0,0,.4,12.29
105,2014,152,1824,34.29,21.38,0,0,.4,12.29
105,2014,152,1830,34.09,21.45,0,0,.398,12.29
105,2014,152,1836,33.91,21.28,0,0,.397,12.29
105,2014,152,1842,33.73,21.23,0,0,.397,12.29
105,2014,152,1848,33.54,21.12,0,0,.396,12.29
105,2014,152,1854,33.37,20.79,0,0,.396,12.29
105,2014,152,1900,33.23,20.51,0,0,.394,12.29
105,2014,152,1906,33.07,20.17,0,0,.394,12.29
105,2014,152,1912,32.92,20.08,0,0,.394,12.29
105,2014,152,1918,32.77,20.13,0,0,.393,12.29
105,2014,152,1924,32.64,19.75,0,0,.393,12.29
105,2014,152,1930,32.49,19.66,0,0,.393,12.29
105,2014,152,1936,32.34,19.47,0,0,.392,12.29
105,2014,152,1942,32.19,19.3,0,0,.391,12.29
105,2014,152,1948,32.05,19.24,0,0,.391,12.29
105,2014,152,1954,31.91,19.05,0,0,.39,12.29
105,2014,152,2000,31.76,18.89,0,0,.389,12.29
105,2014,152,2006,31.61,18.74,0,0,.388,12.3
105,2014,152,2012,31.48,18.59,0,0,.388,12.3
105,2014,152,2018,31.34,18.47,0,0,.388,12.29
105,2014,152,2024,31.2,18.26,0,0,.388,12.29
105,2014,152,2030,31.05,18.08,0,0,.388,12.29
105,2014,152,2036,30.9,17.93,0,0,.387,12.29
105,2014,152,2042,30.75,17.66,0,0,.386,12.29
105,2014,152,2048,30.61,17.6,0,0,.386,12.29
105,2014,152,2054,30.45,17.43,0,0,.385,12.3
105,2014,152,2100,30.29,17.32,0,0,.385,12.3
105,2014,152,2106,30.13,17.24,0,0,.385,12.3
105,2014,152,2112,29.98,17.11,0,0,.383,12.3
105,2014,152,2118,29.82,17.07,0,0,.383,12.3
105,2014,152,2124,29.66,17.06,0,0,.383,12.3
105,2014,152,2130,29.51,16.99,0,0,.383,12.3
105,2014,152,2136,29.37,16.93,0,0,.383,12.3
105,2014,152,2142,29.23,16.75,0,0,.383,12.3
105,2014,152,2148,29.09,16.74,0,0,.383,12.3
105,2014,152,2154,28.95,16.58,0,0,.383,12.3
105,2014,152,2200,28.83,16.33,0,0,.382,12.3
105,2014,152,2206,28.71,16.49,0,0,.382,12.3
105,2014,152,2212,28.59,16.49,0,0,.382,12.3
105,2014,152,2218,28.46,16.35,0,0,.381,12.3
105,2014,152,2224,28.35,16.37,0,0,.38,12.3
105,2014,152,2230,28.24,16.32,0,0,.38,12.3
105,2014,152,2236,28.14,16.26,0,0,.38,12.3
105,2014,152,2242,28.05,16.18,0,0,.38,12.3
105,2014,152,2248,27.95,16.06,0,0,.38,12.3
105,2014,152,2254,27.86,15.96,0,0,.38,12.3
105,2014,152,2300,27.78,15.87,0,0,.379,12.3
105,2014,152,2306,27.69,15.76,0,0,.378,12.3
105,2014,152,2312,27.61,15.64,0,0,.378,12.3
105,2014,152,2318,27.54,15.45,0,0,.378,12.3
105,2014,152,2324,27.45,15.62,0,0,.377,12.3
105,2014,152,2330,27.36,15.31,0,0,.377,12.3
105,2014,152,2336,27.27,15.34,0,0,.377,12.3
105,2014,152,2342,27.18,15.22,0,0,.377,12.3
105,2014,152,2348,27.09,15.14,0,0,.376,12.3
105,2014,152,2354,27,14.92,0,0,.375,12.3
105,2014,153,0,26.9,14.73,0,0,.375,12.3
105,2014,153,6,26.82,14.87,0,0,.375,12.3
105,2014,153,12,26.73,14.5,0,0,.375,12.3
105,2014,153,18,26.64,14.52,0,0,.374,12.3
105,2014,153,24,26.54,14.54,0,0,.375,12.3
105,2014,153,30,26.45,14.67,0,0,.374,12.3
105,2014,153,36,26.36,14.63,0,0,.373,12.3
105,2014,153,42,26.26,14.4,0,0,.372,12.3
105,2014,153,48,26.18,14.52,0,0,.372,12.3
105,2014,153,54,26.09,14.34,0,0,.372,12.3
105,2014,153,100,26,14.23,0,0,.373,12.3
105,2014,153,106,25.9,14.12,0,0,.372,12.3
105,2014,153,112,25.81,13.99,0,0,.372,12.3
105,2014,153,118,25.73,13.91,0,0,.371,12.3
105,2014,153,124,25.64,13.86,0,0,.37,12.3
105,2014,153,130,25.56,13.64,0,0,.369,12.3
105,2014,153,136,25.48,13.65,0,0,.369,12.3
105,2014,153,142,25.4,13.34,0,0,.369,12.3
105,2014,153,148,25.32,13.44,0,0,.369,12.3
105,2014,153,154,25.24,13.42,0,0,.367,12.3
105,2014,153,200,25.16,13.35,0,0,.367,12.3
105,2014,153,206,25.07,13.3,0,0,.367,12.3
105,2014,153,212,24.99,13.35,0,0,.367,12.3
105,2014,153,218,24.91,13.26,0,0,.367,12.3
105,2014,153,224,24.83,13.18,0,0,.366,12.3
105,2014,153,230,24.75,12.89,0,0,.366,12.3
105,2014,153,236,24.68,12.85,0,0,.366,12.3
105,2014,153,242,24.6,12.89,0,0,.366,12.3
105,2014,153,248,24.53,12.86,0,0,.366,12.3
105,2014,153,254,24.46,12.55,0,0,.367,12.3
105,2014,153,300,24.39,12.39,0,0,.365,12.3
105,2014,153,306,24.31,12.36,0,0,.365,12.3
105,2014,153,312,24.24,12.33,0,0,.364,12.3
105,2014,153,318,24.16,12.36,0,0,.364,12.3
105,2014,153,324,24.08,12.08,0,0,.364,12.3
105,2014,153,330,24,12,0,0,.364,12.3
105,2014,153,336,23.92,12,0,0,.364,12.3
105,2014,153,342,23.83,11.94,0,0,.363,12.3
105,2014,153,348,23.75,11.83,0,0,.363,12.3
105,2014,153,354,23.68,11.74,0,0,.363,12.3
105,2014,153,400,23.59,11.77,0,0,.363,12.3
105,2014,153,406,23.51,11.91,0,0,.363,12.3
105,2014,153,412,23.42,11.77,0,0,.363,12.3
105,2014,153,418,23.34,11.59,0,0,.363,12.3
105,2014,153,424,23.26,11.49,0,0,.363,12.3
105,2014,153,430,23.18,11.55,0,0,.363,12.3
105,2014,153,436,23.11,11.64,0,0,.362,12.3
105,2014,153,442,23.03,11.59,0,0,.361,12.3
105,2014,153,448,22.96,11.51,0,0,.361,12.3
105,2014,153,454,22.89,11.25,0,0,.361,12.3
105,2014,153,500,22.83,11.19,0,0,.361,12.3
105,2014,153,506,22.75,11.26,0,0,.361,12.3
105,2014,153,512,22.69,11.16,0,0,.361,12.3
105,2014,153,518,22.62,11.12,0,0,.36,12.3
105,2014,153,524,22.55,10.95,0,0,.359,12.3
105,2014,153,530,22.48,10.72,0,0,.359,12.3
105,2014,153,536,22.41,10.93,0,0,.359,12.3
105,2014,153,542,22.34,11.01,0,0,.36,12.3
105,2014,153,548,22.27,10.87,0,0,.358,12.3
105,2014,153,554,22.2,10.79,0,0,.359,12.3
105,2014,153,600,22.14,10.83,0,0,.358,12.3
105,2014,153,606,22.09,11.12,0,0,.358,12.3
105,2014,153,612,22.04,11.43,0,0,.358,12.3
105,2014,153,618,22,11.6,0,0,.358,12.3
105,2014,153,624,21.97,11.73,0,0,.358,12.3
105,2014,153,630,21.94,11.88,0,0,.357,12.3
105,2014,153,636,21.94,12.44,0,0,.356,12.3
105,2014,153,642,21.94,12.98,0,0,.356,12.3
105,2014,153,648,21.95,13.76,0,0,.355,12.3
105,2014,153,654,21.99,14.25,0,0,.354,12.3
105,2014,153,700,22.05,14.88,0,0,.353,12.3
105,2014,153,706,22.14,15.41,0,0,.353,12.3
105,2014,153,712,22.25,15.57,0,0,.352,12.3
105,2014,153,718,22.39,16.46,0,0,.351,12.3
105,2014,153,724,22.55,16.94,0,0,.35,12.3
105,2014,153,730,22.74,16.93,0,0,.35,12.3
105,2014,153,736,22.95,17.38,0,0,.351,12.3
105,2014,153,742,23.17,17.64,0,0,.349,12.3
105,2014,153,748,23.41,17.63,0,0,.349,12.3
105,2014,153,754,23.65,18.18,0,0,.349,12.3
105,2014,153,800,23.91,17.8,0,0,.348,12.3
105,2014,153,806,24.17,18.66,0,0,.348,12.3
105,2014,153,812,24.44,18.93,0,0,.347,12.3
105,2014,153,818,24.72,19.91,0,0,.346,12.3
105,2014,153,824,25.01,20.05,0,0,.345,12.3
105,2014,153,830,25.32,20.37,0,0,.345,12.3
105,2014,153,836,25.64,21.14,0,0,.345,12.3
105,2014,153,842,25.98,20.94,0,0,.345,12.3
105,2014,153,848,26.3,21.75,0,0,.346,12.3
105,2014,153,854,26.65,21.52,0,0,.347,12.3
105,2014,153,900,26.99,21.45,0,0,.35,12.3
105,2014,153,906,27.31,21.69,0,0,.357,12.3
105,2014,153,912,27.62,21.78,0,0,.366,12.3
105,2014,153,918,27.89,21.73,0,0,.377,12.3
105,2014,153,924,28.15,22.84,0,0,.388,12.29
105,2014,153,930,28.41,22.56,0,0,.399,12.29
105,2014,153,936,28.67,22.78,0,0,.411,12.29
105,2014,153,942,28.93,23.42,0,0,.42,12.29
105,2014,153,948,29.19,24.06,0,0,.429,12.29
105,2014,153,954,29.47,23.99,0,0,.438,12.29
105,2014,153,1000,29.74,23.59,0,0,.446,12.29
105,2014,153,1006,29.99,24.56,0,0,.454,12.29
105,2014,153,1012,30.24,24.52,0,0,.46,12.29
105,2014,153,1018,30.51,25.48,0,0,.465,12.29
105,2014,153,1024,30.78,24.97,0,0,.469,12.29
105,2014,153,1030,31.05,25.48,0,0,.47,12.29
105,2014,153,1036,31.32,26.11,0,0,.471,12.29
105,2014,153,1042,31.62,25.99,0,0,.471,12.29
105,2014,153,1048,31.91,26.44,0,0,.471,12.29
105,2014,153,1054,32.21,25.89,0,0,.471,12.29
105,2014,153,1100,32.48,26.45,0,0,.47,12.29
105,2014,153,1106,32.75,26.65,0,0,.471,12.29
105,2014,153,1112,33.03,26.82,0,0,.471,12.29
105,2014,153,1118,33.27,27.35,0,0,.472,12.29
105,2014,153,1124,33.53,26.5,0,0,.471,12.29
105,2014,153,1130,33.74,26.75,0,0,.471,12.29
105,2014,153,1136,33.95,27.4,0,0,.469,12.29
105,2014,153,1142,34.14,27.6,0,0,.468,12.29
105,2014,153,1148,34.33,27.94,0,0,.466,12.29
105,2014,153,1154,34.55,27.87,0,0,.464,12.29
105,2014,153,1200,34.77,27.49,0,0,.463,12.29
105,2014,153,1206,34.95,27.57,0,0,.46,12.29
105,2014,153,1212,35.11,27.56,0,0,.458,12.29
105,2014,153,1218,35.27,27.88,0,0,.457,12.29
105,2014,153,1224,35.42,27.55,0,0,.456,12.29
105,2014,153,1230,35.54,28.37,0,0,.453,12.29
105,2014,153,1236,35.68,27.67,0,0,.451,12.29
105,2014,153,1242,35.79,27.23,0,0,.45,12.29
105,2014,153,1248,35.88,27.02,0,0,.448,12.29
105,2014,153,1254,35.92,26.7,0,0,.446,12.29
105,2014,153,1300,35.91,26.69,0,0,.445,12.29
105,2014,153,1306,35.87,26.47,0,0,.444,12.29
105,2014,153,1312,35.82,26.25,0,0,.443,12.29
105,2014,153,1318,35.8,26.69,0,0,.441,12.29
105,2014,153,1324,35.8,26.94,0,0,.439,12.29
105,2014,153,1330,35.78,27.22,0,0,.438,12.29
105,2014,153,1336,35.78,27.1,0,0,.436,12.29
105,2014,153,1342,35.78,26.68,0,0,.434,12.29
105,2014,153,1348,35.76,27.29,0,0,.433,12.29
105,2014,153,1354,35.75,26.9,0,0,.432,12.29
105,2014,153,1400,35.73,27.21,0,0,.431,12.29
105,2014,153,1406,35.74,27.4,0,0,.429,12.29
105,2014,153,1412,35.77,27.53,0,0,.428,12.29
105,2014,153,1418,35.82,27.54,0,0,.427,12.29
105,2014,153,1424,35.88,26.86,0,0,.426,12.29
105,2014,153,1430,35.91,27.53,0,0,.424,12.29
105,2014,153,1436,35.94,27.24,0,0,.423,12.29
105,2014,153,1442,35.96,27.37,0,0,.422,12.29
105,2014,153,1448,35.96,27.16,0,0,.421,12.29
105,2014,153,1454,35.98,27.42,0,0,.42,12.29
105,2014,153,1500,36.03,27.61,0,0,.418,12.29
105,2014,153,1506,36.06,27.44,0,0,.417,12.29
105,2014,153,1512,36.09,27.37,0,0,.416,12.29
105,2014,153,1518,36.11,26.69,0,0,.415,12.29
105,2014,153,1524,36.16,26.98,0,0,.415,12.29
105,2014,153,1530,36.19,27.04,0,0,.414,12.29
105,2014,153,1536,36.2,27.1,0,0,.413,12.29
105,2014,153,1542,36.18,27.46,0,0,.412,12.29
105,2014,153,1548,36.19,27.27,0,0,.41,12.29
105,2014,153,1554,36.22,26.77,0,0,.41,12.29
105,2014,153,1600,36.24,27.28,0,0,.408,12.29
105,2014,153,1606,36.24,27.32,0,0,.407,12.29
105,2014,153,1612,36.25,27.58,0,0,.406,12.29
105,2014,153,1618,36.29,27.3,0,0,.404,12.29
105,2014,153,1624,36.35,27.19,0,0,.404,12.29
105,2014,153,1630,36.39,27.6,0,0,.404,12.29
105,2014,153,1636,36.45,27.49,0,0,.401,12.29
105,2014,153,1642,36.52,27.39,0,0,.401,12.29
105,2014,153,1648,36.59,26.73,0,0,.4,12.29
105,2014,153,1654,36.65,26.7,0,0,.4,12.29
105,2014,153,1700,36.69,26.04,0,0,.398,12.29
105,2014,153,1706,36.71,25.59,0,0,.399,12.29
105,2014,153,1712,36.71,25.2,0,0,.398,12.29
105,2014,153,1718,36.68,24.69,0,0,.398,12.29
105,2014,153,1724,36.62,24.38,0,0,.398,12.29
105,2014,153,1730,36.53,24.34,0,0,.397,12.29
105,2014,153,1736,36.44,24.35,0,0,.397,12.29
105,2014,153,1742,36.33,24.29,0,0,.397,12.29
105,2014,153,1748,36.21,23.89,0,0,.396,12.29
105,2014,153,1754,36.07,23.75,0,0,.396,12.29
105,2014,153,1800,35.93,23.95,0,0,.396,12.29
105,2014,153,1806,35.8,23.64,0,0,.394,12.29
105,2014,153,1812,35.65,23.62,0,0,.394,12.29
105,2014,153,1818,35.5,23.55,0,0,.393,12.29
105,2014,153,1824,35.35,23.29,0,0,.392,12.29
105,2014,153,1830,35.2,23.27,0,0,.393,12.29
105,2014,153,1836,35.05,23.13,0,0,.392,12.29
105,2014,153,1842,34.92,23.25,0,0,.391,12.29
105,2014,153,1848,34.81,23.2,0,0,.39,12.29
105,2014,153,1854,34.72,23.06,0,0,.389,12.29
105,2014,153,1900,34.63,22.95,0,0,.389,12.29
105,2014,153,1906,34.53,22.88,0,0,.389,12.29
105,2014,153,1912,34.43,22.84,0,0,.388,12.29
105,2014,153,1918,34.34,22.65,0,0,.388,12.29
105,2014,153,1924,34.25,22.55,0,0,.388,12.29
105,2014,153,1930,34.17,22.41,0,0,.388,12.29
105,2014,153,1936,34.09,22.17,0,0,.387,12.29
105,2014,153,1942,34,22.06,0,0,.385,12.29
105,2014,153,1948,33.91,21.76,0,0,.385,12.29
105,2014,153,1954,33.81,21.73,0,0,.386,12.29
105,2014,153,2000,33.71,21.49,0,0,.385,12.29
105,2014,153,2006,33.62,21.4,0,0,.385,12.29
105,2014,153,2012,33.53,21.01,0,0,.384,12.29
105,2014,153,2018,33.44,20.88,0,0,.384,12.29
105,2014,153,2024,33.34,20.71,0,0,.384,12.29
105,2014,153,2030,33.23,20.33,0,0,.383,12.29
105,2014,153,2036,33.11,20.17,0,0,.383,12.29
105,2014,153,2042,32.98,20.12,0,0,.382,12.29
105,2014,153,2048,32.85,19.81,0,0,.382,12.29
105,2014,153,2054,32.72,19.99,0,0,.382,12.29
105,2014,153,2100,32.57,19.58,0,0,.381,12.3
105,2014,153,2106,32.42,19.5,0,0,.38,12.3
105,2014,153,2112,32.27,19.47,0,0,.38,12.3
105,2014,153,2118,32.12,19.31,0,0,.38,12.3
105,2014,153,2124,31.97,19.2,0,0,.379,12.3
105,2014,153,2130,31.81,19.06,0,0,.379,12.3
105,2014,153,2136,31.66,18.84,0,0,.378,12.3
105,2014,153,2142,31.51,18.99,0,0,.377,12.29
105,2014,153,2148,31.37,18.82,0,0,.377,12.29
105,2014,153,2154,31.22,18.76,0,0,.377,12.3
105,2014,153,2200,31.08,18.74,0,0,.377,12.3
105,2014,153,2206,30.94,18.57,0,0,.377,12.29
105,2014,153,2212,30.8,18.57,0,0,.376,12.29
105,2014,153,2218,30.68,18.42,0,0,.375,12.29
105,2014,153,2224,30.55,18.4,0,0,.375,12.3
105,2014,153,2230,30.42,18.29,0,0,.374,12.3
105,2014,153,2236,30.3,18.19,0,0,.374,12.3
105,2014,153,2242,30.18,18.06,0,0,.374,12.3
105,2014,153,2248,30.07,18.06,0,0,.374,12.29
105,2014,153,2254,29.95,17.95,0,0,.373,12.29
105,2014,153,2300,29.83,17.93,0,0,.373,12.29
105,2014,153,2306,29.72,17.82,0,0,.372,12.3
105,2014,153,2312,29.62,17.96,0,0,.372,12.3
105,2014,153,2318,29.52,17.81,0,0,.372,12.3
105,2014,153,2324,29.43,17.74,0,0,.371,12.3
105,2014,153,2330,29.33,17.66,0,0,.372,12.3
105,2014,153,2336,29.24,17.66,0,0,.37,12.3
105,2014,153,2342,29.15,17.58,0,0,.37,12.3
105,2014,153,2348,29.06,17.39,0,0,.369,12.3
105,2014,153,2354,28.98,17.47,0,0,.369,12.3
105,2014,154,0,28.9,17.4,0,0,.369,12.3
105,2014,154,6,28.83,17.37,0,0,.369,12.3
105,2014,154,12,28.75,17.23,0,0,.369,12.3
105,2014,154,18,28.68,17.27,0,0,.368,12.3
105,2014,154,24,28.61,17.39,0,0,.368,12.3
105,2014,154,30,28.54,17.15,0,0,.367,12.3
105,2014,154,36,28.47,17.15,0,0,.367,12.3
105,2014,154,42,28.41,17.01,0,0,.366,12.3
105,2014,154,48,28.35,17.26,0,0,.367,12.3
105,2014,154,54,28.29,17.08,0,0,.366,12.3
105,2014,154,100,28.24,16.87,0,0,.366,12.3
105,2014,154,106,28.19,16.75,0,0,.366,12.3
105,2014,154,112,28.14,16.69,0,0,.365,12.3
105,2014,154,118,28.08,16.63,0,0,.363,12.3
105,2014,154,124,28.03,16.65,0,0,.364,12.3
105,2014,154,130,27.97,16.61,0,0,.364,12.3
105,2014,154,136,27.92,16.56,0,0,.364,12.3
105,2014,154,142,27.86,16.52,0,0,.364,12.3
105,2014,154,148,27.82,16.53,0,0,.364,12.3
105,2014,154,154,27.77,16.46,0,0,.363,12.3
105,2014,154,200,27.73,16.55,0,0,.363,12.3
105,2014,154,206,27.69,16.56,0,0,.363,12.3
105,2014,154,212,27.65,16.63,0,0,.363,12.3
105,2014,154,218,27.61,16.37,0,0,.361,12.3
105,2014,154,224,27.57,16.22,0,0,.361,12.3
105,2014,154,230,27.53,16.22,0,0,.362,12.3
105,2014,154,236,27.49,16.12,0,0,.361,12.3
105,2014,154,242,27.45,16.02,0,0,.361,12.3
105,2014,154,248,27.41,15.8,0,0,.36,12.3
105,2014,154,254,27.37,15.86,0,0,.361,12.3
105,2014,154,300,27.33,15.93,0,0,.359,12.3
105,2014,154,306,27.28,16.07,0,0,.359,12.3
105,2014,154,312,27.24,16.11,0,0,.359,12.3
105,2014,154,318,27.21,16.25,0,0,.358,12.3
105,2014,154,324,27.18,16.39,0,0,.359,12.3
105,2014,154,330,27.16,16.5,0,0,.358,12.3
105,2014,154,336,27.15,16.58,0,0,.357,12.3
105,2014,154,342,27.15,16.84,0,0,.358,12.3
105,2014,154,348,27.16,16.79,0,0,.358,12.3
105,2014,154,354,27.18,16.82,0,0,.358,12.3
105,2014,154,400,27.2,16.86,0,0,.358,12.3
105,2014,154,406,27.21,16.92,0,0,.357,12.3
105,2014,154,412,27.23,16.93,0,0,.356,12.3
105,2014,154,418,27.24,16.97,0,0,.356,12.3
105,2014,154,424,27.25,16.92,0,0,.356,12.3
105,2014,154,430,27.26,16.98,0,0,.355,12.3
105,2014,154,436,27.26,16.97,0,0,.355,12.3
105,2014,154,442,27.28,16.96,0,0,.355,12.3
105,2014,154,448,27.28,16.9,0,0,.356,12.3
105,2014,154,454,27.28,16.75,0,0,.355,12.3
105,2014,154,500,27.28,16.78,0,0,.354,12.3
105,2014,154,506,27.28,16.75,0,0,.354,12.3
105,2014,154,512,27.26,16.67,0,0,.353,12.3
105,2014,154,518,27.26,16.8,0,0,.353,12.3
105,2014,154,524,27.25,16.27,0,0,.353,12.3
105,2014,154,530,27.23,16.21,0,0,.353,12.3
105,2014,154,536,27.2,16.09,0,0,.353,12.3
105,2014,154,542,27.17,16.29,0,0,.353,12.3
105,2014,154,548,27.14,16.25,0,0,.353,12.3
105,2014,154,554,27.1,16.4,0,0,.353,12.3
105,2014,154,600,27.07,16.24,0,0,.352,12.3
105,2014,154,606,27.04,16.33,0,0,.352,12.3
105,2014,154,612,27.02,16.23,0,0,.352,12.3
105,2014,154,618,27,16.3,0,0,.352,12.3
105,2014,154,624,26.98,16.51,0,0,.35,12.3
105,2014,154,630,26.97,17,0,0,.35,12.3
105,2014,154,636,26.96,17.4,0,0,.351,12.3
105,2014,154,642,26.97,17.55,0,0,.35,12.3
105,2014,154,648,26.99,17.69,0,0,.349,12.3
105,2014,154,654,27.02,18.35,0,0,.349,12.3
105,2014,154,700,27.06,19.11,0,0,.348,12.3
105,2014,154,706,27.12,19.88,0,0,.347,12.3
105,2014,154,712,27.2,20.51,0,0,.345,12.3
105,2014,154,718,27.31,20.91,0,0,.345,12.3
105,2014,154,724,27.46,21.66,0,0,.345,12.3
105,2014,154,730,27.63,21.55,0,0,.345,12.29
105,2014,154,736,27.83,22.15,0,0,.344,12.29
105,2014,154,742,28.05,22.86,0,0,.344,12.29
105,2014,154,748,28.28,23.18,0,0,.344,12.29
105,2014,154,754,28.54,22.66,0,0,.343,12.29
105,2014,154,800,28.83,22.45,0,0,.342,12.29
105,2014,154,806,29.11,22.63,0,0,.342,12.29
105,2014,154,812,29.4,22.49,0,0,.342,12.29
105,2014,154,818,29.67,21.92,0,0,.342,12.29
105,2014,154,824,29.92,22.23,0,0,.342,12.29
105,2014,154,830,30.17,22.04,0,0,.342,12.29
105,2014,154,836,30.38,22.09,0,0,.342,12.29
105,2014,154,842,30.57,22.92,0,0,.342,12.29
105,2014,154,848,30.76,23.95,0,0,.342,12.29
105,2014,154,854,30.93,24.52,0,0,.344,12.29
105,2014,154,900,31.12,25.52,0,0,.352,12.29
105,2014,154,906,31.34,25.45,0,0,.368,12.29
105,2014,154,912,31.59,25.76,0,0,.391,12.29
105,2014,154,918,31.84,26.5,0,0,.416,12.29
105,2014,154,924,32.14,27.51,0,0,.441,12.29
105,2014,154,930,32.44,27.91,0,0,.464,12.29
105,2014,154,936,32.75,28.15,0,0,.486,12.29
105,2014,154,942,33.09,28.55,0,0,.51,12.29
105,2014,154,948,33.41,28.16,0,0,.533,12.29
105,2014,154,954,33.75,28.25,0,0,.554,12.29
105,2014,154,1000,34.08,29.1,0,0,.574,12.29
105,2014,154,1006,34.42,29.28,0,0,.593,12.29
105,2014,154,1012,34.75,29.17,0,0,.608,12.29
105,2014,154,1018,35.09,29.9,0,0,.62,12.29
105,2014,154,1024,35.4,30.31,0,0,.625,12.29
105,2014,154,1030,35.72,30.6,0,0,.626,12.28
105,2014,154,1036,36.04,31.04,0,0,.626,12.28
105,2014,154,1042,36.36,31.06,0,0,.627,12.28
105,2014,154,1048,36.69,31.19,0,0,.627,12.28
105,2014,154,1054,37.02,30.36,0,0,.627,12.29
105,2014,154,1100,37.36,32.14,0,0,.625,12.28
105,2014,154,1106,37.69,31.25,0,0,.621,12.28
105,2014,154,1112,38.03,31.54,0,0,.615,12.28
105,2014,154,1118,38.33,31.59,0,0,.608,12.28
105,2014,154,1124,38.63,32.49,0,0,.604,12.28
105,2014,154,1130,38.91,32.61,0,0,.597,12.28
105,2014,154,1136,39.18,32.67,0,0,.592,12.28
105,2014,154,1142,39.46,32.04,0,0,.587,12.28
105,2014,154,1148,39.72,33.57,0,0,.579,12.28
105,2014,154,1154,39.96,32.37,0,0,.575,12.28
105,2014,154,1200,40.2,32.84,0,0,.568,12.28
105,2014,154,1206,40.43,32.85,0,0,.565,12.28
105,2014,154,1212,40.65,32.7,0,0,.559,12.28