105,2014,154,1218,41.02,32.46,0,0,.554,12.28
105,2014,154,1224,41.21,32.68,0,0,.549,12.28
105,2014,154,1230,41.1,32.82,0,0,.545,12.28
105,2014,154,1236,41.02,32.1,0,0,.54,12.28
105,2014,154,1242,40.98,32.5,0,0,.536,12.28
105,2014,154,1248,40.98,32.11,0,0,.532,12.28
105,2014,154,1254,40.99,31.25,0,0,.528,12.28
105,2014,154,1300,41.02,31.08,0,0,.524,12.28
105,2014,154,1306,41.04,31.26,0,0,.52,12.28
105,2014,154,1312,41.08,31.69,0,0,.517,12.28
105,2014,154,1318,41.12,31.14,0,0,.513,12.28
105,2014,154,1324,41.14,31.28,0,0,.509,12.28
105,2014,154,1330,41.15,30.51,0,0,.506,12.28
105,2014,154,1336,41.13,30.55,0,0,.503,12.29
105,2014,154,1342,41.07,30.86,0,0,.5,12.29
105,2014,154,1348,41.02,30.06,0,0,.498,12.28
105,2014,154,1354,40.99,29.39,0,0,.495,12.29
105,2014,154,1400,40.95,30.33,0,0,.491,12.29
105,2014,154,1406,40.93,29.77,0,0,.487,12.29
105,2014,154,1412,40.87,29.56,0,0,.485,12.29
105,2014,154,1418,40.87,29.96,0,0,.482,12.29
105,2014,154,1424,40.88,29.99,0,0,.48,12.29
105,2014,154,1430,40.93,29.63,0,0,.478,12.28
105,2014,154,1436,40.94,28.88,0,0,.475,12.29
105,2014,154,1442,40.94,28.84,0,0,.473,12.29
105,2014,154,1448,40.94,27.97,0,0,.471,12.29
105,2014,154,1454,40.94,27.15,0,0,.469,12.29
105,2014,154,1500,40.93,26.86,0,0,.468,12.29
105,2014,154,1506,40.84,25.44,0,0,.466,12.29
105,2014,154,1512,40.7,25.17,0,0,.465,12.29
105,2014,154,1518,40.48,24.42,0,0,.463,12.29
105,2014,154,1524,40.21,24.11,0,0,.464,12.29
105,2014,154,1530,39.93,24.1,0,0,.462,12.29
105,2014,154,1536,39.65,23.87,0,0,.463,12.29
105,2014,154,1542,39.36,24.28,0,0,.46,12.29
105,2014,154,1548,39.07,24.28,0,0,.459,12.29
105,2014,154,1554,38.8,24.36,0,0,.458,12.29
105,2014,154,1600,38.52,24.53,0,0,.456,12.29
105,2014,154,1606,38.27,24.55,0,0,.455,12.29
105,2014,154,1612,38.04,25.03,0,0,.452,12.29
105,2014,154,1618,37.86,26.2,0,0,.451,12.29
105,2014,154,1624,37.72,26.37,0,0,.449,12.29
105,2014,154,1630,37.64,25.91,0,0,.446,12.29
105,2014,154,1636,37.61,26.25,0,0,.446,12.29
105,2014,154,1642,37.62,26.47,0,0,.444,12.29
105,2014,154,1648,37.65,26.48,0,0,.443,12.29
105,2014,154,1654,37.69,26.68,0,0,.442,12.29
105,2014,154,1700,37.74,26.5,0,0,.44,12.29
105,2014,154,1706,37.79,26.45,0,0,.439,12.29
105,2014,154,1712,37.84,26.46,0,0,.437,12.29
105,2014,154,1718,37.88,26.51,0,0,.437,12.29
105,2014,154,1724,37.93,26.71,0,0,.436,12.29
105,2014,154,1730,37.99,26.46,0,0,.435,12.29
105,2014,154,1736,38.04,26.86,0,0,.434,12.29
105,2014,154,1742,38.09,26.83,0,0,.432,12.29
105,2014,154,1748,38.13,26.59,0,0,.431,12.29
105,2014,154,1754,38.18,26.34,0,0,.429,12.29
105,2014,154,1800,38.21,26.61,0,0,.428,12.29
105,2014,154,1806,38.24,26.76,0,0,.427,12.29
105,2014,154,1812,38.26,26.82,0,0,.426,12.29
105,2014,154,1818,38.27,26.53,0,0,.425,12.29
105,2014,154,1824,38.28,26.21,0,0,.424,12.29
105,2014,154,1830,38.27,25.67,0,0,.424,12.29
105,2014,154,1836,38.25,25.64,0,0,.422,12.29
105,2014,154,1842,38.21,25.5,0,0,.421,12.29
105,2014,154,1848,38.15,25.65,0,0,.421,12.29
105,2014,154,1854,38.07,25.27,0,0,.42,12.29
105,2014,154,1900,37.97,24.88,0,0,.42,12.29
105,2014,154,1906,37.85,24.66,0,0,.42,12.29
105,2014,154,1912,37.72,24.58,0,0,.418,12.29
105,2014,154,1918,37.59,24.27,0,0,.417,12.29
105,2014,154,1924,37.45,23.89,0,0,.417,12.29
105,2014,154,1930,37.29,23.7,0,0,.417,12.29
105,2014,154,1936,37.12,23.6,0,0,.415,12.29
105,2014,154,1942,36.96,23.14,0,0,.415,12.29
105,2014,154,1948,36.8,23.3,0,0,.414,12.29
105,2014,154,1954,36.62,23.52,0,0,.413,12.29
105,2014,154,2000,36.45,23.45,0,0,.412,12.29
105,2014,154,2006,36.29,23.35,0,0,.412,12.29
105,2014,154,2012,36.13,22.97,0,0,.41,12.29
105,2014,154,2018,35.96,22.65,0,0,.409,12.29
105,2014,154,2024,35.8,22.42,0,0,.409,12.29
105,2014,154,2030,35.64,22.55,0,0,.408,12.29
105,2014,154,2036,35.49,22.3,0,0,.408,12.29
105,2014,154,2042,35.33,22.11,0,0,.407,12.29
105,2014,154,2048,35.16,22.04,0,0,.407,12.29
105,2014,154,2054,35.01,21.97,0,0,.406,12.29
105,2014,154,2100,34.85,21.87,0,0,.404,12.29
105,2014,154,2106,34.69,22,0,0,.405,12.29
105,2014,154,2112,34.53,21.72,0,0,.404,12.29
105,2014,154,2118,34.38,21.66,0,0,.403,12.29
105,2014,154,2124,34.22,21.43,0,0,.403,12.29
105,2014,154,2130,34.06,21.3,0,0,.402,12.29
105,2014,154,2136,33.91,21.36,0,0,.401,12.29
105,2014,154,2142,33.77,21.14,0,0,.401,12.29
105,2014,154,2148,33.63,20.99,0,0,.4,12.29
105,2014,154,2154,33.49,20.99,0,0,.4,12.29
105,2014,154,2200,33.36,21,0,0,.4,12.29
105,2014,154,2206,33.23,20.94,0,0,.398,12.29
105,2014,154,2212,33.11,20.98,0,0,.398,12.29
105,2014,154,2218,33,20.57,0,0,.399,12.29
105,2014,154,2224,32.88,20.35,0,0,.396,12.29
105,2014,154,2230,32.76,20.64,0,0,.396,12.29
105,2014,154,2236,32.65,20.62,0,0,.396,12.29
105,2014,154,2242,32.54,20.55,0,0,.395,12.29
105,2014,154,2248,32.43,20.45,0,0,.394,12.29
105,2014,154,2254,32.32,20.44,0,0,.394,12.29
105,2014,154,2300,32.22,20.56,0,0,.394,12.29
105,2014,154,2306,32.12,20.49,0,0,.393,12.29
105,2014,154,2312,32.02,20.51,0,0,.393,12.29
105,2014,154,2318,31.94,20.2,0,0,.392,12.29
105,2014,154,2324,31.86,20.45,0,0,.391,12.29
105,2014,154,2330,31.77,20.31,0,0,.391,12.29
105,2014,154,2336,31.69,20.27,0,0,.391,12.29
105,2014,154,2342,31.61,20.2,0,0,.39,12.29
105,2014,154,2348,31.54,19.94,0,0,.389,12.29
105,2014,154,2354,31.47,19.88,0,0,.388,12.29
105,2014,155,0,31.41,19.95,0,0,.387,12.29
105,2014,155,6,31.35,19.93,0,0,.388,12.29
105,2014,155,12,31.29,19.82,0,0,.387,12.29
105,2014,155,18,31.23,19.74,0,0,.387,12.29
105,2014,155,24,31.18,19.7,0,0,.387,12.29
105,2014,155,30,31.12,19.92,0,0,.385,12.29
105,2014,155,36,31.07,19.82,0,0,.385,12.29
105,2014,155,42,31.02,19.65,0,0,.385,12.29
105,2014,155,48,30.98,20.35,0,0,.383,12.29
105,2014,155,54,30.93,21.4,0,0,.383,12.3
105,2014,155,100,30.9,21.46,0,0,.383,12.3
105,2014,155,106,30.89,21.44,0,0,.382,12.29
105,2014,155,112,30.89,20.63,0,0,.382,12.3
105,2014,155,118,30.92,20.56,0,0,.382,12.29
105,2014,155,124,30.94,20.57,0,0,.38,12.29
105,2014,155,130,30.96,20.6,0,0,.38,12.29
105,2014,155,136,30.98,20.6,0,0,.38,12.29
105,2014,155,142,30.99,20.21,0,0,.38,12.29
105,2014,155,148,31.01,20.18,0,0,.379,12.29
105,2014,155,154,31.01,20.37,0,0,.379,12.29
105,2014,155,200,31,20.33,0,0,.379,12.29
105,2014,155,206,30.99,20.33,0,0,.378,12.29
105,2014,155,212,30.98,20.12,0,0,.377,12.29
105,2014,155,218,30.97,20,0,0,.377,12.29
105,2014,155,224,30.95,20.01,0,0,.377,12.3
105,2014,155,230,30.93,19.96,0,0,.377,12.29
105,2014,155,236,30.91,20,0,0,.374,12.29
105,2014,155,242,30.88,19.89,0,0,.375,12.29
105,2014,155,248,30.86,19.78,0,0,.374,12.29
105,2014,155,254,30.84,19.78,0,0,.374,12.29
105,2014,155,300,30.81,19.75,0,0,.374,12.29
105,2014,155,306,30.78,19.69,0,0,.375,12.29
105,2014,155,312,30.76,19.71,0,0,.373,12.29
105,2014,155,318,30.72,19.7,0,0,.374,12.29
105,2014,155,324,30.69,19.6,0,0,.374,12.29
105,2014,155,330,30.67,19.56,0,0,.372,12.29
105,2014,155,336,30.64,19.54,0,0,.372,12.3
105,2014,155,342,30.61,19.52,0,0,.372,12.3
105,2014,155,348,30.59,19.46,0,0,.371,12.3
105,2014,155,354,30.57,19.47,0,0,.371,12.3
105,2014,155,400,30.54,19.45,0,0,.37,12.3
105,2014,155,406,30.53,19.33,0,0,.37,12.3
105,2014,155,412,30.51,19.17,0,0,.369,12.3
105,2014,155,418,30.49,19.17,0,0,.369,12.3
105,2014,155,424,30.46,19.13,0,0,.369,12.3
105,2014,155,430,30.43,19.13,0,0,.367,12.3
105,2014,155,436,30.39,19.19,0,0,.369,12.3
105,2014,155,442,30.35,18.94,0,0,.369,12.3
105,2014,155,448,30.31,18.99,0,0,.367,12.3
105,2014,155,454,30.27,18.98,0,0,.367,12.3
105,2014,155,500,30.23,19.07,0,0,.368,12.3
105,2014,155,506,30.19,18.49,0,0,.366,12.3
105,2014,155,512,30.16,19,0,0,.366,12.3
105,2014,155,518,30.11,18.95,0,0,.366,12.3
105,2014,155,524,30.06,19.06,0,0,.365,12.3
105,2014,155,530,30.02,19.31,0,0,.366,12.3
105,2014,155,536,29.98,19.41,0,0,.364,12.29
105,2014,155,542,29.94,19.47,0,0,.364,12.29
105,2014,155,548,29.91,19.46,0,0,.364,12.29
105,2014,155,554,29.88,19.49,0,0,.364,12.29
105,2014,155,600,29.87,19.5,0,0,.364,12.29
105,2014,155,606,29.86,19.51,0,0,.364,12.29
105,2014,155,612,29.85,19.58,0,0,.365,12.29
105,2014,155,618,29.85,19.81,0,0,.363,12.29
105,2014,155,624,29.85,20.06,0,0,.362,12.29
105,2014,155,630,29.87,20.19,0,0,.364,12.29
105,2014,155,636,29.89,20.39,0,0,.361,12.29
105,2014,155,642,29.92,20.78,0,0,.361,12.29
105,2014,155,648,29.96,21.29,0,0,.36,12.29
105,2014,155,654,30.01,21.46,0,0,.359,12.29
105,2014,155,700,30.07,21.8,0,0,.36,12.29
105,2014,155,706,30.15,22.01,0,0,.358,12.29
105,2014,155,712,30.24,22.24,0,0,.358,12.29
105,2014,155,718,30.35,22.85,0,0,.358,12.29
105,2014,155,724,30.47,23.18,0,0,.356,12.29
105,2014,155,730,30.61,23.47,0,0,.355,12.29
105,2014,155,736,30.77,23.81,0,0,.356,12.29
105,2014,155,742,30.94,24.08,0,0,.356,12.29
105,2014,155,748,31.11,24.38,0,0,.355,12.29
105,2014,155,754,31.29,24.19,0,0,.354,12.29
105,2014,155,800,31.47,24.17,0,0,.354,12.29
105,2014,155,806,31.62,24.82,0,0,.354,12.29
105,2014,155,812,31.77,24.96,0,0,.354,12.29
105,2014,155,818,31.92,25.06,0,0,.352,12.29
105,2014,155,824,32.04,25.39,0,0,.352,12.29
105,2014,155,830,32.12,25.53,0,0,.352,12.29
105,2014,155,836,32.16,25.79,0,0,.352,12.29
105,2014,155,842,32.19,26.05,0,0,.35,12.29
105,2014,155,848,32.23,26.58,0,0,.35,12.29
105,2014,155,854,32.26,26.58,0,0,.35,12.29
105,2014,155,900,32.29,27.08,0,0,.35,12.29
105,2014,155,906,32.32,27.33,0,0,.35,12.29
105,2014,155,912,32.39,27.56,0,0,.35,12.29
105,2014,155,918,32.46,27.42,0,0,.349,12.29
105,2014,155,924,32.51,27.51,0,0,.349,12.29
105,2014,155,930,32.57,28.02,0,0,.349,12.29
105,2014,155,936,32.64,28.21,0,0,.349,12.29
105,2014,155,942,32.72,28.89,0,0,.348,12.29
105,2014,155,948,32.84,28.97,0,0,.347,12.29
105,2014,155,954,32.99,29.15,0,0,.347,12.29
105,2014,155,1000,33.15,29.2,0,0,.347,12.29
105,2014,155,1006,33.3,29.25,0,0,.347,12.29
105,2014,155,1012,33.44,29.87,0,0,.347,12.29
105,2014,155,1018,33.62,30.27,0,0,.346,12.29
105,2014,155,1024,33.83,30.65,0,0,.346,12.29
105,2014,155,1030,34.05,30.68,0,0,.345,12.29
105,2014,155,1036,34.3,30.42,0,0,.346,12.29
105,2014,155,1042,34.57,30.73,0,0,.345,12.29
105,2014,155,1048,34.83,31.67,0,0,.344,12.29
105,2014,155,1054,35.11,31.49,0,0,.344,12.29
105,2014,155,1100,35.39,31.79,0,0,.343,12.28
105,2014,155,1106,35.69,31.91,0,0,.343,12.28
105,2014,155,1112,36,32.26,0,0,.343,12.28
105,2014,155,1118,36.32,31.96,0,0,.342,12.28
105,2014,155,1124,36.65,32.3,0,0,.342,12.28
105,2014,155,1130,36.97,31.81,0,0,.342,12.28
105,2014,155,1136,37.31,32.73,0,0,.342,12.28
105,2014,155,1142,37.62,32.54,0,0,.342,12.28
105,2014,155,1148,37.92,31.51,0,0,.342,12.28
105,2014,155,1154,38.16,31.19,0,0,.341,12.28
105,2014,155,1200,38.38,31.88,0,0,.341,12.28
105,2014,155,1206,38.6,32.11,0,0,.341,12.28
105,2014,155,1212,38.84,32.52,0,0,.341,12.28
105,2014,155,1218,39.06,31.84,0,0,.34,12.28
105,2014,155,1224,39.27,31.99,0,0,.34,12.28
105,2014,155,1230,39.46,32.03,0,0,.339,12.28
105,2014,155,1236,39.63,31.97,0,0,.339,12.28
105,2014,155,1242,39.8,31.91,0,0,.339,12.28
105,2014,155,1248,39.94,31.24,0,0,.338,12.28
105,2014,155,1254,40.01,31.28,0,0,.339,12.29
105,2014,155,1300,40.08,31.11,0,0,.34,12.29
105,2014,155,1306,40.12,31.16,0,0,.339,12.28
105,2014,155,1312,40.17,31.41,0,0,.338,12.28
105,2014,155,1318,40.22,31.8,0,0,.336,12.28
105,2014,155,1324,40.29,31.23,0,0,.336,12.28
105,2014,155,1330,40.35,31.03,0,0,.337,12.29
105,2014,155,1336,40.4,31.33,0,0,.337,12.29
105,2014,155,1342,40.43,31.45,0,0,.337,12.29
105,2014,155,1348,40.46,31.48,0,0,.336,12.29
105,2014,155,1354,40.49,30.64,0,0,.334,12.29
105,2014,155,1400,40.49,31.7,0,0,.335,12.29
105,2014,155,1406,40.49,31.77,0,0,.335,12.28
105,2014,155,1412,40.47,31.43,0,0,.335,12.29
105,2014,155,1418,40.44,31.38,0,0,.335,12.28
105,2014,155,1424,40.44,30.3,0,0,.334,12.28
105,2014,155,1430,40.44,29.62,0,0,.334,12.29
105,2014,155,1436,40.41,29.21,0,0,.334,12.29
105,2014,155,1442,40.36,30.78,0,0,.333,12.29
105,2014,155,1448,40.32,31.36,0,0,.333,12.29
105,2014,155,1454,40.31,31.29,0,0,.333,12.29
105,2014,155,1500,40.29,31.31,0,0,.332,12.29
105,2014,155,1506,40.27,31.52,0,0,.331,12.29
105,2014,155,1512,40.27,29.9,0,0,.331,12.29
105,2014,155,1518,40.29,28.99,0,0,.331,12.29
105,2014,155,1524,40.31,28.7,0,0,.331,12.29
105,2014,155,1530,40.34,28.66,0,0,.331,12.29
105,2014,155,1536,40.32,28.35,0,0,.331,12.29
105,2014,155,1542,40.3,28.12,0,0,.331,12.29
105,2014,155,1548,40.27,28.37,0,0,.331,12.29
105,2014,155,1554,40.22,28.59,0,0,.332,12.29
105,2014,155,1600,40.17,28.79,0,0,.332,12.29
105,2014,155,1606,40.11,28.69,0,0,.332,12.29
105,2014,155,1612,40.05,28.78,0,0,.331,12.29
105,2014,155,1618,40,28.57,0,0,.33,12.29
105,2014,155,1624,39.96,29.01,0,0,.33,12.29
105,2014,155,1630,39.91,29.89,0,0,.33,12.29
105,2014,155,1636,39.88,30.57,0,0,.329,12.29
105,2014,155,1642,39.87,30.22,0,0,.329,12.28
105,2014,155,1648,39.89,29.71,0,0,.329,12.28
105,2014,155,1654,39.93,29.09,0,0,.329,12.29
105,2014,155,1700,39.98,27.68,0,0,.328,12.29
105,2014,155,1706,40.01,27.83,0,0,.328,12.29
105,2014,155,1712,40.02,28.01,0,0,.328,12.29
105,2014,155,1718,40.02,27.45,0,0,.328,12.29
105,2014,155,1724,40.01,27.43,0,0,.328,12.29
105,2014,155,1730,39.98,27.71,0,0,.328,12.29
105,2014,155,1736,39.94,28.11,0,0,.328,12.29
105,2014,155,1742,39.89,27.72,0,0,.329,12.29
105,2014,155,1748,39.83,27.14,0,0,.329,12.29
105,2014,155,1754,39.76,27.03,0,0,.329,12.29
105,2014,155,1800,39.68,26.2,0,0,.329,12.29
105,2014,155,1806,39.59,26.09,0,0,.329,12.29
105,2014,155,1812,39.5,25.5,0,0,.328,12.29
105,2014,155,1818,39.4,26.53,0,0,.328,12.29
105,2014,155,1824,39.29,26.65,0,0,.329,12.29
105,2014,155,1830,39.18,26.83,0,0,.329,12.29
105,2014,155,1836,39.09,26.47,0,0,.329,12.29
105,2014,155,1842,39,26.42,0,0,.328,12.29
105,2014,155,1848,38.92,26.31,0,0,.327,12.29
105,2014,155,1854,38.83,26.31,0,0,.328,12.29
105,2014,155,1900,38.74,26.17,0,0,.329,12.29
105,2014,155,1906,38.63,25.3,0,0,.329,12.29
105,2014,155,1912,38.51,25.02,0,0,.329,12.29
105,2014,155,1918,38.39,24.88,0,0,.328,12.29
105,2014,155,1924,38.27,24.9,0,0,.328,12.29
105,2014,155,1930,38.16,25.32,0,0,.329,12.29
105,2014,155,1936,38.03,25.38,0,0,.328,12.29
105,2014,155,1942,37.9,24.78,0,0,.328,12.29
105,2014,155,1948,37.77,24.95,0,0,.329,12.29
105,2014,155,1954,37.64,24.46,0,0,.329,12.29
105,2014,155,2000,37.52,23.99,0,0,.328,12.29
105,2014,155,2006,37.38,24.02,0,0,.328,12.29
105,2014,155,2012,37.24,23.86,0,0,.329,12.29
105,2014,155,2018,37.09,24.08,0,0,.328,12.29
105,2014,155,2024,36.95,24.21,0,0,.326,12.29
105,2014,155,2030,36.81,23.58,0,0,.327,12.29
105,2014,155,2036,36.67,23.58,0,0,.327,12.29
105,2014,155,2042,36.53,23.55,0,0,.327,12.29
105,2014,155,2048,36.4,23.35,0,0,.326,12.29
105,2014,155,2054,36.26,23.61,0,0,.327,12.29
105,2014,155,2100,36.11,23.71,0,0,.326,12.29
105,2014,155,2106,35.97,23.69,0,0,.326,12.29
105,2014,155,2112,35.84,23.28,0,0,.326,12.29
105,2014,155,2118,35.71,23.47,0,0,.327,12.29
105,2014,155,2124,35.6,23.26,0,0,.326,12.29
105,2014,155,2130,35.48,23.26,0,0,.326,12.29
105,2014,155,2136,35.36,23.23,0,0,.326,12.29
105,2014,155,2142,35.25,23.08,0,0,.326,12.29
105,2014,155,2148,35.16,23.15,0,0,.326,12.29
105,2014,155,2154,35.06,23.14,0,0,.326,12.29
105,2014,155,2200,34.96,23.27,0,0,.326,12.29
105,2014,155,2206,34.87,23.2,0,0,.326,12.29
105,2014,155,2212,34.79,22.66,0,0,.326,12.29
105,2014,155,2218,34.71,22.25,0,0,.326,12.29
105,2014,155,2224,34.62,21.69,0,0,.326,12.29
105,2014,155,2230,34.54,21.58,0,0,.326,12.29
105,2014,155,2236,34.43,21.59,0,0,.327,12.29
105,2014,155,2242,34.31,21.51,0,0,.326,12.29
105,2014,155,2248,34.18,21.46,0,0,.326,12.29
105,2014,155,2254,34.02,21.35,0,0,.327,12.29
105,2014,155,2300,33.83,21.15,0,0,.327,12.29
105,2014,155,2306,33.64,21.21,0,0,.326,12.29
105,2014,155,2312,33.47,21.12,0,0,.327,12.29
105,2014,155,2318,33.31,20.9,0,0,.327,12.29
105,2014,155,2324,33.16,20.52,0,0,.326,12.29
105,2014,155,2330,33.03,20.42,0,0,.327,12.29
105,2014,155,2336,32.9,20.52,0,0,.327,12.29
105,2014,155,2342,32.78,20.43,0,0,.327,12.29
105,2014,155,2348,32.67,20.48,0,0,.326,12.3
105,2014,155,2354,32.58,20.53,0,0,.326,12.29
105,2014,156,0,32.48,20.3,0,0,.327,12.29
105,2014,156,6,32.39,20.08,0,0,.327,12.29
105,2014,156,12,32.29,20.23,0,0,.327,12.3
105,2014,156,18,32.2,20.39,0,0,.327,12.3
105,2014,156,24,32.11,20.31,0,0,.326,12.3
105,2014,156,30,32.04,20.14,0,0,.326,12.3
105,2014,156,36,31.98,19.91,0,0,.326,12.29
105,2014,156,42,31.93,20.14,0,0,.325,12.29
105,2014,156,48,31.87,20.36,0,0,.325,12.3
105,2014,156,54,31.82,20.33,0,0,.325,12.3
105,2014,156,100,31.78,20.13,0,0,.325,12.3
105,2014,156,106,31.74,20.21,0,0,.325,12.3
105,2014,156,112,31.7,20.28,0,0,.325,12.3
105,2014,156,118,31.65,20.27,0,0,.325,12.3
105,2014,156,124,31.61,20.38,0,0,.325,12.3
105,2014,156,130,31.58,20.15,0,0,.326,12.3
105,2014,156,136,31.54,20.08,0,0,.325,12.29
105,2014,156,142,31.51,19.9,0,0,.325,12.3
105,2014,156,148,31.48,19.79,0,0,.325,12.3
105,2014,156,154,31.45,20.03,0,0,.325,12.29
105,2014,156,200,31.41,20.03,0,0,.325,12.3
105,2014,156,206,31.37,19.78,0,0,.325,12.29
105,2014,156,212,31.33,19.63,0,0,.325,12.3
105,2014,156,218,31.28,19.61,0,0,.325,12.3
105,2014,156,224,31.24,19.72,0,0,.325,12.3
105,2014,156,230,31.2,19.93,0,0,.325,12.3
105,2014,156,236,31.16,20.04,0,0,.325,12.29
105,2014,156,242,31.12,20.13,0,0,.325,12.3
105,2014,156,248,31.1,20.12,0,0,.325,12.3
105,2014,156,254,31.07,20.26,0,0,.325,12.29
105,2014,156,300,31.06,20.09,0,0,.326,12.29
105,2014,156,306,31.04,20.08,0,0,.325,12.29
105,2014,156,312,31.03,20.04,0,0,.325,12.29
105,2014,156,318,31.02,20.17,0,0,.325,12.29
105,2014,156,324,31.02,19.76,0,0,.325,12.29
105,2014,156,330,31.02,19.75,0,0,.325,12.29
105,2014,156,336,31.02,20.01,0,0,.325,12.29
105,2014,156,342,31.01,20.14,0,0,.325,12.29
105,2014,156,348,31.01,19.95,0,0,.325,12.29
105,2014,156,354,31.02,20,0,0,.325,12.29
105,2014,156,400,31.02,20.15,0,0,.325,12.29
105,2014,156,406,31.01,20.18,0,0,.325,12.29
105,2014,156,412,31.02,20.23,0,0,.325,12.29
105,2014,156,418,31.02,20.18,0,0,.325,12.29
105,2014,156,424,31.02,20.34,0,0,.325,12.29
105,2014,156,430,31.03,19.84,0,0,.325,12.29
105,2014,156,436,31.04,19.81,0,0,.325,12.29
105,2014,156,442,31.04,19.77,0,0,.325,12.29
105,2014,156,448,31.04,19.8,0,0,.325,12.29
105,2014,156,454,31.03,19.85,0,0,.325,12.29
105,2014,156,500,31.02,19.74,0,0,.325,12.29
105,2014,156,506,30.99,19.63,0,0,.325,12.29
105,2014,156,512,30.96,19.79,0,0,.325,12.29
105,2014,156,518,30.93,19.91,0,0,.325,12.29
105,2014,156,524,30.91,19.92,0,0,.325,12.29
105,2014,156,530,30.89,20.12,0,0,.325,12.29
105,2014,156,536,30.89,20.24,0,0,.325,12.29
105,2014,156,542,30.87,20.04,0,0,.325,12.29
105,2014,156,548,30.87,19.87,0,0,.325,12.29
105,2014,156,554,30.89,19.96,0,0,.325,12.29
105,2014,156,600,30.89,20.11,0,0,.325,12.29
105,2014,156,606,30.89,20.03,0,0,.325,12.29
105,2014,156,612,30.9,20.11,0,0,.325,12.3
105,2014,156,618,30.91,20.2,0,0,.325,12.29
105,2014,156,624,30.92,20.23,0,0,.325,12.29
105,2014,156,630,30.94,20.27,0,0,.325,12.29
105,2014,156,636,30.96,20.5,0,0,.326,12.29
105,2014,156,642,30.99,20.5,0,0,.325,12.29
105,2014,156,648,31.02,20.67,0,0,.325,12.29
105,2014,156,654,31.05,20.82,0,0,.325,12.29
105,2014,156,700,31.08,20.94,0,0,.325,12.29
105,2014,156,706,31.12,20.93,0,0,.325,12.29
105,2014,156,712,31.16,20.94,0,0,.325,12.29
105,2014,156,718,31.21,21.1,0,0,.325,12.29
105,2014,156,724,31.26,21.16,0,0,.325,12.29
105,2014,156,730,31.31,21.17,0,0,.325,12.29
105,2014,156,736,31.33,21.1,0,0,.325,12.3
105,2014,156,742,31.29,20.93,0,0,.324,12.3
105,2014,156,748,31.16,19.65,0,0,.324,12.3
105,2014,156,754,30.93,19.04,0,0,.324,12.3
105,2014,156,800,30.64,18.75,0,0,.324,12.3
105,2014,156,806,30.32,18.54,0,0,.324,12.3
105,2014,156,812,29.98,18.33,0,0,.324,12.3
105,2014,156,818,29.62,18.08,0,0,.324,12.3
105,2014,156,824,29.2,18,0,0,.324,12.3
105,2014,156,830,28.74,18.04,0,0,.324,12.3
105,2014,156,836,28.29,18.11,0,0,.323,12.3
105,2014,156,842,27.92,18.25,0,0,.324,12.3
105,2014,156,848,27.6,18.14,0,0,.324,12.3
105,2014,156,854,27.35,18.25,0,0,.323,12.3
105,2014,156,900,27.15,18.37,0,0,.325,12.3
105,2014,156,906,26.95,18.34,0,0,.333,12.3
105,2014,156,912,26.79,18.3,0,0,.346,12.3
105,2014,156,918,26.66,18.33,0,0,.361,12.3
105,2014,156,924,26.56,18.19,0,0,.381,12.3
105,2014,156,930,26.45,18.58,0,0,.407,12.3
105,2014,156,936,26.36,19.29,0,0,.43,12.3
105,2014,156,942,26.3,19.01,0,0,.452,12.3
105,2014,156,948,26.25,19.21,0,0,.471,12.3
105,2014,156,954,26.22,19.97,0,0,.492,12.3
105,2014,156,1000,26.25,19.69,0,0,.513,12.3
105,2014,156,1006,26.31,19.54,0,0,.536,12.3
105,2014,156,1012,26.36,19.4,0,0,.561,12.3
105,2014,156,1018,26.38,19.29,0,0,.588,12.3
105,2014,156,1024,26.41,19.47,0,0,.619,12.3
105,2014,156,1030,26.42,19.82,0,0,.65,12.3
105,2014,156,1036,26.43,20.14,0,0,.677,12.3
105,2014,156,1042,26.46,20.26,0,0,.7,12.3
105,2014,156,1048,26.5,20.11,0,0,.718,12.3
105,2014,156,1054,26.56,20.86,0,0,.732,12.3
105,2014,156,1100,26.64,21.49,0,0,.737,12.3
105,2014,156,1106,26.75,21.51,0,0,.741,12.3
105,2014,156,1112,26.87,22.88,0,0,.744,12.3
105,2014,156,1118,27,22.7,0,0,.745,12.3
105,2014,156,1124,27.12,22.36,0,0,.744,12.3
105,2014,156,1130,27.23,23.7,0,0,.744,12.3
105,2014,156,1136,27.38,23.86,0,0,.743,12.3
105,2014,156,1142,27.55,24.04,0,0,.739,12.3
105,2014,156,1148,27.75,22.9,0,0,.733,12.3
105,2014,156,1154,27.97,23.7,0,0,.724,12.3
105,2014,156,1200,28.16,23.18,0,0,.716,12.29
105,2014,156,1206,28.34,22.79,0,0,.706,12.29
105,2014,156,1212,28.56,23.46,0,0,.697,12.29
105,2014,156,1218,28.8,23.36,0,0,.687,12.29
105,2014,156,1224,29.02,22.98,0,0,.677,12.3
105,2014,156,1230,29.22,23.92,0,0,.668,12.3
105,2014,156,1236,29.39,22.99,0,0,.659,12.29
105,2014,156,1242,29.54,23.21,0,0,.649,12.29
105,2014,156,1248,29.71,23.1,0,0,.639,12.29
105,2014,156,1254,29.85,23.57,0,0,.631,12.3
105,2014,156,1300,29.97,24.12,0,0,.622,12.3
105,2014,156,1306,30.13,23.58,0,0,.614,12.29
105,2014,156,1312,30.3,24.47,0,0,.606,12.29
105,2014,156,1318,30.47,23.55,0,0,.599,12.29
105,2014,156,1324,30.64,24.05,0,0,.591,12.29
105,2014,156,1330,30.79,24.41,0,0,.585,12.29
105,2014,156,1336,30.87,23.97,0,0,.579,12.29
105,2014,156,1342,30.88,23.38,0,0,.572,12.3
105,2014,156,1348,30.87,24.74,0,0,.567,12.3
105,2014,156,1354,30.9,25.42,0,0,.561,12.29
105,2014,156,1400,30.98,24.76,0,0,.555,12.29
105,2014,156,1406,31.06,25.9,0,0,.55,12.29
105,2014,156,1412,31.19,25.22,0,0,.545,12.29
105,2014,156,1418,31.36,26.27,0,0,.54,12.29
105,2014,156,1424,31.53,25.86,0,0,.535,12.29
105,2014,156,1430,31.72,26.49,0,0,.531,12.29
105,2014,156,1436,31.91,25.85,0,0,.527,12.29
105,2014,156,1442,32.11,24.79,0,0,.522,12.29
105,2014,156,1448,32.33,25.36,0,0,.518,12.29
105,2014,156,1454,32.55,24.39,0,0,.516,12.29
105,2014,156,1500,32.76,24.86,0,0,.512,12.29
105,2014,156,1506,32.96,24.38,0,0,.508,12.29
105,2014,156,1512,33.17,24.86,0,0,.505,12.29
105,2014,156,1518,33.37,24.6,0,0,.503,12.29
105,2014,156,1524,33.55,25.11,0,0,.499,12.29
105,2014,156,1530,33.71,26.71,0,0,.496,12.29
105,2014,156,1536,33.83,26.9,0,0,.492,12.29
105,2014,156,1542,33.95,25.07,0,0,.488,12.29
105,2014,156,1548,34.02,25.32,0,0,.486,12.29
105,2014,156,1554,34.07,26.55,0,0,.484,12.29
105,2014,156,1600,34.05,26.44,0,0,.48,12.29
105,2014,156,1606,34.04,26.31,0,0,.477,12.29
105,2014,156,1612,34.06,26.53,0,0,.475,12.29
105,2014,156,1618,34.14,25.52,0,0,.473,12.29
105,2014,156,1624,34.26,24.68,0,0,.472,12.29
105,2014,156,1630,34.37,24.91,0,0,.468,12.29
105,2014,156,1636,34.43,24.47,0,0,.467,12.29
105,2014,156,1642,34.45,24.9,0,0,.464,12.29
105,2014,156,1648,34.46,24.74,0,0,.463,12.29
105,2014,156,1654,34.47,25.15,0,0,.461,12.29
105,2014,156,1700,34.43,25.69,0,0,.459,12.29
105,2014,156,1706,34.35,24.81,0,0,.457,12.29
105,2014,156,1712,34.29,24.07,0,0,.455,12.29
105,2014,156,1718,34.28,23.7,0,0,.454,12.29
105,2014,156,1724,34.31,23.62,0,0,.453,12.29
105,2014,156,1730,34.35,23.7,0,0,.453,12.29
105,2014,156,1736,34.39,23.78,0,0,.451,12.29
105,2014,156,1742,34.39,23.46,0,0,.45,12.29
105,2014,156,1748,34.36,23.34,0,0,.448,12.29
105,2014,156,1754,34.31,23.31,0,0,.447,12.29
105,2014,156,1800,34.24,23.8,0,0,.445,12.29
105,2014,156,1806,34.13,24.21,0,0,.444,12.29
105,2014,156,1812,33.98,23.52,0,0,.443,12.29
105,2014,156,1818,33.83,23.43,0,0,.442,12.29
105,2014,156,1824,33.7,23.1,0,0,.441,12.29
105,2014,156,1830,33.59,22.97,0,0,.439,12.29
105,2014,156,1836,33.5,22.9,0,0,.438,12.29
105,2014,156,1842,33.43,22.79,0,0,.437,12.29
105,2014,156,1848,33.35,22.65,0,0,.436,12.29
105,2014,156,1854,33.28,22.64,0,0,.435,12.29
105,2014,156,1900,33.22,22.23,0,0,.434,12.29
105,2014,156,1906,33.16,22.18,0,0,.433,12.29
105,2014,156,1912,33.09,22.07,0,0,.432,12.29
105,2014,156,1918,33.02,22.04,0,0,.432,12.29
105,2014,156,1924,32.95,21.84,0,0,.43,12.29
105,2014,156,1930,32.89,21.82,0,0,.43,12.29
105,2014,156,1936,32.82,21.71,0,0,.428,12.29
105,2014,156,1942,32.74,21.61,0,0,.427,12.29
105,2014,156,1948,32.67,21.63,0,0,.426,12.29
105,2014,156,1954,32.6,21.49,0,0,.424,12.29
105,2014,156,2000,32.53,21.3,0,0,.423,12.29
105,2014,156,2006,32.45,21.17,0,0,.423,12.29
105,2014,156,2012,32.38,21.09,0,0,.421,12.29
105,2014,156,2018,32.3,20.93,0,0,.421,12.29
105,2014,156,2024,32.22,20.88,0,0,.421,12.29
105,2014,156,2030,32.15,20.7,0,0,.419,12.29
105,2014,156,2036,32.08,20.64,0,0,.418,12.29
105,2014,156,2042,32,20.27,0,0,.418,12.3
105,2014,156,2048,31.91,19.87,0,0,.417,12.29
105,2014,156,2054,31.8,19.96,0,0,.417,12.29
105,2014,156,2100,31.69,19.36,0,0,.416,12.3
105,2014,156,2106,31.57,19.15,0,0,.415,12.29
105,2014,156,2112,31.45,19.2,0,0,.415,12.29
105,2014,156,2118,31.32,19.08,0,0,.413,12.29
105,2014,156,2124,31.18,18.96,0,0,.413,12.29
105,2014,156,2130,31.04,18.69,0,0,.412,12.29
105,2014,156,2136,30.91,18.66,0,0,.411,12.3
105,2014,156,2142,30.77,18.73,0,0,.41,12.3
105,2014,156,2148,30.64,18.51,0,0,.41,12.29
105,2014,156,2154,30.52,18.31,0,0,.409,12.3
105,2014,156,2200,30.39,18.32,0,0,.408,12.3
105,2014,156,2206,30.27,18.25,0,0,.408,12.3
105,2014,156,2212,30.14,17.87,0,0,.407,12.3
105,2014,156,2218,30.02,18.31,0,0,.407,12.3
105,2014,156,2224,29.9,18.48,0,0,.405,12.3
105,2014,156,2230,29.78,18.28,0,0,.404,12.3
105,2014,156,2236,29.66,17.77,0,0,.403,12.3
105,2014,156,2242,29.54,17.99,0,0,.402,12.3
105,2014,156,2248,29.43,18.16,0,0,.402,12.3
105,2014,156,2254,29.32,17.92,0,0,.402,12.3
105,2014,156,2300,29.22,17.96,0,0,.401,12.3
105,2014,156,2306,29.12,17.73,0,0,.4,12.3
105,2014,156,2312,29.02,17.87,0,0,.399,12.3
105,2014,156,2318,28.93,17.96,0,0,.399,12.3
105,2014,156,2324,28.83,18.11,0,0,.398,12.3
105,2014,156,2330,28.75,18.09,0,0,.397,12.3
105,2014,156,2336,28.67,17.99,0,0,.397,12.3
105,2014,156,2342,28.61,17.79,0,0,.396,12.3
105,2014,156,2348,28.54,17.47,0,0,.396,12.3
105,2014,156,2354,28.47,17.44,0,0,.396,12.3
105,2014,157,0,28.41,17.51,0,0,.395,12.3
105,2014,157,6,28.34,17.57,0,0,.394,12.3
105,2014,157,12,28.28,17.64,0,0,.394,12.3
105,2014,157,18,28.22,17.53,0,0,.393,12.3
105,2014,157,24,28.17,17.46,0,0,.392,12.3
105,2014,157,30,28.12,17.36,0,0,.392,12.3
105,2014,157,36,28.07,17.24,0,0,.392,12.3
105,2014,157,42,28.02,17.12,0,0,.391,12.3
105,2014,157,48,27.97,16.98,0,0,.391,12.3
105,2014,157,54,27.91,16.97,0,0,.39,12.3
105,2014,157,100,27.86,16.95,0,0,.39,12.3
105,2014,157,106,27.81,16.84,0,0,.389,12.3
105,2014,157,112,27.76,16.34,0,0,.389,12.3
105,2014,157,118,27.7,16.04,0,0,.388,12.3
105,2014,157,124,27.64,16.17,0,0,.387,12.3
105,2014,157,130,27.58,16.43,0,0,.386,12.3
105,2014,157,136,27.51,16.51,0,0,.386,12.3
105,2014,157,142,27.44,16.47,0,0,.386,12.3
105,2014,157,148,27.38,16.3,0,0,.384,12.3
105,2014,157,154,27.32,16.32,0,0,.385,12.3
105,2014,157,200,27.26,16.29,0,0,.385,12.3
105,2014,157,206,27.2,16.16,0,0,.383,12.3
105,2014,157,212,27.15,16.02,0,0,.383,12.3
105,2014,157,218,27.1,15.82,0,0,.383,12.3
105,2014,157,224,27.04,15.79,0,0,.383,12.3
105,2014,157,230,26.98,15.74,0,0,.382,12.3
105,2014,157,236,26.91,15.63,0,0,.382,12.3
105,2014,157,242,26.84,15.52,0,0,.382,12.3
105,2014,157,248,26.77,15.44,0,0,.381,12.3
105,2014,157,254,26.71,15.35,0,0,.38,12.3
105,2014,157,300,26.64,15.27,0,0,.38,12.3
105,2014,157,306,26.57,15.23,0,0,.38,12.3
105,2014,157,312,26.51,15.17,0,0,.38,12.3
105,2014,157,318,26.44,15.14,0,0,.378,12.3
105,2014,157,324,26.38,15,0,0,.378,12.3
105,2014,157,330,26.31,14.85,0,0,.378,12.3
105,2014,157,336,26.25,14.99,0,0,.377,12.3
105,2014,157,342,26.2,14.95,0,0,.377,12.3
105,2014,157,348,26.14,14.88,0,0,.375,12.3
105,2014,157,354,26.08,14.81,0,0,.376,12.3
105,2014,157,400,26.01,14.73,0,0,.375,12.3
105,2014,157,406,25.95,14.63,0,0,.375,12.3
105,2014,157,412,25.89,14.57,0,0,.375,12.3
105,2014,157,418,25.83,14.58,0,0,.374,12.3
105,2014,157,424,25.76,14.45,0,0,.375,12.3
105,2014,157,430,25.7,14.52,0,0,.375,12.3
105,2014,157,436,25.64,14.59,0,0,.374,12.3
105,2014,157,442,25.59,14.52,0,0,.373,12.3
105,2014,157,448,25.54,14.5,0,0,.372,12.3
105,2014,157,454,25.48,14.36,0,0,.373,12.3
105,2014,157,500,25.43,14.4,0,0,.372,12.3
105,2014,157,506,25.37,14.4,0,0,.373,12.3
105,2014,157,512,25.31,14.38,0,0,.37,12.3
105,2014,157,518,25.26,14.3,0,0,.371,12.3
105,2014,157,524,25.2,14.21,0,0,.371,12.3
105,2014,157,530,25.15,14.14,0,0,.37,12.3
105,2014,157,536,25.09,14.04,0,0,.368,12.3
105,2014,157,542,25.03,14.05,0,0,.368,12.3
105,2014,157,548,24.97,14.11,0,0,.368,12.3
105,2014,157,554,24.92,14.18,0,0,.368,12.3
105,2014,157,600,24.86,14.24,0,0,.367,12.3
105,2014,157,606,24.81,14.43,0,0,.367,12.3
105,2014,157,612,24.76,14.68,0,0,.366,12.3
105,2014,157,618,24.73,14.95,0,0,.367,12.3
105,2014,157,624,24.71,15.23,0,0,.365,12.3
105,2014,157,630,24.7,15.46,0,0,.366,12.3
105,2014,157,636,24.71,15.29,0,0,.365,12.3
105,2014,157,642,24.72,15.44,0,0,.365,12.3
105,2014,157,648,24.75,16,0,0,.364,12.3
105,2014,157,654,24.78,15.95,0,0,.364,12.3
105,2014,157,700,24.83,15.99,0,0,.364,12.3
105,2014,157,706,24.89,16.29,0,0,.363,12.3
105,2014,157,712,24.96,16.96,0,0,.362,12.3
105,2014,157,718,25.04,17.76,0,0,.361,12.3
105,2014,157,724,25.13,17.95,0,0,.36,12.3
105,2014,157,730,25.25,18.31,0,0,.359,12.3
105,2014,157,736,25.39,18.21,0,0,.359,12.3
105,2014,157,742,25.55,18.97,0,0,.358,12.3
105,2014,157,748,25.73,19.62,0,0,.358,12.3
105,2014,157,754,25.92,19.74,0,0,.358,12.3
105,2014,157,800,26.12,19.7,0,0,.358,12.3
105,2014,157,806,26.33,19.55,0,0,.356,12.3
105,2014,157,812,26.49,19.5,0,0,.356,12.3
105,2014,157,818,26.59,19.62,0,0,.356,12.3
105,2014,157,824,26.65,20.43,0,0,.356,12.3
105,2014,157,830,26.71,20.43,0,0,.356,12.3
105,2014,157,836,26.72,20.57,0,0,.355,12.3
105,2014,157,842,26.68,20.55,0,0,.355,12.3
105,2014,157,848,26.61,21.34,0,0,.355,12.3
105,2014,157,854,26.54,21.4,0,0,.355,12.3
105,2014,157,900,26.49,21.4,0,0,.353,12.3
105,2014,157,906,26.42,22.09,0,0,.353,12.3
105,2014,157,912,26.38,21.98,0,0,.353,12.3
105,2014,157,918,26.37,22.17,0,0,.353,12.3
105,2014,157,924,26.42,22.4,0,0,.353,12.3
105,2014,157,930,26.51,22.44,0,0,.353,12.3
105,2014,157,936,26.64,22.69,0,0,.353,12.3
105,2014,157,942,26.81,23.52,0,0,.352,12.3
105,2014,157,948,26.96,23.37,0,0,.35,12.3
105,2014,157,954,27.1,23.55,0,0,.35,12.29
105,2014,157,1000,27.26,24.23,0,0,.35,12.29
105,2014,157,1006,27.44,24.1,0,0,.35,12.29
105,2014,157,1012,27.6,23.98,0,0,.349,12.29
105,2014,157,1018,27.74,24.14,0,0,.35,12.29
105,2014,157,1024,27.89,24.42,0,0,.35,12.29
105,2014,157,1030,28.1,24.36,0,0,.349,12.29
105,2014,157,1036,28.33,24.89,0,0,.347,12.29
105,2014,157,1042,28.56,25.36,0,0,.347,12.29
105,2014,157,1048,28.8,25.07,0,0,.347,12.29
105,2014,157,1054,29.02,25.45,0,0,.347,12.29
105,2014,157,1100,29.24,26.09,0,0,.346,12.29
105,2014,157,1106,29.47,26.2,0,0,.345,12.29
105,2014,157,1112,29.72,25.85,0,0,.344,12.29
105,2014,157,1118,29.95,25.52,0,0,.345,12.29
105,2014,157,1124,30.15,25.63,0,0,.345,12.29
105,2014,157,1130,30.32,26.07,0,0,.345,12.29
105,2014,157,1136,30.49,26.1,0,0,.345,12.29
105,2014,157,1142,30.67,26.93,0,0,.344,12.29
105,2014,157,1148,30.9,26.77,0,0,.344,12.29
105,2014,157,1154,31.16,26.36,0,0,.344,12.29
105,2014,157,1200,31.38,26.19,0,0,.344,12.29
105,2014,157,1206,31.59,26.61,0,0,.344,12.29
105,2014,157,1212,31.82,26.82,0,0,.344,12.29
105,2014,157,1218,32.05,26.83,0,0,.342,12.29
105,2014,157,1224,32.25,26.44,0,0,.342,12.29
105,2014,157,1230,32.41,26.99,0,0,.342,12.29
105,2014,157,1236,32.58,26.83,0,0,.342,12.29
105,2014,157,1242,32.74,26.44,0,0,.342,12.29
105,2014,157,1248,32.87,26.98,0,0,.342,12.29
105,2014,157,1254,32.97,27.4,0,0,.342,12.29
105,2014,157,1300,33.1,27,0,0,.341,12.29
105,2014,157,1306,33.24,26.69,0,0,.341,12.29
105,2014,157,1312,33.36,27.81,0,0,.34,12.29
105,2014,157,1318,33.5,27.23,0,0,.34,12.29
105,2014,157,1324,33.68,27.57,0,0,.34,12.29
105,2014,157,1330,33.88,27.7,0,0,.339,12.29
105,2014,157,1336,34.09,27.37,0,0,.339,12.29
105,2014,157,1342,34.19,27.09,0,0,.339,12.29
105,2014,157,1348,34.23,28.23,0,0,.339,12.29
105,2014,157,1354,34.32,27.43,0,0,.338,12.29
105,2014,157,1400,34.42,26.74,0,0,.337,12.29
105,2014,157,1406,34.52,27.48,0,0,.337,12.29
105,2014,157,1412,34.6,27.45,0,0,.337,12.29
105,2014,157,1418,34.68,27.7,0,0,.337,12.29
105,2014,157,1424,34.76,27.6,0,0,.337,12.29
105,2014,157,1430,34.86,27.48,0,0,.336,12.29
105,2014,157,1436,34.96,27.85,0,0,.335,12.29
105,2014,157,1442,35.07,27.16,0,0,.335,12.29
105,2014,157,1448,35.17,27.8,0,0,.335,12.29
105,2014,157,1454,35.27,27.74,0,0,.333,12.29
105,2014,157,1500,35.37,27.82,0,0,.333,12.29
105,2014,157,1506,35.43,27.82,0,0,.333,12.29
105,2014,157,1512,35.46,26.72,0,0,.333,12.29
105,2014,157,1518,35.51,27.04,0,0,.333,12.29
105,2014,157,1524,35.52,27.13,0,0,.333,12.29
105,2014,157,1530,35.5,27.16,0,0,.333,12.29
105,2014,157,1536,35.5,27.48,0,0,.333,12.29
105,2014,157,1542,35.56,28.19,0,0,.331,12.29
105,2014,157,1548,35.61,28,0,0,.332,12.29
105,2014,157,1554,35.67,27.95,0,0,.332,12.29
105,2014,157,1600,35.76,28.09,0,0,.331,12.29
105,2014,157,1606,35.86,28.11,0,0,.33,12.29
105,2014,157,1612,35.95,27.95,0,0,.33,12.29
105,2014,157,1618,36.03,27.82,0,0,.33,12.29
105,2014,157,1624,36.13,25.79,0,0,.33,12.29
105,2014,157,1630,36.22,26.7,0,0,.33,12.29
105,2014,157,1636,36.26,27.32,0,0,.33,12.29
105,2014,157,1642,36.28,27.62,0,0,.33,12.29
105,2014,157,1648,36.3,27.54,0,0,.328,12.29
105,2014,157,1654,36.34,27.18,0,0,.328,12.29
105,2014,157,1700,36.39,26.94,0,0,.328,12.29
105,2014,157,1706,36.45,26.12,0,0,.328,12.29
105,2014,157,1712,36.53,24.87,0,0,.328,12.29
105,2014,157,1718,36.59,23.97,0,0,.328,12.29
105,2014,157,1724,36.6,24.4,0,0,.327,12.29
105,2014,157,1730,36.57,23.87,0,0,.327,12.29
105,2014,157,1736,36.48,23.74,0,0,.328,12.29
105,2014,157,1742,36.37,23.85,0,0,.328,12.29
105,2014,157,1748,36.24,23.61,0,0,.328,12.29
105,2014,157,1754,36.09,23.62,0,0,.328,12.29
105,2014,157,1800,35.93,23.25,0,0,.328,12.29
105,2014,157,1806,35.73,23.26,0,0,.328,12.29
105,2014,157,1812,35.53,23.25,0,0,.328,12.29
105,2014,157,1818,35.33,23.05,0,0,.328,12.29
105,2014,157,1824,35.14,22.72,0,0,.328,12.29
105,2014,157,1830,34.95,22.62,0,0,.328,12.29
105,2014,157,1836,34.77,22.54,0,0,.328,12.29
105,2014,157,1842,34.61,22.42,0,0,.328,12.29
105,2014,157,1848,34.45,22.35,0,0,.328,12.29
105,2014,157,1854,34.29,22.09,0,0,.328,12.29
105,2014,157,1900,34.15,21.98,0,0,.328,12.29
105,2014,157,1906,34.01,22.16,0,0,.327,12.29
105,2014,157,1912,33.87,22.01,0,0,.328,12.29
105,2014,157,1918,33.73,21.88,0,0,.328,12.29
105,2014,157,1924,33.59,21.85,0,0,.328,12.29
105,2014,157,1930,33.45,21.74,0,0,.328,12.29
105,2014,157,1936,33.33,21.56,0,0,.328,12.29
105,2014,157,1942,33.22,21.18,0,0,.328,12.29
105,2014,157,1948,33.09,20.85,0,0,.328,12.29
105,2014,157,1954,32.97,20.71,0,0,.328,12.29
105,2014,157,2000,32.85,20.39,0,0,.328,12.29
105,2014,157,2006,32.74,20.08,0,0,.328,12.29
105,2014,157,2012,32.62,19.99,0,0,.328,12.29
105,2014,157,2018,32.49,19.83,0,0,.328,12.29
105,2014,157,2024,32.35,19.73,0,0,.328,12.29
105,2014,157,2030,32.21,19.44,0,0,.328,12.29
105,2014,157,2036,32.08,19.1,0,0,.328,12.29
105,2014,157,2042,31.94,19.06,0,0,.328,12.29
105,2014,157,2048,31.79,18.82,0,0,.328,12.3
105,2014,157,2054,31.63,18.65,0,0,.328,12.3
105,2014,157,2100,31.47,18.53,0,0,.328,12.3
105,2014,157,2106,31.32,18.18,0,0,.328,12.3
105,2014,157,2112,31.16,18.29,0,0,.328,12.3
105,2014,157,2118,30.99,17.92,0,0,.328,12.3
105,2014,157,2124,30.82,17.62,0,0,.328,12.3
105,2014,157,2130,30.65,17.56,0,0,.328,12.3
105,2014,157,2136,30.49,17.37,0,0,.328,12.3
105,2014,157,2142,30.33,17.26,0,0,.328,12.3
105,2014,157,2148,30.16,17.06,0,0,.327,12.3
105,2014,157,2154,29.99,17.01,0,0,.327,12.3
105,2014,157,2200,29.84,17.05,0,0,.327,12.3
105,2014,157,2206,29.67,16.99,0,0,.327,12.3
105,2014,157,2212,29.51,16.83,0,0,.327,12.3
105,2014,157,2218,29.36,16.72,0,0,.327,12.3
105,2014,157,2224,29.22,16.72,0,0,.327,12.3
105,2014,157,2230,29.08,16.48,0,0,.327,12.3
105,2014,157,2236,28.94,16.46,0,0,.326,12.3
105,2014,157,2242,28.8,16.27,0,0,.326,12.3
105,2014,157,2248,28.66,16.22,0,0,.327,12.3
105,2014,157,2254,28.54,16.01,0,0,.326,12.3
105,2014,157,2300,28.41,15.76,0,0,.326,12.3
105,2014,157,2306,28.29,15.45,0,0,.327,12.3
105,2014,157,2312,28.16,15.5,0,0,.327,12.3
105,2014,157,2318,28.04,15.6,0,0,.326,12.3
105,2014,157,2324,27.91,15.4,0,0,.326,12.3
105,2014,157,2330,27.79,15.51,0,0,.326,12.3
105,2014,157,2336,27.67,15.05,0,0,.325,12.3
105,2014,157,2342,27.56,15.14,0,0,.326,12.3
105,2014,157,2348,27.44,15.08,0,0,.326,12.3
105,2014,157,2354,27.32,14.79,0,0,.326,12.3
105,2014,158,0,27.21,14.77,0,0,.326,12.3
105,2014,158,6,27.1,14.57,0,0,.326,12.3
105,2014,158,12,27,14.45,0,0,.325,12.3
105,2014,158,18,26.89,14.5,0,0,.326,12.3
105,2014,158,24,26.78,14.87,0,0,.325,12.3
105,2014,158,30,26.67,14.94,0,0,.325,12.3
105,2014,158,36,26.56,14.54,0,0,.325,12.3
105,2014,158,42,26.46,14.24,0,0,.325,12.3
105,2014,158,48,26.36,14.41,0,0,.325,12.3
105,2014,158,54,26.26,14.71,0,0,.324,12.3
105,2014,158,100,26.18,14.41,0,0,.325,12.3
105,2014,158,106,26.1,14.52,0,0,.325,12.3
105,2014,158,112,26.02,14.64,0,0,.325,12.3
105,2014,158,118,25.93,14.19,0,0,.325,12.3
105,2014,158,124,25.86,14.09,0,0,.325,12.3
105,2014,158,130,25.78,13.7,0,0,.325,12.3
105,2014,158,136,25.71,13.62,0,0,.325,12.3
105,2014,158,142,25.64,13.51,0,0,.325,12.3
105,2014,158,148,25.57,13.69,0,0,.325,12.3
105,2014,158,154,25.5,13.58,0,0,.325,12.3
105,2014,158,200,25.42,13.58,0,0,.325,12.3
105,2014,158,206,25.35,13.63,0,0,.325,12.3
105,2014,158,212,25.28,13.91,0,0,.325,12.3
105,2014,158,218,25.21,13.92,0,0,.325,12.3
105,2014,158,224,25.14,14.04,0,0,.324,12.3
105,2014,158,230,25.09,14.06,0,0,.323,12.3
105,2014,158,236,25.04,13.53,0,0,.323,12.3
105,2014,158,242,24.99,13.41,0,0,.323,12.3
105,2014,158,248,24.93,13.37,0,0,.323,12.3
105,2014,158,254,24.88,13.43,0,0,.322,12.3
105,2014,158,300,24.82,13.14,0,0,.323,12.3
105,2014,158,306,24.76,13.68,0,0,.322,12.3
105,2014,158,312,24.7,13.52,0,0,.322,12.3
105,2014,158,318,24.64,13.54,0,0,.322,12.3
105,2014,158,324,24.58,13.92,0,0,.322,12.3
105,2014,158,330,24.53,13.5,0,0,.322,12.3
105,2014,158,336,24.48,13.2,0,0,.323,12.3
105,2014,158,342,24.43,13.34,0,0,.322,12.3
105,2014,158,348,24.38,13.13,0,0,.322,12.3
105,2014,158,354,24.34,12.96,0,0,.322,12.3
105,2014,158,400,24.29,12.92,0,0,.322,12.3
105,2014,158,406,24.25,13.3,0,0,.322,12.3
105,2014,158,412,24.21,13.57,0,0,.321,12.3
105,2014,158,418,24.17,13.06,0,0,.322,12.3
105,2014,158,424,24.13,13.07,0,0,.321,12.3
105,2014,158,430,24.09,13.03,0,0,.32,12.3
105,2014,158,436,24.06,13.25,0,0,.32,12.3
105,2014,158,442,24.02,12.91,0,0,.32,12.3
105,2014,158,448,23.98,12.94,0,0,.32,12.3
105,2014,158,454,23.95,12.82,0,0,.32,12.3
105,2014,158,500,23.91,12.83,0,0,.32,12.3
105,2014,158,506,23.87,12.69,0,0,.32,12.3
105,2014,158,512,23.83,12.61,0,0,.32,12.3
105,2014,158,518,23.79,13,0,0,.32,12.3
105,2014,158,524,23.75,12.63,0,0,.321,12.3
105,2014,158,530,23.71,12.62,0,0,.32,12.3
105,2014,158,536,23.67,12.84,0,0,.32,12.3
105,2014,158,542,23.62,12.95,0,0,.321,12.3
105,2014,158,548,23.58,12.71,0,0,.32,12.3
105,2014,158,554,23.55,12.64,0,0,.321,12.3
105,2014,158,600,23.52,12.86,0,0,.32,12.3
105,2014,158,606,23.49,12.95,0,0,.321,12.3
105,2014,158,612,23.47,13.35,0,0,.32,12.3
105,2014,158,618,23.46,13.99,0,0,.32,12.3
105,2014,158,624,23.46,14.17,0,0,.32,12.3
105,2014,158,630,23.47,14.82,0,0,.318,12.3
105,2014,158,636,23.51,15.17,0,0,.317,12.3
105,2014,158,642,23.56,15.55,0,0,.318,12.3
105,2014,158,648,23.63,16.17,0,0,.316,12.3
105,2014,158,654,23.72,16.67,0,0,.315,12.3
105,2014,158,700,23.84,17.01,0,0,.315,12.3
105,2014,158,706,23.97,17.52,0,0,.314,12.3
105,2014,158,712,24.13,18.21,0,0,.314,12.3
105,2014,158,718,24.3,18.3,0,0,.314,12.3
105,2014,158,724,24.49,19.04,0,0,.314,12.3
105,2014,158,730,24.71,19.98,0,0,.314,12.3
105,2014,158,736,24.95,20.73,0,0,.314,12.3
105,2014,158,742,25.2,21.28,0,0,.313,12.3
105,2014,158,748,25.47,20.75,0,0,.312,12.29
105,2014,158,754,25.76,21.27,0,0,.312,12.3
105,2014,158,800,26.07,21.85,0,0,.311,12.3
105,2014,158,806,26.39,21.76,0,0,.311,12.29
105,2014,158,812,26.72,22.37,0,0,.31,12.29
105,2014,158,818,27.06,22.26,0,0,.31,12.29
105,2014,158,824,27.4,22.96,0,0,.31,12.29
105,2014,158,830,27.76,23.45,0,0,.309,12.29
105,2014,158,836,28.12,24.18,0,0,.308,12.29
105,2014,158,842,28.48,24.32,0,0,.309,12.29
105,2014,158,848,28.85,24.35,0,0,.309,12.29
105,2014,158,854,29.2,24.12,0,0,.309,12.29
105,2014,158,900,29.51,24.45,0,0,.309,12.29
105,2014,158,906,29.76,24.93,0,0,.308,12.29
105,2014,158,912,29.95,25.04,0,0,.308,12.29
105,2014,158,918,30.11,25.56,0,0,.308,12.29
105,2014,158,924,30.32,25.62,0,0,.308,12.29
105,2014,158,930,30.57,26.27,0,0,.307,12.29
105,2014,158,936,30.81,26.77,0,0,.307,12.29
105,2014,158,942,31.01,26.89,0,0,.307,12.29
105,2014,158,948,31.22,27.06,0,0,.307,12.29
105,2014,158,954,31.44,27.32,0,0,.307,12.29
105,2014,158,1000,31.64,27.86,0,0,.307,12.29
105,2014,158,1006,31.87,28.54,0,0,.307,12.29
105,2014,158,1012,32.16,28.52,0,0,.305,12.29
105,2014,158,1018,32.47,28.39,0,0,.306,12.29
105,2014,158,1024,32.79,28.82,0,0,.306,12.29
105,2014,158,1030,33.09,29.34,0,0,.306,12.29
105,2014,158,1036,33.42,29.05,0,0,.306,12.29
105,2014,158,1042,33.76,29.37,0,0,.306,12.29
105,2014,158,1048,34.09,29.09,0,0,.305,12.29
105,2014,158,1054,34.41,29.09,0,0,.304,12.29
105,2014,158,1100,34.72,29.41,0,0,.304,12.29
105,2014,158,1106,35.02,29.03,0,0,.304,12.29
105,2014,158,1112,35.29,29.2,0,0,.304,12.29
105,2014,158,1118,35.55,28.92,0,0,.304,12.29
105,2014,158,1124,35.76,29.35,0,0,.303,12.29
105,2014,158,1130,35.98,29.21,0,0,.304,12.29
105,2014,158,1136,36.17,29.21,0,0,.303,12.29
105,2014,158,1142,36.34,28.99,0,0,.303,12.29
105,2014,158,1148,36.51,28.91,0,0,.304,12.29
105,2014,158,1154,36.65,29.33,0,0,.303,12.29
105,2014,158,1200,36.77,29.67,0,0,.301,12.29
105,2014,158,1206,36.91,29.64,0,0,.302,12.29
105,2014,158,1212,37.05,29.78,0,0,.302,12.29
105,2014,158,1218,37.19,29.31,0,0,.302,12.29
105,2014,158,1224,37.31,29.4,0,0,.301,12.28
105,2014,158,1230,37.42,29.84,0,0,.302,12.28
105,2014,158,1236,37.54,29.81,0,0,.302,12.28
105,2014,158,1242,37.67,28.86,0,0,.3,12.28
105,2014,158,1248,37.77,29.39,0,0,.3,12.29
105,2014,158,1254,37.84,29.35,0,0,.301,12.29
105,2014,158,1300,37.92,29.76,0,0,.301,12.29
105,2014,158,1306,38,29.59,0,0,.299,12.28
105,2014,158,1312,38.07,30.27,0,0,.299,12.29
105,2014,158,1318,38.16,29.89,0,0,.298,12.29
105,2014,158,1324,38.23,29.84,0,0,.3,12.29
105,2014,158,1330,38.29,29.26,0,0,.3,12.29
105,2014,158,1336,38.32,29.29,0,0,.3,12.29
105,2014,158,1342,38.35,29.69,0,0,.299,12.29
105,2014,158,1348,38.4,29.32,0,0,.298,12.29
105,2014,158,1354,38.45,29.63,0,0,.298,12.29
105,2014,158,1400,38.51,29.51,0,0,.297,12.29
105,2014,158,1406,38.56,29.6,0,0,.297,12.29
105,2014,158,1412,38.62,29.51,0,0,.297,12.29
105,2014,158,1418,38.67,29.69,0,0,.297,12.29
105,2014,158,1424,38.69,29.72,0,0,.297,12.29
105,2014,158,1430,38.71,29.35,0,0,.296,12.29
105,2014,158,1436,38.71,29.38,0,0,.296,12.29
105,2014,158,1442,38.71,29.66,0,0,.296,12.29
105,2014,158,1448,38.71,29.97,0,0,.296,12.29
105,2014,158,1454,38.72,29.85,0,0,.294,12.29
105,2014,158,1500,38.73,29.06,0,0,.294,12.29
105,2014,158,1506,38.72,29.53,0,0,.293,12.29
105,2014,158,1512,38.71,29.23,0,0,.293,12.29
105,2014,158,1518,38.68,29.21,0,0,.294,12.29
105,2014,158,1524,38.63,29.15,0,0,.294,12.29
105,2014,158,1530,38.59,29.43,0,0,.294,12.29
105,2014,158,1536,38.54,29,0,0,.294,12.29
105,2014,158,1542,38.48,29.02,0,0,.293,12.29
105,2014,158,1548,38.42,28.74,0,0,.292,12.29
105,2014,158,1554,38.38,28.77,0,0,.292,12.29
105,2014,158,1600,38.37,29.15,0,0,.291,12.29
105,2014,158,1606,38.33,28.48,0,0,.291,12.29
105,2014,158,1612,38.28,28.62,0,0,.29,12.29
105,2014,158,1618,38.23,28.56,0,0,.289,12.29
105,2014,158,1624,38.2,28.35,0,0,.289,12.29
105,2014,158,1630,38.2,28.09,0,0,.289,12.29
105,2014,158,1636,38.2,28.36,0,0,.289,12.29
105,2014,158,1642,38.2,29.17,0,0,.289,12.29
105,2014,158,1648,38.2,28.39,0,0,.289,12.29
105,2014,158,1654,38.2,28.47,0,0,.289,12.29
105,2014,158,1700,38.21,28.18,0,0,.288,12.29
105,2014,158,1706,38.23,27,0,0,.287,12.29
105,2014,158,1712,38.28,26.97,0,0,.287,12.29
105,2014,158,1718,38.32,26.2,0,0,.287,12.29
105,2014,158,1724,38.3,25.95,0,0,.288,12.29
105,2014,158,1730,38.26,25.74,0,0,.287,12.29
105,2014,158,1736,38.19,25.93,0,0,.287,12.29
105,2014,158,1742,38.1,25.41,0,0,.288,12.29
105,2014,158,1748,37.99,25.25,0,0,.289,12.29
105,2014,158,1754,37.86,25.19,0,0,.288,12.29
105,2014,158,1800,37.71,24.85,0,0,.287,12.29
105,2014,158,1806,37.55,24.8,0,0,.288,12.29
105,2014,158,1812,37.38,24.79,0,0,.288,12.29
105,2014,158,1818,37.22,24.78,0,0,.288,12.29
105,2014,158,1824,37.07,24.75,0,0,.288,12.29
105,2014,158,1830,36.9,24.39,0,0,.289,12.29
105,2014,158,1836,36.73,24.19,0,0,.288,12.29
105,2014,158,1842,36.57,23.81,0,0,.288,12.29
105,2014,158,1848,36.42,24.11,0,0,.289,12.29
105,2014,158,1854,36.26,23.86,0,0,.288,12.29
105,2014,158,1900,36.1,23.95,0,0,.288,12.29
105,2014,158,1906,35.94,23.44,0,0,.288,12.29
105,2014,158,1912,35.79,23.41,0,0,.288,12.29
105,2014,158,1918,35.63,23.13,0,0,.288,12.29
105,2014,158,1924,35.47,23.01,0,0,.288,12.29
105,2014,158,1930,35.31,22.96,0,0,.288,12.29
105,2014,158,1936,35.17,22.68,0,0,.288,12.29
105,2014,158,1942,35.01,22.65,0,0,.288,12.29
105,2014,158,1948,34.85,22.4,0,0,.287,12.29
105,2014,158,1954,34.7,22.24,0,0,.288,12.29
105,2014,158,2000,34.55,22.19,0,0,.287,12.29
105,2014,158,2006,34.4,21.94,0,0,.288,12.29
105,2014,158,2012,34.24,21.69,0,0,.288,12.29
105,2014,158,2018,34.08,21.55,0,0,.288,12.29
105,2014,158,2024,33.93,21.15,0,0,.288,12.29
105,2014,158,2030,33.77,20.38,0,0,.289,12.29
105,2014,158,2036,33.6,20.75,0,0,.288,12.29
105,2014,158,2042,33.43,20.56,0,0,.288,12.29
105,2014,158,2048,33.26,20.45,0,0,.289,12.29
105,2014,158,2054,33.09,20.15,0,0,.288,12.29
105,2014,158,2100,32.91,19.97,0,0,.288,12.29
105,2014,158,2106,32.72,19.61,0,0,.288,12.29
105,2014,158,2112,32.55,19.41,0,0,.289,12.29
105,2014,158,2118,32.36,19.46,0,0,.288,12.29
105,2014,158,2124,32.17,19.18,0,0,.289,12.3
105,2014,158,2130,31.98,18.46,0,0,.288,12.3
105,2014,158,2136,31.79,18.67,0,0,.288,12.3
105,2014,158,2142,31.6,18.43,0,0,.288,12.3
105,2014,158,2148,31.41,18.64,0,0,.289,12.3
105,2014,158,2154,31.23,18.51,0,0,.288,12.3
105,2014,158,2200,31.06,18.35,0,0,.288,12.3
105,2014,158,2206,30.89,18.29,0,0,.288,12.3
105,2014,158,2212,30.72,18.22,0,0,.288,12.3
105,2014,158,2218,30.55,18.23,0,0,.288,12.3
105,2014,158,2224,30.4,17.63,0,0,.289,12.3
105,2014,158,2230,30.25,17.96,0,0,.288,12.3
105,2014,158,2236,30.1,17.91,0,0,.289,12.3
105,2014,158,2242,29.96,17.54,0,0,.288,12.3
105,2014,158,2248,29.83,17.57,0,0,.288,12.3
105,2014,158,2254,29.69,17.38,0,0,.289,12.3
105,2014,158,2300,29.55,17.49,0,0,.289,12.3
105,2014,158,2306,29.42,17.19,0,0,.289,12.3
105,2014,158,2312,29.29,17,0,0,.289,12.3
105,2014,158,2318,29.16,16.68,0,0,.289,12.3
105,2014,158,2324,29.04,16.84,0,0,.289,12.3
105,2014,158,2330,28.92,17.02,0,0,.289,12.3
105,2014,158,2336,28.8,16.99,0,0,.289,12.3
105,2014,158,2342,28.68,16.9,0,0,.289,12.3
105,2014,158,2348,28.57,16.77,0,0,.289,12.3
105,2014,158,2354,28.48,16.78,0,0,.289,12.3
105,2014,159,0,28.38,16.73,0,0,.289,12.3
105,2014,159,6,28.28,16.62,0,0,.289,12.3
105,2014,159,12,28.19,16.53,0,0,.289,12.3
105,2014,159,18,28.09,16.36,0,0,.289,12.3
105,2014,159,24,28,16.1,0,0,.289,12.3
105,2014,159,30,27.91,16.35,0,0,.289,12.3
105,2014,159,36,27.81,16.28,0,0,.289,12.3
105,2014,159,42,27.73,15.95,0,0,.289,12.3
105,2014,159,48,27.65,15.89,0,0,.289,12.3
105,2014,159,54,27.56,15.56,0,0,.289,12.3
105,2014,159,100,27.47,15.57,0,0,.289,12.3
105,2014,159,106,27.37,15.47,0,0,.289,12.3
105,2014,159,112,27.28,15.82,0,0,.289,12.3
105,2014,159,118,27.19,15.91,0,0,.289,12.3
105,2014,159,124,27.1,15.74,0,0,.289,12.3
105,2014,159,130,27.02,15.83,0,0,.288,12.3
105,2014,159,136,26.95,15.89,0,0,.287,12.3
105,2014,159,142,26.88,15.72,0,0,.288,12.3
105,2014,159,148,26.81,15.75,0,0,.287,12.3
105,2014,159,154,26.75,15.82,0,0,.287,12.3
105,2014,159,200,26.7,15.67,0,0,.287,12.3
105,2014,159,206,26.65,15.57,0,0,.287,12.3
105,2014,159,212,26.6,15.66,0,0,.287,12.3
105,2014,159,218,26.56,15.61,0,0,.288,12.3
105,2014,159,224,26.51,15.61,0,0,.287,12.3
105,2014,159,230,26.47,15.65,0,0,.287,12.3
105,2014,159,236,26.43,15.62,0,0,.287,12.3
105,2014,159,242,26.4,15.7,0,0,.287,12.3
105,2014,159,248,26.37,15.64,0,0,.287,12.3
105,2014,159,254,26.34,15.54,0,0,.287,12.3
105,2014,159,300,26.31,15.18,0,0,.287,12.3
105,2014,159,306,26.29,15.29,0,0,.287,12.3
105,2014,159,312,26.26,15.3,0,0,.287,12.3
105,2014,159,318,26.23,15.33,0,0,.287,12.3
105,2014,159,324,26.19,15.18,0,0,.287,12.3
105,2014,159,330,26.16,15.17,0,0,.287,12.3
105,2014,159,336,26.13,15.1,0,0,.287,12.3
105,2014,159,342,26.1,15.27,0,0,.287,12.3
105,2014,159,348,26.07,15.39,0,0,.287,12.3
105,2014,159,354,26.04,15.3,0,0,.287,12.3
105,2014,159,400,26.01,15.37,0,0,.287,12.3
105,2014,159,406,25.99,15.44,0,0,.287,12.3
105,2014,159,412,25.97,15.53,0,0,.287,12.3
105,2014,159,418,25.95,15.59,0,0,.287,12.3
105,2014,159,424,25.95,15.71,0,0,.287,12.3
105,2014,159,430,25.94,15.63,0,0,.287,12.3
105,2014,159,436,25.94,15.41,0,0,.287,12.3
105,2014,159,442,25.94,15.57,0,0,.287,12.3
105,2014,159,448,25.94,15.9,0,0,.287,12.3
105,2014,159,454,25.94,15.95,0,0,.287,12.3
105,2014,159,500,25.95,15.95,0,0,.287,12.3
105,2014,159,506,25.95,16.34,0,0,.287,12.3
105,2014,159,512,25.98,16.3,0,0,.287,12.3
105,2014,159,518,26,16.01,0,0,.287,12.3
105,2014,159,524,26.03,15.9,0,0,.287,12.3
105,2014,159,530,26.05,15.84,0,0,.288,12.3
105,2014,159,536,26.07,15.98,0,0,.287,12.3
105,2014,159,542,26.07,15.77,0,0,.287,12.3
105,2014,159,548,26.08,15.68,0,0,.287,12.3
105,2014,159,554,26.08,15.82,0,0,.287,12.3
105,2014,159,600,26.09,16.03,0,0,.288,12.3
105,2014,159,606,26.1,16.37,0,0,.287,12.3
105,2014,159,612,26.11,16.3,0,0,.287,12.3
105,2014,159,618,26.13,16.32,0,0,.286,12.3
105,2014,159,624,26.15,16.42,0,0,.287,12.3
105,2014,159,630,26.17,16.51,0,0,.287,12.3
105,2014,159,636,26.2,17.02,0,0,.287,12.3
105,2014,159,642,26.24,17.44,0,0,.287,12.3
105,2014,159,648,26.3,18.07,0,0,.286,12.3
105,2014,159,654,26.38,18.82,0,0,.286,12.3
105,2014,159,700,26.48,19.26,0,0,.285,12.3
105,2014,159,706,26.59,19.61,0,0,.284,12.3
105,2014,159,712,26.74,20.37,0,0,.283,12.3
105,2014,159,718,26.91,20.61,0,0,.283,12.3
105,2014,159,724,27.1,21.03,0,0,.282,12.29
105,2014,159,730,27.31,22.63,0,0,.282,12.29
105,2014,159,736,27.54,21.86,0,0,.282,12.29
105,2014,159,742,27.79,21.25,0,0,.282,12.29
105,2014,159,748,28.05,21.84,0,0,.281,12.29
105,2014,159,754,28.32,22.54,0,0,.28,12.29
105,2014,159,800,28.57,22.61,0,0,.28,12.29
105,2014,159,806,28.84,21.74,0,0,.278,12.29
105,2014,159,812,29.11,22.43,0,0,.279,12.29
105,2014,159,818,29.36,23.57,0,0,.278,12.29
105,2014,159,824,29.6,23.52,0,0,.279,12.29
105,2014,159,830,29.86,23.71,0,0,.279,12.29
105,2014,159,836,30.11,24.3,0,0,.278,12.29
105,2014,159,842,30.36,24.22,0,0,.278,12.29
105,2014,159,848,30.63,25.43,0,0,.278,12.29
105,2014,159,854,30.91,25.33,0,0,.278,12.29
105,2014,159,900,31.19,26.21,0,0,.276,12.29
105,2014,159,906,31.5,27.14,0,0,.275,12.29
105,2014,159,912,31.82,27.66,0,0,.275,12.29
105,2014,159,918,32.16,27.65,0,0,.276,12.29
105,2014,159,924,32.5,28.03,0,0,.275,12.29
105,2014,159,930,32.85,27.86,0,0,.275,12.29
105,2014,159,936,33.18,27.71,0,0,.275,12.29
105,2014,159,942,33.54,28.76,0,0,.274,12.29
105,2014,159,948,33.89,29.15,0,0,.274,12.29
105,2014,159,954,34.24,29.19,0,0,.274,12.29
105,2014,159,1000,34.59,28.71,0,0,.274,12.29
105,2014,159,1006,34.94,29.8,0,0,.274,12.29
105,2014,159,1012,35.26,29.48,0,0,.274,12.29
105,2014,159,1018,35.59,30.1,0,0,.273,12.29
105,2014,159,1024,35.89,30.06,0,0,.272,12.29
105,2014,159,1030,36.17,29.93,0,0,.272,12.29
105,2014,159,1036,36.4,30.27,0,0,.272,12.29
105,2014,159,1042,36.63,30.5,0,0,.272,12.29
105,2014,159,1048,36.86,29.77,0,0,.272,12.29
105,2014,159,1054,37.06,30.35,0,0,.272,12.29
105,2014,159,1100,37.22,30.67,0,0,.272,12.29
105,2014,159,1106,37.36,30.96,0,0,.272,12.29
105,2014,159,1112,37.5,30.02,0,0,.272,12.28
105,2014,159,1118,37.63,30.95,0,0,.272,12.29
105,2014,159,1124,37.76,30.95,0,0,.272,12.29
105,2014,159,1130,37.89,30.7,0,0,.272,12.29
105,2014,159,1136,38.03,30.33,0,0,.27,12.29
105,2014,159,1142,38.19,30.58,0,0,.271,12.29
105,2014,159,1148,38.32,30.43,0,0,.272,12.29
105,2014,159,1154,38.41,31.03,0,0,.27,12.29
105,2014,159,1200,38.5,29.96,0,0,.27,12.29
105,2014,159,1206,38.59,30.91,0,0,.271,12.29
105,2014,159,1212,38.68,30.6,0,0,.272,12.29
105,2014,159,1218,38.75,30.4,0,0,.271,12.29
105,2014,159,1224,38.81,30.88,0,0,.269,12.29
105,2014,159,1230,38.87,30.2,0,0,.269,12.29
105,2014,159,1236,38.94,29.96,0,0,.268,12.29
105,2014,159,1242,39,30.08,0,0,.27,12.29
105,2014,159,1248,39.02,30.42,0,0,.27,12.29
105,2014,159,1254,39.05,30.23,0,0,.27,12.29
105,2014,159,1300,39.09,30.05,0,0,.269,12.29
105,2014,159,1306,39.11,30.12,0,0,.269,12.29
105,2014,159,1312,39.1,30.84,0,0,.268,12.29
105,2014,159,1318,39.11,30.68,0,0,.267,12.29
105,2014,159,1324,39.13,29.9,0,0,.266,12.29
105,2014,159,1330,39.16,30.1,0,0,.267,12.29
105,2014,159,1336,39.16,30.12,0,0,.266,12.29
105,2014,159,1342,39.17,29.81,0,0,.266,12.29
105,2014,159,1348,39.18,29.46,0,0,.266,12.29
105,2014,159,1354,39.19,29.79,0,0,.266,12.29
105,2014,159,1400,39.21,30.51,0,0,.265,12.29
105,2014,159,1406,39.26,29.95,0,0,.264,12.29
105,2014,159,1412,39.34,29.58,0,0,.265,12.29
105,2014,159,1418,39.41,29.52,0,0,.265,12.28
105,2014,159,1424,39.47,29.2,0,0,.266,12.29
105,2014,159,1430,39.5,28.42,0,0,.266,12.29
105,2014,159,1436,39.49,27.93,0,0,.266,12.29
105,2014,159,1442,39.45,27.84,0,0,.266,12.29
105,2014,159,1448,39.4,27.54,0,0,.266,12.29
105,2014,159,1454,39.36,27.93,0,0,.266,12.29
105,2014,159,1500,39.32,28.14,0,0,.266,12.29
105,2014,159,1506,39.3,28.94,0,0,.266,12.29
105,2014,159,1512,39.29,28.21,0,0,.265,12.29
105,2014,159,1518,39.28,29.52,0,0,.264,12.29
105,2014,159,1524,39.29,30.04,0,0,.265,12.29
105,2014,159,1530,39.32,30.2,0,0,.264,12.28
105,2014,159,1536,39.36,29.89,0,0,.263,12.29
105,2014,159,1542,39.4,30.14,0,0,.263,12.28
105,2014,159,1548,39.47,29.63,0,0,.263,12.28
105,2014,159,1554,39.55,29.86,0,0,.263,12.29
105,2014,159,1600,39.63,29.05,0,0,.261,12.29
105,2014,159,1606,39.71,28.05,0,0,.261,12.29
105,2014,159,1612,39.75,27.37,0,0,.261,12.29
105,2014,159,1618,39.73,27.41,0,0,.261,12.29
105,2014,159,1624,39.66,27.78,0,0,.261,12.29
105,2014,159,1630,39.56,27.77,0,0,.261,12.29
105,2014,159,1636,39.44,28.48,0,0,.261,12.29
105,2014,159,1642,39.35,29.47,0,0,.262,12.29
105,2014,159,1648,39.3,29.09,0,0,.261,12.29
105,2014,159,1654,39.28,28.56,0,0,.261,12.29
105,2014,159,1700,39.28,28.3,0,0,.261,12.29
105,2014,159,1706,39.28,28.39,0,0,.261,12.29
105,2014,159,1712,39.28,27.97,0,0,.261,12.29
105,2014,159,1718,39.27,27.22,0,0,.261,12.29
105,2014,159,1724,39.21,26.93,0,0,.261,12.29
105,2014,159,1730,39.13,26.65,0,0,.26,12.29
105,2014,159,1736,39.02,26.94,0,0,.26,12.29
105,2014,159,1742,38.9,26.29,0,0,.261,12.29
105,2014,159,1748,38.75,26.16,0,0,.261,12.29
105,2014,159,1754,38.6,25.96,0,0,.261,12.29
105,2014,159,1800,38.44,25.78,0,0,.26,12.29
105,2014,159,1806,38.27,25.55,0,0,.261,12.29
105,2014,159,1812,38.09,25.14,0,0,.261,12.29
105,2014,159,1818,37.89,25.27,0,0,.26,12.29
105,2014,159,1824,37.72,25.26,0,0,.261,12.29
105,2014,159,1830,37.56,25.48,0,0,.261,12.29
105,2014,159,1836,37.39,25.52,0,0,.26,12.29
105,2014,159,1842,37.23,25.44,0,0,.261,12.29
105,2014,159,1848,37.09,25.37,0,0,.262,12.29
105,2014,159,1854,36.94,25.28,0,0,.261,12.29
105,2014,159,1900,36.81,25.18,0,0,.261,12.29
105,2014,159,1906,36.67,25.04,0,0,.261,12.29
105,2014,159,1912,36.55,25.14,0,0,.26,12.29
105,2014,159,1918,36.43,24.99,0,0,.261,12.29
105,2014,159,1924,36.31,25.07,0,0,.261,12.29
105,2014,159,1930,36.2,24.7,0,0,.26,12.29
105,2014,159,1936,36.09,24.79,0,0,.259,12.29
105,2014,159,1942,35.99,24.52,0,0,.261,12.29
105,2014,159,1948,35.91,24.57,0,0,.26,12.29
105,2014,159,1954,35.81,24.5,0,0,.261,12.29
105,2014,159,2000,35.69,24.54,0,0,.261,12.29
105,2014,159,2006,35.57,24.49,0,0,.261,12.29
105,2014,159,2012,35.42,24.55,0,0,.261,12.29
105,2014,159,2018,35.25,24.44,0,0,.261,12.29
105,2014,159,2024,35.09,24.29,0,0,.261,12.29
105,2014,159,2030,34.92,24.19,0,0,.261,12.29
105,2014,159,2036,34.76,24.21,0,0,.261,12.29
105,2014,159,2042,34.6,24.12,0,0,.261,12.29
105,2014,159,2048,34.47,24.03,0,0,.261,12.29
105,2014,159,2054,34.32,23.87,0,0,.261,12.29
105,2014,159,2100,34.18,23.74,0,0,.261,12.29
105,2014,159,2106,34.07,23.74,0,0,.261,12.29
105,2014,159,2112,33.96,23.66,0,0,.261,12.29
105,2014,159,2118,33.87,23.59,0,0,.261,12.29
105,2014,159,2124,33.75,23.46,0,0,.261,12.29
105,2014,159,2130,33.64,23.53,0,0,.261,12.29
105,2014,159,2136,33.51,23.49,0,0,.261,12.29
105,2014,159,2142,33.39,23.39,0,0,.261,12.29
105,2014,159,2148,33.29,23.39,0,0,.261,12.29
105,2014,159,2154,33.2,23.3,0,0,.261,12.29
105,2014,159,2200,33.09,23.27,0,0,.261,12.29
105,2014,159,2206,32.99,23.21,0,0,.261,12.29
105,2014,159,2212,32.9,23.25,0,0,.261,12.29
105,2014,159,2218,32.8,23.12,0,0,.261,12.29
105,2014,159,2224,32.71,23.09,0,0,.261,12.29
105,2014,159,2230,32.62,23.1,0,0,.261,12.29
105,2014,159,2236,32.51,23.13,0,0,.261,12.29
105,2014,159,2242,32.4,23.1,0,0,.261,12.29
105,2014,159,2248,32.3,23.14,0,0,.261,12.3
105,2014,159,2254,32.21,23.17,0,0,.261,12.3
105,2014,159,2300,32.14,23.16,0,0,.261,12.3
105,2014,159,2306,32.1,23.08,0,0,.261,12.3
105,2014,159,2312,32.08,23.07,0,0,.261,12.3
105,2014,159,2318,32.08,23.03,0,0,.261,12.3
105,2014,159,2324,32.07,23.02,0,0,.261,12.3
105,2014,159,2330,32.06,22.8,0,0,.261,12.3
105,2014,159,2336,32.04,22.54,0,0,.261,12.3
105,2014,159,2342,32.02,22.44,0,0,.261,12.3
105,2014,159,2348,32,22.57,0,0,.261,12.3
105,2014,159,2354,31.97,22.47,0,0,.261,12.3
105,2014,160,0,31.95,22.55,0,0,.261,12.3
105,2014,160,6,31.91,22.47,0,0,.261,12.3
105,2014,160,12,31.88,22.4,0,0,.26,12.3
105,2014,160,18,31.85,22.41,0,0,.261,12.3
105,2014,160,24,31.81,22.41,0,0,.261,12.3
105,2014,160,30,31.76,22.39,0,0,.261,12.3
105,2014,160,36,31.73,22.49,0,0,.26,12.3
105,2014,160,42,31.68,22.48,0,0,.261,12.3
105,2014,160,48,31.64,22.47,0,0,.261,12.3
105,2014,160,54,31.62,22.51,0,0,.26,12.3
105,2014,160,100,31.61,22.55,0,0,.26,12.3
105,2014,160,106,31.6,22.53,0,0,.26,12.3
105,2014,160,112,31.6,22.52,0,0,.259,12.3
105,2014,160,118,31.6,22.66,0,0,.259,12.3
105,2014,160,124,31.6,22.61,0,0,.259,12.3
105,2014,160,130,31.6,22.39,0,0,.26,12.3
105,2014,160,136,31.63,22.02,0,0,.259,12.3
105,2014,160,142,31.69,22.02,0,0,.259,12.3
105,2014,160,148,31.75,22.28,0,0,.259,12.29
105,2014,160,154,31.8,22.26,0,0,.259,12.29
105,2014,160,200,31.86,22.02,0,0,.259,12.29
105,2014,160,206,31.92,21.99,0,0,.259,12.3
105,2014,160,212,31.97,21.85,0,0,.261,12.29
105,2014,160,218,32.01,21.95,0,0,.297,12.29
105,2014,160,224,32.05,21.79,0,0,.333,12.29
105,2014,160,230,32.09,21.44,0,0,.366,12.29
105,2014,160,236,32.12,21.37,0,0,.404,12.29
105,2014,160,242,32.14,21.54,0,0,.437,12.29
105,2014,160,248,32.15,21.66,0,0,.463,12.29
105,2014,160,254,32.16,21.55,0,0,.485,12.29
105,2014,160,300,32.16,21.33,0,0,.506,12.29
105,2014,160,306,32.16,21.5,0,0,.524,12.29
105,2014,160,312,32.16,21.22,0,0,.542,12.29
105,2014,160,318,32.17,21.24,0,0,.56,12.29
105,2014,160,324,32.18,21.23,0,0,.581,12.29
105,2014,160,330,32.19,21.22,0,0,.6,12.29
105,2014,160,336,32.19,21.45,0,0,.616,12.29
105,2014,160,342,32.2,21.33,0,0,.63,12.29
105,2014,160,348,32.21,21.34,0,0,.641,12.29
105,2014,160,354,32.22,21.41,0,0,.65,12.29
105,2014,160,400,32.23,21.25,0,0,.654,12.29
105,2014,160,406,32.24,21.09,0,0,.655,12.29
105,2014,160,412,32.23,20.95,0,0,.655,12.29
105,2014,160,418,32.21,21.03,0,0,.655,12.29
105,2014,160,424,32.18,20.74,0,0,.655,12.29
105,2014,160,430,32.14,20.66,0,0,.655,12.29
105,2014,160,436,32.09,20.9,0,0,.654,12.29
105,2014,160,442,32.05,20.39,0,0,.653,12.29
105,2014,160,448,32,20.75,0,0,.648,12.29
105,2014,160,454,31.95,20.66,0,0,.643,12.29
105,2014,160,500,31.91,20.45,0,0,.637,12.3
105,2014,160,506,31.86,20.57,0,0,.63,12.29
105,2014,160,512,31.82,20.64,0,0,.623,12.29
105,2014,160,518,31.77,20.65,0,0,.617,12.29
105,2014,160,524,31.74,20.36,0,0,.611,12.29
105,2014,160,530,31.7,20.61,0,0,.605,12.29
105,2014,160,536,31.67,20.47,0,0,.599,12.29
105,2014,160,542,31.64,20.51,0,0,.593,12.29
105,2014,160,548,31.61,20.5,0,0,.587,12.29
105,2014,160,554,31.58,20.38,0,0,.582,12.29
105,2014,160,600,31.56,20.18,0,0,.576,12.3
105,2014,160,606,31.53,20.27,0,0,.572,12.29
105,2014,160,612,31.5,20.22,0,0,.567,12.29
105,2014,160,618,31.46,20.19,0,0,.562,12.29
105,2014,160,624,31.43,20.27,0,0,.557,12.29
105,2014,160,630,31.39,20.56,0,0,.552,12.29
105,2014,160,636,31.37,20.63,0,0,.547,12.29
105,2014,160,642,31.35,20.72,0,0,.543,12.29
105,2014,160,648,31.33,20.63,0,0,.539,12.29
105,2014,160,654,31.33,20.42,0,0,.533,12.29
105,2014,160,700,31.33,20.43,0,0,.529,12.29
105,2014,160,706,31.32,21.04,0,0,.526,12.29
105,2014,160,712,31.32,21.16,0,0,.521,12.29
105,2014,160,718,31.33,21.03,0,0,.517,12.29
105,2014,160,724,31.35,20.82,0,0,.513,12.29
105,2014,160,730,31.37,21.12,0,0,.509,12.29
105,2014,160,736,31.4,21.1,0,0,.505,12.29
105,2014,160,742,31.43,21.02,0,0,.502,12.29
105,2014,160,748,31.47,21.76,0,0,.499,12.29
105,2014,160,754,31.51,22.32,0,0,.496,12.29
105,2014,160,800,31.57,22.72,0,0,.491,12.29
105,2014,160,806,31.65,23.27,0,0,.487,12.29
105,2014,160,812,31.75,23.79,0,0,.483,12.29
105,2014,160,818,31.88,23.41,0,0,.48,12.29
105,2014,160,824,32.04,24.13,0,0,.477,12.29
105,2014,160,830,32.21,24.46,0,0,.473,12.29
105,2014,160,836,32.4,24.67,0,0,.469,12.29
105,2014,160,842,32.6,25.46,0,0,.468,12.29
105,2014,160,848,32.82,25.99,0,0,.465,12.29
105,2014,160,854,33.06,26.23,0,0,.463,12.29
105,2014,160,900,33.31,26.94,0,0,.46,12.29
105,2014,160,906,33.56,27,0,0,.458,12.29
105,2014,160,912,33.84,27.95,0,0,.455,12.29
105,2014,160,918,34.11,28.01,0,0,.453,12.29
105,2014,160,924,34.38,27.17,0,0,.451,12.29
105,2014,160,930,34.66,27.97,0,0,.449,12.29
105,2014,160,936,34.91,28.38,0,0,.447,12.29
105,2014,160,942,35.17,27.26,0,0,.445,12.29
105,2014,160,948,35.42,26.81,0,0,.444,12.29
105,2014,160,954,35.65,28.17,0,0,.442,12.29
105,2014,160,1000,35.87,28.55,0,0,.44,12.29
105,2014,160,1006,36.07,28.96,0,0,.438,12.29
105,2014,160,1012,36.26,28.14,0,0,.436,12.29
105,2014,160,1018,36.46,27.91,0,0,.434,12.29
105,2014,160,1024,36.65,27.85,0,0,.433,12.29
105,2014,160,1030,36.82,27.01,0,0,.432,12.29
105,2014,160,1036,36.97,26.27,0,0,.431,12.29
105,2014,160,1042,37.1,26.27,0,0,.429,12.29
105,2014,160,1048,37.2,26.45,0,0,.429,12.29
105,2014,160,1054,37.27,26.42,0,0,.428,12.29
105,2014,160,1100,37.32,26.36,0,0,.425,12.29
105,2014,160,1106,37.37,27.17,0,0,.424,12.29
105,2014,160,1112,37.41,26.87,0,0,.422,12.29
105,2014,160,1118,37.44,26.56,0,0,.422,12.29
105,2014,160,1124,37.45,26.52,0,0,.421,12.29
105,2014,160,1130,37.44,26.31,0,0,.42,12.29
105,2014,160,1136,37.42,26,0,0,.419,12.29
105,2014,160,1142,37.39,25.65,0,0,.418,12.29
105,2014,160,1148,37.34,25.77,0,0,.417,12.29
105,2014,160,1154,37.29,25.88,0,0,.415,12.29
105,2014,160,1200,37.24,26.22,0,0,.414,12.29
105,2014,160,1206,37.2,26.17,0,0,.413,12.29
105,2014,160,1212,37.16,25.93,0,0,.412,12.29
105,2014,160,1218,37.13,25.67,0,0,.412,12.29
105,2014,160,1224,37.09,25.95,0,0,.412,12.29
105,2014,160,1230,37.06,25.93,0,0,.412,12.29
105,2014,160,1236,37.03,26.74,0,0,.413,12.29
105,2014,160,1242,37.02,26.48,0,0,.412,12.29
105,2014,160,1248,37.02,26.09,0,0,.412,12.29
105,2014,160,1254,37.01,25.9,0,0,.412,12.29
105,2014,160,1300,37,26.5,0,0,.412,12.29
105,2014,160,1306,37,26.67,0,0,.412,12.29
105,2014,160,1312,37,28.17,0,0,.412,12.29
105,2014,160,1318,37,27.95,0,0,.412,12.29
105,2014,160,1324,37.02,27.96,0,0,.412,12.29
105,2014,160,1330,37.05,29.04,0,0,.412,12.29
105,2014,160,1336,37.09,29.41,0,0,.412,12.29
105,2014,160,1342,37.17,28.16,0,0,.411,12.29
105,2014,160,1348,37.26,27.94,0,0,.411,12.29
105,2014,160,1354,37.34,28.6,0,0,.414,12.29
105,2014,160,1400,37.41,28.95,0,0,.415,12.29
105,2014,160,1406,37.51,29.4,0,0,.416,12.29
105,2014,160,1412,37.62,30,0,0,.416,12.29
105,2014,160,1418,37.75,29.94,0,0,.418,12.29
105,2014,160,1424,37.88,30.29,0,0,.421,12.29
105,2014,160,1430,38.01,29.57,0,0,.423,12.29
105,2014,160,1436,38.14,30.41,0,0,.425,12.29
105,2014,160,1442,38.26,29.63,0,0,.425,12.29
105,2014,160,1448,38.37,28.98,0,0,.428,12.29
105,2014,160,1454,38.46,28.66,0,0,.431,12.29
105,2014,160,1500,38.55,28.58,0,0,.432,12.29
105,2014,160,1506,38.62,29.87,0,0,.432,12.29
105,2014,160,1512,38.67,29.03,0,0,.432,12.29
105,2014,160,1518,38.74,28.46,0,0,.432,12.29
105,2014,160,1524,38.8,30.09,0,0,.433,12.29
105,2014,160,1530,38.85,30.27,0,0,.433,12.29
105,2014,160,1536,38.89,28.91,0,0,.434,12.29
105,2014,160,1542,38.93,29,0,0,.434,12.29
105,2014,160,1548,38.96,29.12,0,0,.433,12.29
105,2014,160,1554,39,28.78,0,0,.433,12.29
105,2014,160,1600,39.04,28.92,0,0,.432,12.29
105,2014,160,1606,39.08,29.23,0,0,.432,12.29
105,2014,160,1612,39.1,29.2,0,0,.431,12.29
105,2014,160,1618,39.14,29.95,0,0,.432,12.29
105,2014,160,1624,39.2,29.02,0,0,.433,12.29
105,2014,160,1630,39.24,29.32,0,0,.433,12.29
105,2014,160,1636,39.27,29.28,0,0,.433,12.29
105,2014,160,1642,39.29,29.25,0,0,.431,12.29
105,2014,160,1648,39.32,28.97,0,0,.431,12.29
105,2014,160,1654,39.32,29.04,0,0,.43,12.29
105,2014,160,1700,39.35,28.77,0,0,.427,12.29
105,2014,160,1706,39.39,28.31,0,0,.427,12.29
105,2014,160,1712,39.42,27.8,0,0,.426,12.29
105,2014,160,1718,39.41,27.57,0,0,.425,12.29
105,2014,160,1724,39.38,27.49,0,0,.425,12.29
105,2014,160,1730,39.32,27.26,0,0,.424,12.29
105,2014,160,1736,39.25,27.07,0,0,.424,12.29
105,2014,160,1742,39.16,27.31,0,0,.423,12.29
105,2014,160,1748,39.05,26.87,0,0,.421,12.29
105,2014,160,1754,38.93,26.85,0,0,.419,12.29
105,2014,160,1800,38.78,26.54,0,0,.419,12.29
105,2014,160,1806,38.6,26.44,0,0,.42,12.29
105,2014,160,1812,38.44,26.45,0,0,.416,12.29
105,2014,160,1818,38.29,26.37,0,0,.417,12.29
105,2014,160,1824,38.14,26.17,0,0,.416,12.29
105,2014,160,1830,37.96,26.05,0,0,.416,12.29
105,2014,160,1836,37.82,25.97,0,0,.413,12.29
105,2014,160,1842,37.69,26.09,0,0,.413,12.29
105,2014,160,1848,37.55,25.8,0,0,.412,12.29
105,2014,160,1854,37.39,25.81,0,0,.41,12.29
105,2014,160,1900,37.25,25.71,0,0,.41,12.29
105,2014,160,1906,37.14,25.69,0,0,.411,12.29
105,2014,160,1912,37.03,25.55,0,0,.407,12.29
105,2014,160,1918,36.92,25.36,0,0,.407,12.29
105,2014,160,1924,36.82,25.27,0,0,.406,12.29
105,2014,160,1930,36.73,25.18,0,0,.406,12.29
105,2014,160,1936,36.64,24.91,0,0,.404,12.29
105,2014,160,1942,36.54,24.93,0,0,.402,12.29
105,2014,160,1948,36.43,24.85,0,0,.402,12.29
105,2014,160,1954,36.32,24.71,0,0,.401,12.29
105,2014,160,2000,36.2,24.68,0,0,.401,12.29
105,2014,160,2006,36.07,24.59,0,0,.4,12.29
105,2014,160,2012,35.97,24.41,0,0,.398,12.29
105,2014,160,2018,35.87,24.26,0,0,.398,12.29
105,2014,160,2024,35.77,24.15,0,0,.397,12.29
105,2014,160,2030,35.66,24.2,0,0,.396,12.29
105,2014,160,2036,35.55,23.81,0,0,.395,12.29
105,2014,160,2042,35.44,23.8,0,0,.394,12.29
105,2014,160,2048,35.33,23.42,0,0,.394,12.29
105,2014,160,2054,35.23,23.16,0,0,.394,12.29
105,2014,160,2100,35.12,23.61,0,0,.393,12.29
105,2014,160,2106,35,23.57,0,0,.393,12.29
105,2014,160,2112,34.89,23.59,0,0,.392,12.29
105,2014,160,2118,34.77,23.6,0,0,.391,12.29
105,2014,160,2124,34.68,23.64,0,0,.39,12.29
105,2014,160,2130,34.59,23.08,0,0,.389,12.29
105,2014,160,2136,34.5,23.09,0,0,.389,12.29
105,2014,160,2142,34.41,23.38,0,0,.388,12.29
105,2014,160,2148,34.32,23.37,0,0,.387,12.29
105,2014,160,2154,34.23,23.29,0,0,.387,12.29
105,2014,160,2200,34.15,23.61,0,0,.387,12.29
105,2014,160,2206,34.08,22.96,0,0,.385,12.29
105,2014,160,2212,34.02,23.11,0,0,.384,12.29
105,2014,160,2218,33.95,23.41,0,0,.384,12.29
105,2014,160,2224,33.89,23.23,0,0,.383,12.29
105,2014,160,2230,33.83,23.25,0,0,.383,12.29
105,2014,160,2236,33.77,23.34,0,0,.382,12.29
105,2014,160,2242,33.72,23.14,0,0,.382,12.29
105,2014,160,2248,33.68,23.18,0,0,.382,12.29
105,2014,160,2254,33.64,23.37,0,0,.38,12.29
105,2014,160,2300,33.61,23.26,0,0,.38,12.29
105,2014,160,2306,33.58,23.22,0,0,.379,12.29
105,2014,160,2312,33.55,23.11,0,0,.379,12.29
105,2014,160,2318,33.53,22.94,0,0,.379,12.29
105,2014,160,2324,33.52,23.03,0,0,.378,12.29
105,2014,160,2330,33.5,23.12,0,0,.377,12.29
105,2014,160,2336,33.49,23.11,0,0,.377,12.29
105,2014,160,2342,33.48,22.67,0,0,.376,12.29
105,2014,160,2348,33.47,22.73,0,0,.375,12.29
105,2014,160,2354,33.46,22.77,0,0,.375,12.29
105,2014,161,0,33.44,22.64,0,0,.375,12.29
105,2014,161,6,33.41,22.69,0,0,.374,12.29
105,2014,161,12,33.39,22.44,0,0,.373,12.29
105,2014,161,18,33.36,22.39,0,0,.372,12.29
105,2014,161,24,33.33,22.38,0,0,.373,12.29
105,2014,161,30,33.3,22.23,0,0,.372,12.29
105,2014,161,36,33.27,22.37,0,0,.372,12.29
105,2014,161,42,33.24,22.53,0,0,.37,12.29
105,2014,161,48,33.2,22.53,0,0,.37,12.29
105,2014,161,54,33.17,22.52,0,0,.369,12.29
105,2014,161,100,33.15,22.35,0,0,.369,12.29
105,2014,161,106,33.13,22.69,0,0,.368,12.29
105,2014,161,112,33.11,22.69,0,0,.368,12.29
105,2014,161,118,33.1,22.93,0,0,.367,12.29
105,2014,161,124,33.1,22.91,0,0,.366,12.29
105,2014,161,130,33.1,22.71,0,0,.366,12.29
105,2014,161,136,33.12,22.53,0,0,.367,12.29
105,2014,161,142,33.13,22.48,0,0,.366,12.29
105,2014,161,148,33.13,22.45,0,0,.365,12.29
105,2014,161,154,33.14,22.48,0,0,.364,12.29
105,2014,161,200,33.13,22.59,0,0,.365,12.29
105,2014,161,206,33.13,22.6,0,0,.365,12.29
105,2014,161,212,33.13,22.78,0,0,.364,12.29
105,2014,161,218,33.13,22.63,0,0,.363,12.29
105,2014,161,224,33.14,22.73,0,0,.363,12.29
105,2014,161,230,33.15,22.58,0,0,.363,12.29
105,2014,161,236,33.16,22.56,0,0,.363,12.29
105,2014,161,242,33.17,22.49,0,0,.363,12.29
105,2014,161,248,33.17,22.48,0,0,.363,12.29
105,2014,161,254,33.19,22.41,0,0,.364,12.29
105,2014,161,300,33.19,22.75,0,0,.363,12.29
105,2014,161,306,33.21,22.55,0,0,.366,12.29
105,2014,161,312,33.22,22.75,0,0,.372,12.29
105,2014,161,318,33.24,22.67,0,0,.383,12.29
105,2014,161,324,33.25,22.54,0,0,.396,12.29
105,2014,161,330,33.27,22.51,0,0,.41,12.29
105,2014,161,336,33.29,22.6,0,0,.426,12.29
105,2014,161,342,33.3,22.61,0,0,.439,12.29
105,2014,161,348,33.32,22.7,0,0,.453,12.29
105,2014,161,354,33.34,22.46,0,0,.466,12.29
105,2014,161,400,33.36,22.51,0,0,.478,12.29
105,2014,161,406,33.39,22.48,0,0,.492,12.29
105,2014,161,412,33.41,22.68,0,0,.506,12.29
105,2014,161,418,33.42,22.71,0,0,.52,12.29
105,2014,161,424,33.44,22.56,0,0,.532,12.29
105,2014,161,430,33.45,22.66,0,0,.542,12.29
105,2014,161,436,33.46,22.63,0,0,.551,12.29
105,2014,161,442,33.47,22.55,0,0,.549,12.29
105,2014,161,448,33.47,22.6,0,0,.554,12.29
105,2014,161,454,33.48,22.72,0,0,.553,12.29
105,2014,161,500,33.48,22.84,0,0,.552,12.29
105,2014,161,506,33.49,22.91,0,0,.551,12.29
105,2014,161,512,33.5,22.98,0,0,.553,12.29
105,2014,161,518,33.52,23,0,0,.551,12.29
105,2014,161,524,33.54,22.84,0,0,.549,12.29
105,2014,161,530,33.54,22.78,0,0,.549,12.29
105,2014,161,536,33.56,22.86,0,0,.541,12.29
105,2014,161,542,33.56,22.76,0,0,.538,12.29
105,2014,161,548,33.56,22.77,0,0,.532,12.29
105,2014,161,554,33.55,23.04,0,0,.529,12.29
105,2014,161,600,33.56,23.08,0,0,.525,12.29
105,2014,161,606,33.57,23.23,0,0,.521,12.29
105,2014,161,612,33.57,23.41,0,0,.517,12.29
105,2014,161,618,33.58,23.05,0,0,.514,12.29
105,2014,161,624,33.6,23.4,0,0,.511,12.29
105,2014,161,630,33.61,23.24,0,0,.508,12.29
105,2014,161,636,33.63,23.49,0,0,.505,12.29
105,2014,161,642,33.65,23.54,0,0,.502,12.29
105,2014,161,648,33.67,23.35,0,0,.499,12.29
105,2014,161,654,33.69,23.38,0,0,.496,12.29
105,2014,161,700,33.71,23.34,0,0,.492,12.29
105,2014,161,706,33.73,23.72,0,0,.49,12.29
105,2014,161,712,33.76,23.89,0,0,.486,12.29
105,2014,161,718,33.8,23.94,0,0,.484,12.29
105,2014,161,724,33.84,24.03,0,0,.481,12.29
105,2014,161,730,33.88,24.25,0,0,.478,12.29
105,2014,161,736,33.92,24.42,0,0,.475,12.29
105,2014,161,742,33.98,24.92,0,0,.472,12.29
105,2014,161,748,34.04,25.46,0,0,.47,12.29
105,2014,161,754,34.12,25.4,0,0,.468,12.29
105,2014,161,800,34.21,25.69,0,0,.466,12.29
105,2014,161,806,34.31,25.92,0,0,.463,12.29
105,2014,161,812,34.43,26.16,0,0,.461,12.29
105,2014,161,818,34.55,25.66,0,0,.459,12.29
105,2014,161,824,34.68,25.69,0,0,.457,12.29
105,2014,161,830,34.8,25.77,0,0,.455,12.29
105,2014,161,836,34.9,25.86,0,0,.454,12.29
105,2014,161,842,35,25.44,0,0,.452,12.29
105,2014,161,848,35.09,25.42,0,0,.45,12.29
105,2014,161,854,35.16,25.58,0,0,.449,12.29
105,2014,161,900,35.22,25.53,0,0,.447,12.29
105,2014,161,906,35.29,25.63,0,0,.446,12.29
105,2014,161,912,35.34,25.52,0,0,.445,12.29
105,2014,161,918,35.38,25.74,0,0,.443,12.29
105,2014,161,924,35.42,25.95,0,0,.441,12.29
105,2014,161,930,35.46,25.94,0,0,.439,12.29
105,2014,161,936,35.5,26.22,0,0,.437,12.29
105,2014,161,942,35.55,26.83,0,0,.436,12.29
105,2014,161,948,35.61,26.81,0,0,.433,12.29
105,2014,161,954,35.66,28.28,0,0,.432,12.29
105,2014,161,1000,35.74,27.22,0,0,.431,12.29
105,2014,161,1006,35.82,26.95,0,0,.43,12.29
105,2014,161,1012,35.91,27.35,0,0,.428,12.29
105,2014,161,1018,36,27.17,0,0,.427,12.29
105,2014,161,1024,36.09,27.17,0,0,.426,12.29
105,2014,161,1030,36.18,27.42,0,0,.425,12.29
105,2014,161,1036,36.27,27.96,0,0,.422,12.29
105,2014,161,1042,36.36,28.35,0,0,.421,12.29
105,2014,161,1048,36.44,27.89,0,0,.42,12.29
105,2014,161,1054,36.52,28.11,0,0,.42,12.29
105,2014,161,1100,36.61,29.58,0,0,.418,12.29
105,2014,161,1106,36.69,29.69,0,0,.416,12.29
105,2014,161,1112,36.8,28.88,0,0,.414,12.29