,32.43,32.83,0,0,.405,12.28
105,2014,167,1506,32.49,32.61,0,0,.403,12.28
105,2014,167,1512,32.54,32.84,0,0,.403,12.28
105,2014,167,1518,32.59,32.64,0,0,.402,12.28
105,2014,167,1524,32.62,32.24,0,0,.402,12.28
105,2014,167,1530,32.64,32.59,0,0,.4,12.29
105,2014,167,1536,32.65,32.61,0,0,.398,12.29
105,2014,167,1542,32.66,32.99,0,0,.397,12.28
105,2014,167,1548,32.68,32.92,0,0,.396,12.28
105,2014,167,1554,32.69,32.66,0,0,.395,12.28
105,2014,167,1600,32.7,32.59,0,0,.393,12.28
105,2014,167,1606,32.7,32.84,0,0,.394,12.28
105,2014,167,1612,32.7,32.53,0,0,.393,12.28
105,2014,167,1618,32.7,31.81,0,0,.393,12.28
105,2014,167,1624,32.69,32.16,0,0,.391,12.28
105,2014,167,1630,32.68,32.54,0,0,.391,12.28
105,2014,167,1636,32.67,31.92,0,0,.39,12.28
105,2014,167,1642,32.64,32.08,0,0,.389,12.28
105,2014,167,1648,32.62,32.14,0,0,.388,12.28
105,2014,167,1654,32.61,31.78,0,0,.387,12.28
105,2014,167,1700,32.59,31.29,0,0,.386,12.29
105,2014,167,1706,32.56,30.42,0,0,.385,12.29
105,2014,167,1712,32.52,30.3,0,0,.385,12.29
105,2014,167,1718,32.47,29.62,0,0,.386,12.29
105,2014,167,1724,32.39,29.35,0,0,.386,12.29
105,2014,167,1730,32.29,29.41,0,0,.386,12.29
105,2014,167,1736,32.16,28.89,0,0,.385,12.29
105,2014,167,1742,32.03,28.84,0,0,.386,12.29
105,2014,167,1748,31.88,28.66,0,0,.384,12.29
105,2014,167,1754,31.72,28.34,0,0,.384,12.29
105,2014,167,1800,31.54,28.21,0,0,.383,12.29
105,2014,167,1806,31.37,28.27,0,0,.383,12.29
105,2014,167,1812,31.21,27.33,0,0,.384,12.29
105,2014,167,1818,31.03,27.43,0,0,.383,12.29
105,2014,167,1824,30.85,27.28,0,0,.383,12.29
105,2014,167,1830,30.67,26.94,0,0,.382,12.29
105,2014,167,1836,30.49,26.65,0,0,.382,12.29
105,2014,167,1842,30.33,26.56,0,0,.382,12.29
105,2014,167,1848,30.16,26.31,0,0,.38,12.29
105,2014,167,1854,29.98,26.44,0,0,.38,12.29
105,2014,167,1900,29.82,26.16,0,0,.38,12.29
105,2014,167,1906,29.65,26.29,0,0,.377,12.29
105,2014,167,1912,29.49,26.12,0,0,.378,12.29
105,2014,167,1918,29.35,26.05,0,0,.378,12.29
105,2014,167,1924,29.2,26.15,0,0,.378,12.29
105,2014,167,1930,29.07,26.19,0,0,.377,12.29
105,2014,167,1936,28.93,25.46,0,0,.378,12.29
105,2014,167,1942,28.79,25.74,0,0,.377,12.29
105,2014,167,1948,28.64,25.57,0,0,.377,12.29
105,2014,167,1954,28.5,25.41,0,0,.377,12.29
105,2014,167,2000,28.36,25.23,0,0,.375,12.29
105,2014,167,2006,28.21,25.02,0,0,.375,12.29
105,2014,167,2012,28.06,24.59,0,0,.374,12.29
105,2014,167,2018,27.89,24.42,0,0,.375,12.29
105,2014,167,2024,27.73,24.35,0,0,.374,12.29
105,2014,167,2030,27.58,24.13,0,0,.373,12.29
105,2014,167,2036,27.43,24.13,0,0,.373,12.29
105,2014,167,2042,27.28,23.94,0,0,.373,12.29
105,2014,167,2048,27.12,23.77,0,0,.373,12.29
105,2014,167,2054,26.97,23.71,0,0,.372,12.29
105,2014,167,2100,26.83,23.51,0,0,.373,12.29
105,2014,167,2106,26.68,23.7,0,0,.372,12.29
105,2014,167,2112,26.53,23.42,0,0,.371,12.29
105,2014,167,2118,26.38,23.29,0,0,.37,12.29
105,2014,167,2124,26.24,23.23,0,0,.37,12.29
105,2014,167,2130,26.11,23.14,0,0,.369,12.29
105,2014,167,2136,26,23.06,0,0,.369,12.29
105,2014,167,2142,25.88,23,0,0,.368,12.29
105,2014,167,2148,25.78,22.93,0,0,.369,12.29
105,2014,167,2154,25.69,22.88,0,0,.368,12.29
105,2014,167,2200,25.59,22.83,0,0,.367,12.29
105,2014,167,2206,25.49,22.84,0,0,.368,12.29
105,2014,167,2212,25.4,22.63,0,0,.367,12.29
105,2014,167,2218,25.31,22.61,0,0,.367,12.29
105,2014,167,2224,25.22,22.77,0,0,.366,12.29
105,2014,167,2230,25.13,22.62,0,0,.366,12.29
105,2014,167,2236,25.04,22.68,0,0,.366,12.29
105,2014,167,2242,24.95,22.74,0,0,.365,12.29
105,2014,167,2248,24.87,22.83,0,0,.364,12.29
105,2014,167,2254,24.8,22.66,0,0,.363,12.29
105,2014,167,2300,24.74,22.59,0,0,.364,12.29
105,2014,167,2306,24.67,22.68,0,0,.364,12.29
105,2014,167,2312,24.61,22.78,0,0,.364,12.29
105,2014,167,2318,24.56,22.79,0,0,.364,12.29
105,2014,167,2324,24.51,22.57,0,0,.363,12.29
105,2014,167,2330,24.47,22.49,0,0,.362,12.29
105,2014,167,2336,24.42,22.47,0,0,.363,12.29
105,2014,167,2342,24.37,22.51,0,0,.362,12.29
105,2014,167,2348,24.33,22.52,0,0,.362,12.29
105,2014,167,2354,24.28,22.46,0,0,.361,12.29
105,2014,168,0,24.25,22.41,0,0,.361,12.29
105,2014,168,6,24.21,22.34,0,0,.361,12.29
105,2014,168,12,24.17,22.14,0,0,.361,12.29
105,2014,168,18,24.13,22.32,0,0,.361,12.29
105,2014,168,24,24.1,22.16,0,0,.36,12.29
105,2014,168,30,24.06,22.21,0,0,.359,12.29
105,2014,168,36,24.02,22.18,0,0,.359,12.29
105,2014,168,42,23.98,22.16,0,0,.359,12.29
105,2014,168,48,23.94,22.04,0,0,.359,12.29
105,2014,168,54,23.89,22.18,0,0,.359,12.29
105,2014,168,100,23.85,21.8,0,0,.358,12.29
105,2014,168,106,23.8,21.79,0,0,.358,12.29
105,2014,168,112,23.74,21.96,0,0,.357,12.29
105,2014,168,118,23.7,22.06,0,0,.358,12.29
105,2014,168,124,23.66,21.8,0,0,.357,12.29
105,2014,168,130,23.63,21.79,0,0,.357,12.29
105,2014,168,136,23.6,21.86,0,0,.358,12.29
105,2014,168,142,23.57,21.72,0,0,.356,12.29
105,2014,168,148,23.54,21.86,0,0,.357,12.29
105,2014,168,154,23.51,21.66,0,0,.355,12.29
105,2014,168,200,23.48,21.62,0,0,.356,12.29
105,2014,168,206,23.45,21.92,0,0,.356,12.29
105,2014,168,212,23.41,21.76,0,0,.356,12.29
105,2014,168,218,23.38,21.52,0,0,.356,12.29
105,2014,168,224,23.34,21.63,0,0,.356,12.29
105,2014,168,230,23.3,21.69,0,0,.355,12.29
105,2014,168,236,23.27,21.63,0,0,.355,12.29
105,2014,168,242,23.24,21.8,0,0,.355,12.29
105,2014,168,248,23.23,22.31,0,0,.354,12.29
105,2014,168,254,23.25,22.24,0,0,.354,12.29
105,2014,168,300,23.28,22.21,0,0,.354,12.29
105,2014,168,306,23.31,22.09,0,0,.354,12.29
105,2014,168,312,23.34,22.16,0,0,.354,12.29
105,2014,168,318,23.36,22.13,0,0,.353,12.29
105,2014,168,324,23.38,22.13,0,0,.353,12.29
105,2014,168,330,23.4,22.09,0,0,.353,12.29
105,2014,168,336,23.41,22.1,0,0,.353,12.29
105,2014,168,342,23.4,21.95,0,0,.352,12.29
105,2014,168,348,23.39,22.1,0,0,.353,12.29
105,2014,168,354,23.37,21.86,0,0,.351,12.29
105,2014,168,400,23.34,21.82,0,0,.351,12.29
105,2014,168,406,23.3,22.07,0,0,.351,12.29
105,2014,168,412,23.29,22.15,0,0,.351,12.29
105,2014,168,418,23.29,21.94,0,0,.351,12.29
105,2014,168,424,23.29,21.92,0,0,.351,12.29
105,2014,168,430,23.29,21.86,0,0,.351,12.29
105,2014,168,436,23.29,21.83,0,0,.351,12.29
105,2014,168,442,23.29,21.7,0,0,.351,12.29
105,2014,168,448,23.27,21.13,0,0,.349,12.29
105,2014,168,454,23.23,21.31,0,0,.348,12.29
105,2014,168,500,23.19,21.12,0,0,.348,12.29
105,2014,168,506,23.13,21.06,0,0,.348,12.29
105,2014,168,512,23.07,21.21,0,0,.349,12.29
105,2014,168,518,23,21.18,0,0,.349,12.29
105,2014,168,524,22.94,21.14,0,0,.349,12.3
105,2014,168,530,22.89,21.04,0,0,.349,12.3
105,2014,168,536,22.84,20.93,0,0,.348,12.29
105,2014,168,542,22.8,20.98,0,0,.348,12.29
105,2014,168,548,22.77,20.85,0,0,.348,12.3
105,2014,168,554,22.73,20.79,0,0,.348,12.29
105,2014,168,600,22.7,20.76,0,0,.348,12.3
105,2014,168,606,22.66,20.69,0,0,.348,12.3
105,2014,168,612,22.61,20.88,0,0,.349,12.3
105,2014,168,618,22.56,21.05,0,0,.349,12.3
105,2014,168,624,22.51,21.41,0,0,.349,12.29
105,2014,168,630,22.48,21.72,0,0,.348,12.29
105,2014,168,636,22.47,21.83,0,0,.347,12.29
105,2014,168,642,22.47,22.4,0,0,.347,12.29
105,2014,168,648,22.49,22.74,0,0,.347,12.29
105,2014,168,654,22.54,22.91,0,0,.347,12.29
105,2014,168,700,22.59,23.23,0,0,.346,12.29
105,2014,168,706,22.66,23.11,0,0,.345,12.29
105,2014,168,712,22.76,23.51,0,0,.345,12.29
105,2014,168,718,22.86,24.12,0,0,.344,12.29
105,2014,168,724,22.98,24.32,0,0,.344,12.29
105,2014,168,730,23.11,25.12,0,0,.343,12.29
105,2014,168,736,23.26,25.03,0,0,.343,12.29
105,2014,168,742,23.43,25.24,0,0,.342,12.29
105,2014,168,748,23.6,25.78,0,0,.34,12.29
105,2014,168,754,23.78,26,0,0,.34,12.29
105,2014,168,800,23.97,26.34,0,0,.34,12.29
105,2014,168,806,24.17,26.46,0,0,.339,12.29
105,2014,168,812,24.37,27.22,0,0,.339,12.29
105,2014,168,818,24.58,27.13,0,0,.338,12.29
105,2014,168,824,24.81,27.35,0,0,.338,12.29
105,2014,168,830,25.04,27.58,0,0,.338,12.29
105,2014,168,836,25.26,28.13,0,0,.337,12.29
105,2014,168,842,25.5,28.5,0,0,.336,12.29
105,2014,168,848,25.75,28.8,0,0,.336,12.29
105,2014,168,854,26,28.92,0,0,.336,12.29
105,2014,168,900,26.25,29.17,0,0,.336,12.29
105,2014,168,906,26.51,29.62,0,0,.336,12.29
105,2014,168,912,26.79,29.99,0,0,.336,12.29
105,2014,168,918,27.06,30.14,0,0,.334,12.29
105,2014,168,924,27.33,30.45,0,0,.335,12.29
105,2014,168,930,27.61,31.15,0,0,.335,12.29
105,2014,168,936,27.88,30.98,0,0,.336,12.29
105,2014,168,942,28.15,31.31,0,0,.337,12.29
105,2014,168,948,28.42,31.47,0,0,.342,12.28
105,2014,168,954,28.68,31.21,0,0,.351,12.28
105,2014,168,1000,28.95,31.56,0,0,.36,12.28
105,2014,168,1006,29.2,32.09,0,0,.371,12.28
105,2014,168,1012,29.44,32.43,0,0,.378,12.28
105,2014,168,1018,29.69,32.54,0,0,.386,12.28
105,2014,168,1024,29.94,32.96,0,0,.393,12.28
105,2014,168,1030,30.18,33.06,0,0,.398,12.28
105,2014,168,1036,30.44,33.56,0,0,.404,12.28
105,2014,168,1042,30.7,33.45,0,0,.409,12.28
105,2014,168,1048,30.93,33.46,0,0,.413,12.28
105,2014,168,1054,31.17,33.33,0,0,.418,12.28
105,2014,168,1100,31.39,33.69,0,0,.422,12.28
105,2014,168,1106,31.61,33.97,0,0,.425,12.28
105,2014,168,1112,31.82,34.43,0,0,.429,12.28
105,2014,168,1118,32.01,34.56,0,0,.431,12.28
105,2014,168,1124,32.19,33.92,0,0,.431,12.28
105,2014,168,1130,32.38,35.51,0,0,.431,12.28
105,2014,168,1136,32.57,34.22,0,0,.431,12.28
105,2014,168,1142,32.75,34.93,0,0,.431,12.28
105,2014,168,1148,32.92,34.78,0,0,.431,12.28
105,2014,168,1154,33.08,34.54,0,0,.431,12.28
105,2014,168,1200,33.23,34.63,0,0,.431,12.28
105,2014,168,1206,33.35,34.62,0,0,.431,12.28
105,2014,168,1212,33.48,34.54,0,0,.431,12.28
105,2014,168,1218,33.61,35.17,0,0,.432,12.28
105,2014,168,1224,33.75,35.34,0,0,.431,12.28
105,2014,168,1230,33.87,35.02,0,0,.431,12.28
105,2014,168,1236,33.98,34.98,0,0,.431,12.28
105,2014,168,1242,34.1,35.46,0,0,.432,12.28
105,2014,168,1248,34.21,36.32,0,0,.431,12.28
105,2014,168,1254,34.32,35.63,0,0,.43,12.28
105,2014,168,1300,34.45,35.94,0,0,.43,12.28
105,2014,168,1306,34.57,35.92,0,0,.428,12.28
105,2014,168,1312,34.68,35.75,0,0,.428,12.28
105,2014,168,1318,34.8,35.8,0,0,.426,12.28
105,2014,168,1324,34.91,35.81,0,0,.425,12.28
105,2014,168,1330,35,36.17,0,0,.424,12.28
105,2014,168,1336,35.09,35.28,0,0,.424,12.28
105,2014,168,1342,35.18,36.02,0,0,.422,12.28
105,2014,168,1348,35.28,36.02,0,0,.421,12.28
105,2014,168,1354,35.4,36.31,0,0,.419,12.28
105,2014,168,1400,35.52,36.34,0,0,.418,12.28
105,2014,168,1406,35.65,36.11,0,0,.417,12.28
105,2014,168,1412,35.76,36.2,0,0,.415,12.28
105,2014,168,1418,35.86,35.76,0,0,.416,12.28
105,2014,168,1424,35.95,36.28,0,0,.414,12.28
105,2014,168,1430,36.04,36.21,0,0,.413,12.28
105,2014,168,1436,36.12,36.27,0,0,.411,12.28
105,2014,168,1442,36.19,36.49,0,0,.41,12.28
105,2014,168,1448,36.26,34.58,0,0,.41,12.28
105,2014,168,1454,36.29,35,0,0,.409,12.28
105,2014,168,1500,36.31,35.22,0,0,.409,12.28
105,2014,168,1506,36.32,33.71,0,0,.407,12.28
105,2014,168,1512,36.28,33.5,0,0,.407,12.28
105,2014,168,1518,36.22,34.74,0,0,.406,12.28
105,2014,168,1524,36.17,35.11,0,0,.405,12.28
105,2014,168,1530,36.14,35.04,0,0,.404,12.28
105,2014,168,1536,36.14,35.41,0,0,.401,12.28
105,2014,168,1542,36.14,34.89,0,0,.401,12.28
105,2014,168,1548,36.15,36.48,0,0,.4,12.28
105,2014,168,1554,36.18,36.07,0,0,.399,12.28
105,2014,168,1600,36.22,35.85,0,0,.398,12.28
105,2014,168,1606,36.25,35.88,0,0,.398,12.28
105,2014,168,1612,36.28,35.22,0,0,.396,12.28
105,2014,168,1618,36.28,35.66,0,0,.395,12.28
105,2014,168,1624,36.26,34.81,0,0,.395,12.28
105,2014,168,1630,36.23,34.55,0,0,.394,12.28
105,2014,168,1636,36.18,34.44,0,0,.393,12.28
105,2014,168,1642,36.13,34.6,0,0,.393,12.28
105,2014,168,1648,36.06,34.27,0,0,.392,12.28
105,2014,168,1654,35.99,34.14,0,0,.391,12.28
105,2014,168,1700,35.92,33.96,0,0,.39,12.28
105,2014,168,1706,35.86,33.42,0,0,.389,12.28
105,2014,168,1712,35.78,33.19,0,0,.39,12.28
105,2014,168,1718,35.67,32.66,0,0,.389,12.28
105,2014,168,1724,35.55,32.31,0,0,.388,12.28
105,2014,168,1730,35.41,31.92,0,0,.388,12.28
105,2014,168,1736,35.25,31.56,0,0,.389,12.28
105,2014,168,1742,35.09,31.56,0,0,.388,12.28
105,2014,168,1748,34.92,31.11,0,0,.388,12.28
105,2014,168,1754,34.73,31.01,0,0,.387,12.28
105,2014,168,1800,34.54,31.14,0,0,.387,12.28
105,2014,168,1806,34.36,30.84,0,0,.386,12.28
105,2014,168,1812,34.18,30.49,0,0,.385,12.29
105,2014,168,1818,33.99,30.72,0,0,.386,12.28
105,2014,168,1824,33.82,30.63,0,0,.386,12.29
105,2014,168,1830,33.66,30.41,0,0,.385,12.29
105,2014,168,1836,33.49,29.99,0,0,.383,12.28
105,2014,168,1842,33.32,29.94,0,0,.384,12.29
105,2014,168,1848,33.16,29.75,0,0,.383,12.29
105,2014,168,1854,33.01,29.36,0,0,.382,12.29
105,2014,168,1900,32.84,28.72,0,0,.382,12.29
105,2014,168,1906,32.66,29,0,0,.382,12.29
105,2014,168,1912,32.49,29.28,0,0,.381,12.29
105,2014,168,1918,32.33,28.86,0,0,.38,12.29
105,2014,168,1924,32.17,29.16,0,0,.38,12.29
105,2014,168,1930,32.01,28.74,0,0,.381,12.29
105,2014,168,1936,31.85,28.5,0,0,.379,12.29
105,2014,168,1942,31.71,28.25,0,0,.379,12.29
105,2014,168,1948,31.57,28.3,0,0,.379,12.29
105,2014,168,1954,31.42,28.49,0,0,.379,12.29
105,2014,168,2000,31.28,28.24,0,0,.379,12.29
105,2014,168,2006,31.13,27.94,0,0,.377,12.29
105,2014,168,2012,31,28,0,0,.376,12.29
105,2014,168,2018,30.85,27.61,0,0,.377,12.29
105,2014,168,2024,30.7,27.52,0,0,.377,12.29
105,2014,168,2030,30.54,27.41,0,0,.377,12.29
105,2014,168,2036,30.39,27.17,0,0,.376,12.29
105,2014,168,2042,30.24,26.83,0,0,.375,12.29
105,2014,168,2048,30.07,26.85,0,0,.374,12.29
105,2014,168,2054,29.9,26.59,0,0,.375,12.29
105,2014,168,2100,29.73,26.85,0,0,.375,12.29
105,2014,168,2106,29.57,26.37,0,0,.374,12.29
105,2014,168,2112,29.4,26.21,0,0,.373,12.29
105,2014,168,2118,29.23,25.97,0,0,.373,12.29
105,2014,168,2124,29.06,25.71,0,0,.372,12.29
105,2014,168,2130,28.89,25.82,0,0,.373,12.29
105,2014,168,2136,28.72,25.58,0,0,.373,12.29
105,2014,168,2142,28.57,25.7,0,0,.372,12.29
105,2014,168,2148,28.42,25.43,0,0,.372,12.29
105,2014,168,2154,28.28,25.16,0,0,.372,12.29
105,2014,168,2200,28.15,25.22,0,0,.372,12.29
105,2014,168,2206,28.03,25.18,0,0,.37,12.29
105,2014,168,2212,27.91,25.23,0,0,.371,12.29
105,2014,168,2218,27.79,24.95,0,0,.37,12.29
105,2014,168,2224,27.68,25.28,0,0,.369,12.29
105,2014,168,2230,27.57,25.12,0,0,.37,12.29
105,2014,168,2236,27.48,24.97,0,0,.368,12.29
105,2014,168,2242,27.4,25.09,0,0,.368,12.29
105,2014,168,2248,27.3,25.04,0,0,.369,12.29
105,2014,168,2254,27.21,24.69,0,0,.368,12.29
105,2014,168,2300,27.12,24.73,0,0,.368,12.29
105,2014,168,2306,27.03,24.57,0,0,.368,12.29
105,2014,168,2312,26.95,24.8,0,0,.367,12.29
105,2014,168,2318,26.86,24.73,0,0,.366,12.29
105,2014,168,2324,26.78,24.61,0,0,.367,12.29
105,2014,168,2330,26.7,24.58,0,0,.366,12.29
105,2014,168,2336,26.62,24.59,0,0,.366,12.29
105,2014,168,2342,26.54,24.52,0,0,.366,12.29
105,2014,168,2348,26.47,24.46,0,0,.366,12.29
105,2014,168,2354,26.41,24.4,0,0,.364,12.29
105,2014,169,0,26.33,24.13,0,0,.364,12.29
105,2014,169,6,26.26,24.2,0,0,.364,12.29
105,2014,169,12,26.2,24.19,0,0,.364,12.29
105,2014,169,18,26.15,24.28,0,0,.364,12.29
105,2014,169,24,26.1,24.1,0,0,.364,12.29
105,2014,169,30,26.05,24.13,0,0,.364,12.29
105,2014,169,36,26.01,24.25,0,0,.363,12.29
105,2014,169,42,25.97,24.34,0,0,.362,12.29
105,2014,169,48,25.93,24.37,0,0,.363,12.29
105,2014,169,54,25.91,24.22,0,0,.363,12.29
105,2014,169,100,25.89,24.39,0,0,.361,12.29
105,2014,169,106,25.87,24.22,0,0,.361,12.29
105,2014,169,112,25.85,24.3,0,0,.36,12.29
105,2014,169,118,25.83,24.2,0,0,.36,12.29
105,2014,169,124,25.81,24.33,0,0,.361,12.29
105,2014,169,130,25.79,24.13,0,0,.361,12.29
105,2014,169,136,25.77,24.2,0,0,.361,12.29
105,2014,169,142,25.75,24.18,0,0,.359,12.29
105,2014,169,148,25.72,24.22,0,0,.359,12.29
105,2014,169,154,25.69,24.14,0,0,.359,12.29
105,2014,169,200,25.66,23.98,0,0,.359,12.29
105,2014,169,206,25.63,24.08,0,0,.359,12.29
105,2014,169,212,25.59,24,0,0,.358,12.29
105,2014,169,218,25.56,23.74,0,0,.358,12.29
105,2014,169,224,25.51,23.86,0,0,.358,12.29
105,2014,169,230,25.47,23.75,0,0,.358,12.29
105,2014,169,236,25.43,23.79,0,0,.357,12.29
105,2014,169,242,25.38,23.86,0,0,.357,12.29
105,2014,169,248,25.34,24.01,0,0,.357,12.29
105,2014,169,254,25.31,24.1,0,0,.358,12.29
105,2014,169,300,25.28,23.94,0,0,.356,12.29
105,2014,169,306,25.25,23.35,0,0,.355,12.29
105,2014,169,312,25.19,22.95,0,0,.355,12.29
105,2014,169,318,25.11,23.12,0,0,.355,12.29
105,2014,169,324,25.01,23.08,0,0,.355,12.29
105,2014,169,330,24.92,23.24,0,0,.355,12.29
105,2014,169,336,24.83,22.83,0,0,.356,12.29
105,2014,169,342,24.74,22.74,0,0,.355,12.29
105,2014,169,348,24.64,22.42,0,0,.356,12.29
105,2014,169,354,24.54,22.47,0,0,.355,12.29
105,2014,169,400,24.46,23.15,0,0,.354,12.29
105,2014,169,406,24.41,23.22,0,0,.353,12.29
105,2014,169,412,24.38,23,0,0,.353,12.29
105,2014,169,418,24.36,22.77,0,0,.353,12.29
105,2014,169,424,24.34,23.09,0,0,.353,12.29
105,2014,169,430,24.31,23.08,0,0,.353,12.29
105,2014,169,436,24.29,22.95,0,0,.353,12.29
105,2014,169,442,24.27,22.93,0,0,.353,12.29
105,2014,169,448,24.25,22.87,0,0,.353,12.29
105,2014,169,454,24.23,22.84,0,0,.353,12.29
105,2014,169,500,24.2,22.68,0,0,.352,12.29
105,2014,169,506,24.17,22.55,0,0,.352,12.29
105,2014,169,512,24.12,22.5,0,0,.352,12.29
105,2014,169,518,24.08,22.53,0,0,.352,12.29
105,2014,169,524,24.04,22.46,0,0,.35,12.29
105,2014,169,530,24,22.33,0,0,.35,12.29
105,2014,169,536,23.96,22.45,0,0,.35,12.29
105,2014,169,542,23.92,22.24,0,0,.35,12.29
105,2014,169,548,23.89,22.16,0,0,.35,12.29
105,2014,169,554,23.84,22.13,0,0,.35,12.29
105,2014,169,600,23.79,22.29,0,0,.35,12.29
105,2014,169,606,23.76,22.56,0,0,.35,12.29
105,2014,169,612,23.74,22.83,0,0,.349,12.29
105,2014,169,618,23.73,22.91,0,0,.348,12.29
105,2014,169,624,23.74,23.2,0,0,.348,12.29
105,2014,169,630,23.75,23.5,0,0,.348,12.29
105,2014,169,636,23.79,23.87,0,0,.348,12.29
105,2014,169,642,23.85,24.09,0,0,.347,12.29
105,2014,169,648,23.92,24.64,0,0,.347,12.29
105,2014,169,654,24,24.74,0,0,.347,12.29
105,2014,169,700,24.1,25.4,0,0,.346,12.29
105,2014,169,706,24.21,25.53,0,0,.345,12.29
105,2014,169,712,24.34,25.77,0,0,.345,12.29
105,2014,169,718,24.47,26.06,0,0,.345,12.29
105,2014,169,724,24.62,26.92,0,0,.344,12.29
105,2014,169,730,24.77,27.09,0,0,.343,12.29
105,2014,169,736,24.92,27.16,0,0,.344,12.29
105,2014,169,742,25.09,27.3,0,0,.342,12.29
105,2014,169,748,25.27,27.68,0,0,.342,12.29
105,2014,169,754,25.44,27.64,0,0,.341,12.29
105,2014,169,800,25.62,28.22,0,0,.342,12.29
105,2014,169,806,25.81,28.62,0,0,.342,12.29
105,2014,169,812,26,28.85,0,0,.341,12.29
105,2014,169,818,26.21,28.7,0,0,.34,12.29
105,2014,169,824,26.42,29.31,0,0,.339,12.29
105,2014,169,830,26.63,29.64,0,0,.339,12.29
105,2014,169,836,26.85,29.72,0,0,.338,12.29
105,2014,169,842,27.08,29.78,0,0,.339,12.29
105,2014,169,848,27.31,30.35,0,0,.338,12.29
105,2014,169,854,27.54,30.67,0,0,.338,12.29
105,2014,169,900,27.78,30.97,0,0,.338,12.29
105,2014,169,906,28.03,31.01,0,0,.339,12.29
105,2014,169,912,28.29,31.34,0,0,.338,12.28
105,2014,169,918,28.54,31.67,0,0,.338,12.28
105,2014,169,924,28.8,32.5,0,0,.337,12.28
105,2014,169,930,29.06,32.58,0,0,.337,12.28
105,2014,169,936,29.33,32.54,0,0,.336,12.28
105,2014,169,942,29.59,32.63,0,0,.336,12.28
105,2014,169,948,29.85,33.02,0,0,.336,12.28
105,2014,169,954,30.1,33.11,0,0,.336,12.28
105,2014,169,1000,30.37,33.63,0,0,.336,12.28
105,2014,169,1006,30.63,33.56,0,0,.336,12.28
105,2014,169,1012,30.88,33.73,0,0,.335,12.28
105,2014,169,1018,31.13,33.69,0,0,.336,12.28
105,2014,169,1024,31.36,34.28,0,0,.336,12.28
105,2014,169,1030,31.61,34.24,0,0,.334,12.28
105,2014,169,1036,31.85,34.19,0,0,.334,12.28
105,2014,169,1042,32.07,34.5,0,0,.334,12.28
105,2014,169,1048,32.28,34.65,0,0,.333,12.28
105,2014,169,1054,32.5,34.78,0,0,.334,12.28
105,2014,169,1100,32.7,34.81,0,0,.333,12.28
105,2014,169,1106,32.89,34.69,0,0,.333,12.28
105,2014,169,1112,33.08,34.88,0,0,.333,12.28
105,2014,169,1118,33.27,35.45,0,0,.334,12.28
105,2014,169,1124,33.45,35.16,0,0,.333,12.28
105,2014,169,1130,33.64,35.53,0,0,.333,12.28
105,2014,169,1136,33.83,35.64,0,0,.333,12.28
105,2014,169,1142,34,36.09,0,0,.333,12.28
105,2014,169,1148,34.17,35.6,0,0,.334,12.28
105,2014,169,1154,34.34,35.9,0,0,.333,12.28
105,2014,169,1200,34.52,35.68,0,0,.333,12.28
105,2014,169,1206,34.66,36.12,0,0,.334,12.28
105,2014,169,1212,34.83,36.16,0,0,.334,12.28
105,2014,169,1218,34.98,35.41,0,0,.333,12.28
105,2014,169,1224,35.1,35.85,0,0,.333,12.28
105,2014,169,1230,35.21,35.64,0,0,.333,12.28
105,2014,169,1236,35.31,35.38,0,0,.333,12.28
105,2014,169,1242,35.4,34,0,0,.333,12.28
105,2014,169,1248,35.45,34.94,0,0,.333,12.28
105,2014,169,1254,35.48,35.05,0,0,.333,12.28
105,2014,169,1300,35.51,34.71,0,0,.333,12.28
105,2014,169,1306,35.55,35.33,0,0,.333,12.28
105,2014,169,1312,35.58,35.25,0,0,.332,12.28
105,2014,169,1318,35.63,35.32,0,0,.332,12.28
105,2014,169,1324,35.69,35.57,0,0,.331,12.28
105,2014,169,1330,35.75,35.21,0,0,.332,12.28
105,2014,169,1336,35.82,35.37,0,0,.331,12.28
105,2014,169,1342,35.87,35.84,0,0,.332,12.28
105,2014,169,1348,35.94,35.84,0,0,.331,12.28
105,2014,169,1354,36.01,36.26,0,0,.33,12.28
105,2014,169,1400,36.08,36.04,0,0,.33,12.28
105,2014,169,1406,36.15,36.14,0,0,.33,12.28
105,2014,169,1412,36.2,35.84,0,0,.33,12.28
105,2014,169,1418,36.26,35.5,0,0,.33,12.28
105,2014,169,1424,36.31,35.8,0,0,.33,12.28
105,2014,169,1430,36.36,35.65,0,0,.329,12.28
105,2014,169,1436,36.41,35.6,0,0,.328,12.28
105,2014,169,1442,36.46,35.51,0,0,.328,12.28
105,2014,169,1448,36.5,35.59,0,0,.328,12.28
105,2014,169,1454,36.54,35.54,0,0,.328,12.28
105,2014,169,1500,36.57,35.62,0,0,.328,12.28
105,2014,169,1506,36.59,35.51,0,0,.327,12.28
105,2014,169,1512,36.6,34.87,0,0,.327,12.28
105,2014,169,1518,36.6,35.01,0,0,.327,12.28
105,2014,169,1524,36.6,35.45,0,0,.327,12.28
105,2014,169,1530,36.59,34.71,0,0,.327,12.28
105,2014,169,1536,36.57,34.81,0,0,.327,12.28
105,2014,169,1542,36.55,34.72,0,0,.325,12.28
105,2014,169,1548,36.53,34.94,0,0,.326,12.28
105,2014,169,1554,36.5,35,0,0,.325,12.28
105,2014,169,1600,36.48,35.24,0,0,.324,12.28
105,2014,169,1606,36.48,34.82,0,0,.325,12.28
105,2014,169,1612,36.48,34.81,0,0,.324,12.28
105,2014,169,1618,36.46,34.92,0,0,.323,12.28
105,2014,169,1624,36.46,34.72,0,0,.323,12.28
105,2014,169,1630,36.44,34.65,0,0,.323,12.28
105,2014,169,1636,36.44,34.17,0,0,.323,12.28
105,2014,169,1642,36.42,34.11,0,0,.322,12.28
105,2014,169,1648,36.39,33.39,0,0,.323,12.28
105,2014,169,1654,36.34,33.14,0,0,.322,12.28
105,2014,169,1700,36.27,32.69,0,0,.322,12.28
105,2014,169,1706,36.18,32.38,0,0,.323,12.28
105,2014,169,1712,36.05,32.37,0,0,.323,12.28
105,2014,169,1718,35.92,32.17,0,0,.323,12.28
105,2014,169,1724,35.79,32.34,0,0,.323,12.28
105,2014,169,1730,35.65,31.97,0,0,.324,12.28
105,2014,169,1736,35.49,31.52,0,0,.323,12.28
105,2014,169,1742,35.33,31.88,0,0,.323,12.28
105,2014,169,1748,35.17,31.59,0,0,.323,12.28
105,2014,169,1754,35.01,31.23,0,0,.322,12.28
105,2014,169,1800,34.83,30.71,0,0,.323,12.28
105,2014,169,1806,34.66,30.79,0,0,.322,12.28
105,2014,169,1812,34.49,30.78,0,0,.322,12.28
105,2014,169,1818,34.33,30.77,0,0,.323,12.28
105,2014,169,1824,34.16,30.52,0,0,.323,12.28
105,2014,169,1830,33.99,30.54,0,0,.322,12.28
105,2014,169,1836,33.83,30.55,0,0,.323,12.28
105,2014,169,1842,33.68,30.34,0,0,.323,12.28
105,2014,169,1848,33.53,30.47,0,0,.322,12.28
105,2014,169,1854,33.39,30.16,0,0,.322,12.28
105,2014,169,1900,33.25,30.33,0,0,.323,12.28
105,2014,169,1906,33.12,29.96,0,0,.323,12.28
105,2014,169,1912,33,29.8,0,0,.323,12.28
105,2014,169,1918,32.87,29.77,0,0,.322,12.28
105,2014,169,1924,32.74,29.45,0,0,.322,12.28
105,2014,169,1930,32.61,29.35,0,0,.322,12.28
105,2014,169,1936,32.48,29.09,0,0,.322,12.28
105,2014,169,1942,32.35,29,0,0,.322,12.28
105,2014,169,1948,32.2,29.04,0,0,.323,12.28
105,2014,169,1954,32.05,29.01,0,0,.323,12.28
105,2014,169,2000,31.91,29.45,0,0,.322,12.29
105,2014,169,2006,31.78,28.75,0,0,.323,12.29
105,2014,169,2012,31.65,28.55,0,0,.322,12.29
105,2014,169,2018,31.52,28.19,0,0,.322,12.29
105,2014,169,2024,31.39,28.14,0,0,.322,12.29
105,2014,169,2030,31.25,27.97,0,0,.322,12.29
105,2014,169,2036,31.13,27.7,0,0,.322,12.29
105,2014,169,2042,31.01,27.73,0,0,.322,12.29
105,2014,169,2048,30.88,27.55,0,0,.322,12.29
105,2014,169,2054,30.74,27.37,0,0,.322,12.29
105,2014,169,2100,30.6,27.32,0,0,.322,12.29
105,2014,169,2106,30.44,27.21,0,0,.322,12.29
105,2014,169,2112,30.29,27.17,0,0,.322,12.29
105,2014,169,2118,30.15,27.04,0,0,.322,12.29
105,2014,169,2124,30.01,26.87,0,0,.321,12.29
105,2014,169,2130,29.86,26.88,0,0,.321,12.29
105,2014,169,2136,29.72,26.9,0,0,.322,12.29
105,2014,169,2142,29.57,26.72,0,0,.321,12.29
105,2014,169,2148,29.42,26.99,0,0,.322,12.29
105,2014,169,2154,29.28,26.56,0,0,.321,12.29
105,2014,169,2200,29.14,26.27,0,0,.321,12.29
105,2014,169,2206,29.01,26.12,0,0,.321,12.29
105,2014,169,2212,28.91,26.05,0,0,.321,12.29
105,2014,169,2218,28.81,26.08,0,0,.321,12.29
105,2014,169,2224,28.72,26.03,0,0,.32,12.29
105,2014,169,2230,28.62,25.87,0,0,.321,12.29
105,2014,169,2236,28.53,25.93,0,0,.321,12.29
105,2014,169,2242,28.43,25.64,0,0,.32,12.29
105,2014,169,2248,28.33,25.8,0,0,.321,12.29
105,2014,169,2254,28.23,25.61,0,0,.32,12.29
105,2014,169,2300,28.11,25.35,0,0,.32,12.29
105,2014,169,2306,27.99,25.68,0,0,.32,12.29
105,2014,169,2312,27.87,25.6,0,0,.321,12.29
105,2014,169,2318,27.76,25.5,0,0,.321,12.29
105,2014,169,2324,27.66,25.5,0,0,.32,12.29
105,2014,169,2330,27.56,25.05,0,0,.32,12.29
105,2014,169,2336,27.46,25.09,0,0,.32,12.29
105,2014,169,2342,27.36,25.46,0,0,.32,12.29
105,2014,169,2348,27.27,25.17,0,0,.32,12.29
105,2014,169,2354,27.18,25,0,0,.32,12.29
105,2014,170,0,27.09,25.1,0,0,.32,12.29
105,2014,170,6,27,25.35,0,0,.32,12.29
105,2014,170,12,26.92,25.23,0,0,.32,12.29
105,2014,170,18,26.86,25.09,0,0,.32,12.29
105,2014,170,24,26.8,24.9,0,0,.32,12.29
105,2014,170,30,26.74,24.52,0,0,.32,12.29
105,2014,170,36,26.68,24.8,0,0,.32,12.29
105,2014,170,42,26.61,24.71,0,0,.32,12.29
105,2014,170,48,26.55,24.98,0,0,.32,12.29
105,2014,170,54,26.49,24.59,0,0,.32,12.29
105,2014,170,100,26.44,25.27,0,0,.319,12.29
105,2014,170,106,26.41,25.85,0,0,.319,12.29
105,2014,170,112,26.42,26.01,0,0,.319,12.29
105,2014,170,118,26.44,25.86,0,0,.319,12.29
105,2014,170,124,26.45,23.75,0,0,.319,12.29
105,2014,170,130,26.4,22.24,0,0,.319,12.29
105,2014,170,136,26.27,22.01,0,0,.32,12.3
105,2014,170,142,26.1,23,0,0,.319,12.3
105,2014,170,148,25.94,24,0,0,.319,12.3
105,2014,170,154,25.82,23.82,0,0,.319,12.3
105,2014,170,200,25.73,23.73,0,0,.32,12.3
105,2014,170,206,25.66,23.54,0,0,.319,12.3
105,2014,170,212,25.6,23.35,0,0,.32,12.3
105,2014,170,218,25.53,23.11,0,0,.319,12.3
105,2014,170,224,25.47,22.98,0,0,.319,12.29
105,2014,170,230,25.4,22.99,0,0,.32,12.29
105,2014,170,236,25.33,22.94,0,0,.319,12.3
105,2014,170,242,25.26,22.88,0,0,.319,12.29
105,2014,170,248,25.19,22.91,0,0,.319,12.3
105,2014,170,254,25.13,22.75,0,0,.319,12.29
105,2014,170,300,25.07,22.72,0,0,.319,12.29
105,2014,170,306,25.01,22.48,0,0,.319,12.29
105,2014,170,312,24.95,22.45,0,0,.319,12.29
105,2014,170,318,24.89,22.35,0,0,.319,12.29
105,2014,170,324,24.83,22.48,0,0,.319,12.29
105,2014,170,330,24.77,22.32,0,0,.319,12.29
105,2014,170,336,24.71,22.38,0,0,.318,12.29
105,2014,170,342,24.65,22.32,0,0,.319,12.29
105,2014,170,348,24.6,22.35,0,0,.319,12.29
105,2014,170,354,24.54,22.5,0,0,.319,12.29
105,2014,170,400,24.49,22.28,0,0,.319,12.29
105,2014,170,406,24.44,22.34,0,0,.319,12.29
105,2014,170,412,24.39,22.07,0,0,.319,12.29
105,2014,170,418,24.34,22.17,0,0,.32,12.29
105,2014,170,424,24.29,22.06,0,0,.319,12.29
105,2014,170,430,24.24,22.07,0,0,.319,12.29
105,2014,170,436,24.19,22.02,0,0,.319,12.29
105,2014,170,442,24.14,21.91,0,0,.32,12.29
105,2014,170,448,24.09,21.85,0,0,.319,12.29
105,2014,170,454,24.04,21.87,0,0,.319,12.29
105,2014,170,500,24,21.9,0,0,.319,12.29
105,2014,170,506,23.95,21.83,0,0,.32,12.29
105,2014,170,512,23.91,21.81,0,0,.32,12.29
105,2014,170,518,23.86,21.91,0,0,.319,12.29
105,2014,170,524,23.82,21.96,0,0,.319,12.29
105,2014,170,530,23.78,21.79,0,0,.319,12.29
105,2014,170,536,23.74,21.76,0,0,.319,12.29
105,2014,170,542,23.7,21.98,0,0,.32,12.3
105,2014,170,548,23.66,21.84,0,0,.319,12.3
105,2014,170,554,23.61,21.93,0,0,.319,12.29
105,2014,170,600,23.57,21.95,0,0,.32,12.29
105,2014,170,606,23.54,21.93,0,0,.319,12.29
105,2014,170,612,23.5,22,0,0,.32,12.29
105,2014,170,618,23.48,22.04,0,0,.318,12.29
105,2014,170,624,23.46,22.18,0,0,.32,12.29
105,2014,170,630,23.45,22.22,0,0,.318,12.29
105,2014,170,636,23.45,22.11,0,0,.318,12.29
105,2014,170,642,23.45,22.16,0,0,.32,12.29
105,2014,170,648,23.45,22.29,0,0,.318,12.29
105,2014,170,654,23.45,22.25,0,0,.318,12.29
105,2014,170,700,23.45,22.61,0,0,.318,12.29
105,2014,170,706,23.45,22.55,0,0,.318,12.29
105,2014,170,712,23.47,22.94,0,0,.318,12.29
105,2014,170,718,23.51,23.49,0,0,.318,12.29
105,2014,170,724,23.56,23.31,0,0,.317,12.29
105,2014,170,730,23.63,23.57,0,0,.317,12.29
105,2014,170,736,23.7,23.59,0,0,.315,12.29
105,2014,170,742,23.78,24.08,0,0,.315,12.29
105,2014,170,748,23.87,25.03,0,0,.315,12.29
105,2014,170,754,23.98,25.03,0,0,.314,12.29
105,2014,170,800,24.12,25.81,0,0,.314,12.29
105,2014,170,806,24.29,26.22,0,0,.312,12.29
105,2014,170,812,24.49,26.81,0,0,.312,12.29
105,2014,170,818,24.71,27.18,0,0,.31,12.29
105,2014,170,824,24.93,27.34,0,0,.309,12.29
105,2014,170,830,25.17,27.87,0,0,.31,12.29
105,2014,170,836,25.43,28.55,0,0,.308,12.29
105,2014,170,842,25.7,28.69,0,0,.308,12.29
105,2014,170,848,25.96,29.11,0,0,.309,12.29
105,2014,170,854,26.22,28.86,0,0,.308,12.29
105,2014,170,900,26.47,28.77,0,0,.307,12.29
105,2014,170,906,26.7,29.28,0,0,.307,12.29
105,2014,170,912,26.92,29.76,0,0,.308,12.29
105,2014,170,918,27.15,29.55,0,0,.307,12.29
105,2014,170,924,27.36,29.31,0,0,.306,12.29
105,2014,170,930,27.56,29.94,0,0,.307,12.29
105,2014,170,936,27.74,30.15,0,0,.306,12.29
105,2014,170,942,27.93,30.47,0,0,.306,12.29
105,2014,170,948,28.12,30.25,0,0,.306,12.29
105,2014,170,954,28.29,30.39,0,0,.306,12.28
105,2014,170,1000,28.45,30.9,0,0,.306,12.28
105,2014,170,1006,28.63,30.84,0,0,.305,12.29
105,2014,170,1012,28.81,30.22,0,0,.306,12.29
105,2014,170,1018,28.98,29.43,0,0,.305,12.29
105,2014,170,1024,29.1,29.43,0,0,.305,12.29
105,2014,170,1030,29.21,28.98,0,0,.305,12.29
105,2014,170,1036,29.3,29.26,0,0,.305,12.29
105,2014,170,1042,29.37,29.37,0,0,.305,12.29
105,2014,170,1048,29.44,29.91,0,0,.306,12.29
105,2014,170,1054,29.51,30.55,0,0,.305,12.29
105,2014,170,1100,29.59,30.38,0,0,.305,12.29
105,2014,170,1106,29.68,30.61,0,0,.305,12.29
105,2014,170,1112,29.78,30.55,0,0,.305,12.29
105,2014,170,1118,29.89,29.37,0,0,.305,12.29
105,2014,170,1124,29.97,29.01,0,0,.305,12.29
105,2014,170,1130,30.01,29.32,0,0,.305,12.29
105,2014,170,1136,30.04,29.85,0,0,.304,12.29
105,2014,170,1142,30.06,30.2,0,0,.303,12.29
105,2014,170,1148,30.09,30.19,0,0,.303,12.29
105,2014,170,1154,30.14,29.91,0,0,.303,12.29
105,2014,170,1200,30.19,30.59,0,0,.303,12.29
105,2014,170,1206,30.25,30.77,0,0,.303,12.29
105,2014,170,1212,30.31,29.23,0,0,.304,12.29
105,2014,170,1218,30.35,29.38,0,0,.303,12.29
105,2014,170,1224,30.35,29.55,0,0,.303,12.29
105,2014,170,1230,30.35,29.42,0,0,.303,12.29
105,2014,170,1236,30.34,28.87,0,0,.303,12.29
105,2014,170,1242,30.32,28.47,0,0,.303,12.29
105,2014,170,1248,30.27,28.56,0,0,.304,12.29
105,2014,170,1254,30.22,28.19,0,0,.303,12.29
105,2014,170,1300,30.16,28.71,0,0,.303,12.29
105,2014,170,1306,30.1,29.47,0,0,.303,12.29
105,2014,170,1312,30.06,29.28,0,0,.303,12.29
105,2014,170,1318,30.04,28.65,0,0,.303,12.29
105,2014,170,1324,30.01,28.72,0,0,.302,12.29
105,2014,170,1330,29.99,28.14,0,0,.302,12.29
105,2014,170,1336,29.95,28.13,0,0,.302,12.29
105,2014,170,1342,29.92,28.89,0,0,.301,12.29
105,2014,170,1348,29.9,29.18,0,0,.302,12.29
105,2014,170,1354,29.9,29.58,0,0,.302,12.29
105,2014,170,1400,29.92,30.38,0,0,.3,12.29
105,2014,170,1406,29.98,30.49,0,0,.3,12.29
105,2014,170,1412,30.04,29.18,0,0,.3,12.29
105,2014,170,1418,30.09,29.83,0,0,.3,12.29
105,2014,170,1424,30.13,29.88,0,0,.3,12.29
105,2014,170,1430,30.17,29.28,0,0,.3,12.29
105,2014,170,1436,30.18,28.91,0,0,.3,12.29
105,2014,170,1442,30.17,29.07,0,0,.3,12.29
105,2014,170,1448,30.15,28.93,0,0,.3,12.29
105,2014,170,1454,30.13,28.97,0,0,.3,12.29
105,2014,170,1500,30.11,28.6,0,0,.3,12.29
105,2014,170,1506,30.08,29.54,0,0,.3,12.29
105,2014,170,1512,30.06,29.68,0,0,.3,12.29
105,2014,170,1518,30.07,29.47,0,0,.299,12.29
105,2014,170,1524,30.09,29.65,0,0,.299,12.29
105,2014,170,1530,30.11,31.31,0,0,.298,12.29
105,2014,170,1536,30.16,30.21,0,0,.297,12.29
105,2014,170,1542,30.23,31.25,0,0,.297,12.29
105,2014,170,1548,30.31,30.41,0,0,.297,12.29
105,2014,170,1554,30.37,29.67,0,0,.298,12.29
105,2014,170,1600,30.42,29.63,0,0,.297,12.29
105,2014,170,1606,30.45,29.09,0,0,.297,12.29
105,2014,170,1612,30.46,28.93,0,0,.297,12.29
105,2014,170,1618,30.44,28.51,0,0,.297,12.29
105,2014,170,1624,30.39,28.78,0,0,.297,12.29
105,2014,170,1630,30.34,29.66,0,0,.297,12.29
105,2014,170,1636,30.3,28.98,0,0,.297,12.29
105,2014,170,1642,30.28,29.44,0,0,.297,12.29
105,2014,170,1648,30.26,28.28,0,0,.296,12.29
105,2014,170,1654,30.23,27.75,0,0,.295,12.29
105,2014,170,1700,30.16,27.84,0,0,.295,12.29
105,2014,170,1706,30.08,27.25,0,0,.295,12.29
105,2014,170,1712,29.99,27.18,0,0,.295,12.29
105,2014,170,1718,29.87,26.62,0,0,.295,12.29
105,2014,170,1724,29.73,25.93,0,0,.295,12.29
105,2014,170,1730,29.57,24.73,0,0,.295,12.29
105,2014,170,1736,29.37,23.77,0,0,.295,12.29
105,2014,170,1742,29.11,23.06,0,0,.298,12.29
105,2014,170,1748,28.82,22.78,0,0,.311,12.29
105,2014,170,1754,28.49,22.83,0,0,.318,12.3
105,2014,170,1800,28.16,22.7,0,0,.324,12.3
105,2014,170,1806,27.83,22.83,0,0,.328,12.29
105,2014,170,1812,27.52,22.83,0,0,.33,12.29
105,2014,170,1818,27.24,22.99,0,0,.331,12.29
105,2014,170,1824,26.98,23.11,0,0,.332,12.3
105,2014,170,1830,26.75,23.33,0,0,.331,12.29
105,2014,170,1836,26.56,23.06,0,0,.332,12.29
105,2014,170,1842,26.37,22.92,0,0,.332,12.29
105,2014,170,1848,26.2,23,0,0,.332,12.3
105,2014,170,1854,26.05,23.02,0,0,.332,12.3
105,2014,170,1900,25.92,23.03,0,0,.331,12.3
105,2014,170,1906,25.79,23.12,0,0,.332,12.29
105,2014,170,1912,25.68,23.02,0,0,.331,12.29
105,2014,170,1918,25.58,22.95,0,0,.332,12.29
105,2014,170,1924,25.48,22.88,0,0,.331,12.3
105,2014,170,1930,25.39,22.71,0,0,.331,12.3
105,2014,170,1936,25.31,22.53,0,0,.331,12.3
105,2014,170,1942,25.23,22.72,0,0,.331,12.3
105,2014,170,1948,25.14,22.55,0,0,.331,12.3
105,2014,170,1954,25.06,22.3,0,0,.331,12.3
105,2014,170,2000,24.97,22.12,0,0,.331,12.3
105,2014,170,2006,24.87,22.17,0,0,.331,12.3
105,2014,170,2012,24.77,22.06,0,0,.332,12.29
105,2014,170,2018,24.67,21.85,0,0,.331,12.3
105,2014,170,2024,24.57,21.74,0,0,.331,12.29
105,2014,170,2030,24.48,21.94,0,0,.331,12.29
105,2014,170,2036,24.38,21.71,0,0,.331,12.29
105,2014,170,2042,24.29,21.7,0,0,.331,12.29
105,2014,170,2048,24.2,21.58,0,0,.331,12.29
105,2014,170,2054,24.1,21.44,0,0,.331,12.29
105,2014,170,2100,24.01,21.45,0,0,.331,12.29
105,2014,170,2106,23.93,21.51,0,0,.332,12.29
105,2014,170,2112,23.85,21.42,0,0,.332,12.29
105,2014,170,2118,23.77,21.42,0,0,.331,12.3
105,2014,170,2124,23.71,21.41,0,0,.331,12.3
105,2014,170,2130,23.64,21.26,0,0,.331,12.3
105,2014,170,2136,23.58,21.15,0,0,.331,12.3
105,2014,170,2142,23.52,21.07,0,0,.331,12.3
105,2014,170,2148,23.46,21.14,0,0,.331,12.3
105,2014,170,2154,23.41,21.14,0,0,.331,12.29
105,2014,170,2200,23.35,21.06,0,0,.331,12.29
105,2014,170,2206,23.3,21.1,0,0,.331,12.29
105,2014,170,2212,23.25,21.1,0,0,.331,12.29
105,2014,170,2218,23.2,21.12,0,0,.332,12.29
105,2014,170,2224,23.15,21.06,0,0,.331,12.29
105,2014,170,2230,23.11,21.04,0,0,.331,12.29
105,2014,170,2236,23.07,21.02,0,0,.332,12.29
105,2014,170,2242,23.04,21.14,0,0,.332,12.29
105,2014,170,2248,23.01,21.24,0,0,.332,12.29
105,2014,170,2254,22.99,21.16,0,0,.332,12.29
105,2014,170,2300,22.96,21.08,0,0,.332,12.29
105,2014,170,2306,22.93,21.21,0,0,.333,12.3
105,2014,170,2312,22.9,20.91,0,0,.332,12.3
105,2014,170,2318,22.86,21.04,0,0,.332,12.3
105,2014,170,2324,22.82,20.96,0,0,.333,12.3
105,2014,170,2330,22.78,20.89,0,0,.332,12.3
105,2014,170,2336,22.74,20.84,0,0,.332,12.3
105,2014,170,2342,22.7,20.79,0,0,.332,12.3
105,2014,170,2348,22.66,20.85,0,0,.333,12.3
105,2014,170,2354,22.62,20.84,0,0,.333,12.3
105,2014,171,0,22.59,20.71,0,0,.333,12.3
105,2014,171,6,22.55,20.72,0,0,.333,12.3
105,2014,171,12,22.52,20.63,0,0,.333,12.3
105,2014,171,18,22.49,20.63,0,0,.333,12.3
105,2014,171,24,22.47,20.59,0,0,.333,12.3
105,2014,171,30,22.44,20.58,0,0,.333,12.3
105,2014,171,36,22.42,20.62,0,0,.333,12.29
105,2014,171,42,22.39,20.49,0,0,.332,12.29
105,2014,171,48,22.36,20.43,0,0,.334,12.29
105,2014,171,54,22.32,20.44,0,0,.334,12.29
105,2014,171,100,22.28,20.5,0,0,.333,12.3
105,2014,171,106,22.24,20.53,0,0,.334,12.29
105,2014,171,112,22.21,20.52,0,0,.333,12.3
105,2014,171,118,22.18,20.36,0,0,.334,12.3
105,2014,171,124,22.15,20.28,0,0,.333,12.3
105,2014,171,130,22.11,20.25,0,0,.332,12.3
105,2014,171,136,22.07,20.24,0,0,.332,12.3
105,2014,171,142,22.03,20.14,0,0,.331,12.3
105,2014,171,148,21.99,20.2,0,0,.331,12.3
105,2014,171,154,21.94,19.98,0,0,.331,12.3
105,2014,171,200,21.89,20.14,0,0,.331,12.3
105,2014,171,206,21.84,20.22,0,0,.331,12.3
105,2014,171,212,21.78,20.2,0,0,.331,12.3
105,2014,171,218,21.73,19.98,0,0,.332,12.3
105,2014,171,224,21.67,20.22,0,0,.332,12.3
105,2014,171,230,21.63,20.06,0,0,.331,12.3
105,2014,171,236,21.59,20.12,0,0,.331,12.3
105,2014,171,242,21.57,20.15,0,0,.331,12.3
105,2014,171,248,21.56,20.14,0,0,.331,12.3
105,2014,171,254,21.55,20.2,0,0,.331,12.3
105,2014,171,300,21.55,20.16,0,0,.331,12.3
105,2014,171,306,21.55,20.16,0,0,.33,12.29
105,2014,171,312,21.55,20.23,0,0,.33,12.3
105,2014,171,318,21.54,20.18,0,0,.33,12.3
105,2014,171,324,21.53,19.89,0,0,.331,12.3
105,2014,171,330,21.5,19.89,0,0,.33,12.3
105,2014,171,336,21.46,19.83,0,0,.33,12.3
105,2014,171,342,21.42,19.79,0,0,.33,12.3
105,2014,171,348,21.39,19.64,0,0,.33,12.3
105,2014,171,354,21.35,19.57,0,0,.33,12.3
105,2014,171,400,21.32,19.59,0,0,.33,12.3
105,2014,171,406,21.29,19.47,0,0,.329,12.3
105,2014,171,412,21.25,19.32,0,0,.328,12.3
105,2014,171,418,21.21,19.37,0,0,.329,12.3
105,2014,171,424,21.17,19.38,0,0,.328,12.3
105,2014,171,430,21.13,19.41,0,0,.328,12.3
105,2014,171,436,21.09,19.31,0,0,.328,12.3
105,2014,171,442,21.06,19.36,0,0,.328,12.3
105,2014,171,448,21.02,19.15,0,0,.328,12.3
105,2014,171,454,20.97,18.83,0,0,.328,12.3
105,2014,171,500,20.92,19,0,0,.329,12.3
105,2014,171,506,20.86,19.15,0,0,.328,12.3
105,2014,171,512,20.81,18.88,0,0,.328,12.3
105,2014,171,518,20.76,18.76,0,0,.328,12.3
105,2014,171,524,20.7,18.89,0,0,.328,12.3
105,2014,171,530,20.65,18.99,0,0,.327,12.3
105,2014,171,536,20.61,18.75,0,0,.327,12.3
105,2014,171,542,20.56,18.8,0,0,.327,12.3
105,2014,171,548,20.52,18.89,0,0,.325,12.3
105,2014,171,554,20.48,19.04,0,0,.326,12.3
105,2014,171,600,20.45,18.83,0,0,.325,12.3
105,2014,171,606,20.43,18.83,0,0,.326,12.3
105,2014,171,612,20.41,18.88,0,0,.326,12.3
105,2014,171,618,20.39,18.9,0,0,.326,12.3
105,2014,171,624,20.36,19,0,0,.325,12.3
105,2014,171,630,20.33,19.22,0,0,.325,12.3
105,2014,171,636,20.32,19.28,0,0,.325,12.3
105,2014,171,642,20.31,19.44,0,0,.325,12.3
105,2014,171,648,20.32,19.84,0,0,.324,12.3
105,2014,171,654,20.33,19.9,0,0,.324,12.3
105,2014,171,700,20.36,20.06,0,0,.322,12.3
105,2014,171,706,20.4,20.52,0,0,.322,12.3
105,2014,171,712,20.44,20.2,0,0,.323,12.3
105,2014,171,718,20.48,20.49,0,0,.323,12.3
105,2014,171,724,20.53,20.5,0,0,.323,12.3
105,2014,171,730,20.56,20.52,0,0,.322,12.3
105,2014,171,736,20.6,20.31,0,0,.323,12.3
105,2014,171,742,20.62,20.31,0,0,.323,12.3
105,2014,171,748,20.65,20.3,0,0,.322,12.3
105,2014,171,754,20.68,20.76,0,0,.322,12.3
105,2014,171,800,20.71,20.87,0,0,.322,12.3
105,2014,171,806,20.74,20.82,0,0,.321,12.3
105,2014,171,812,20.77,20.84,0,0,.322,12.3
105,2014,171,818,20.79,20.99,0,0,.321,12.3
105,2014,171,824,20.81,21.68,0,0,.322,12.3
105,2014,171,830,20.85,21.78,0,0,.32,12.3
105,2014,171,836,20.91,22.18,0,0,.32,12.3
105,2014,171,842,20.97,22.27,0,0,.319,12.3
105,2014,171,848,21.05,22.39,0,0,.319,12.3
105,2014,171,854,21.14,22.5,0,0,.319,12.3
105,2014,171,900,21.23,22.52,0,0,.32,12.3
105,2014,171,906,21.32,22.88,0,0,.318,12.3
105,2014,171,912,21.42,23.17,0,0,.318,12.3
105,2014,171,918,21.53,23.25,0,0,.317,12.3
105,2014,171,924,21.65,23.59,0,0,.317,12.3
105,2014,171,930,21.77,23.73,0,0,.318,12.29
105,2014,171,936,21.89,23.87,0,0,.317,12.3
105,2014,171,942,22.03,24.28,0,0,.317,12.29
105,2014,171,948,22.17,24.34,0,0,.317,12.29
105,2014,171,954,22.32,24.06,0,0,.316,12.29
105,2014,171,1000,22.46,24.7,0,0,.316,12.29
105,2014,171,1006,22.59,24.9,0,0,.317,12.3
105,2014,171,1012,22.73,25.42,0,0,.316,12.29
105,2014,171,1018,22.88,25.91,0,0,.315,12.29
105,2014,171,1024,23.04,25.39,0,0,.314,12.29
105,2014,171,1030,23.21,25.27,0,0,.313,12.29
105,2014,171,1036,23.35,25.34,0,0,.313,12.29
105,2014,171,1042,23.47,25.58,0,0,.313,12.29
105,2014,171,1048,23.58,26.38,0,0,.313,12.29
105,2014,171,1054,23.71,25.33,0,0,.312,12.29
105,2014,171,1100,23.83,24.79,0,0,.312,12.29
105,2014,171,1106,23.92,25.89,0,0,.312,12.29
105,2014,171,1112,24.01,26.06,0,0,.311,12.29
105,2014,171,1118,24.1,26.2,0,0,.311,12.29
105,2014,171,1124,24.21,26.59,0,0,.31,12.29
105,2014,171,1130,24.33,26.66,0,0,.31,12.29
105,2014,171,1136,24.46,26.87,0,0,.31,12.29
105,2014,171,1142,24.6,27.43,0,0,.309,12.29
105,2014,171,1148,24.74,27.28,0,0,.309,12.29
105,2014,171,1154,24.88,27.03,0,0,.309,12.29
105,2014,171,1200,25.01,28.4,0,0,.309,12.29
105,2014,171,1206,25.14,27.83,0,0,.308,12.29
105,2014,171,1212,25.28,27.79,0,0,.308,12.29
105,2014,171,1218,25.42,27.58,0,0,.308,12.29
105,2014,171,1224,25.57,27.82,0,0,.306,12.29
105,2014,171,1230,25.73,28.16,0,0,.306,12.29
105,2014,171,1236,25.89,27.69,0,0,.307,12.29
105,2014,171,1242,26.03,27.6,0,0,.306,12.29
105,2014,171,1248,26.15,28.24,0,0,.306,12.29
105,2014,171,1254,26.29,27.93,0,0,.306,12.29
105,2014,171,1300,26.41,27.79,0,0,.306,12.29
105,2014,171,1306,26.54,28.07,0,0,.306,12.29
105,2014,171,1312,26.66,27.86,0,0,.306,12.29
105,2014,171,1318,26.77,28.23,0,0,.305,12.29
105,2014,171,1324,26.87,28.73,0,0,.305,12.29
105,2014,171,1330,26.99,28.29,0,0,.305,12.29
105,2014,171,1336,27.11,28.77,0,0,.305,12.29
105,2014,171,1342,27.24,28.61,0,0,.303,12.29
105,2014,171,1348,27.37,28.83,0,0,.303,12.29
105,2014,171,1354,27.5,29.04,0,0,.304,12.29
105,2014,171,1400,27.61,28.94,0,0,.302,12.29
105,2014,171,1406,27.73,28.66,0,0,.302,12.29
105,2014,171,1412,27.83,29.36,0,0,.302,12.29
105,2014,171,1418,27.92,28.66,0,0,.302,12.29
105,2014,171,1424,28.01,29.47,0,0,.302,12.29
105,2014,171,1430,28.11,29.11,0,0,.302,12.29
105,2014,171,1436,28.2,29.1,0,0,.3,12.29
105,2014,171,1442,28.29,29.67,0,0,.3,12.28
105,2014,171,1448,28.39,29.35,0,0,.3,12.28
105,2014,171,1454,28.48,29.3,0,0,.299,12.28
105,2014,171,1500,28.56,29.32,0,0,.298,12.29
105,2014,171,1506,28.63,28.49,0,0,.298,12.29
105,2014,171,1512,28.66,28.33,0,0,.298,12.29
105,2014,171,1518,28.68,28.85,0,0,.298,12.29
105,2014,171,1524,28.69,28.32,0,0,.298,12.29
105,2014,171,1530,28.69,28.57,0,0,.297,12.29
105,2014,171,1536,28.69,29.1,0,0,.297,12.29
105,2014,171,1542,28.7,29.54,0,0,.297,12.29
105,2014,171,1548,28.72,29.57,0,0,.296,12.29
105,2014,171,1554,28.74,29.41,0,0,.295,12.29
105,2014,171,1600,28.77,29.21,0,0,.295,12.29
105,2014,171,1606,28.8,29.4,0,0,.295,12.29
105,2014,171,1612,28.82,29.11,0,0,.295,12.29
105,2014,171,1618,28.84,29.24,0,0,.294,12.29
105,2014,171,1624,28.85,29.48,0,0,.294,12.29
105,2014,171,1630,28.87,29.81,0,0,.293,12.29
105,2014,171,1636,28.89,29.63,0,0,.293,12.29
105,2014,171,1642,28.92,29.39,0,0,.292,12.29
105,2014,171,1648,28.93,28.77,0,0,.292,12.29
105,2014,171,1654,28.94,28.3,0,0,.292,12.29
105,2014,171,1700,28.92,27.88,0,0,.292,12.29
105,2014,171,1706,28.89,26.83,0,0,.292,12.29
105,2014,171,1712,28.85,27.14,0,0,.292,12.29
105,2014,171,1718,28.79,26.59,0,0,.292,12.29
105,2014,171,1724,28.71,26.05,0,0,.292,12.29
105,2014,171,1730,28.61,25.96,0,0,.291,12.29
105,2014,171,1736,28.48,25.4,0,0,.292,12.29
105,2014,171,1742,28.33,25.39,0,0,.292,12.29
105,2014,171,1748,28.17,25.15,0,0,.292,12.29
105,2014,171,1754,28,24.92,0,0,.292,12.29
105,2014,171,1800,27.83,24.52,0,0,.292,12.29
105,2014,171,1806,27.66,24.58,0,0,.292,12.29
105,2014,171,1812,27.48,24.31,0,0,.292,12.29
105,2014,171,1818,27.3,23.6,0,0,.292,12.29
105,2014,171,1824,27.11,23.8,0,0,.292,12.29
105,2014,171,1830,26.92,23.73,0,0,.293,12.29
105,2014,171,1836,26.74,23.43,0,0,.293,12.29
105,2014,171,1842,26.55,23.02,0,0,.292,12.29
105,2014,171,1848,26.35,22.69,0,0,.292,12.29
105,2014,171,1854,26.17,22.65,0,0,.293,12.29
105,2014,171,1900,25.98,22.39,0,0,.292,12.29
105,2014,171,1906,25.8,22.37,0,0,.292,12.29
105,2014,171,1912,25.61,22.26,0,0,.292,12.29
105,2014,171,1918,25.43,22.07,0,0,.292,12.29
105,2014,171,1924,25.26,22.04,0,0,.292,12.29
105,2014,171,1930,25.09,21.87,0,0,.292,12.29
105,2014,171,1936,24.92,21.81,0,0,.292,12.29
105,2014,171,1942,24.76,21.7,0,0,.292,12.29
105,2014,171,1948,24.6,21.31,0,0,.292,12.29
105,2014,171,1954,24.45,21.28,0,0,.292,12.29
105,2014,171,2000,24.31,21.17,0,0,.292,12.29
105,2014,171,2006,24.15,20.89,0,0,.293,12.29
105,2014,171,2012,23.99,20.87,0,0,.292,12.3
105,2014,171,2018,23.84,20.55,0,0,.292,12.3
105,2014,171,2024,23.69,20.31,0,0,.293,12.3
105,2014,171,2030,23.53,20.38,0,0,.292,12.3
105,2014,171,2036,23.38,19.83,0,0,.292,12.3
105,2014,171,2042,23.21,19.96,0,0,.291,12.3
105,2014,171,2048,23.04,19.64,0,0,.292,12.3
105,2014,171,2054,22.87,19.47,0,0,.292,12.3
105,2014,171,2100,22.7,19.29,0,0,.292,12.3
105,2014,171,2106,22.53,19.22,0,0,.293,12.3
105,2014,171,2112,22.37,18.8,0,0,.293,12.3
105,2014,171,2118,22.2,18.76,0,0,.294,12.3
105,2014,171,2124,22.03,18.69,0,0,.295,12.3
105,2014,171,2130,21.86,18.46,0,0,.295,12.3
105,2014,171,2136,21.69,18.63,0,0,.295,12.3
105,2014,171,2142,21.54,18.49,0,0,.295,12.3
105,2014,171,2148,21.39,18.1,0,0,.294,12.3
105,2014,171,2154,21.24,18.2,0,0,.294,12.3
105,2014,171,2200,21.1,18.16,0,0,.294,12.3
105,2014,171,2206,20.96,18.19,0,0,.293,12.3
105,2014,171,2212,20.83,18.11,0,0,.294,12.3
105,2014,171,2218,20.72,17.98,0,0,.294,12.3
105,2014,171,2224,20.61,18.11,0,0,.294,12.3
105,2014,171,2230,20.52,18.16,0,0,.294,12.3
105,2014,171,2236,20.44,18.02,0,0,.294,12.3
105,2014,171,2242,20.36,18.02,0,0,.294,12.3
105,2014,171,2248,20.29,18.03,0,0,.294,12.3
105,2014,171,2254,20.22,18.1,0,0,.295,12.3
105,2014,171,2300,20.16,17.92,0,0,.294,12.3
105,2014,171,2306,20.1,17.97,0,0,.294,12.3
105,2014,171,2312,20.04,17.91,0,0,.294,12.3
105,2014,171,2318,19.99,17.94,0,0,.293,12.3
105,2014,171,2324,19.94,17.98,0,0,.293,12.3
105,2014,171,2330,19.9,18.06,0,0,.293,12.3
105,2014,171,2336,19.87,18.29,0,0,.292,12.3
105,2014,171,2342,19.84,18.05,0,0,.292,12.3
105,2014,171,2348,19.82,18.04,0,0,.292,12.3
105,2014,171,2354,19.8,18.2,0,0,.292,12.3
105,2014,172,0,19.78,18.24,0,0,.293,12.3
105,2014,172,6,19.76,18.32,0,0,.292,12.3
105,2014,172,12,19.75,18.27,0,0,.292,12.3
105,2014,172,18,19.75,18.3,0,0,.292,12.3
105,2014,172,24,19.76,18.33,0,0,.292,12.3
105,2014,172,30,19.78,18.34,0,0,.293,12.3
105,2014,172,36,19.79,18.44,0,0,.292,12.3
105,2014,172,42,19.81,18.63,0,0,.291,12.3
105,2014,172,48,19.83,18.56,0,0,.291,12.3
105,2014,172,54,19.85,18.55,0,0,.291,12.3
105,2014,172,100,19.87,18.49,0,0,.291,12.3
105,2014,172,106,19.89,18.55,0,0,.291,12.3
105,2014,172,112,19.91,18.44,0,0,.291,12.3
105,2014,172,118,19.92,18.47,0,0,.291,12.3
105,2014,172,124,19.94,18.56,0,0,.291,12.3
105,2014,172,130,19.95,18.43,0,0,.291,12.3
105,2014,172,136,19.96,18.35,0,0,.291,12.3
105,2014,172,142,19.97,18.44,0,0,.291,12.3
105,2014,172,148,19.97,18.4,0,0,.292,12.3
105,2014,172,154,19.96,18.37,0,0,.292,12.3
105,2014,172,200,19.96,18.47,0,0,.292,12.3
105,2014,172,206,19.96,18.51,0,0,.292,12.3
105,2014,172,212,19.97,18.59,0,0,.292,12.3
105,2014,172,218,19.98,18.57,0,0,.292,12.3
105,2014,172,224,19.98,18.35,0,0,.291,12.3
105,2014,172,230,19.98,18.46,0,0,.292,12.3
105,2014,172,236,19.98,18.51,0,0,.292,12.3
105,2014,172,242,19.98,18.46,0,0,.292,12.3
105,2014,172,248,19.97,18.51,0,0,.291,12.3
105,2014,172,254,19.97,18.54,0,0,.292,12.3
105,2014,172,300,19.97,18.53,0,0,.292,12.3
105,2014,172,306,19.97,18.53,0,0,.291,12.3
105,2014,172,312,19.98,18.6,0,0,.292,12.3
105,2014,172,318,19.98,18.74,0,0,.291,12.3
105,2014,172,324,19.98,18.47,0,0,.291,12.3
105,2014,172,330,19.99,18.48,0,0,.291,12.3
105,2014,172,336,20,18.6,0,0,.292,12.3
105,2014,172,342,20,18.64,0,0,.292,12.3
105,2014,172,348,20.02,18.55,0,0,.292,12.3
105,2014,172,354,20.03,18.54,0,0,.292,12.3
105,2014,172,400,20.04,18.5,0,0,.292,12.3
105,2014,172,406,20.05,18.56,0,0,.292,12.3
105,2014,172,412,20.06,18.91,0,0,.292,12.3
105,2014,172,418,20.06,18.77,0,0,.292,12.3
105,2014,172,424,20.07,18.71,0,0,.292,12.3
105,2014,172,430,20.07,18.64,0,0,.292,12.3
105,2014,172,436,20.08,18.62,0,0,.292,12.3
105,2014,172,442,20.09,18.72,0,0,.292,12.3
105,2014,172,448,20.1,18.68,0,0,.292,12.3
105,2014,172,454,20.1,18.71,0,0,.292,12.3
105,2014,172,500,20.1,18.61,0,0,.292,12.3
105,2014,172,506,20.1,18.64,0,0,.292,12.3
105,2014,172,512,20.11,18.69,0,0,.291,12.3
105,2014,172,518,20.11,18.75,0,0,.292,12.3
105,2014,172,524,20.1,18.64,0,0,.292,12.3
105,2014,172,530,20.1,18.72,0,0,.292,12.3
105,2014,172,536,20.08,18.78,0,0,.292,12.3
105,2014,172,542,20.07,18.49,0,0,.291,12.3
105,2014,172,548,20.05,18.56,0,0,.292,12.3
105,2014,172,554,20.03,18.91,0,0,.292,12.3
105,2014,172,600,20.01,18.61,0,0,.292,12.3
105,2014,172,606,20.01,18.49,0,0,.292,12.3
105,2014,172,612,20,18.54,0,0,.292,12.3
105,2014,172,618,20,18.69,0,0,.291,12.3
105,2014,172,624,20,18.6,0,0,.291,12.3
105,2014,172,630,20.01,18.73,0,0,.291,12.3
105,2014,172,636,20.01,18.73,0,0,.291,12.3
105,2014,172,642,20.03,18.79,0,0,.291,12.3
105,2014,172,648,20.05,18.84,0,0,.291,12.3
105,2014,172,654,20.07,18.97,0,0,.292,12.3
105,2014,172,700,20.1,19.21,0,0,.291,12.3
105,2014,172,706,20.12,19.12,0,0,.291,12.3
105,2014,172,712,20.16,19.32,0,0,.291,12.3
105,2014,172,718,20.19,19.36,0,0,.291,12.3
105,2014,172,724,20.23,19.52,0,0,.291,12.3
105,2014,172,730,20.27,19.53,0,0,.291,12.3
105,2014,172,736,20.31,19.48,0,0,.291,12.3
105,2014,172,742,20.36,19.35,0,0,.291,12.3
105,2014,172,748,20.4,19.49,0,0,.292,12.3
105,2014,172,754,20.44,19.6,0,0,.292,12.3
105,2014,172,800,20.48,19.63,0,0,.292,12.3
105,2014,172,806,20.52,19.63,0,0,.291,12.3
105,2014,172,812,20.56,19.75,0,0,.292,12.3
105,2014,172,818,20.6,19.54,0,0,.291,12.3
105,2014,172,824,20.63,19.86,0,0,.291,12.3
105,2014,172,830,20.66,19.72,0,0,.292,12.3
105,2014,172,836,20.69,20.05,0,0,.291,12.3
105,2014,172,842,20.73,20.45,0,0,.29,12.3
105,2014,172,848,20.78,20.55,0,0,.289,12.3
105,2014,172,854,20.84,20.75,0,0,.29,12.3
105,2014,172,900,20.92,21.13,0,0,.29,12.3
105,2014,172,906,21,20.97,0,0,.29,12.3
105,2014,172,912,21.08,20.79,0,0,.29,12.3
105,2014,172,918,21.17,21.18,0,0,.29,12.29
105,2014,172,924,21.25,20.88,0,0,.29,12.3
105,2014,172,930,21.32,20.95,0,0,.29,12.3
105,2014,172,936,21.38,21.02,0,0,.29,12.3
105,2014,172,942,21.44,21.27,0,0,.29,12.3
105,2014,172,948,21.5,21.22,0,0,.289,12.3
105,2014,172,954,21.56,21.08,0,0,.289,12.3
105,2014,172,1000,21.62,20.87,0,0,.289,12.3
105,2014,172,1006,21.68,20.99,0,0,.289,12.3
105,2014,172,1012,21.74,21.23,0,0,.289,12.29
105,2014,172,1018,21.78,20.99,0,0,.29,12.29
105,2014,172,1024,21.82,20.74,0,0,.289,12.29
105,2014,172,1030,21.85,20.67,0,0,.29,12.29
105,2014,172,1036,21.88,21.19,0,0,.289,12.3
105,2014,172,1042,21.91,21.07,0,0,.289,12.3
105,2014,172,1048,21.95,20.6,0,0,.289,12.29
105,2014,172,1054,21.99,20.66,0,0,.289,12.3
105,2014,172,1100,22.02,20.83,0,0,.289,12.3
105,2014,172,1106,22.04,20.84,0,0,.289,12.3
105,2014,172,1112,22.06,20.6,0,0,.29,12.3
105,2014,172,1118,22.07,20.68,0,0,.289,12.29
105,2014,172,1124,22.09,20.62,0,0,.289,12.3
105,2014,172,1130,22.1,20.3,0,0,.289,12.3
105,2014,172,1136,22.1,20.34,0,0,.29,12.3
105,2014,172,1142,22.09,20.51,0,0,.289,12.3
105,2014,172,1148,22.09,20.36,0,0,.289,12.3
105,2014,172,1154,22.09,20.35,0,0,.29,12.3
105,2014,172,1200,22.1,20.69,0,0,.29,12.3
105,2014,172,1206,22.1,20.54,0,0,.29,12.3
105,2014,172,1212,22.1,20.54,0,0,.289,12.3
105,2014,172,1218,22.1,20.38,0,0,.289,12.3
105,2014,172,1224,22.09,20.68,0,0,.289,12.3
105,2014,172,1230,22.08,21.42,0,0,.289,12.3
105,2014,172,1236,22.08,21.71,0,0,.288,12.3
105,2014,172,1242,22.1,21.94,0,0,.288,12.3
105,2014,172,1248,22.12,22.04,0,0,.288,12.3
105,2014,172,1254,22.16,22.01,0,0,.288,12.3
105,2014,172,1300,22.21,22.55,0,0,.289,12.3
105,2014,172,1306,22.27,22.9,0,0,.286,12.3
105,2014,172,1312,22.35,22.25,0,0,.286,12.3
105,2014,172,1318,22.42,22.06,0,0,.287,12.3
105,2014,172,1324,22.47,21.93,0,0,.286,12.3
105,2014,172,1330,22.51,21.75,0,0,.286,12.3
105,2014,172,1336,22.54,21.64,0,0,.287,12.3
105,2014,172,1342,22.55,21.49,0,0,.287,12.3
105,2014,172,1348,22.55,21.29,0,0,.287,12.3
105,2014,172,1354,22.55,21.4,0,0,.287,12.3
105,2014,172,1400,22.54,21.31,0,0,.287,12.3
105,2014,172,1406,22.53,21.37,0,0,.287,12.3
105,2014,172,1412,22.52,21.47,0,0,.286,12.3
105,2014,172,1418,22.52,21.65,0,0,.286,12.3
105,2014,172,1424,22.52,21.46,0,0,.286,12.3
105,2014,172,1430,22.53,21.23,0,0,.287,12.3
105,2014,172,1436,22.53,21.47,0,0,.286,12.3
105,2014,172,1442,22.51,21.73,0,0,.286,12.3
105,2014,172,1448,22.52,21.65,0,0,.285,12.3
105,2014,172,1454,22.52,21.9,0,0,.286,12.3
105,2014,172,1500,22.52,21.47,0,0,.286,12.3
105,2014,172,1506,22.52,21.42,0,0,.287,12.3
105,2014,172,1512,22.51,21.17,0,0,.287,12.3
105,2014,172,1518,22.5,21.39,0,0,.287,12.3
105,2014,172,1524,22.5,22.58,0,0,.286,12.29
105,2014,172,1530,22.52,23.04,0,0,.287,12.3
105,2014,172,1536,22.57,22.75,0,0,.285,12.3
105,2014,172,1542,22.63,22.73,0,0,.285,12.29
105,2014,172,1548,22.7,22.29,0,0,.284,12.29
105,2014,172,1554,22.74,22.27,0,0,.284,12.3
105,2014,172,1600,22.78,22.39,0,0,.284,12.29
105,2014,172,1606,22.81,22.48,0,0,.284,12.29
105,2014,172,1612,22.83,23.21,0,0,.283,12.29
105,2014,172,1618,22.88,23.54,0,0,.284,12.29
105,2014,172,1624,22.94,23.27,0,0,.284,12.29
105,2014,172,1630,23.02,23.15,0,0,.283,12.29
105,2014,172,1636,23.09,23.15,0,0,.283,12.29
105,2014,172,1642,23.15,23.23,0,0,.283,12.29
105,2014,172,1648,23.21,23.03,0,0,.283,12.29
105,2014,172,1654,23.26,23.18,0,0,.282,12.3
105,2014,172,1700,23.31,22.91,0,0,.281,12.3
105,2014,172,1706,23.36,23.05,0,0,.282,12.3
105,2014,172,1712,23.41,24.29,0,0,.282,12.29
105,2014,172,1718,23.48,24.02,0,0,.281,12.29
105,2014,172,1724,23.58,23.74,0,0,.281,12.29
105,2014,172,1730,23.67,23.33,0,0,.28,12.29
105,2014,172,1736,23.75,23.2,0,0,.281,12.29
105,2014,172,1742,23.81,22.95,0,0,.28,12.29
105,2014,172,1748,23.84,22.63,0,0,.28,12.29
105,2014,172,1754,23.85,22.34,0,0,.279,12.29
105,2014,172,1800,23.84,22.03,0,0,.279,12.3
105,2014,172,1806,23.82,21.89,0,0,.279,12.3
105,2014,172,1812,23.77,21.8,0,0,.279,12.3
105,2014,172,1818,23.72,21.56,0,0,.279,12.3
105,2014,172,1824,23.65,21.56,0,0,.279,12.3
105,2014,172,1830,23.58,21.63,0,0,.279,12.3
105,2014,172,1836,23.51,21.51,0,0,.279,12.3
105,2014,172,1842,23.45,21.35,0,0,.279,12.3
105,2014,172,1848,23.38,21.33,0,0,.279,12.3
105,2014,172,1854,23.31,21.18,0,0,.279,12.3
105,2014,172,1900,23.24,21.11,0,0,.279,12.3
105,2014,172,1906,23.17,21.03,0,0,.279,12.3
105,2014,172,1912,23.1,21.05,0,0,.279,12.3
105,2014,172,1918,23.03,21.1,0,0,.279,12.3
105,2014,172,1924,22.96,21.09,0,0,.28,12.3
105,2014,172,1930,22.91,21.1,0,0,.281,12.3
105,2014,172,1936,22.85,21.09,0,0,.281,12.3
105,2014,172,1942,22.8,21.16,0,0,.281,12.3
105,2014,172,1948,22.76,21.1,0,0,.281,12.3
105,2014,172,1954,22.72,20.98,0,0,.281,12.3
105,2014,172,2000,22.68,20.97,0,0,.281,12.3
105,2014,172,2006,22.63,20.88,0,0,.281,12.3
105,2014,172,2012,22.59,20.9,0,0,.281,12.3
105,2014,172,2018,22.55,20.87,0,0,.281,12.3
105,2014,172,2024,22.51,20.92,0,0,.282,12.3
105,2014,172,2030,22.48,20.91,0,0,.282,12.3
105,2014,172,2036,22.45,20.99,0,0,.282,12.3
105,2014,172,2042,22.42,20.99,0,0,.282,12.3
105,2014,172,2048,22.4,20.96,0,0,.282,12.3
105,2014,172,2054,22.38,21.02,0,0,.282,12.3
105,2014,172,2100,22.35,20.85,0,0,.282,12.3
105,2014,172,2106,22.33,20.91,0,0,.282,12.3
105,2014,172,2112,22.31,20.84,0,0,.281,12.3
105,2014,172,2118,22.29,20.86,0,0,.281,12.3
105,2014,172,2124,22.26,20.77,0,0,.281,12.3
105,2014,172,2130,22.24,20.72,0,0,.281,12.3
105,2014,172,2136,22.21,20.84,0,0,.281,12.3
105,2014,172,2142,22.2,20.95,0,0,.281,12.3
105,2014,172,2148,22.19,20.94,0,0,.281,12.3
105,2014,172,2154,22.18,20.82,0,0,.281,12.3
105,2014,172,2200,22.17,20.76,0,0,.281,12.3
105,2014,172,2206,22.16,20.68,0,0,.281,12.3
105,2014,172,2212,22.15,20.49,0,0,.281,12.3
105,2014,172,2218,22.14,20.4,0,0,.281,12.3
105,2014,172,2224,22.11,20.17,0,0,.281,12.3
105,2014,172,2230,22.08,20.17,0,0,.281,12.3
105,2014,172,2236,22.05,20.18,0,0,.281,12.3
105,2014,172,2242,22.02,20.14,0,0,.281,12.3
105,2014,172,2248,21.99,20.08,0,0,.281,12.3
105,2014,172,2254,21.95,20.03,0,0,.281,12.3
105,2014,172,2300,21.91,19.86,0,0,.281,12.3
105,2014,172,2306,21.87,19.75,0,0,.281,12.3
105,2014,172,2312,21.83,19.77,0,0,.281,12.3
105,2014,172,2318,21.8,19.82,0,0,.281,12.3
105,2014,172,2324,21.77,19.91,0,0,.281,12.3
105,2014,172,2330,21.74,19.95,0,0,.281,12.3
105,2014,172,2336,21.72,19.84,0,0,.281,12.3
105,2014,172,2342,21.7,19.77,0,0,.281,12.3
105,2014,172,2348,21.68,19.71,0,0,.281,12.3
105,2014,172,2354,21.65,19.62,0,0,.281,12.3
105,2014,173,0,21.62,19.56,0,0,.281,12.3
105,2014,173,6,21.58,19.61,0,0,.281,12.3
105,2014,173,12,21.54,19.64,0,0,.281,12.3
105,2014,173,18,21.51,19.71,0,0,.281,12.3
105,2014,173,24,21.47,19.63,0,0,.281,12.3
105,2014,173,30,21.44,19.64,0,0,.281,12.3
105,2014,173,36,21.42,19.63,0,0,.281,12.3
105,2014,173,42,21.39,19.45,0,0,.281,12.3
105,2014,173,48,21.37,19.6,0,0,.281,12.3
105,2014,173,54,21.35,19.63,0,0,.281,12.3
105,2014,173,100,21.33,19.54,0,0,.282,12.3
105,2014,173,106,21.31,19.35,0,0,.282,12.3
105,2014,173,112,21.29,19.42,0,0,.293,12.3
105,2014,173,118,21.27,19.56,0,0,.315,12.3
105,2014,173,124,21.26,19.7,0,0,.337,12.3
105,2014,173,130,21.24,19.72,0,0,.365,12.3
105,2014,173,136,21.23,19.68,0,0,.406,12.3
105,2014,173,142,21.22,19.58,0,0,.444,12.3
105,2014,173,148,21.2,19.81,0,0,.481,12.3
105,2014,173,154,21.19,19.83,0,0,.515,12.3
105,2014,173,200,21.17,19.62,0,0,.548,12.3
105,2014,173,206,21.15,19.5,0,0,.576,12.3
105,2014,173,212,21.13,19.48,0,0,.606,12.3
105,2014,173,218,21.11,19.5,0,0,.637,12.3
105,2014,173,224,21.09,19.61,0,0,.665,12.3
105,2014,173,230,21.07,19.51,0,0,.683,12.3
105,2014,173,236,21.04,19.3,0,0,.697,12.3
105,2014,173,242,21.02,19.2,0,0,.704,12.3
105,2014,173,248,21,19.17,0,0,.706,12.3
105,2014,173,254,20.98,19.24,0,0,.707,12.3
105,2014,173,300,20.97,19.17,0,0,.706,12.3
105,2014,173,306,20.95,19.22,0,0,.706,12.3
105,2014,173,312,20.94,19.34,0,0,.706,12.3
105,2014,173,318,20.94,19.32,0,0,.705,12.3
105,2014,173,324,20.93,19.17,0,0,.701,12.3
105,2014,173,330,20.93,19.17,0,0,.695,12.3
105,2014,173,336,20.92,19.07,0,0,.689,12.3
105,2014,173,342,20.92,19.12,0,0,.683,12.3
105,2014,173,348,20.91,19.09,0,0,.675,12.3
105,2014,173,354,20.91,19.23,0,0,.67,12.3
105,2014,173,400,20.9,19.31,0,0,.663,12.3
105,2014,173,406,20.89,19.25,0,0,.655,12.3
105,2014,173,412,20.88,19.32,0,0,.647,12.3
105,2014,173,418,20.87,19.37,0,0,.639,12.3
105,2014,173,424,20.87,19.39,0,0,.631,12.3
105,2014,173,430,20.86,19.49,0,0,.624,12.3
105,2014,173,436,20.86,19.59,0,0,.617,12.3
105,2014,173,442,20.87,19.62,0,0,.609,12.3
105,2014,173,448,20.87,19.74,0,0,.602,12.3
105,2014,173,454,20.88,19.52,0,0,.596,12.3
105,2014,173,500,20.88,19.09,0,0,.59,12.3
105,2014,173,506,20.88,19.19,0,0,.583,12.3
105,2014,173,512,20.87,19.16,0,0,.576,12.3
105,2014,173,518,20.87,19.14,0,0,.571,12.3
105,2014,173,524,20.86,19.14,0,0,.566,12.3
105,2014,173,530,20.85,19.03,0,0,.56,12.3
105,2014,173,536,20.84,19.02,0,0,.555,12.3
105,2014,173,542,20.83,19.05,0,0,.552,12.3
105,2014,173,548,20.81,18.98,0,0,.545,12.3
105,2014,173,554,20.8,19.02,0,0,.541,12.3
105,2014,173,600,20.78,19.15,0,0,.536,12.3
105,2014,173,606,20.77,19.18,0,0,.531,12.3
105,2014,173,612,20.76,19.25,0,0,.527,12.3
105,2014,173,618,20.76,19.26,0,0,.522,12.3
105,2014,173,624,20.76,19.19,0,0,.518,12.3
105,2014,173,630,20.76,19.13,0,0,.514,12.3
105,2014,173,636,20.76,19.12,0,0,.508,12.3
105,2014,173,642,20.76,19.13,0,0,.507,12.3
105,2014,173,648,20.76,19.17,0,0,.504,12.3
105,2014,173,654,20.76,19.19,0,0,.501,12.3
105,2014,173,700,20.76,19.12,0,0,.497,12.3
105,2014,173,706,20.76,19.23,0,0,.492,12.3
105,2014,173,712,20.77,19.21,0,0,.491,12.3
105,2014,173,718,20.77,19.3,0,0,.487,12.3
105,2014,173,724,20.77,19.39,0,0,.486,12.3
105,2014,173,730,20.77,19.51,0,0,.483,12.3
105,2014,173,736,20.78,19.59,0,0,.48,12.3
105,2014,173,742,20.79,19.54,0,0,.477,12.3
105,2014,173,748,20.81,19.77,0,0,.474,12.3
105,2014,173,754,20.83,19.91,0,0,.472,12.3
105,2014,173,800,20.87,20.22,0,0,.469,12.3
105,2014,173,806,20.9,20.39,0,0,.467,12.3
105,2014,173,812,20.95,20.34,0,0,.465,12.3
105,2014,173,818,21,20.5,0,0,.461,12.3
105,2014,173,824,21.06,20.91,0,0,.461,12.3
105,2014,173,830,21.13,21.56,0,0,.458,12.3
105,2014,173,836,21.23,21.79,0,0,.456,12.3
105,2014,173,842,21.35,21.6,0,0,.454,12.3
105,2014,173,848,21.46,21.34,0,0,.452,12.3
105,2014,173,854,21.56,21.44,0,0,.451,12.3
105,2014,173,900,21.65,21.6,0,0,.449,12.3
105,2014,173,906,21.73,21.65,0,0,.447,12.3
105,2014,173,912,21.81,21.64,0,0,.445,12.3
105,2014,173,918,21.88,21.91,0,0,.444,12.3
105,2014,173,924,21.96,21.79,0,0,.441,12.3
105,2014,173,930,22.04,21.97,0,0,.44,12.3
105,2014,173,936,22.12,22.14,0,0,.439,12.3
105,2014,173,942,22.2,22.26,0,0,.436,12.3
105,2014,173,948,22.29,22.58,0,0,.435,12.3
105,2014,173,954,22.38,22.55,0,0,.435,12.3
105,2014,173,1000,22.48,23.2,0,0,.433,12.3
105,2014,173,1006,22.59,24.76,0,0,.431,12.29
105,2014,173,1012,22.73,25.17,0,0,.428,12.29
105,2014,173,1018,22.91,25.76,0,0,.427,12.29
105,2014,173,1024,23.11,25.9,0,0,.424,12.29
105,2014,173,1030,23.32,25.31,0,0,.423,12.29
105,2014,173,1036,23.52,24.77,0,0,.421,12.29
105,2014,173,1042,23.69,25.17,0,0,.42,12.29
105,2014,173,1048,23.84,24.86,0,0,.419,12.29
105,2014,173,1054,23.99,24.63,0,0,.417,12.29
105,2014,173,1100,24.11,25.91,0,0,.415,12.29
105,2014,173,1106,24.24,25.72,0,0,.414,12.29
105,2014,173,1112,24.37,26.39,0,0,.413,12.29
105,2014,173,1118,24.51,26.17,0,0,.412,12.29
105,2014,173,1124,24.65,26.43,0,0,.41,12.29
105,2014,173,1130,24.78,26.71,0,0,.409,12.29
105,2014,173,1136,24.93,28.81,0,0,.407,12.29
105,2014,173,1142,25.1,28.47,0,0,.406,12.29
105,2014,173,1148,25.3,27.28,0,0,.405,12.29
105,2014,173,1154,25.47,26.78,0,0,.405,12.29
105,2014,173,1200,25.61,26.64,0,0,.403,12.29
105,2014,173,1206,25.72,26.97,0,0,.401,12.29
105,2014,173,1212,25.82,26.96,0,0,.401,12.29
105,2014,173,1218,25.92,26.83,0,0,.4,12.29
105,2014,173,1224,26,27.27,0,0,.4,12.29
105,2014,173,1230,26.08,27.28,0,0,.399,12.29
105,2014,173,1236,26.17,27.67,0,0,.398,12.29
105,2014,173,1242,26.28,27.33,0,0,.396,12.29
105,2014,173,1248,26.38,27.6,0,0,.396,12.29
105,2014,173,1254,26.47,27.96,0,0,.395,12.29
105,2014,173,1300,26.58,28.33,0,0,.394,12.29
105,2014,173,1306,26.69,28.15,0,0,.393,12.29
105,2014,173,1312,26.8,28.24,0,0,.392,12.29
105,2014,173,1318,26.91,28.48,0,0,.391,12.29
105,2014,173,1324,27.03,29.75,0,0,.39,12.29
105,2014,173,1330,27.17,29.02,0,0,.39,12.29
105,2014,173,1336,27.32,28.41,0,0,.39,12.29
105,2014,173,1342,27.43,28.2,0,0,.388,12.29
105,2014,173,1348,27.51,28.41,0,0,.389,12.29
105,2014,173,1354,27.58,28.03,0,0,.388,12.29
105,2014,173,1400,27.63,28.11,0,0,.386,12.29
105,2014,173,1406,27.68,28.68,0,0,.386,12.29
105,2014,173,1412,27.75,28.37,0,0,.385,12.29
105,2014,173,1418,27.81,28.3,0,0,.385,12.29
105,2014,173,1424,27.86,28.56,0,0,.384,12.29
105,2014,173,1430,27.92,29.38,0,0,.383,12.29
105,2014,173,1436,27.99,29.21,0,0,.383,12.29
105,2014,173,1442,28.07,28.82,0,0,.382,12.29
105,2014,173,1448,28.15,28.36,0,0,.382,12.29
105,2014,173,1454,28.2,28.54,0,0,.381,12.29
105,2014,173,1500,28.23,29.21,0,0,.38,12.29
105,2014,173,1506,28.28,29.26,0,0,.38,12.29
105,2014,173,1512,28.33,28.78,0,0,.378,12.29
105,2014,173,1518,28.37,29.35,0,0,.378,12.29
105,2014,173,1524,28.43,29.01,0,0,.377,12.29
105,2014,173,1530,28.48,29.01,0,0,.377,12.29
105,2014,173,1536,28.52,28.58,0,0,.377,12.29
105,2014,173,1542,28.56,28.02,0,0,.376,12.29
105,2014,173,1548,28.58,28.97,0,0,.374,12.29
105,2014,173,1554,28.61,29.2,0,0,.375,12.29
105,2014,173,1600,28.65,28.74,0,0,.375,12.29
105,2014,173,1606,28.69,29.1,0,0,.373,12.29
105,2014,173,1612,28.73,29.4,0,0,.373,12.29
105,2014,173,1618,28.77,29.57,0,0,.372,12.29
105,2014,173,1624,28.8,28.69,0,0,.371,12.29
105,2014,173,1630,28.82,29.05,0,0,.371,12.29
105,2014,173,1636,28.83,28.65,0,0,.371,12.29
105,2014,173,1642,28.84,28.85,0,0,.37,12.29
105,2014,173,1648,28.84,27.88,0,0,.368,12.29
105,2014,173,1654,28.83,27.84,0,0,.368,12.29
105,2014,173,1700,28.81,28.03,0,0,.368,12.29
105,2014,173,1706,28.78,27.55,0,0,.368,12.29
105,2014,173,1712,28.75,26.82,0,0,.367,12.29
105,2014,173,1718,28.71,26.08,0,0,.367,12.29
105,2014,173,1724,28.64,25.79,0,0,.367,12.29
105,2014,173,1730,28.54,25.86,0,0,.367,12.29
105,2014,173,1736,28.43,25.56,0,0,.367,12.29
105,2014,173,1742,28.3,25.47,0,0,.367,12.29
105,2014,173,1748,28.16,25.32,0,0,.366,12.29
105,2014,173,1754,28.01,24.58,0,0,.367,12.29
105,2014,173,1800,27.85,24.02,0,0,.366,12.29
105,2014,173,1806,27.68,24.02,0,0,.367,12.29
105,2014,173,1812,27.51,24.04,0,0,.366,12.29
105,2014,173,1818,27.33,24.35,0,0,.367,12.29
105,2014,173,1824,27.17,24.27,0,0,.367,12.29
105,2014,173,1830,27.02,23.68,0,0,.366,12.29
105,2014,173,1836,26.87,23.66,0,0,.366,12.29
105,2014,173,1842,26.71,23.98,0,0,.366,12.29
105,2014,173,1848,26.57,23.79,0,0,.367,12.29
105,2014,173,1854,26.44,23.59,0,0,.366,12.29
105,2014,173,1900,26.31,23.74,0,0,.365,12.29
105,2014,173,1906,26.19,23.26,0,0,.364,12.29
105,2014,173,1912,26.07,23.25,0,0,.364,12.29
105,2014,173,1918,25.94,23.06,0,0,.364,12.29
105,2014,173,1924,25.81,23.06,0,0,.364,12.29
105,2014,173,1930,25.68,22.76,0,0,.364,12.29
105,2014,173,1936,25.55,22.64,0,0,.363,12.29
105,2014,173,1942,25.43,22.53,0,0,.363,12.29
105,2014,173,1948,25.3,22.43,0,0,.362,12.29
105,2014,173,1954,25.18,22.28,0,0,.362,12.29
105,2014,173,2000,25.05,22.24,0,0,.361,12.29
105,2014,173,2006,24.93,22.02,0,0,.361,12.29
105,2014,173,2012,24.81,21.92,0,0,.363,12.29
105,2014,173,2018,24.7,21.68,0,0,.361,12.29
105,2014,173,2024,24.58,21.54,0,0,.359,12.29
105,2014,173,2030,24.45,21.52,0,0,.358,12.29
105,2014,173,2036,24.31,21.52,0,0,.359,12.29
105,2014,173,2042,24.18,21.16,0,0,.359,12.29
105,2014,173,2048,24.04,20.61,0,0,.359,12.29
105,2014,173,2054,23.9,20.78,0,0,.358,12.29
105,2014,173,2100,23.76,20.61,0,0,.358,12.29
105,2014,173,2106,23.62,20.64,0,0,.357,12.29
105,2014,173,2112,23.49,20.37,0,0,.357,12.29
105,2014,173,2118,23.35,20.2,0,0,.357,12.29
105,2014,173,2124,23.21,20.13,0,0,.357,12.29
105,2014,173,2130,23.07,19.95,0,0,.357,12.29
105,2014,173,2136,22.94,19.8,0,0,.357,12.3
105,2014,173,2142,22.81,19.92,0,0,.357,12.3
105,2014,173,2148,22.67,19.92,0,0,.357,12.3
105,2014,173,2154,22.54,19.5,0,0,.358,12.3
105,2014,173,2200,22.4,19.5,0,0,.358,12.3
105,2014,173,2206,22.27,19.65,0,0,.358,12.3
105,2014,173,2212,22.14,19.39,0,0,.358,12.3
105,2014,173,2218,22,19.28,0,0,.356,12.3
105,2014,173,2224,21.88,19.09,0,0,.356,12.3
105,2014,173,2230,21.75,19.32,0,0,.356,12.3
105,2014,173,2236,21.64,19.25,0,0,.356,12.3
105,2014,173,2242,21.55,19.26,0,0,.356,12.3
105,2014,173,2248,21.48,19.25,0,0,.356,12.3
105,2014,173,2254,21.41,19.21,0,0,.356,12.3
105,2014,173,2300,21.35,19.15,0,0,.355,12.3
105,2014,173,2306,21.28,19.2,0,0,.355,12.3
105,2014,173,2312,21.22,19.13,0,0,.355,12.3
105,2014,173,2318,21.16,19.18,0,0,.356,12.3
105,2014,173,2324,21.1,19.07,0,0,.354,12.3
105,2014,173,2330,21.05,19.06,0,0,.353,12.3
105,2014,173,2336,21,18.72,0,0,.353,12.3
105,2014,173,2342,20.95,18.97,0,0,.353,12.3
105,2014,173,2348,20.9,18.86,0,0,.353,12.3
105,2014,173,2354,20.85,18.75,0,0,.352,12.3
105,2014,174,0,20.8,18.97,0,0,.352,12.3
105,2014,174,6,20.76,18.96,0,0,.351,12.3
105,2014,174,12,20.71,19.01,0,0,.351,12.3
105,2014,174,18,20.67,19.11,0,0,.35,12.3
105,2014,174,24,20.63,19,0,0,.351,12.3
105,2014,174,30,20.6,18.89,0,0,.351,12.3
105,2014,174,36,20.57,18.72,0,0,.35,12.3
105,2014,174,42,20.53,18.57,0,0,.35,12.3
105,2014,174,48,20.48,18.78,0,0,.35,12.3
105,2014,174,54,20.43,18.73,0,0,.35,12.3
105,2014,174,100,20.39,18.75,0,0,.349,12.3
105,2014,174,106,20.35,18.71,0,0,.35,12.3
105,2014,174,112,20.31,18.63,0,0,.349,12.3
105,2014,174,118,20.27,18.54,0,0,.349,12.3
105,2014,174,124,20.23,18.39,0,0,.349,12.3
105,2014,174,130,20.18,18.59,0,0,.349,12.3
105,2014,174,136,20.14,18.78,0,0,.349,12.3
105,2014,174,142,20.11,18.56,0,0,.348,12.3
105,2014,174,148,20.08,18.66,0,0,.348,12.3
105,2014,174,154,20.05,18.66,0,0,.348,12.3
105,2014,174,200,20.03,18.71,0,0,.353,12.3
105,2014,174,206,20.01,18.86,0,0,.37,12.3
105,2014,174,212,20,18.63,0,0,.393,12.3
105,2014,174,218,19.98,18.59,0,0,.426,12.3
105,2014,174,224,19.97,18.59,0,0,.462,12.3
105,2014,174,230,19.95,18.46,0,0,.5,12.3
105,2014,174,236,19.92,18.41,0,0,.537,12.3
105,2014,174,242,19.89,18.33,0,0,.572,12.3
105,2014,174,248,19.85,18.39,0,0,.605,12.3
105,2014,174,254,19.81,18.38,0,0,.638,12.3
105,2014,174,300,19.78,18.37,0,0,.671,12.3
105,2014,174,306,19.75,18.35,0,0,.702,12.3
105,2014,174,312,19.73,18.33,0,0,.726,12.3
105,2014,174,318,19.72,18.22,0,0,.743,12.3
105,2014,174,324,19.71,18.18,0,0,.757,12.3
105,2014,174,330,19.71,18.22,0,0,.766,12.3
105,2014,174,336,19.7,18.09,0,0,.77,12.3
105,2014,174,342,19.69,18.16,0,0,.771,12.3
105,2014,174,348,19.67,18.13,0,0,.772,12.3
105,2014,174,354,19.66,17.99,0,0,.772,12.3
105,2014,174,400,19.64,17.96,0,0,.772,12.3
105,2014,174,406,19.62,17.78,0,0,.77,12.3
105,2014,174,412,19.59,17.88,0,0,.77,12.3
105,2014,174,418,19.56,17.78,0,0,.763,12.3
105,2014,174,424,19.53,17.73,0,0,.755,12.3
105,2014,174,430,19.5,17.67,0,0,.748,12.3
105,2014,174,436,19.46,17.63,0,0,.739,12.3
105,2014,174,442,19.42,17.51,0,0,.731,12.3
105,2014,174,448,19.38,17.45,0,0,.721,12.3
105,2014,174,454,19.34,17.34,0,0,.711,12.3
105,2014,174,500,19.3,17.37,0,0,.702,12.3
105,2014,174,506,19.25,17.33,0,0,.694,12.3
105,2014,174,512,19.21,17.31,0,0,.685,12.3
105,2014,174,518,19.16,17.22,0,0,.677,12.3
105,2014,174,524,19.12,17.16,0,0,.667,12.3
105,2014,174,530,19.07,17.17,0,0,.66,12.3
105,2014,174,536,19.03,16.98,0,0,.651,12.3
105,2014,174,542,18.99,17.04,0,0,.642,12.3
105,2014,174,548,18.94,17.09,0,0,.634,12.3
105,2014,174,554,18.9,16.93,0,0,.626,12.3
105,2014,174,600,18.86,16.88,0,0,.619,12.3
105,2014,174,606,18.82,17.07,0,0,.611,12.3
105,2014,174,612,18.78,17.2,0,0,.604,12.3
105,2014,174,618,18.76,17.31,0,0,.598,12.3
105,2014,174,624,18.74,17.52,0,0,.592,12.3
105,2014,174,630,18.73,18,0,0,.585,12.3
105,2014,174,636,18.74,17.86,0,0,.579,12.3
105,2014,174,642,18.76,18.72,0,0,.572,12.3
105,2014,174,648,18.8,19.31,0,0,.566,12.3
105,2014,174,654,18.85,18.73,0,0,.561,12.3
105,2014,174,700,18.91,19.15,0,0,.555,12.3
105,2014,174,706,18.99,19.35,0,0,.549,12.3
105,2014,174,712,19.08,19.74,0,0,.545,12.3
105,2014,174,718,19.18,20.45,0,0,.54,12.3
105,2014,174,724,19.3,20.67,0,0,.535,12.3
105,2014,174,730,19.44,20.67,0,0,.532,12.3
105,2014,174,736,19.59,21.87,0,0,.528,12.3
105,2014,174,742,19.76,22.14,0,0,.523,12.3
105,2014,174,748,19.96,22.36,0,0,.52,12.3
105,2014,174,754,20.16,22.66,0,0,.516,12.3
105,2014,174,800,20.37,23.09,0,0,.512,12.29
105,2014,174,806,20.59,23.65,0,0,.508,12.29
105,2014,174,812,20.84,24.25,0,0,.506,12.29
105,2014,174,818,21.1,24.5,0,0,.503,12.29
105,2014,174,824,21.36,24.68,0,0,.499,12.29
105,2014,174,830,21.62,25.33,0,0,.496,12.29
105,2014,174,836,21.89,25.44,0,0,.492,12.29
105,2014,174,842,22.16,25.76,0,0,.489,12.29
105,2014,174,848,22.43,25.79,0,0,.487,12.29
105,2014,174,854,22.69,26.34,0,0,.483,12.29
105,2014,174,900,22.93,26.4,0,0,.481,12.29
105,2014,174,906,23.17,26.82,0,0,.478,12.29
105,2014,174,912,23.42,27.51,0,0,.475,12.29
105,2014,174,918,23.67,27.29,0,0,.473,12.29
105,2014,174,924,23.92,27.84,0,0,.469,12.29
105,2014,174,930,24.17,27.57,0,0,.466,12.29
105,2014,174,936,24.41,27.91,0,0,.463,12.29
105,2014,174,942,24.62,27.25,0,0,.461,12.29
105,2014,174,948,24.82,27.61,0,0,.459,12.29
105,2014,174,954,25.01,27.63,0,0,.457,12.29
105,2014,174,1000,25.19,28.01,0,0,.456,12.29
105,2014,174,1006,25.36,28.49,0,0,.455,12.29
105,2014,174,1012,25.54,28.55,0,0,.452,12.29
105,2014,174,1018,25.72,27.91,0,0,.452,12.29
105,2014,174,1024,25.88,28.21,0,0,.449,12.29
105,2014,174,1030,26.04,28.32,0,0,.447,12.29
105,2014,174,1036,26.19,28.07,0,0,.446,12.29
105,2014,174,1042,26.34,28.18,0,0,.444,12.29
105,2014,174,1048,26.48,28.51,0,0,.443,12.29
105,2014,174,1054,26.61,28.85,0,0,.441,12.29
105,2014,174,1100,26.74,28.09,0,0,.439,12.29
105,2014,174,1106,26.85,28.35,0,0,.438,12.29
105,2014,174,1112,26.95,29.35,0,0,.437,12.29
105,2014,174,1118,27.07,28.59,0,0,.435,12.29
105,2014,174,1124,27.18,29.25,0,0,.434,12.29
105,2014,174,1130,27.31,29.36,0,0,.432,12.29
105,2014,174,1136,27.44,29.16,0,0,.431,12.29
105,2014,174,1142,27.57,29.09,0,0,.43,12.29
105,2014,174,1148,27.68,28.92,0,0,.429,12.29
105,2014,174,1154,27.79,29.21,0,0,.427,12.29
105,2014,174,1200,27.89,29.53,0,0,.426,12.29
105,2014,174,1206,28,29.12,0,0,.424,12.29
105,2014,174,1212,28.1,29.36,0,0,.424,12.29
105,2014,174,1218,28.2,29.48,0,0,.422,12.29
105,2014,174,1224,28.29,29.12,0,0,.421,12.29
105,2014,174,1230,28.38,29.3,0,0,.42,12.29
105,2014,174,1236,28.45,29.33,0,0,.42,12.29
105,2014,174,1242,28.53,29.23,0,0,.419,12.29
105,2014,174,1248,28.59,29.13,0,0,.417,12.29
105,2014,174,1254,28.66,29.78,0,0,.416,12.29
105,2014,174,1300,28.73,29.39,0,0,.415,12.29
105,2014,174,1306,28.8,29.13,0,0,.414,12.29
105,2014,174,1312,28.86,29.39,0,0,.415,12.29
105,2014,174,1318,28.93,29.11,0,0,.413,12.29
105,2014,174,1324,29,29.52,0,0,.413,12.29
105,2014,174,1330,29.06,29.34,0,0,.413,12.29
105,2014,174,1336,29.11,28.7,0,0,.411,12.29
105,2014,174,1342,29.13,29.07,0,0,.411,12.29
105,2014,174,1348,29.15,28.72,0,0,.411,12.29
105,2014,174,1354,29.16,29.42,0,0,.411,12.29
105,2014,174,1400,29.18,29.57,0,0,.411,12.29
105,2014,174,1406,29.21,29.4,0,0,.411,12.29
105,2014,174,1412,29.25,29.55,0,0,.411,12.29
105,2014,174,1418,29.29,29.19,0,0,.411,12.29
105,2014,174,1424,29.33,29.47,0,0,.411,12.29
105,2014,174,1430,29.38,29.58,0,0,.411,12.29
105,2014,174,1436,29.42,29.36,0,0,.411,12.29
105,2014,174,1442,29.46,29.27,0,0,.412,12.29
105,2014,174,1448,29.5,29.65,0,0,.414,12.29
105,2014,174,1454,29.53,29.41,0,0,.418,12.29
105,2014,174,1500,29.57,29.03,0,0,.423,12.29
105,2014,174,1506,29.59,29.38,0,0,.428,12.29
105,2014,174,1512,29.62,29.77,0,0,.433,12.29
105,2014,174,1518,29.65,29.56,0,0,.438,12.29
105,2014,174,1524,29.68,28.94,0,0,.444,12.29
105,2014,174,1530,29.69,28.65,0,0,.449,12.29
105,2014,174,1536,29.69,29.11,0,0,.453,12.29
105,2014,174,1542,29.69,29.24,0,0,.457,12.29
105,2014,174,1548,29.7,30.12,0,0,.459,12.29
105,2014,174,1554,29.73,29.57,0,0,.461,12.29
105,2014,174,1600,29.77,29.13,0,0,.463,12.29
105,2014,174,1606,29.81,29.52,0,0,.463,12.29
105,2014,174,1612,29.84,29.54,0,0,.463,12.29
105,2014,174,1618,29.88,29.6,0,0,.464,12.29
105,2014,174,1624,29.92,29.72,0,0,.463,12.29
105,2014,174,1630,29.95,29.85,0,0,.464,12.29
105,2014,174,1636,29.98,28.98,0,0,.464,12.29
105,2014,174,1642,29.98,29.54,0,0,.463,12.29
105,2014,174,1648,29.96,28.97,0,0,.464,12.29
105,2014,174,1654,29.95,28.82,0,0,.463,12.29
105,2014,174,1700,29.94,29.15,0,0,.463,12.29
105,2014,174,1706,29.91,27.86,0,0,.462,12.29
105,2014,174,1712,29.88,27.54,0,0,.461,12.29
105,2014,174,1718,29.83,27.01,0,0,.46,12.29
105,2014,174,1724,29.75,26.59,0,0,.46,12.29
105,2014,174,1730,29.63,26.27,0,0,.458,12.29
105,2014,174,1736,29.49,26.23,0,0,.457,12.29
105,2014,174,1742,29.34,26.09,0,0,.457,12.29
105,2014,174,1748,29.18,25.89,0,0,.456,12.29
105,2014,174,1754,29,25.72,0,0,.455,12.29
105,2014,174,1800,28.83,25.42,0,0,.454,12.29
105,2014,174,1806,28.66,25.33,0,0,.452,12.29
105,2014,174,1812,28.5,25.35,0,0,.451,12.29
105,2014,174,1818,28.33,25.16,0,0,.449,12.29
105,2014,174,1824,28.17,25.1,0,0,.448,12.29
105,2014,174,1830,28.02,24.93,0,0,.448,12.29
105,2014,174,1836,27.87,24.86,0,0,.446,12.29
105,2014,174,1842,27.72,24.72,0,0,.444,12.29
105,2014,174,1848,27.58,24.57,0,0,.444,12.29
105,2014,174,1854,27.44,24.54,0,0,.443,12.29
105,2014,174,1900,27.3,24.49,0,0,.441,12.29
105,2014,174,1906,27.18,24.21,0,0,.44,12.29
105,2014,174,1912,27.05,24.05,0,0,.439,12.29
105,2014,174,1918,26.92,23.95,0,0,.438,12.29
105,2014,174,1924,26.79,23.97,0,0,.435,12.29
105,2014,174,1930,26.65,23.78,0,0,.435,12.29
105,2014,174,1936,26.52,23.65,0,0,.434,12.29
105,2014,174,1942,26.39,23.7,0,0,.432,12.29
105,2014,174,1948,26.28,23.52,0,0,.432,12.29
105,2014,174,1954,26.16,23.44,0,0,.43,12.29
105,2014,174,2000,26.04,23.37,0,0,.43,12.29
105,2014,174,2006,25.92,23.26,0,0,.429,12.29
105,2014,174,2012,25.8,22.97,0,0,.428,12.29
105,2014,174,2018,25.69,23.04,0,0,.427,12.3
105,2014,174,2024,25.58,22.55,0,0,.425,12.29
105,2014,174,2030,25.47,22.47,0,0,.425,12.3
105,2014,174,2036,25.34,22.36,0,0,.424,12.29
105,2014,174,2042,25.22,22.33,0,0,.422,12.29
105,2014,174,2048,25.09,22.01,0,0,.422,12.29
105,2014,174,2054,24.96,21.81,0,0,.422,12.29
105,2014,174,2100,24.83,22.02,0,0,.42,12.29
105,2014,174,2106,24.7,21.7,0,0,.42,12.29
105,2014,174,2112,24.59,22.03,0,0,.419,12.29
105,2014,174,2118,24.48,21.87,0,0,.418,12.3
105,2014,174,2124,24.37,21.73,0,0,.417,12.29
105,2014,174,2130,24.27,21.69,0,0,.416,12.29
105,2014,174,2136,24.18,21.96,0,0,.415,12.3
105,2014,174,2142,24.09,21.7,0,0,.415,12.29
105,2014,174,2148,24.01,21.8,0,0,.413,12.3
105,2014,174,2154,23.93,21.42,0,0,.414,12.3
105,2014,174,2200,23.85,21.07,0,0,.413,12.3
105,2014,174,2206,23.76,21.33,0,0,.411,12.3
105,2014,174,2212,23.67,20.91,0,0,.411,12.3
105,2014,174,2218,23.58,20.99,0,0,.41,12.3
105,2014,174,2224,23.49,20.9,0,0,.409,12.3
105,2014,174,2230,23.4,20.71,0,0,.409,12.3
105,2014,174,2236,23.3,20.61,0,0,.408,12.3
105,2014,174,2242,23.21,20.68,0,0,.407,12.3
105,2014,174,2248,23.12,20.44,0,0,.406,12.3
105,2014,174,2254,23.03,20.3,0,0,.406,12.3
105,2014,174,2300,22.94,20.35,0,0,.406,12.3
105,2014,174,2306,22.84,20.18,0,0,.405,12.3
105,2014,174,2312,22.75,20.15,0,0,.405,12.3
105,2014,174,2318,22.66,20.08,0,0,.405,12.3
105,2014,174,2324,22.57,19.99,0,0,.405,12.3
105,2014,174,2330,22.48,19.95,0,0,.403,12.3
105,2014,174,2336,22.4,20.07,0,0,.402,12.3
105,2014,174,2342,22.33,19.81,0,0,.403,12.3
105,2014,174,2348,22.26,19.97,0,0,.401,12.3
105,2014,174,2354,22.19,19.98,0,0,.401,12.3
105,2014,175,0,22.13,19.84,0,0,.401,12.3
105,2014,175,6,22.06,19.82,0,0,.4,12.3
105,2014,175,12,22,19.93,0,0,.4,12.3
105,2014,175,18,21.94,19.62,0,0,.399,12.3
105,2014,175,24,21.87,19.67,0,0,.397,12.3
105,2014,175,30,21.81,19.51,0,0,.398,12.3
105,2014,175,36,21.74,19.69,0,0,.397,12.3
105,2014,175,42,21.68,19.54,0,0,.396,12.3
105,2014,175,48,21.61,19.6,0,0,.396,12.3
105,2014,175,54,21.56,19.57,0,0,.396,12.3
105,2014,175,100,21.51,19.46,0,0,.395,12.3
105,2014,175,106,21.46,19.54,0,0,.394,12.3
105,2014,175,112,21.42,19.34,0,0,.394,12.3
105,2014,175,118,21.37,19.29,0,0,.395,12.3
105,2014,175,124,21.31,19.24,0,0,.395,12.3
105,2014,175,130,21.26,19.1,0,0,.394,12.3
105,2014,175,136,21.2,19,0,0,.394,12.3
105,2014,175,142,21.14,18.89,0,0,.394,12.3
105,2014,175,148,21.08,18.84,0,0,.395,12.3
105,2014,175,154,21.01,19,0,0,.395,12.3
105,2014,175,200,20.94,18.86,0,0,.4,12.3
105,2014,175,206,20.89,19.03,0,0,.415,12.3
105,2014,175,212,20.84,19.02,0,0,.437,12.3
105,2014,175,218,20.8,19.07,0,0,.465,12.3
105,2014,175,224,20.76,19.23,0,0,.5,12.3
105,2014,175,230,20.73,19.15,0,0,.541,12.3
105,2014,175,236,20.7,19.09,0,0,.582,12.3
105,2014,175,242,20.68,19.21,0,0,.625,12.3
105,2014,175,248,20.66,19.14,0,0,.67,12.3
105,2014,175,254,20.65,19.14,0,0,.716,12.3
105,2014,175,300,20.64,19.1,0,0,.762,12.3
105,2014,175,306,20.62,18.98,0,0,.806,12.3
105,2014,175,312,20.57,18.92,0,0,.849,12.3
105,2014,175,318,20.5,18.81,0,0,.887,12.3
105,2014,175,324,20.42,18.82,0,0,.922,12.3
105,2014,175,330,20.35,18.69,0,0,.947,12.3
105,2014,175,336,20.3,18.73,0,0,.967,12.3
105,2014,175,342,20.25,18.72,0,0,.981,12.3
105,2014,175,348,20.21,18.74,0,0,.991,12.3
105,2014,175,354,20.16,18.72,0,0,.998,12.3
105,2014,175,400,20.12,18.67,0,0,1,12.3
105,2014,175,406,20.07,18.61,0,0,.999,12.3
105,2014,175,412,20.02,18.59,0,0,.999,12.3
105,2014,175,418,19.97,18.56,0,0,.999,12.3
105,2014,175,424,19.91,18.59,0,0,.996,12.3
105,2014,175,430,19.86,18.53,0,0,.986,12.3
105,2014,175,436,19.8,18.55,0,0,.973,12.3
105,2014,175,442,19.74,18.57,0,0,.961,12.3
105,2014,175,448,19.68,18.54,0,0,.948,12.3
105,2014,175,454,19.62,18.57,0,0,.934,12.3
105,2014,175,500,19.57,18.57,0,0,.921,12.3
105,2014,175,506,19.52,18.61,0,0,.91,12.3
105,2014,175,512,19.48,18.7,0,0,.897,12.3
105,2014,175,518,19.43,18.91,0,0,.883,12.3
105,2014,175,524,19.4,19.14,0,0,.87,12.3
105,2014,175,530,19.36,18.88,0,0,.856,12.3
105,2014,175,536,19.33,18.93,0,0,.844,12.3
105,2014,175,542,19.31,18.76,0,0,.832,12.3
105,2014,175,548,19.28,18.59,0,0,.817,12.3
105,2014,175,554,19.26,18.48,0,0,.803,12.3
105,2014,175,600,19.23,18.44,0,0,.792,12.3
105,2014,175,606,19.19,18.4,0,0,.78,12.3
105,2014,175,612,19.16,18.38,0,0,.769,12.3
105,2014,175,618,19.12,18.33,0,0,.757,12.3
105,2014,175,624,19.08,18.59,0,0,.746,12.3
105,2014,175,630,19.05,18.83,0,0,.737,12.3
105,2014,175,636,19.01,19.07,0,0,.725,12.3
105,2014,175,642,18.98,19.57,0,0,.715,12.3
105,2014,175,648,18.96,20.24,0,0,.703,12.3
105,2014,175,654,18.94,20,0,0,.694,12.3
105,2014,175,700,18.94,19.89,0,0,.683,12.3
105,2014,175,706,18.94,20.31,0,0,.676,12.3
105,2014,175,712,18.96,20.92,0,0,.665,12.3
105,2014,175,718,18.99,22.01,0,0,.656,12.3
105,2014,175,724,19.04,22.39,0,0,.649,12.3
105,2014,175,730,19.11,23.09,0,0,.639,12.3
105,2014,175,736,19.19,23.14,0,0,.63,12.3
105,2014,175,742,19.3,22.61,0,0,.622,12.29
105,2014,175,748,19.42,22.71,0,0,.614,12.29
105,2014,175,754,19.56,23.35,0,0,.606,12.29
105,2014,175,800,19.71,23.88,0,0,.599,12.29
105,2014,175,806,19.89,24.25,0,0,.593,12.29
105,2014,175,812,20.09,24.29,0,0,.587,12.29
105,2014,175,818,20.3,24.47,0,0,.58,12.29
105,2014,175,824,20.52,24.45,0,0,.575,12.29
105,2014,175,830,20.76,24.92,0,0,.568,12.29
105,2014,175,836,21,25,0,0,.564,12.29
105,2014,175,842,21.26,24.9,0,0,.559,12.29
105,2014,175,848,21.51,25.41,0,0,.554,12.29
105,2014,175,854,21.77,25.7,0,0,.548,12.29
105,2014,175,900,22.03,25.96,0,0,.544,12.29
105,2014,175,906,22.28,26.18,0,0,.54,12.29
105,2014,175,912,22.55,27.05,0,0,.536,12.29
105,2014,175,918,22.81,27.21,0,0,.532,12.29
105,2014,175,924,23.08,27.34,0,0,.528,12.29
105,2014,175,930,23.34,26.9,0,0,.522,12.29
105,2014,175,936,23.62,27.5,0,0,.519,12.29
105,2014,175,942,23.89,27.03,0,0,.515,12.29
105,2014,175,948,24.15,27.38,0,0,.511,12.29
105,2014,175,954,24.41,28.18,0,0,.507,12.29
105,2014,175,1000,24.68,28.2,0,0,.504,12.29
105,2014,175,1006,24.92,28.25,0,0,.502,12.29
105,2014,175,1012,25.14,29.01,0,0,.5,12.29
105,2014,175,1018,25.35,29.22,0,0,.496,12.29
105,2014,175,1024,25.56,28.49,0,0,.494,12.29
105,2014,175,1030,25.77,28.76,0,0,.49,12.29
105,2014,175,1036,25.96,28.69,0,0,.486,12.29
105,2014,175,1042,26.15,28.61,0,0,.484,12.29
105,2014,175,1048,26.34,29.09,0,0,.482,12.29
105,2014,175,1054,26.54,29.03,0,0,.479,12.29
105,2014,175,1100,26.75,29.19,0,0,.476,12.29
105,2014,175,1106,26.96,29.42,0,0,.473,12.29
105,2014,175,1112,27.17,30.03,0,0,.472,12.29
105,2014,175,1118,27.37,29.63,0,0,.47,12.29
105,2014,175,1124,27.57,30.68,0,0,.468,12.29
105,2014,175,1130,27.76,30.11,0,0,.466,12.29
105,2014,175,1136,27.93,29.51,0,0,.463,12.29
105,2014,175,1142,28.08,28.83,0,0,.462,12.29
105,2014,175,1148,28.22,29.24,0,0,.46,12.29
105,2014,175,1154,28.34,29.91,0,0,.459,12.29
105,2014,175,1200,28.46,29.58,0,0,.457,12.29
105,2014,175,1206,28.57,29.58,0,0,.455,12.29
105,2014,175,1212,28.69,29.77,0,0,.454,12.29
105,2014,175,1218,28.8,29.91,0,0,.453,12.29
105,2014,175,1224,28.91,29.75,0,0,.45,12.29
105,2014,175,1230,29.02,30,0,0,.449,12.29
105,2014,175,1236,29.12,30.31,0,0,.447,12.29
105,2014,175,1242,29.23,29.97,0,0,.446,12.29
105,2014,175,1248,29.33,29.67,0,0,.445,12.29
105,2014,175,1254,29.42,29.53,0,0,.443,12.29
105,2014,175,1300,29.49,29.81,0,0,.443,12.29
105,2014,175,1306,29.56,29.72,0,0,.44,12.29
105,2014,175,1312,29.63,30.48,0,0,.44,12.29
105,2014,175,1318,29.71,30.22,0,0,.438,12.29
105,2014,175,1324,29.8,30.15,0,0,.437,12.29
105,2014,175,1330,29.87,29.72,0,0,.435,12.29
105,2014,175,1336,29.93,29.99,0,0,.434,12.29
105,2014,175,1342,29.99,29.89,0,0,.433,12.29
105,2014,175,1348,30.05,29.83,0,0,.432,12.29
105,2014,175,1354,30.1,30.2,0,0,.43,12.29
105,2014,175,1400,30.15,30.06,0,0,.43,12.29
105,2014,175,1406,30.2,30.15,0,0,.429,12.29
105,2014,175,1412,30.24,29.88,0,0,.427,12.29
105,2014,175,1418,30.27,30.03,0,0,.426,12.29
105,2014,175,1424,30.29,29.7,0,0,.425,12.29
105,2014,175,1430,30.31,30.03,0,0,.423,12.29
105,2014,175,1436,30.32,29.72,0,0,.423,12.29
105,2014,175,1442,30.34,29.99,0,0,.423,12.29
105,2014,175,1448,30.36,30.02,0,0,.422,12.29
105,2014,175,1454,30.39,30.14,0,0,.42,12.29
105,2014,175,1500,30.41,30.05,0,0,.42,12.29
105,2014,175,1506,30.43,29.52,0,0,.419,12.29
105,2014,175,1512,30.44,29.64,0,0,.419,12.29
105,2014,175,1518,30.44,29.98,0,0,.419,12.29
105,2014,175,1524,30.44,29.27,0,0,.418,12.29
105,2014,175,1530,30.43,30.07,0,0,.418,12.29
105,2014,175,1536,30.43,29.97,0,0,.419,12.29
105,2014,175,1542,30.43,29.74,0,0,.418,12.29
105,2014,175,1548,30.44,29.91,0,0,.419,12.29
105,2014,175,1554,30.45,29.62,0,0,.419,12.29
105,2014,175,1600,30.38,29.98,0,0,.419,12.29