,26.08,25.85,0,0,.505,12.29
105,2014,195,830,26.15,25.93,0,0,.507,12.29
105,2014,195,836,26.21,26.02,0,0,.507,12.29
105,2014,195,842,26.28,26.21,0,0,.507,12.29
105,2014,195,848,26.36,26.33,0,0,.507,12.29
105,2014,195,854,26.44,26.99,0,0,.508,12.29
105,2014,195,900,26.52,27.05,0,0,.507,12.29
105,2014,195,906,26.61,27.34,0,0,.507,12.29
105,2014,195,912,26.7,27.67,0,0,.507,12.29
105,2014,195,918,26.81,27.86,0,0,.504,12.29
105,2014,195,924,26.91,27.84,0,0,.501,12.29
105,2014,195,930,27.03,27.71,0,0,.499,12.29
105,2014,195,936,27.15,27.71,0,0,.496,12.29
105,2014,195,942,27.26,27.49,0,0,.492,12.29
105,2014,195,948,27.36,27.81,0,0,.49,12.29
105,2014,195,954,27.46,28.39,0,0,.486,12.29
105,2014,195,1000,27.56,29.29,0,0,.483,12.29
105,2014,195,1006,27.69,29.83,0,0,.479,12.29
105,2014,195,1012,27.84,29.81,0,0,.476,12.29
105,2014,195,1018,28,30.72,0,0,.474,12.29
105,2014,195,1024,28.19,31.34,0,0,.471,12.29
105,2014,195,1030,28.4,31.23,0,0,.468,12.28
105,2014,195,1036,28.61,30.98,0,0,.466,12.28
105,2014,195,1042,28.8,31.34,0,0,.463,12.28
105,2014,195,1048,29,31.54,0,0,.461,12.28
105,2014,195,1054,29.19,31.44,0,0,.459,12.28
105,2014,195,1100,29.36,31.4,0,0,.457,12.28
105,2014,195,1106,29.51,30.98,0,0,.455,12.28
105,2014,195,1112,29.65,30.47,0,0,.453,12.28
105,2014,195,1118,29.77,30.63,0,0,.451,12.28
105,2014,195,1124,29.86,31.33,0,0,.449,12.28
105,2014,195,1130,29.95,32.13,0,0,.447,12.28
105,2014,195,1136,30.04,31.86,0,0,.445,12.28
105,2014,195,1142,30.15,32.67,0,0,.442,12.28
105,2014,195,1148,30.29,33.74,0,0,.44,12.28
105,2014,195,1154,30.46,33.8,0,0,.438,12.28
105,2014,195,1200,30.66,34.02,0,0,.435,12.28
105,2014,195,1206,30.85,34.63,0,0,.434,12.28
105,2014,195,1212,31.06,33.96,0,0,.432,12.28
105,2014,195,1218,31.27,33.17,0,0,.431,12.28
105,2014,195,1224,31.47,34.17,0,0,.43,12.28
105,2014,195,1230,31.65,35.13,0,0,.428,12.28
105,2014,195,1236,31.84,35.3,0,0,.426,12.28
105,2014,195,1242,32.04,34.32,0,0,.424,12.28
105,2014,195,1248,32.21,34.92,0,0,.423,12.28
105,2014,195,1254,32.4,35.87,0,0,.421,12.28
105,2014,195,1300,32.61,35.9,0,0,.42,12.28
105,2014,195,1306,32.8,35.59,0,0,.418,12.28
105,2014,195,1312,33,35.2,0,0,.417,12.28
105,2014,195,1318,33.18,35.42,0,0,.417,12.28
105,2014,195,1324,33.34,34.36,0,0,.414,12.28
105,2014,195,1330,33.48,35.1,0,0,.412,12.28
105,2014,195,1336,33.61,35.43,0,0,.411,12.28
105,2014,195,1342,33.74,34.45,0,0,.409,12.28
105,2014,195,1348,33.85,35.22,0,0,.408,12.28
105,2014,195,1354,33.95,34.67,0,0,.407,12.28
105,2014,195,1400,34.05,34.21,0,0,.406,12.28
105,2014,195,1406,34.12,34.01,0,0,.405,12.28
105,2014,195,1412,34.16,33.92,0,0,.403,12.28
105,2014,195,1418,34.19,33.77,0,0,.402,12.28
105,2014,195,1424,34.2,33.91,0,0,.401,12.28
105,2014,195,1430,34.2,33.89,0,0,.4,12.28
105,2014,195,1436,34.2,34.15,0,0,.399,12.28
105,2014,195,1442,34.2,33.73,0,0,.398,12.28
105,2014,195,1448,34.2,33.55,0,0,.396,12.28
105,2014,195,1454,34.19,33.03,0,0,.396,12.28
105,2014,195,1500,34.17,33.61,0,0,.394,12.28
105,2014,195,1506,34.16,34.01,0,0,.393,12.28
105,2014,195,1512,34.16,32.58,0,0,.391,12.28
105,2014,195,1518,34.16,32.82,0,0,.391,12.28
105,2014,195,1524,34.14,32.93,0,0,.39,12.28
105,2014,195,1530,34.11,31.88,0,0,.39,12.28
105,2014,195,1536,34.06,31.76,0,0,.389,12.28
105,2014,195,1542,33.99,31.67,0,0,.388,12.28
105,2014,195,1548,33.91,32.07,0,0,.387,12.28
105,2014,195,1554,33.83,31.69,0,0,.385,12.28
105,2014,195,1600,33.75,32.2,0,0,.385,12.28
105,2014,195,1606,33.67,31.78,0,0,.384,12.28
105,2014,195,1612,33.59,31.5,0,0,.384,12.28
105,2014,195,1618,33.53,31.71,0,0,.382,12.28
105,2014,195,1624,33.47,32.14,0,0,.381,12.28
105,2014,195,1630,33.44,31.96,0,0,.379,12.28
105,2014,195,1636,33.41,31.53,0,0,.379,12.28
105,2014,195,1642,33.38,31.51,0,0,.379,12.28
105,2014,195,1648,33.33,30.88,0,0,.379,12.29
105,2014,195,1654,33.25,30.34,0,0,.377,12.28
105,2014,195,1700,33.16,30.67,0,0,.377,12.29
105,2014,195,1706,33.05,30.21,0,0,.377,12.29
105,2014,195,1712,32.93,30.02,0,0,.375,12.29
105,2014,195,1718,32.81,29.85,0,0,.376,12.29
105,2014,195,1724,32.69,29.43,0,0,.375,12.29
105,2014,195,1730,32.55,29.09,0,0,.375,12.29
105,2014,195,1736,32.41,29.02,0,0,.374,12.29
105,2014,195,1742,32.26,28.72,0,0,.375,12.29
105,2014,195,1748,32.1,28.59,0,0,.374,12.29
105,2014,195,1754,31.96,28.66,0,0,.373,12.29
105,2014,195,1800,31.82,28.6,0,0,.371,12.29
105,2014,195,1806,31.69,28.56,0,0,.37,12.29
105,2014,195,1812,31.56,28.56,0,0,.369,12.29
105,2014,195,1818,31.44,28.17,0,0,.368,12.29
105,2014,195,1824,31.31,28.01,0,0,.368,12.29
105,2014,195,1830,31.17,27.65,0,0,.368,12.29
105,2014,195,1836,31.01,27.79,0,0,.368,12.29
105,2014,195,1842,30.85,27.6,0,0,.368,12.29
105,2014,195,1848,30.68,27.28,0,0,.366,12.29
105,2014,195,1854,30.52,26.92,0,0,.364,12.29
105,2014,195,1900,30.35,25.3,0,0,.366,12.29
105,2014,195,1906,30.14,25.07,0,0,.364,12.29
105,2014,195,1912,29.9,24.92,0,0,.366,12.29
105,2014,195,1918,29.65,24.89,0,0,.365,12.29
105,2014,195,1924,29.41,25.18,0,0,.366,12.29
105,2014,195,1930,29.18,25.33,0,0,.368,12.29
105,2014,195,1936,28.96,24.95,0,0,.366,12.29
105,2014,195,1942,28.75,25.04,0,0,.367,12.29
105,2014,195,1948,28.57,24.95,0,0,.366,12.29
105,2014,195,1954,28.4,24.79,0,0,.366,12.29
105,2014,195,2000,28.23,24.59,0,0,.365,12.29
105,2014,195,2006,28.08,24.41,0,0,.366,12.29
105,2014,195,2012,27.94,24.57,0,0,.366,12.29
105,2014,195,2018,27.81,25.06,0,0,.366,12.29
105,2014,195,2024,27.69,24.64,0,0,.367,12.29
105,2014,195,2030,27.58,24.55,0,0,.37,12.29
105,2014,195,2036,27.48,24.41,0,0,.366,12.29
105,2014,195,2042,27.38,24.21,0,0,.364,12.29
105,2014,195,2048,27.3,24.49,0,0,.368,12.29
105,2014,195,2054,27.22,24.35,0,0,.365,12.29
105,2014,195,2100,27.14,24.4,0,0,.367,12.29
105,2014,195,2106,27.07,24.26,0,0,.367,12.29
105,2014,195,2112,27,24.27,0,0,.366,12.29
105,2014,195,2118,26.93,24.19,0,0,.366,12.29
105,2014,195,2124,26.86,24.07,0,0,.365,12.29
105,2014,195,2130,26.8,24.13,0,0,.364,12.29
105,2014,195,2136,26.74,23.99,0,0,.364,12.29
105,2014,195,2142,26.67,24.06,0,0,.365,12.29
105,2014,195,2148,26.61,23.94,0,0,.364,12.29
105,2014,195,2154,26.55,24.08,0,0,.363,12.29
105,2014,195,2200,26.5,23.96,0,0,.362,12.29
105,2014,195,2206,26.44,24.16,0,0,.362,12.29
105,2014,195,2212,26.38,24.13,0,0,.361,12.29
105,2014,195,2218,26.32,24.14,0,0,.361,12.29
105,2014,195,2224,26.26,23.98,0,0,.361,12.29
105,2014,195,2230,26.21,23.89,0,0,.36,12.29
105,2014,195,2236,26.15,23.89,0,0,.359,12.29
105,2014,195,2242,26.09,23.89,0,0,.358,12.29
105,2014,195,2248,26.05,23.94,0,0,.359,12.29
105,2014,195,2254,26,23.9,0,0,.358,12.29
105,2014,195,2300,25.95,23.73,0,0,.357,12.29
105,2014,195,2306,25.91,23.79,0,0,.358,12.29
105,2014,195,2312,25.87,23.63,0,0,.357,12.29
105,2014,195,2318,25.83,23.69,0,0,.356,12.29
105,2014,195,2324,25.8,23.65,0,0,.356,12.29
105,2014,195,2330,25.77,23.66,0,0,.356,12.29
105,2014,195,2336,25.74,23.63,0,0,.356,12.29
105,2014,195,2342,25.71,23.71,0,0,.356,12.29
105,2014,195,2348,25.67,23.77,0,0,.355,12.29
105,2014,195,2354,25.65,23.63,0,0,.353,12.29
105,2014,196,0,25.62,23.65,0,0,.353,12.29
105,2014,196,6,25.6,23.89,0,0,.353,12.29
105,2014,196,12,25.58,23.98,0,0,.353,12.29
105,2014,196,18,25.55,23.74,0,0,.352,12.29
105,2014,196,24,25.53,23.53,0,0,.352,12.29
105,2014,196,30,25.5,23.68,0,0,.352,12.29
105,2014,196,36,25.48,23.78,0,0,.35,12.29
105,2014,196,42,25.45,23.67,0,0,.35,12.29
105,2014,196,48,25.42,23.71,0,0,.35,12.29
105,2014,196,54,25.4,23.75,0,0,.35,12.29
105,2014,196,100,25.37,23.6,0,0,.349,12.29
105,2014,196,106,25.35,23.5,0,0,.348,12.29
105,2014,196,112,25.32,23.68,0,0,.349,12.29
105,2014,196,118,25.3,23.66,0,0,.348,12.29
105,2014,196,124,25.28,23.69,0,0,.348,12.29
105,2014,196,130,25.26,23.57,0,0,.347,12.29
105,2014,196,136,25.25,23.46,0,0,.347,12.29
105,2014,196,142,25.23,23.63,0,0,.347,12.29
105,2014,196,148,25.22,23.66,0,0,.347,12.29
105,2014,196,154,25.2,23.71,0,0,.347,12.29
105,2014,196,200,25.18,23.27,0,0,.345,12.29
105,2014,196,206,25.15,23.23,0,0,.345,12.29
105,2014,196,212,25.12,23.2,0,0,.345,12.29
105,2014,196,218,25.09,23.12,0,0,.345,12.29
105,2014,196,224,25.05,23.14,0,0,.345,12.29
105,2014,196,230,25.01,23,0,0,.344,12.29
105,2014,196,236,24.98,23.19,0,0,.344,12.29
105,2014,196,242,24.94,23.05,0,0,.343,12.29
105,2014,196,248,24.92,22.99,0,0,.343,12.29
105,2014,196,254,24.9,23.14,0,0,.343,12.29
105,2014,196,300,24.88,23.25,0,0,.343,12.29
105,2014,196,306,24.87,23.26,0,0,.342,12.29
105,2014,196,312,24.85,23.39,0,0,.341,12.29
105,2014,196,318,24.84,23.29,0,0,.341,12.29
105,2014,196,324,24.82,23.3,0,0,.342,12.29
105,2014,196,330,24.81,23.25,0,0,.341,12.29
105,2014,196,336,24.8,23.2,0,0,.341,12.29
105,2014,196,342,24.78,23.09,0,0,.341,12.29
105,2014,196,348,24.76,23.31,0,0,.34,12.29
105,2014,196,354,24.75,23.39,0,0,.339,12.29
105,2014,196,400,24.73,23.31,0,0,.34,12.29
105,2014,196,406,24.71,22.99,0,0,.339,12.29
105,2014,196,412,24.69,22.91,0,0,.339,12.29
105,2014,196,418,24.67,22.94,0,0,.339,12.29
105,2014,196,424,24.65,22.74,0,0,.338,12.29
105,2014,196,430,24.62,22.97,0,0,.339,12.29
105,2014,196,436,24.59,22.77,0,0,.338,12.29
105,2014,196,442,24.56,22.72,0,0,.338,12.29
105,2014,196,448,24.53,22.71,0,0,.339,12.29
105,2014,196,454,24.5,22.85,0,0,.338,12.29
105,2014,196,500,24.45,22.73,0,0,.338,12.29
105,2014,196,506,24.41,22.58,0,0,.337,12.29
105,2014,196,512,24.38,22.47,0,0,.336,12.29
105,2014,196,518,24.35,22.46,0,0,.336,12.29
105,2014,196,524,24.33,22.41,0,0,.336,12.29
105,2014,196,530,24.31,22.5,0,0,.336,12.29
105,2014,196,536,24.28,22.42,0,0,.335,12.29
105,2014,196,542,24.26,22.42,0,0,.335,12.29
105,2014,196,548,24.23,22.31,0,0,.334,12.29
105,2014,196,554,24.2,22.3,0,0,.334,12.29
105,2014,196,600,24.17,22.3,0,0,.334,12.29
105,2014,196,606,24.13,22.4,0,0,.334,12.29
105,2014,196,612,24.1,22.35,0,0,.334,12.29
105,2014,196,618,24.07,22.43,0,0,.334,12.29
105,2014,196,624,24.04,22.58,0,0,.334,12.29
105,2014,196,630,24.02,22.84,0,0,.334,12.29
105,2014,196,636,24,22.81,0,0,.334,12.29
105,2014,196,642,23.99,23.08,0,0,.333,12.29
105,2014,196,648,23.98,23.45,0,0,.332,12.29
105,2014,196,654,24,24.16,0,0,.332,12.29
105,2014,196,700,24.04,24.35,0,0,.332,12.29
105,2014,196,706,24.09,23.58,0,0,.331,12.29
105,2014,196,712,24.15,23.39,0,0,.33,12.29
105,2014,196,718,24.21,23.95,0,0,.331,12.29
105,2014,196,724,24.28,24.28,0,0,.33,12.29
105,2014,196,730,24.36,24.07,0,0,.329,12.29
105,2014,196,736,24.44,23.79,0,0,.328,12.29
105,2014,196,742,24.51,24.51,0,0,.328,12.29
105,2014,196,748,24.59,24.68,0,0,.328,12.29
105,2014,196,754,24.68,24.24,0,0,.328,12.29
105,2014,196,800,24.76,24.74,0,0,.328,12.29
105,2014,196,806,24.85,26.68,0,0,.326,12.29
105,2014,196,812,24.99,27.11,0,0,.324,12.29
105,2014,196,818,25.16,26.45,0,0,.324,12.29
105,2014,196,824,25.34,26.54,0,0,.323,12.29
105,2014,196,830,25.51,26.38,0,0,.323,12.29
105,2014,196,836,25.67,27.03,0,0,.323,12.29
105,2014,196,842,25.83,26.79,0,0,.323,12.29
105,2014,196,848,26,27.61,0,0,.323,12.29
105,2014,196,854,26.16,27.44,0,0,.322,12.29
105,2014,196,900,26.32,28.39,0,0,.322,12.29
105,2014,196,906,26.5,28.15,0,0,.321,12.29
105,2014,196,912,26.67,28.32,0,0,.32,12.29
105,2014,196,918,26.84,28.59,0,0,.32,12.29
105,2014,196,924,27.01,29.39,0,0,.32,12.29
105,2014,196,930,27.19,29.67,0,0,.32,12.29
105,2014,196,936,27.39,30.16,0,0,.32,12.29
105,2014,196,942,27.6,30.06,0,0,.319,12.29
105,2014,196,948,27.81,29.94,0,0,.319,12.29
105,2014,196,954,28.01,30.94,0,0,.319,12.29
105,2014,196,1000,28.21,30.92,0,0,.319,12.29
105,2014,196,1006,28.42,31.77,0,0,.317,12.28
105,2014,196,1012,28.64,31.94,0,0,.317,12.28
105,2014,196,1018,28.85,32.16,0,0,.317,12.28
105,2014,196,1024,29.07,31.89,0,0,.317,12.28
105,2014,196,1030,29.28,32.73,0,0,.317,12.28
105,2014,196,1036,29.48,32.41,0,0,.317,12.28
105,2014,196,1042,29.67,33.48,0,0,.316,12.28
105,2014,196,1048,29.87,33.4,0,0,.315,12.28
105,2014,196,1054,30.07,32.78,0,0,.315,12.28
105,2014,196,1100,30.26,32.52,0,0,.314,12.28
105,2014,196,1106,30.45,32.62,0,0,.314,12.28
105,2014,196,1112,30.61,33.26,0,0,.315,12.28
105,2014,196,1118,30.77,32.88,0,0,.314,12.28
105,2014,196,1124,30.92,33.48,0,0,.314,12.28
105,2014,196,1130,31.09,32.24,0,0,.314,12.28
105,2014,196,1136,31.25,33.04,0,0,.314,12.28
105,2014,196,1142,31.39,32.42,0,0,.314,12.28
105,2014,196,1148,31.51,32.67,0,0,.313,12.28
105,2014,196,1154,31.62,32.12,0,0,.313,12.28
105,2014,196,1200,31.71,32.17,0,0,.313,12.28
105,2014,196,1206,31.78,34.04,0,0,.313,12.28
105,2014,196,1212,31.86,32.45,0,0,.311,12.28
105,2014,196,1218,31.95,32.01,0,0,.311,12.28
105,2014,196,1224,32.04,34.05,0,0,.311,12.28
105,2014,196,1230,32.14,34.87,0,0,.311,12.28
105,2014,196,1236,32.27,34.13,0,0,.311,12.28
105,2014,196,1242,32.42,34.62,0,0,.311,12.28
105,2014,196,1248,32.56,33.35,0,0,.31,12.28
105,2014,196,1254,32.66,34.81,0,0,.309,12.28
105,2014,196,1300,32.79,34.76,0,0,.309,12.28
105,2014,196,1306,32.91,33.78,0,0,.309,12.28
105,2014,196,1312,33,33.88,0,0,.309,12.28
105,2014,196,1318,33.07,33.09,0,0,.309,12.28
105,2014,196,1324,33.13,32.85,0,0,.309,12.28
105,2014,196,1330,33.16,32.57,0,0,.309,12.28
105,2014,196,1336,33.17,32.04,0,0,.309,12.28
105,2014,196,1342,33.16,31.79,0,0,.309,12.28
105,2014,196,1348,33.12,31.35,0,0,.308,12.28
105,2014,196,1354,33.05,31.88,0,0,.308,12.28
105,2014,196,1400,32.98,33.06,0,0,.308,12.28
105,2014,196,1406,32.95,32.87,0,0,.308,12.28
105,2014,196,1412,32.94,31.66,0,0,.308,12.28
105,2014,196,1418,32.94,31.63,0,0,.308,12.28
105,2014,196,1424,32.91,31.9,0,0,.307,12.28
105,2014,196,1430,32.88,31.58,0,0,.307,12.28
105,2014,196,1436,32.86,33.13,0,0,.306,12.28
105,2014,196,1442,32.86,32.84,0,0,.306,12.28
105,2014,196,1448,32.88,32.43,0,0,.306,12.28
105,2014,196,1454,32.9,33.2,0,0,.306,12.28
105,2014,196,1500,32.92,33.69,0,0,.305,12.28
105,2014,196,1506,32.97,33.12,0,0,.305,12.28
105,2014,196,1512,33.01,32.76,0,0,.303,12.28
105,2014,196,1518,33.04,30.55,0,0,.303,12.28
105,2014,196,1524,33.02,29.71,0,0,.304,12.28
105,2014,196,1530,32.96,27.95,0,0,.304,12.29
105,2014,196,1536,32.82,26.76,0,0,.304,12.29
105,2014,196,1542,32.59,26.28,0,0,.303,12.29
105,2014,196,1548,32.26,25.58,0,0,.303,12.29
105,2014,196,1554,31.87,24.89,0,0,.303,12.29
105,2014,196,1600,31.44,24.44,0,0,.303,12.29
105,2014,196,1606,31,24.46,0,0,.303,12.29
105,2014,196,1612,30.57,24.75,0,0,.303,12.29
105,2014,196,1618,30.17,24.42,0,0,.302,12.29
105,2014,196,1624,29.81,24.1,0,0,.303,12.29
105,2014,196,1630,29.46,23.95,0,0,.303,12.29
105,2014,196,1636,29.12,24.06,0,0,.303,12.29
105,2014,196,1642,28.81,23.71,0,0,.303,12.29
105,2014,196,1648,28.52,23.68,0,0,.303,12.29
105,2014,196,1654,28.25,23.77,0,0,.304,12.29
105,2014,196,1700,28,23.56,0,0,.303,12.29
105,2014,196,1706,27.77,23.63,0,0,.303,12.29
105,2014,196,1712,27.57,23.48,0,0,.303,12.29
105,2014,196,1718,27.37,23.53,0,0,.303,12.29
105,2014,196,1724,27.19,23.76,0,0,.303,12.29
105,2014,196,1730,27.04,23.33,0,0,.304,12.29
105,2014,196,1736,26.89,23.26,0,0,.303,12.29
105,2014,196,1742,26.76,23.6,0,0,.303,12.29
105,2014,196,1748,26.64,23.59,0,0,.303,12.29
105,2014,196,1754,26.53,23.68,0,0,.303,12.29
105,2014,196,1800,26.44,24.1,0,0,.303,12.29
105,2014,196,1806,26.37,24.56,0,0,.303,12.29
105,2014,196,1812,26.33,25.1,0,0,.303,12.29
105,2014,196,1818,26.32,25.49,0,0,.303,12.29
105,2014,196,1824,26.33,25.54,0,0,.303,12.29
105,2014,196,1830,26.37,25.34,0,0,.304,12.29
105,2014,196,1836,26.4,25.41,0,0,.303,12.29
105,2014,196,1842,26.43,25.25,0,0,.303,12.29
105,2014,196,1848,26.44,25.11,0,0,.303,12.29
105,2014,196,1854,26.45,24.86,0,0,.304,12.29
105,2014,196,1900,26.45,24.7,0,0,.303,12.29
105,2014,196,1906,26.44,24.6,0,0,.303,12.29
105,2014,196,1912,26.42,24.92,0,0,.303,12.29
105,2014,196,1918,26.41,24.37,0,0,.304,12.29
105,2014,196,1924,26.39,24.24,0,0,.303,12.29
105,2014,196,1930,26.35,24.02,0,0,.304,12.29
105,2014,196,1936,26.31,24.09,0,0,.303,12.29
105,2014,196,1942,26.26,23.87,0,0,.303,12.29
105,2014,196,1948,26.2,24.07,0,0,.303,12.29
105,2014,196,1954,26.14,24.28,0,0,.303,12.29
105,2014,196,2000,26.07,23.97,0,0,.303,12.29
105,2014,196,2006,26.01,23.76,0,0,.303,12.29
105,2014,196,2012,25.95,23.61,0,0,.303,12.29
105,2014,196,2018,25.88,23.51,0,0,.303,12.29
105,2014,196,2024,25.82,23.31,0,0,.303,12.29
105,2014,196,2030,25.77,23.26,0,0,.305,12.29
105,2014,196,2036,25.71,23.15,0,0,.305,12.29
105,2014,196,2042,25.64,23.02,0,0,.307,12.29
105,2014,196,2048,25.58,23.1,0,0,.308,12.29
105,2014,196,2054,25.53,22.98,0,0,.311,12.29
105,2014,196,2100,25.48,23.15,0,0,.312,12.29
105,2014,196,2106,25.44,23.01,0,0,.314,12.29
105,2014,196,2112,25.4,23.14,0,0,.316,12.29
105,2014,196,2118,25.35,23.15,0,0,.319,12.29
105,2014,196,2124,25.32,23.25,0,0,.323,12.29
105,2014,196,2130,25.28,23.16,0,0,.325,12.29
105,2014,196,2136,25.25,23.18,0,0,.328,12.29
105,2014,196,2142,25.22,23.34,0,0,.331,12.29
105,2014,196,2148,25.18,23.24,0,0,.335,12.29
105,2014,196,2154,25.15,23.26,0,0,.338,12.29
105,2014,196,2200,25.11,23.04,0,0,.341,12.29
105,2014,196,2206,25.07,22.88,0,0,.345,12.29
105,2014,196,2212,25.03,22.82,0,0,.348,12.29
105,2014,196,2218,24.99,22.89,0,0,.354,12.29
105,2014,196,2224,24.94,22.84,0,0,.357,12.29
105,2014,196,2230,24.9,22.82,0,0,.359,12.29
105,2014,196,2236,24.85,22.83,0,0,.365,12.29
105,2014,196,2242,24.81,22.77,0,0,.366,12.29
105,2014,196,2248,24.76,22.7,0,0,.366,12.29
105,2014,196,2254,24.72,22.58,0,0,.367,12.29
105,2014,196,2300,24.67,22.84,0,0,.369,12.29
105,2014,196,2306,24.63,22.88,0,0,.37,12.29
105,2014,196,2312,24.58,22.61,0,0,.369,12.29
105,2014,196,2318,24.54,22.49,0,0,.369,12.29
105,2014,196,2324,24.49,22.58,0,0,.369,12.29
105,2014,196,2330,24.45,22.82,0,0,.37,12.29
105,2014,196,2336,24.41,22.54,0,0,.369,12.29
105,2014,196,2342,24.37,22.56,0,0,.369,12.29
105,2014,196,2348,24.34,22.7,0,0,.37,12.29
105,2014,196,2354,24.3,22.81,0,0,.37,12.29
105,2014,197,0,24.27,22.85,0,0,.37,12.29
105,2014,197,6,24.24,22.66,0,0,.371,12.29
105,2014,197,12,24.2,22.36,0,0,.371,12.29
105,2014,197,18,24.17,22.45,0,0,.371,12.29
105,2014,197,24,24.14,22.41,0,0,.372,12.29
105,2014,197,30,24.11,22.38,0,0,.372,12.29
105,2014,197,36,24.09,22.4,0,0,.37,12.29
105,2014,197,42,24.06,22.54,0,0,.371,12.29
105,2014,197,48,24.03,22.43,0,0,.37,12.29
105,2014,197,54,24,22.37,0,0,.371,12.29
105,2014,197,100,23.97,22.21,0,0,.37,12.29
105,2014,197,106,23.94,22.24,0,0,.371,12.29
105,2014,197,112,23.91,22.38,0,0,.37,12.29
105,2014,197,118,23.88,22.23,0,0,.37,12.29
105,2014,197,124,23.85,22.18,0,0,.371,12.29
105,2014,197,130,23.83,22.26,0,0,.37,12.29
105,2014,197,136,23.81,22.23,0,0,.371,12.29
105,2014,197,142,23.79,22.28,0,0,.371,12.29
105,2014,197,148,23.78,22.21,0,0,.371,12.29
105,2014,197,154,23.76,22.31,0,0,.373,12.29
105,2014,197,200,23.75,22.34,0,0,.375,12.29
105,2014,197,206,23.73,22.29,0,0,.363,12.29
105,2014,197,212,23.72,22.41,0,0,.37,12.29
105,2014,197,218,23.7,22.46,0,0,.37,12.29
105,2014,197,224,23.69,22.22,0,0,.371,12.29
105,2014,197,230,23.67,22.14,0,0,.368,12.29
105,2014,197,236,23.65,22.11,0,0,.369,12.29
105,2014,197,242,23.63,22.16,0,0,.368,12.29
105,2014,197,248,23.62,22.23,0,0,.366,12.29
105,2014,197,254,23.6,22.01,0,0,.366,12.29
105,2014,197,300,23.58,21.95,0,0,.366,12.29
105,2014,197,306,23.56,22.04,0,0,.366,12.29
105,2014,197,312,23.54,21.99,0,0,.364,12.29
105,2014,197,318,23.53,22.07,0,0,.366,12.29
105,2014,197,324,23.51,21.94,0,0,.363,12.29
105,2014,197,330,23.5,21.96,0,0,.363,12.29
105,2014,197,336,23.49,21.96,0,0,.363,12.29
105,2014,197,342,23.48,21.95,0,0,.361,12.29
105,2014,197,348,23.47,21.92,0,0,.36,12.29
105,2014,197,354,23.47,21.94,0,0,.36,12.29
105,2014,197,400,23.46,21.84,0,0,.36,12.29
105,2014,197,406,23.45,21.92,0,0,.359,12.29
105,2014,197,412,23.44,21.85,0,0,.359,12.29
105,2014,197,418,23.43,21.78,0,0,.358,12.29
105,2014,197,424,23.42,21.79,0,0,.358,12.29
105,2014,197,430,23.41,21.76,0,0,.358,12.29
105,2014,197,436,23.39,21.84,0,0,.358,12.29
105,2014,197,442,23.36,21.79,0,0,.358,12.29
105,2014,197,448,23.34,21.71,0,0,.356,12.29
105,2014,197,454,23.32,21.64,0,0,.355,12.29
105,2014,197,500,23.31,21.61,0,0,.356,12.29
105,2014,197,506,23.29,21.64,0,0,.355,12.29
105,2014,197,512,23.27,21.37,0,0,.354,12.29
105,2014,197,518,23.25,21.46,0,0,.354,12.29
105,2014,197,524,23.23,21.54,0,0,.353,12.29
105,2014,197,530,23.21,21.52,0,0,.352,12.29
105,2014,197,536,23.19,21.42,0,0,.352,12.29
105,2014,197,542,23.17,21.29,0,0,.352,12.29
105,2014,197,548,23.14,21.32,0,0,.351,12.29
105,2014,197,554,23.12,21.08,0,0,.35,12.29
105,2014,197,600,23.09,21.01,0,0,.351,12.29
105,2014,197,606,23.05,20.98,0,0,.35,12.29
105,2014,197,612,23.01,20.84,0,0,.35,12.29
105,2014,197,618,22.97,20.81,0,0,.351,12.29
105,2014,197,624,22.93,20.67,0,0,.349,12.29
105,2014,197,630,22.88,20.65,0,0,.349,12.29
105,2014,197,636,22.83,20.66,0,0,.349,12.29
105,2014,197,642,22.79,20.68,0,0,.348,12.29
105,2014,197,648,22.74,20.75,0,0,.347,12.29
105,2014,197,654,22.7,20.63,0,0,.347,12.29
105,2014,197,700,22.66,20.66,0,0,.347,12.29
105,2014,197,706,22.63,20.69,0,0,.348,12.29
105,2014,197,712,22.6,20.73,0,0,.346,12.3
105,2014,197,718,22.56,20.62,0,0,.346,12.3
105,2014,197,724,22.52,20.61,0,0,.346,12.3
105,2014,197,730,22.49,20.69,0,0,.346,12.3
105,2014,197,736,22.46,20.79,0,0,.344,12.3
105,2014,197,742,22.43,20.95,0,0,.344,12.29
105,2014,197,748,22.42,21.09,0,0,.344,12.3
105,2014,197,754,22.41,21.05,0,0,.344,12.3
105,2014,197,800,22.41,21.16,0,0,.342,12.3
105,2014,197,806,22.41,21.28,0,0,.342,12.3
105,2014,197,812,22.42,21.44,0,0,.342,12.3
105,2014,197,818,22.45,21.51,0,0,.342,12.3
105,2014,197,824,22.47,21.75,0,0,.342,12.29
105,2014,197,830,22.5,22.21,0,0,.342,12.3
105,2014,197,836,22.55,22.74,0,0,.341,12.29
105,2014,197,842,22.61,22.21,0,0,.341,12.29
105,2014,197,848,22.68,22.48,0,0,.341,12.29
105,2014,197,854,22.75,23.04,0,0,.339,12.29
105,2014,197,900,22.83,23.54,0,0,.339,12.29
105,2014,197,906,22.93,24.37,0,0,.337,12.29
105,2014,197,912,23.06,24.94,0,0,.337,12.29
105,2014,197,918,23.21,24.09,0,0,.336,12.29
105,2014,197,924,23.37,24.3,0,0,.336,12.29
105,2014,197,930,23.52,25.6,0,0,.336,12.29
105,2014,197,936,23.68,26.2,0,0,.335,12.29
105,2014,197,942,23.85,26.1,0,0,.333,12.29
105,2014,197,948,24.02,24.91,0,0,.333,12.29
105,2014,197,954,24.18,24.61,0,0,.333,12.29
105,2014,197,1000,24.31,25.87,0,0,.332,12.29
105,2014,197,1006,24.44,25.97,0,0,.331,12.29
105,2014,197,1012,24.56,25.84,0,0,.331,12.29
105,2014,197,1018,24.68,25.83,0,0,.331,12.29
105,2014,197,1024,24.8,26.69,0,0,.33,12.29
105,2014,197,1030,24.92,27.33,0,0,.329,12.29
105,2014,197,1036,25.07,27.26,0,0,.328,12.29
105,2014,197,1042,25.23,27.39,0,0,.328,12.29
105,2014,197,1048,25.39,28.38,0,0,.328,12.29
105,2014,197,1054,25.56,28.17,0,0,.327,12.29
105,2014,197,1100,25.74,27.6,0,0,.328,12.29
105,2014,197,1106,25.9,27.69,0,0,.326,12.29
105,2014,197,1112,26.05,27.86,0,0,.326,12.29
105,2014,197,1118,26.19,28.07,0,0,.325,12.29
105,2014,197,1124,26.33,28.24,0,0,.325,12.29
105,2014,197,1130,26.45,28,0,0,.326,12.29
105,2014,197,1136,26.57,27.08,0,0,.325,12.29
105,2014,197,1142,26.67,26.96,0,0,.325,12.29
105,2014,197,1148,26.75,27.57,0,0,.325,12.29
105,2014,197,1154,26.81,28.23,0,0,.325,12.29
105,2014,197,1200,26.89,28.32,0,0,.324,12.29
105,2014,197,1206,26.98,28.24,0,0,.325,12.29
105,2014,197,1212,27.07,28.48,0,0,.324,12.29
105,2014,197,1218,27.17,28.41,0,0,.322,12.29
105,2014,197,1224,27.29,28.54,0,0,.322,12.29
105,2014,197,1230,27.4,28.84,0,0,.322,12.29
105,2014,197,1236,27.5,28.35,0,0,.322,12.29
105,2014,197,1242,27.6,28.97,0,0,.321,12.29
105,2014,197,1248,27.7,29.48,0,0,.32,12.29
105,2014,197,1254,27.81,30.22,0,0,.32,12.29
105,2014,197,1300,27.93,30.24,0,0,.32,12.29
105,2014,197,1306,28.05,29.43,0,0,.32,12.29
105,2014,197,1312,28.17,29.23,0,0,.319,12.29
105,2014,197,1318,28.28,29.24,0,0,.319,12.29
105,2014,197,1324,28.38,29.45,0,0,.319,12.29
105,2014,197,1330,28.48,29.72,0,0,.318,12.28
105,2014,197,1336,28.58,28.76,0,0,.317,12.28
105,2014,197,1342,28.67,28.73,0,0,.317,12.28
105,2014,197,1348,28.75,27.8,0,0,.317,12.29
105,2014,197,1354,28.79,29.56,0,0,.317,12.29
105,2014,197,1400,28.84,29.29,0,0,.317,12.29
105,2014,197,1406,28.89,29.26,0,0,.316,12.29
105,2014,197,1412,28.95,29.34,0,0,.315,12.29
105,2014,197,1418,29.03,29.23,0,0,.315,12.29
105,2014,197,1424,29.09,28.21,0,0,.315,12.29
105,2014,197,1430,29.12,28.43,0,0,.314,12.29
105,2014,197,1436,29.15,27.39,0,0,.314,12.29
105,2014,197,1442,29.15,28.13,0,0,.314,12.29
105,2014,197,1448,29.13,28.22,0,0,.313,12.29
105,2014,197,1454,29.13,28.45,0,0,.314,12.29
105,2014,197,1500,29.13,28.04,0,0,.312,12.29
105,2014,197,1506,29.14,27.98,0,0,.312,12.29
105,2014,197,1512,29.15,28.84,0,0,.312,12.29
105,2014,197,1518,29.16,28.38,0,0,.312,12.29
105,2014,197,1524,29.16,28.06,0,0,.311,12.29
105,2014,197,1530,29.17,27.95,0,0,.31,12.29
105,2014,197,1536,29.17,27.7,0,0,.311,12.29
105,2014,197,1542,29.17,27.7,0,0,.31,12.29
105,2014,197,1548,29.18,28.07,0,0,.309,12.29
105,2014,197,1554,29.18,27.98,0,0,.309,12.29
105,2014,197,1600,29.2,27.69,0,0,.308,12.29
105,2014,197,1606,29.2,27.48,0,0,.308,12.29
105,2014,197,1612,29.18,27.4,0,0,.308,12.29
105,2014,197,1618,29.15,27.55,0,0,.308,12.29
105,2014,197,1624,29.12,26.94,0,0,.309,12.29
105,2014,197,1630,29.08,26.71,0,0,.309,12.29
105,2014,197,1636,29.04,26.29,0,0,.308,12.29
105,2014,197,1642,28.99,26.55,0,0,.308,12.29
105,2014,197,1648,28.93,26.76,0,0,.308,12.29
105,2014,197,1654,28.87,26.79,0,0,.308,12.29
105,2014,197,1700,28.82,27.38,0,0,.307,12.29
105,2014,197,1706,28.79,26.85,0,0,.306,12.29
105,2014,197,1712,28.76,26.11,0,0,.306,12.29
105,2014,197,1718,28.72,26.18,0,0,.306,12.29
105,2014,197,1724,28.66,25.53,0,0,.307,12.29
105,2014,197,1730,28.58,25.33,0,0,.306,12.29
105,2014,197,1736,28.47,24.91,0,0,.306,12.29
105,2014,197,1742,28.35,25.11,0,0,.306,12.29
105,2014,197,1748,28.23,24.88,0,0,.306,12.29
105,2014,197,1754,28.11,24.22,0,0,.306,12.29
105,2014,197,1800,27.99,24.52,0,0,.306,12.29
105,2014,197,1806,27.86,24.37,0,0,.306,12.29
105,2014,197,1812,27.73,24.45,0,0,.307,12.29
105,2014,197,1818,27.61,24.48,0,0,.306,12.29
105,2014,197,1824,27.49,24.66,0,0,.306,12.29
105,2014,197,1830,27.37,24.5,0,0,.307,12.29
105,2014,197,1836,27.26,24.45,0,0,.306,12.29
105,2014,197,1842,27.15,24.24,0,0,.306,12.29
105,2014,197,1848,27.05,24.18,0,0,.305,12.29
105,2014,197,1854,26.94,24.07,0,0,.305,12.29
105,2014,197,1900,26.83,23.87,0,0,.305,12.29
105,2014,197,1906,26.72,23.59,0,0,.305,12.29
105,2014,197,1912,26.61,23.54,0,0,.306,12.29
105,2014,197,1918,26.49,23.29,0,0,.305,12.29
105,2014,197,1924,26.37,23.12,0,0,.304,12.29
105,2014,197,1930,26.25,23.06,0,0,.304,12.29
105,2014,197,1936,26.15,23.04,0,0,.305,12.29
105,2014,197,1942,26.04,22.97,0,0,.305,12.29
105,2014,197,1948,25.94,22.79,0,0,.305,12.29
105,2014,197,1954,25.84,22.62,0,0,.305,12.29
105,2014,197,2000,25.73,22.45,0,0,.305,12.29
105,2014,197,2006,25.62,22.07,0,0,.305,12.29
105,2014,197,2012,25.5,22.06,0,0,.305,12.29
105,2014,197,2018,25.36,21.8,0,0,.305,12.29
105,2014,197,2024,25.21,21.59,0,0,.304,12.29
105,2014,197,2030,25.06,21.31,0,0,.305,12.29
105,2014,197,2036,24.9,21.14,0,0,.305,12.29
105,2014,197,2042,24.73,20.95,0,0,.305,12.29
105,2014,197,2048,24.55,20.54,0,0,.305,12.29
105,2014,197,2054,24.37,20.51,0,0,.305,12.29
105,2014,197,2100,24.18,20.38,0,0,.305,12.29
105,2014,197,2106,24,20.35,0,0,.305,12.29
105,2014,197,2112,23.81,20.13,0,0,.305,12.29
105,2014,197,2118,23.63,19.85,0,0,.305,12.29
105,2014,197,2124,23.46,20.03,0,0,.306,12.29
105,2014,197,2130,23.28,19.89,0,0,.306,12.29
105,2014,197,2136,23.12,19.47,0,0,.307,12.3
105,2014,197,2142,22.95,19.26,0,0,.306,12.3
105,2014,197,2148,22.78,19.18,0,0,.306,12.3
105,2014,197,2154,22.61,19.1,0,0,.306,12.3
105,2014,197,2200,22.45,19.31,0,0,.306,12.3
105,2014,197,2206,22.3,19.04,0,0,.306,12.3
105,2014,197,2212,22.15,19.01,0,0,.306,12.3
105,2014,197,2218,22.01,18.97,0,0,.306,12.3
105,2014,197,2224,21.86,18.63,0,0,.306,12.3
105,2014,197,2230,21.73,18.64,0,0,.306,12.3
105,2014,197,2236,21.6,18.66,0,0,.306,12.3
105,2014,197,2242,21.47,18.61,0,0,.306,12.3
105,2014,197,2248,21.35,18.5,0,0,.306,12.3
105,2014,197,2254,21.23,18.44,0,0,.306,12.3
105,2014,197,2300,21.12,17.99,0,0,.306,12.3
105,2014,197,2306,21,18.13,0,0,.306,12.3
105,2014,197,2312,20.89,18.14,0,0,.306,12.3
105,2014,197,2318,20.78,18.05,0,0,.305,12.3
105,2014,197,2324,20.67,17.78,0,0,.305,12.3
105,2014,197,2330,20.56,17.49,0,0,.305,12.3
105,2014,197,2336,20.44,17.53,0,0,.305,12.3
105,2014,197,2342,20.32,17.71,0,0,.305,12.3
105,2014,197,2348,20.22,17.73,0,0,.305,12.3
105,2014,197,2354,20.13,17.41,0,0,.305,12.3
105,2014,198,0,20.03,17.23,0,0,.303,12.3
105,2014,198,6,19.92,16.89,0,0,.304,12.3
105,2014,198,12,19.81,16.86,0,0,.303,12.3
105,2014,198,18,19.69,16.93,0,0,.302,12.3
105,2014,198,24,19.57,16.88,0,0,.301,12.3
105,2014,198,30,19.47,17.07,0,0,.301,12.3
105,2014,198,36,19.38,17.11,0,0,.301,12.3
105,2014,198,42,19.3,16.76,0,0,.302,12.3
105,2014,198,48,19.22,16.8,0,0,.301,12.3
105,2014,198,54,19.14,16.99,0,0,.301,12.3
105,2014,198,100,19.08,17.01,0,0,.3,12.3
105,2014,198,106,19.02,17.12,0,0,.301,12.3
105,2014,198,112,18.96,16.75,0,0,.301,12.3
105,2014,198,118,18.88,16.5,0,0,.301,12.3
105,2014,198,124,18.8,16.54,0,0,.301,12.3
105,2014,198,130,18.73,16.57,0,0,.301,12.3
105,2014,198,136,18.65,16.3,0,0,.301,12.3
105,2014,198,142,18.56,16.63,0,0,.301,12.3
105,2014,198,148,18.49,16.3,0,0,.301,12.3
105,2014,198,154,18.41,16.29,0,0,.3,12.3
105,2014,198,200,18.33,16.19,0,0,.3,12.3
105,2014,198,206,18.25,15.95,0,0,.301,12.3
105,2014,198,212,18.16,16.17,0,0,.3,12.3
105,2014,198,218,18.07,16.41,0,0,.3,12.3
105,2014,198,224,18,16.56,0,0,.299,12.3
105,2014,198,230,17.96,16.5,0,0,.299,12.3
105,2014,198,236,17.93,16.51,0,0,.3,12.3
105,2014,198,242,17.9,16.35,0,0,.299,12.3
105,2014,198,248,17.87,16.02,0,0,.299,12.3
105,2014,198,254,17.83,16.21,0,0,.299,12.3
105,2014,198,300,17.78,16.12,0,0,.298,12.3
105,2014,198,306,17.75,16.08,0,0,.299,12.3
105,2014,198,312,17.71,15.88,0,0,.299,12.3
105,2014,198,318,17.67,15.92,0,0,.299,12.3
105,2014,198,324,17.63,16.14,0,0,.299,12.3
105,2014,198,330,17.59,16.05,0,0,.299,12.3
105,2014,198,336,17.56,16.21,0,0,.299,12.3
105,2014,198,342,17.53,16.28,0,0,.298,12.3
105,2014,198,348,17.5,16.29,0,0,.299,12.3
105,2014,198,354,17.48,16.35,0,0,.298,12.3
105,2014,198,400,17.47,16.47,0,0,.298,12.3
105,2014,198,406,17.48,16.9,0,0,.298,12.3
105,2014,198,412,17.51,17.1,0,0,.298,12.3
105,2014,198,418,17.54,16.98,0,0,.298,12.3
105,2014,198,424,17.59,17.06,0,0,.298,12.3
105,2014,198,430,17.64,17.27,0,0,.298,12.3
105,2014,198,436,17.69,17.28,0,0,.298,12.3
105,2014,198,442,17.75,17.18,0,0,.298,12.3
105,2014,198,448,17.8,17.49,0,0,.298,12.3
105,2014,198,454,17.86,17.45,0,0,.298,12.3
105,2014,198,500,17.91,17.59,0,0,.298,12.3
105,2014,198,506,17.96,17.31,0,0,.296,12.3
105,2014,198,512,18,17.08,0,0,.296,12.3
105,2014,198,518,18.02,16.99,0,0,.296,12.3
105,2014,198,524,18.03,16.77,0,0,.295,12.3
105,2014,198,530,18.03,16.68,0,0,.295,12.3
105,2014,198,536,18.01,16.59,0,0,.295,12.3
105,2014,198,542,17.99,16.52,0,0,.295,12.3
105,2014,198,548,17.95,16.49,0,0,.295,12.3
105,2014,198,554,17.91,16.47,0,0,.296,12.3
105,2014,198,600,17.87,16.35,0,0,.295,12.3
105,2014,198,606,17.82,16.11,0,0,.296,12.3
105,2014,198,612,17.78,16.06,0,0,.295,12.3
105,2014,198,618,17.73,16.01,0,0,.295,12.3
105,2014,198,624,17.68,16.38,0,0,.295,12.3
105,2014,198,630,17.64,16.54,0,0,.294,12.3
105,2014,198,636,17.61,16.7,0,0,.294,12.3
105,2014,198,642,17.59,16.85,0,0,.293,12.3
105,2014,198,648,17.58,17.13,0,0,.294,12.3
105,2014,198,654,17.6,17.49,0,0,.294,12.3
105,2014,198,700,17.63,18.21,0,0,.293,12.3
105,2014,198,706,17.68,18.91,0,0,.293,12.3
105,2014,198,712,17.75,19,0,0,.292,12.3
105,2014,198,718,17.84,19.13,0,0,.292,12.3
105,2014,198,724,17.95,19.46,0,0,.292,12.3
105,2014,198,730,18.08,20.14,0,0,.292,12.3
105,2014,198,736,18.23,20.27,0,0,.291,12.3
105,2014,198,742,18.38,20.29,0,0,.29,12.3
105,2014,198,748,18.55,20.13,0,0,.29,12.3
105,2014,198,754,18.72,21.11,0,0,.29,12.3
105,2014,198,800,18.89,21.29,0,0,.29,12.3
105,2014,198,806,19.08,21.64,0,0,.289,12.3
105,2014,198,812,19.27,21.71,0,0,.289,12.3
105,2014,198,818,19.48,22.06,0,0,.288,12.3
105,2014,198,824,19.7,22.73,0,0,.287,12.3
105,2014,198,830,19.92,22.22,0,0,.287,12.3
105,2014,198,836,20.12,22.57,0,0,.287,12.3
105,2014,198,842,20.33,22.89,0,0,.288,12.3
105,2014,198,848,20.53,23.11,0,0,.288,12.3
105,2014,198,854,20.73,23.46,0,0,.288,12.29
105,2014,198,900,20.93,23.69,0,0,.288,12.29
105,2014,198,906,21.13,23.51,0,0,.289,12.29
105,2014,198,912,21.34,24.27,0,0,.287,12.29
105,2014,198,918,21.55,24.54,0,0,.287,12.29
105,2014,198,924,21.76,24.65,0,0,.288,12.29
105,2014,198,930,21.97,24.99,0,0,.288,12.29
105,2014,198,936,22.18,25.35,0,0,.288,12.29
105,2014,198,942,22.39,25.34,0,0,.287,12.29
105,2014,198,948,22.6,25.73,0,0,.287,12.29
105,2014,198,954,22.82,25.82,0,0,.286,12.29
105,2014,198,1000,23.05,26.23,0,0,.287,12.29
105,2014,198,1006,23.27,26.38,0,0,.286,12.29
105,2014,198,1012,23.49,26.26,0,0,.286,12.29
105,2014,198,1018,23.71,26.73,0,0,.286,12.29
105,2014,198,1024,23.93,27.64,0,0,.284,12.29
105,2014,198,1030,24.17,27.14,0,0,.283,12.29
105,2014,198,1036,24.39,27.5,0,0,.282,12.29
105,2014,198,1042,24.62,28.1,0,0,.281,12.29
105,2014,198,1048,24.84,27.76,0,0,.281,12.29
105,2014,198,1054,25.05,27.83,0,0,.281,12.29
105,2014,198,1100,25.26,28.16,0,0,.281,12.29
105,2014,198,1106,25.47,28.87,0,0,.281,12.29
105,2014,198,1112,25.67,28.28,0,0,.28,12.29
105,2014,198,1118,25.84,28.02,0,0,.28,12.29
105,2014,198,1124,26.02,28.8,0,0,.279,12.29
105,2014,198,1130,26.18,28.76,0,0,.279,12.29
105,2014,198,1136,26.36,29.09,0,0,.278,12.29
105,2014,198,1142,26.53,28.92,0,0,.278,12.29
105,2014,198,1148,26.69,29.32,0,0,.278,12.29
105,2014,198,1154,26.84,28.77,0,0,.278,12.29
105,2014,198,1200,27,29.04,0,0,.278,12.29
105,2014,198,1206,27.14,29.86,0,0,.278,12.29
105,2014,198,1212,27.28,29.97,0,0,.276,12.29
105,2014,198,1218,27.4,29.3,0,0,.276,12.29
105,2014,198,1224,27.52,29.64,0,0,.276,12.29
105,2014,198,1230,27.66,30.31,0,0,.276,12.29
105,2014,198,1236,27.8,29.92,0,0,.275,12.29
105,2014,198,1242,27.95,29.55,0,0,.275,12.29
105,2014,198,1248,28.08,29.35,0,0,.275,12.29
105,2014,198,1254,28.19,29.32,0,0,.275,12.29
105,2014,198,1300,28.29,29.61,0,0,.275,12.29
105,2014,198,1306,28.38,30.73,0,0,.274,12.29
105,2014,198,1312,28.48,30.64,0,0,.273,12.29
105,2014,198,1318,28.58,30.82,0,0,.273,12.28
105,2014,198,1324,28.71,30.62,0,0,.273,12.28
105,2014,198,1330,28.83,29.99,0,0,.273,12.28
105,2014,198,1336,28.95,30.45,0,0,.272,12.28
105,2014,198,1342,29.05,30.05,0,0,.272,12.28
105,2014,198,1348,29.14,30.72,0,0,.271,12.28
105,2014,198,1354,29.25,31.03,0,0,.27,12.28
105,2014,198,1400,29.36,31.38,0,0,.27,12.28
105,2014,198,1406,29.48,30.67,0,0,.27,12.28
105,2014,198,1412,29.59,29.92,0,0,.27,12.29
105,2014,198,1418,29.68,30.4,0,0,.27,12.29
105,2014,198,1424,29.76,30.85,0,0,.27,12.29
105,2014,198,1430,29.82,30.83,0,0,.268,12.28
105,2014,198,1436,29.88,28.47,0,0,.268,12.28
105,2014,198,1442,29.91,29.42,0,0,.268,12.29
105,2014,198,1448,29.93,30.08,0,0,.267,12.29
105,2014,198,1454,29.95,27.71,0,0,.267,12.29
105,2014,198,1500,29.96,27.58,0,0,.267,12.29
105,2014,198,1506,29.94,28.89,0,0,.267,12.29
105,2014,198,1512,29.92,29.94,0,0,.267,12.29
105,2014,198,1518,29.94,29.98,0,0,.267,12.28
105,2014,198,1524,29.98,29.27,0,0,.267,12.29
105,2014,198,1530,30.01,27.99,0,0,.267,12.29
105,2014,198,1536,30,26.63,0,0,.266,12.29
105,2014,198,1542,29.95,26.76,0,0,.267,12.29
105,2014,198,1548,29.86,26.86,0,0,.266,12.29
105,2014,198,1554,29.76,27.2,0,0,.267,12.29
105,2014,198,1600,29.68,28.06,0,0,.267,12.29
105,2014,198,1606,29.61,28.52,0,0,.266,12.29
105,2014,198,1612,29.56,29.34,0,0,.265,12.29
105,2014,198,1618,29.55,26.74,0,0,.264,12.29
105,2014,198,1624,29.52,28.15,0,0,.264,12.29
105,2014,198,1630,29.49,27.84,0,0,.264,12.29
105,2014,198,1636,29.46,27.95,0,0,.264,12.29
105,2014,198,1642,29.45,27.66,0,0,.263,12.29
105,2014,198,1648,29.45,27.77,0,0,.262,12.29
105,2014,198,1654,29.45,28.07,0,0,.263,12.29
105,2014,198,1700,29.45,27.26,0,0,.263,12.29
105,2014,198,1706,29.46,27.32,0,0,.262,12.29
105,2014,198,1712,29.44,26.48,0,0,.263,12.29
105,2014,198,1718,29.4,25.83,0,0,.263,12.29
105,2014,198,1724,29.31,25.58,0,0,.263,12.29
105,2014,198,1730,29.19,25.29,0,0,.263,12.29
105,2014,198,1736,29.03,24.9,0,0,.264,12.29
105,2014,198,1742,28.86,24.67,0,0,.264,12.29
105,2014,198,1748,28.67,24.55,0,0,.263,12.29
105,2014,198,1754,28.48,24.3,0,0,.263,12.29
105,2014,198,1800,28.28,24.5,0,0,.263,12.29
105,2014,198,1806,28.1,24.17,0,0,.263,12.29
105,2014,198,1812,27.91,24.28,0,0,.263,12.29
105,2014,198,1818,27.72,24.07,0,0,.263,12.29
105,2014,198,1824,27.54,23.91,0,0,.263,12.29
105,2014,198,1830,27.37,23.72,0,0,.262,12.29
105,2014,198,1836,27.2,23.79,0,0,.262,12.29
105,2014,198,1842,27.02,23.61,0,0,.263,12.29
105,2014,198,1848,26.85,23.56,0,0,.262,12.29
105,2014,198,1854,26.69,23.4,0,0,.263,12.29
105,2014,198,1900,26.54,23.48,0,0,.262,12.29
105,2014,198,1906,26.39,23.46,0,0,.262,12.29
105,2014,198,1912,26.25,23.33,0,0,.262,12.29
105,2014,198,1918,26.11,23.2,0,0,.262,12.29
105,2014,198,1924,25.99,22.98,0,0,.262,12.29
105,2014,198,1930,25.87,22.9,0,0,.263,12.29
105,2014,198,1936,25.76,22.67,0,0,.262,12.29
105,2014,198,1942,25.65,22.57,0,0,.262,12.29
105,2014,198,1948,25.53,22.31,0,0,.262,12.29
105,2014,198,1954,25.41,22.41,0,0,.262,12.29
105,2014,198,2000,25.28,22.48,0,0,.262,12.29
105,2014,198,2006,25.14,22.07,0,0,.262,12.29
105,2014,198,2012,25,22.01,0,0,.262,12.29
105,2014,198,2018,24.87,21.71,0,0,.262,12.29
105,2014,198,2024,24.72,21.54,0,0,.262,12.29
105,2014,198,2030,24.56,21.22,0,0,.262,12.29
105,2014,198,2036,24.4,20.93,0,0,.262,12.29
105,2014,198,2042,24.25,20.75,0,0,.262,12.29
105,2014,198,2048,24.11,20.47,0,0,.262,12.29
105,2014,198,2054,23.95,20.12,0,0,.263,12.29
105,2014,198,2100,23.78,20.25,0,0,.263,12.29
105,2014,198,2106,23.59,20.13,0,0,.263,12.29
105,2014,198,2112,23.41,19.86,0,0,.263,12.29
105,2014,198,2118,23.23,19.71,0,0,.264,12.3
105,2014,198,2124,23.05,19.56,0,0,.265,12.3
105,2014,198,2130,22.88,19.43,0,0,.264,12.3
105,2014,198,2136,22.71,19.39,0,0,.265,12.29
105,2014,198,2142,22.54,19.57,0,0,.265,12.3
105,2014,198,2148,22.38,19.42,0,0,.265,12.3
105,2014,198,2154,22.22,19.16,0,0,.266,12.3
105,2014,198,2200,22.07,18.96,0,0,.265,12.3
105,2014,198,2206,21.92,19.04,0,0,.265,12.3
105,2014,198,2212,21.77,18.85,0,0,.265,12.3
105,2014,198,2218,21.63,18.82,0,0,.265,12.3
105,2014,198,2224,21.5,18.59,0,0,.265,12.3
105,2014,198,2230,21.37,18.48,0,0,.265,12.3
105,2014,198,2236,21.26,18.4,0,0,.265,12.3
105,2014,198,2242,21.14,18.25,0,0,.265,12.3
105,2014,198,2248,21.04,18.15,0,0,.265,12.3
105,2014,198,2254,20.93,17.78,0,0,.265,12.3
105,2014,198,2300,20.81,18.07,0,0,.265,12.3
105,2014,198,2306,20.7,18,0,0,.265,12.3
105,2014,198,2312,20.59,17.91,0,0,.265,12.3
105,2014,198,2318,20.49,17.8,0,0,.264,12.3
105,2014,198,2324,20.39,17.73,0,0,.264,12.3
105,2014,198,2330,20.29,17.51,0,0,.264,12.3
105,2014,198,2336,20.18,17.21,0,0,.264,12.3
105,2014,198,2342,20.07,17.46,0,0,.264,12.3
105,2014,198,2348,19.96,17.39,0,0,.264,12.3
105,2014,198,2354,19.85,17.27,0,0,.263,12.3
105,2014,199,0,19.75,17.18,0,0,.264,12.3
105,2014,199,6,19.65,17.12,0,0,.263,12.3
105,2014,199,12,19.55,17.14,0,0,.263,12.3
105,2014,199,18,19.46,17.06,0,0,.263,12.3
105,2014,199,24,19.37,17.19,0,0,.263,12.3
105,2014,199,30,19.28,16.84,0,0,.263,12.3
105,2014,199,36,19.18,16.66,0,0,.262,12.3
105,2014,199,42,19.09,16.74,0,0,.263,12.3
105,2014,199,48,18.99,16.62,0,0,.263,12.3
105,2014,199,54,18.91,16.55,0,0,.263,12.3
105,2014,199,100,18.84,16.62,0,0,.263,12.3
105,2014,199,106,18.78,16.5,0,0,.262,12.3
105,2014,199,112,18.71,16.4,0,0,.263,12.3
105,2014,199,118,18.65,16.32,0,0,.262,12.3
105,2014,199,124,18.58,16.48,0,0,.262,12.3
105,2014,199,130,18.52,16.52,0,0,.263,12.3
105,2014,199,136,18.46,16.41,0,0,.262,12.3
105,2014,199,142,18.4,16.46,0,0,.263,12.3
105,2014,199,148,18.33,16.17,0,0,.262,12.3
105,2014,199,154,18.26,16.11,0,0,.262,12.3
105,2014,199,200,18.19,16.25,0,0,.262,12.3
105,2014,199,206,18.12,16.23,0,0,.262,12.3
105,2014,199,212,18.06,16.22,0,0,.262,12.3
105,2014,199,218,18.01,16.22,0,0,.262,12.3
105,2014,199,224,17.97,16.03,0,0,.262,12.3
105,2014,199,230,17.93,15.56,0,0,.262,12.3
105,2014,199,236,17.86,15.83,0,0,.262,12.3
105,2014,199,242,17.8,15.48,0,0,.262,12.3
105,2014,199,248,17.73,15.72,0,0,.262,12.3
105,2014,199,254,17.66,15.93,0,0,.262,12.3
105,2014,199,300,17.61,16.02,0,0,.263,12.3
105,2014,199,306,17.57,15.91,0,0,.262,12.3
105,2014,199,312,17.54,15.71,0,0,.262,12.3
105,2014,199,318,17.49,15.2,0,0,.263,12.3
105,2014,199,324,17.43,15.55,0,0,.262,12.3
105,2014,199,330,17.37,15.79,0,0,.263,12.3
105,2014,199,336,17.33,15.58,0,0,.262,12.3
105,2014,199,342,17.28,15.48,0,0,.262,12.3
105,2014,199,348,17.23,15.1,0,0,.262,12.3
105,2014,199,354,17.17,15.23,0,0,.262,12.3
105,2014,199,400,17.11,15.38,0,0,.262,12.3
105,2014,199,406,17.05,15.64,0,0,.262,12.3
105,2014,199,412,17.01,15.39,0,0,.262,12.3
105,2014,199,418,16.96,15.26,0,0,.262,12.3
105,2014,199,424,16.92,15.19,0,0,.262,12.3
105,2014,199,430,16.88,15.22,0,0,.262,12.3
105,2014,199,436,16.84,15.37,0,0,.262,12.3
105,2014,199,442,16.81,15.69,0,0,.262,12.3
105,2014,199,448,16.8,15.56,0,0,.262,12.3
105,2014,199,454,16.79,15.47,0,0,.262,12.3
105,2014,199,500,16.78,15.85,0,0,.262,12.3
105,2014,199,506,16.79,15.89,0,0,.262,12.3
105,2014,199,512,16.8,15.41,0,0,.262,12.3
105,2014,199,518,16.8,15.77,0,0,.262,12.3
105,2014,199,524,16.81,15.96,0,0,.262,12.3
105,2014,199,530,16.82,15.97,0,0,.263,12.3
105,2014,199,536,16.84,15.85,0,0,.262,12.3
105,2014,199,542,16.85,15.41,0,0,.262,12.3
105,2014,199,548,16.85,15.38,0,0,.262,12.3
105,2014,199,554,16.82,15.35,0,0,.262,12.3
105,2014,199,600,16.78,15.06,0,0,.262,12.3
105,2014,199,606,16.73,15.4,0,0,.262,12.3
105,2014,199,612,16.68,14.87,0,0,.262,12.3
105,2014,199,618,16.63,15.21,0,0,.262,12.3
105,2014,199,624,16.59,15.74,0,0,.263,12.3
105,2014,199,630,16.57,15.92,0,0,.262,12.3
105,2014,199,636,16.58,15.8,0,0,.262,12.3
105,2014,199,642,16.59,16.29,0,0,.262,12.3
105,2014,199,648,16.62,16.65,0,0,.261,12.3
105,2014,199,654,16.67,17.06,0,0,.26,12.3
105,2014,199,700,16.73,17.6,0,0,.26,12.3
105,2014,199,706,16.82,18.29,0,0,.26,12.3
105,2014,199,712,16.94,18.48,0,0,.26,12.3
105,2014,199,718,17.07,19.06,0,0,.259,12.3
105,2014,199,724,17.21,19.5,0,0,.259,12.3
105,2014,199,730,17.38,19.99,0,0,.259,12.3
105,2014,199,736,17.56,19.71,0,0,.257,12.3
105,2014,199,742,17.74,20.17,0,0,.258,12.3
105,2014,199,748,17.94,20.37,0,0,.257,12.3
105,2014,199,754,18.15,21.3,0,0,.257,12.3
105,2014,199,800,18.38,20.93,0,0,.257,12.3
105,2014,199,806,18.6,21.22,0,0,.256,12.3
105,2014,199,812,18.83,22.91,0,0,.256,12.3
105,2014,199,818,19.08,23.19,0,0,.255,12.29
105,2014,199,824,19.36,23.76,0,0,.254,12.29
105,2014,199,830,19.66,23.78,0,0,.254,12.29
105,2014,199,836,19.97,23.9,0,0,.254,12.29
105,2014,199,842,20.28,23.37,0,0,.254,12.29
105,2014,199,848,20.55,24.11,0,0,.254,12.29
105,2014,199,854,20.83,25.12,0,0,.255,12.29
105,2014,199,900,21.11,24.65,0,0,.256,12.29
105,2014,199,906,21.39,25.87,0,0,.255,12.29
105,2014,199,912,21.69,25.97,0,0,.255,12.29
105,2014,199,918,21.97,26.2,0,0,.254,12.29
105,2014,199,924,22.26,26.13,0,0,.254,12.29
105,2014,199,930,22.53,26.91,0,0,.255,12.29
105,2014,199,936,22.78,25.47,0,0,.254,12.29
105,2014,199,942,23.01,24.81,0,0,.254,12.29
105,2014,199,948,23.22,25.25,0,0,.254,12.29
105,2014,199,954,23.4,25.9,0,0,.254,12.29
105,2014,199,1000,23.57,25.75,0,0,.254,12.29
105,2014,199,1006,23.73,26.58,0,0,.254,12.29
105,2014,199,1012,23.89,27.05,0,0,.253,12.29
105,2014,199,1018,24.06,26.19,0,0,.253,12.29
105,2014,199,1024,24.22,26.96,0,0,.252,12.29
105,2014,199,1030,24.38,26.12,0,0,.252,12.29
105,2014,199,1036,24.52,26.54,0,0,.252,12.29
105,2014,199,1042,24.66,28.38,0,0,.251,12.29
105,2014,199,1048,24.81,28.32,0,0,.251,12.29
105,2014,199,1054,24.99,29.41,0,0,.251,12.29
105,2014,199,1100,25.19,29.83,0,0,.25,12.29
105,2014,199,1106,25.41,29.85,0,0,.248,12.29
105,2014,199,1112,25.64,30.48,0,0,.248,12.29
105,2014,199,1118,25.86,30.57,0,0,.248,12.29
105,2014,199,1124,26.11,30.75,0,0,.248,12.29
105,2014,199,1130,26.35,30.29,0,0,.247,12.29
105,2014,199,1136,26.58,30.78,0,0,.246,12.29
105,2014,199,1142,26.79,31.01,0,0,.245,12.29
105,2014,199,1148,26.98,30.48,0,0,.245,12.29
105,2014,199,1154,27.17,31.1,0,0,.245,12.29
105,2014,199,1200,27.35,30.95,0,0,.245,12.29
105,2014,199,1206,27.52,30.74,0,0,.245,12.29
105,2014,199,1212,27.69,30.56,0,0,.245,12.29
105,2014,199,1218,27.85,30.35,0,0,.245,12.29
105,2014,199,1224,28.02,31.54,0,0,.245,12.29
105,2014,199,1230,28.19,31.52,0,0,.243,12.29
105,2014,199,1236,28.34,30.85,0,0,.244,12.29
105,2014,199,1242,28.5,31.37,0,0,.243,12.29
105,2014,199,1248,28.66,32,0,0,.242,12.28
105,2014,199,1254,28.83,31.85,0,0,.242,12.28
105,2014,199,1300,28.99,31.64,0,0,.242,12.28
105,2014,199,1306,29.13,31.67,0,0,.242,12.28
105,2014,199,1312,29.26,31.65,0,0,.242,12.28
105,2014,199,1318,29.38,31.45,0,0,.242,12.28
105,2014,199,1324,29.48,31.84,0,0,.241,12.28
105,2014,199,1330,29.57,31.38,0,0,.241,12.29
105,2014,199,1336,29.65,31.04,0,0,.24,12.29
105,2014,199,1342,29.73,31.64,0,0,.24,12.29
105,2014,199,1348,29.82,30.66,0,0,.24,12.29
105,2014,199,1354,29.9,30.8,0,0,.24,12.29
105,2014,199,1400,29.98,31.9,0,0,.239,12.29
105,2014,199,1406,30.05,31.39,0,0,.239,12.29
105,2014,199,1412,30.12,30.09,0,0,.239,12.29
105,2014,199,1418,30.17,30.41,0,0,.239,12.29
105,2014,199,1424,30.2,29.92,0,0,.238,12.29
105,2014,199,1430,30.21,30.16,0,0,.238,12.29
105,2014,199,1436,30.21,31.15,0,0,.237,12.29
105,2014,199,1442,30.21,31.26,0,0,.237,12.29
105,2014,199,1448,30.24,31.57,0,0,.236,12.29
105,2014,199,1454,30.28,31.23,0,0,.236,12.29
105,2014,199,1500,30.33,30.91,0,0,.235,12.29
105,2014,199,1506,30.37,30.95,0,0,.235,12.29
105,2014,199,1512,30.41,30.76,0,0,.234,12.29
105,2014,199,1518,30.44,29.97,0,0,.234,12.29
105,2014,199,1524,30.45,30.53,0,0,.234,12.29
105,2014,199,1530,30.45,30.49,0,0,.234,12.29
105,2014,199,1536,30.45,30.67,0,0,.234,12.29
105,2014,199,1542,30.45,29.85,0,0,.234,12.29
105,2014,199,1548,30.43,30.3,0,0,.233,12.29
105,2014,199,1554,30.41,30.13,0,0,.231,12.29
105,2014,199,1600,30.39,30.2,0,0,.231,12.29
105,2014,199,1606,30.37,30.83,0,0,.231,12.29
105,2014,199,1612,30.35,31.17,0,0,.231,12.29
105,2014,199,1618,30.35,30.62,0,0,.231,12.29
105,2014,199,1624,30.35,30.47,0,0,.231,12.29
105,2014,199,1630,30.35,29.83,0,0,.231,12.29
105,2014,199,1636,30.34,29.41,0,0,.231,12.29
105,2014,199,1642,30.31,30.35,0,0,.231,12.29
105,2014,199,1648,30.28,29.77,0,0,.23,12.29
105,2014,199,1654,30.26,28.5,0,0,.229,12.29
105,2014,199,1700,30.21,28.26,0,0,.23,12.29
105,2014,199,1706,30.13,27.35,0,0,.23,12.29
105,2014,199,1712,30.03,27.08,0,0,.23,12.29
105,2014,199,1718,29.9,27.04,0,0,.23,12.29
105,2014,199,1724,29.74,26.99,0,0,.23,12.29
105,2014,199,1730,29.6,26.96,0,0,.229,12.29
105,2014,199,1736,29.46,26.66,0,0,.23,12.29
105,2014,199,1742,29.32,26.56,0,0,.23,12.29
105,2014,199,1748,29.18,26.21,0,0,.23,12.29
105,2014,199,1754,29.03,26.42,0,0,.229,12.29
105,2014,199,1800,28.9,26.01,0,0,.229,12.29
105,2014,199,1806,28.76,25.47,0,0,.229,12.29
105,2014,199,1812,28.6,24.8,0,0,.229,12.29
105,2014,199,1818,28.43,24.99,0,0,.229,12.29
105,2014,199,1824,28.25,24.47,0,0,.23,12.29
105,2014,199,1830,28.07,24.02,0,0,.229,12.29
105,2014,199,1836,27.87,24.1,0,0,.229,12.29
105,2014,199,1842,27.68,23.57,0,0,.229,12.29
105,2014,199,1848,27.49,23.45,0,0,.229,12.29
105,2014,199,1854,27.3,23.73,0,0,.229,12.29
105,2014,199,1900,27.12,23.82,0,0,.229,12.29
105,2014,199,1906,26.94,23.69,0,0,.229,12.29
105,2014,199,1912,26.78,23.75,0,0,.229,12.29
105,2014,199,1918,26.64,23.82,0,0,.229,12.29
105,2014,199,1924,26.51,23.68,0,0,.229,12.29
105,2014,199,1930,26.38,23.66,0,0,.229,12.29
105,2014,199,1936,26.25,23.43,0,0,.229,12.29
105,2014,199,1942,26.13,23.41,0,0,.229,12.29
105,2014,199,1948,26.02,23.01,0,0,.229,12.29
105,2014,199,1954,25.92,23.06,0,0,.229,12.29
105,2014,199,2000,25.82,22.94,0,0,.229,12.29
105,2014,199,2006,25.71,22.4,0,0,.229,12.29
105,2014,199,2012,25.6,22.35,0,0,.229,12.29
105,2014,199,2018,25.49,22.4,0,0,.229,12.29
105,2014,199,2024,25.37,21.98,0,0,.229,12.29
105,2014,199,2030,25.25,21.81,0,0,.229,12.29
105,2014,199,2036,25.13,21.93,0,0,.23,12.29
105,2014,199,2042,25,21.47,0,0,.229,12.29
105,2014,199,2048,24.87,21.16,0,0,.229,12.29
105,2014,199,2054,24.74,21.17,0,0,.229,12.29
105,2014,199,2100,24.61,21.21,0,0,.229,12.29
105,2014,199,2106,24.47,21.23,0,0,.229,12.29
105,2014,199,2112,24.34,21.11,0,0,.229,12.29
105,2014,199,2118,24.21,20.92,0,0,.229,12.29
105,2014,199,2124,24.08,20.83,0,0,.229,12.29
105,2014,199,2130,23.95,20.81,0,0,.229,12.29
105,2014,199,2136,23.82,20.61,0,0,.229,12.29
105,2014,199,2142,23.7,20.5,0,0,.23,12.29
105,2014,199,2148,23.57,20.31,0,0,.23,12.29
105,2014,199,2154,23.45,20.36,0,0,.23,12.29
105,2014,199,2200,23.33,20.27,0,0,.231,12.29
105,2014,199,2206,23.21,20.26,0,0,.231,12.3
105,2014,199,2212,23.08,20.06,0,0,.231,12.29
105,2014,199,2218,22.97,19.93,0,0,.232,12.29
105,2014,199,2224,22.86,20,0,0,.232,12.29
105,2014,199,2230,22.75,19.9,0,0,.232,12.29
105,2014,199,2236,22.66,19.78,0,0,.232,12.3
105,2014,199,2242,22.57,19.93,0,0,.232,12.3
105,2014,199,2248,22.48,19.92,0,0,.232,12.3
105,2014,199,2254,22.39,19.98,0,0,.232,12.3
105,2014,199,2300,22.3,19.81,0,0,.232,12.3
105,2014,199,2306,22.22,19.8,0,0,.232,12.3
105,2014,199,2312,22.15,19.66,0,0,.232,12.3
105,2014,199,2318,22.08,19.71,0,0,.232,12.29
105,2014,199,2324,22.02,19.8,0,0,.232,12.29
105,2014,199,2330,21.97,19.72,0,0,.232,12.3
105,2014,199,2336,21.93,19.71,0,0,.232,12.3
105,2014,199,2342,21.89,19.84,0,0,.232,12.29
105,2014,199,2348,21.87,19.84,0,0,.232,12.3
105,2014,199,2354,21.84,20.13,0,0,.233,12.29
105,2014,200,0,21.83,20.17,0,0,.232,12.3
105,2014,200,6,21.81,20.06,0,0,.232,12.3
105,2014,200,12,21.79,20.28,0,0,.232,12.3
105,2014,200,18,21.77,20.18,0,0,.232,12.3
105,2014,200,24,21.76,20.19,0,0,.232,12.3
105,2014,200,30,21.75,20.18,0,0,.232,12.3
105,2014,200,36,21.74,20.23,0,0,.232,12.3
105,2014,200,42,21.73,20,0,0,.232,12.3
105,2014,200,48,21.71,19.81,0,0,.232,12.3
105,2014,200,54,21.68,20,0,0,.232,12.3
105,2014,200,100,21.65,19.93,0,0,.232,12.3
105,2014,200,106,21.61,19.76,0,0,.232,12.3
105,2014,200,112,21.58,19.82,0,0,.232,12.3
105,2014,200,118,21.56,19.81,0,0,.232,12.3
105,2014,200,124,21.54,19.79,0,0,.232,12.3
105,2014,200,130,21.53,19.91,0,0,.232,12.3
105,2014,200,136,21.53,20.01,0,0,.232,12.29
105,2014,200,142,21.53,19.75,0,0,.232,12.3
105,2014,200,148,21.52,19.66,0,0,.232,12.3
105,2014,200,154,21.5,19.76,0,0,.232,12.3
105,2014,200,200,21.48,19.69,0,0,.233,12.29
105,2014,200,206,21.47,19.8,0,0,.232,12.29
105,2014,200,212,21.46,19.73,0,0,.232,12.29
105,2014,200,218,21.45,19.56,0,0,.232,12.3
105,2014,200,224,21.44,19.65,0,0,.233,12.29
105,2014,200,230,21.43,19.7,0,0,.232,12.29
105,2014,200,236,21.42,19.64,0,0,.232,12.3
105,2014,200,242,21.41,19.71,0,0,.232,12.3
105,2014,200,248,21.4,19.8,0,0,.232,12.3
105,2014,200,254,21.39,19.65,0,0,.232,12.29
105,2014,200,300,21.37,19.85,0,0,.232,12.29
105,2014,200,306,21.35,19.5,0,0,.232,12.29
105,2014,200,312,21.34,19.42,0,0,.232,12.3
105,2014,200,318,21.32,19.52,0,0,.232,12.29
105,2014,200,324,21.31,19.5,0,0,.232,12.29
105,2014,200,330,21.29,19.35,0,0,.232,12.3
105,2014,200,336,21.27,19.4,0,0,.232,12.3
105,2014,200,342,21.27,19.48,0,0,.232,12.3
105,2014,200,348,21.26,19.45,0,0,.232,12.3
105,2014,200,354,21.25,19.54,0,0,.232,12.3
105,2014,200,400,21.24,19.25,0,0,.232,12.3
105,2014,200,406,21.22,19.92,0,0,.232,12.3
105,2014,200,412,21.2,19.73,0,0,.232,12.3
105,2014,200,418,21.18,19.41,0,0,.232,12.3
105,2014,200,424,21.15,19.27,0,0,.232,12.3
105,2014,200,430,21.12,19.41,0,0,.232,12.3
105,2014,200,436,21.1,19.38,0,0,.232,12.3
105,2014,200,442,21.08,19.53,0,0,.232,12.3
105,2014,200,448,21.06,19.2,0,0,.232,12.3
105,2014,200,454,21.03,19.36,0,0,.232,12.3
105,2014,200,500,21.01,19.32,0,0,.232,12.3
105,2014,200,506,20.99,19.31,0,0,.232,12.3
105,2014,200,512,20.97,19.18,0,0,.232,12.3
105,2014,200,518,20.95,19.43,0,0,.232,12.3
105,2014,200,524,20.94,19.52,0,0,.232,12.3
105,2014,200,530,20.93,19.37,0,0,.232,12.3
105,2014,200,536,20.92,19.4,0,0,.232,12.3
105,2014,200,542,20.91,19.28,0,0,.232,12.3
105,2014,200,548,20.89,19.16,0,0,.231,12.3
105,2014,200,554,20.87,19.17,0,0,.232,12.3
105,2014,200,600,20.85,18.97,0,0,.231,12.3
105,2014,200,606,20.83,19.25,0,0,.231,12.3
105,2014,200,612,20.81,19.25,0,0,.231,12.3
105,2014,200,618,20.79,19.23,0,0,.231,12.3
105,2014,200,624,20.77,19.03,0,0,.231,12.3
105,2014,200,630,20.75,19.17,0,0,.231,12.3
105,2014,200,636,20.73,19.16,0,0,.231,12.3
105,2014,200,642,20.72,19.35,0,0,.231,12.3
105,2014,200,648,20.72,19.62,0,0,.231,12.3
105,2014,200,654,20.73,19.48,0,0,.231,12.3
105,2014,200,700,20.73,19.62,0,0,.231,12.3
105,2014,200,706,20.75,19.62,0,0,.232,12.3
105,2014,200,712,20.76,19.81,0,0,.231,12.3
105,2014,200,718,20.78,20,0,0,.231,12.3
105,2014,200,724,20.8,19.86,0,0,.231,12.3
105,2014,200,730,20.82,20.02,0,0,.231,12.3
105,2014,200,736,20.84,19.99,0,0,.231,12.3
105,2014,200,742,20.87,19.99,0,0,.231,12.3
105,2014,200,748,20.9,20.09,0,0,.231,12.3
105,2014,200,754,20.92,19.95,0,0,.231,12.3
105,2014,200,800,20.95,20.14,0,0,.231,12.3
105,2014,200,806,20.98,20.47,0,0,.231,12.3
105,2014,200,812,21.03,20.97,0,0,.231,12.3
105,2014,200,818,21.08,20.91,0,0,.23,12.3
105,2014,200,824,21.13,20.99,0,0,.229,12.3
105,2014,200,830,21.19,20.89,0,0,.229,12.3
105,2014,200,836,21.26,21.18,0,0,.229,12.3
105,2014,200,842,21.33,21.34,0,0,.229,12.3
105,2014,200,848,21.4,21.35,0,0,.229,12.3
105,2014,200,854,21.48,21.5,0,0,.229,12.29
105,2014,200,900,21.57,21.43,0,0,.229,12.29
105,2014,200,906,21.67,21.99,0,0,.229,12.29
105,2014,200,912,21.79,22.18,0,0,.229,12.29
105,2014,200,918,21.92,22.54,0,0,.229,12.29
105,2014,200,924,22.07,22.92,0,0,.229,12.29
105,2014,200,930,22.22,23.01,0,0,.229,12.29
105,2014,200,936,22.38,23.19,0,0,.229,12.29
105,2014,200,942,22.54,23.57,0,0,.228,12.29
105,2014,200,948,22.71,23.75,0,0,.227,12.29
105,2014,200,954,22.88,24.25,0,0,.226,12.29
105,2014,200,1000,23.06,24.47,0,0,.226,12.29
105,2014,200,1006,23.25,25.08,0,0,.226,12.29
105,2014,200,1012,23.42,25.33,0,0,.226,12.29
105,2014,200,1018,23.59,25.55,0,0,.225,12.29
105,2014,200,1024,23.75,25.75,0,0,.225,12.29
105,2014,200,1030,23.89,25.74,0,0,.223,12.29
105,2014,200,1036,24.02,25.72,0,0,.223,12.29
105,2014,200,1042,24.13,24.51,0,0,.222,12.29
105,2014,200,1048,24.23,24.73,0,0,.222,12.29
105,2014,200,1054,24.32,25.17,0,0,.221,12.29
105,2014,200,1100,24.42,25.55,0,0,.221,12.29
105,2014,200,1106,24.52,25.91,0,0,.221,12.29
105,2014,200,1112,24.63,25.48,0,0,.221,12.29
105,2014,200,1118,24.73,24.52,0,0,.221,12.29
105,2014,200,1124,24.82,24.31,0,0,.22,12.29
105,2014,200,1130,24.9,24.84,0,0,.22,12.29
105,2014,200,1136,24.97,24.61,0,0,.219,12.29
105,2014,200,1142,25.05,25.72,0,0,.219,12.29
105,2014,200,1148,25.14,26.2,0,0,.218,12.29
105,2014,200,1154,25.23,26.12,0,0,.218,12.29
105,2014,200,1200,25.33,26.21,0,0,.218,12.29
105,2014,200,1206,25.43,26.7,0,0,.218,12.29
105,2014,200,1212,25.54,26.9,0,0,.218,12.29
105,2014,200,1218,25.65,27.22,0,0,.218,12.29
105,2014,200,1224,25.76,27.06,0,0,.217,12.29
105,2014,200,1230,25.88,26.92,0,0,.217,12.29
105,2014,200,1236,26,27.59,0,0,.216,12.29
105,2014,200,1242,26.12,27.78,0,0,.216,12.29
105,2014,200,1248,26.25,27.45,0,0,.215,12.29
105,2014,200,1254,26.38,27.27,0,0,.215,12.29
105,2014,200,1300,26.49,27.65,0,0,.215,12.29
105,2014,200,1306,26.59,27.13,0,0,.215,12.29
105,2014,200,1312,26.68,26.51,0,0,.215,12.29
105,2014,200,1318,26.75,27.02,0,0,.215,12.29
105,2014,200,1324,26.82,27.43,0,0,.215,12.29
105,2014,200,1330,26.89,27.67,0,0,.214,12.29
105,2014,200,1336,26.96,28.22,0,0,.215,12.29
105,2014,200,1342,27.04,27.91,0,0,.214,12.29
105,2014,200,1348,27.12,28.45,0,0,.212,12.29
105,2014,200,1354,27.21,29.19,0,0,.213,12.29
105,2014,200,1400,27.32,29.17,0,0,.212,12.29
105,2014,200,1406,27.44,28.27,0,0,.212,12.29
105,2014,200,1412,27.55,27.91,0,0,.212,12.29
105,2014,200,1418,27.64,27.71,0,0,.211,12.29
105,2014,200,1424,27.71,27.85,0,0,.21,12.29
105,2014,200,1430,27.76,28.07,0,0,.21,12.29
105,2014,200,1436,27.81,27.98,0,0,.21,12.29
105,2014,200,1442,27.85,28.14,0,0,.21,12.29
105,2014,200,1448,27.9,28.37,0,0,.209,12.29
105,2014,200,1454,27.96,28.91,0,0,.209,12.29
105,2014,200,1500,28.03,28.97,0,0,.208,12.29
105,2014,200,1506,28.11,29.42,0,0,.207,12.29
105,2014,200,1512,28.21,28.96,0,0,.207,12.29
105,2014,200,1518,28.31,29.37,0,0,.207,12.29
105,2014,200,1524,28.4,28.27,0,0,.207,12.29
105,2014,200,1530,28.48,27.93,0,0,.207,12.29
105,2014,200,1536,28.52,27.66,0,0,.207,12.29
105,2014,200,1542,28.54,27.26,0,0,.207,12.29
105,2014,200,1548,28.52,27.13,0,0,.207,12.29
105,2014,200,1554,28.48,27.43,0,0,.207,12.29
105,2014,200,1600,28.43,27.39,0,0,.207,12.29
105,2014,200,1606,28.38,27.68,0,0,.207,12.29
105,2014,200,1612,28.32,27.07,0,0,.207,12.29
105,2014,200,1618,28.27,27.23,0,0,.207,12.29
105,2014,200,1624,28.22,26.93,0,0,.206,12.29
105,2014,200,1630,28.17,27.12,0,0,.205,12.29
105,2014,200,1636,28.12,27.01,0,0,.205,12.29
105,2014,200,1642,28.08,27.27,0,0,.204,12.29
105,2014,200,1648,28.04,27.16,0,0,.204,12.29
105,2014,200,1654,28.02,27.33,0,0,.204,12.29
105,2014,200,1700,28,27.4,0,0,.204,12.29
105,2014,200,1706,27.99,26.99,0,0,.203,12.29
105,2014,200,1712,27.99,27.79,0,0,.204,12.29
105,2014,200,1718,27.99,27.27,0,0,.203,12.29
105,2014,200,1724,27.99,27.03,0,0,.203,12.29
105,2014,200,1730,27.97,26.76,0,0,.204,12.29
105,2014,200,1736,27.95,26.75,0,0,.204,12.29
105,2014,200,1742,27.91,26.6,0,0,.203,12.29
105,2014,200,1748,27.88,26.29,0,0,.203,12.29
105,2014,200,1754,27.83,26.44,0,0,.203,12.29
105,2014,200,1800,27.78,26.59,0,0,.204,12.29
105,2014,200,1806,27.73,26.12,0,0,.204,12.29
105,2014,200,1812,27.67,25.93,0,0,.204,12.29
105,2014,200,1818,27.6,26.19,0,0,.204,12.29
105,2014,200,1824,27.54,25.9,0,0,.204,12.29
105,2014,200,1830,27.48,25.58,0,0,.204,12.29
105,2014,200,1836,27.42,24.63,0,0,.203,12.29
105,2014,200,1842,27.33,24.66,0,0,.203,12.29
105,2014,200,1848,27.24,24.78,0,0,.203,12.29
105,2014,200,1854,27.13,24.63,0,0,.202,12.29
105,2014,200,1900,27.02,24.56,0,0,.202,12.29
105,2014,200,1906,26.91,24.58,0,0,.202,12.29
105,2014,200,1912,26.81,23.36,0,0,.202,12.29
105,2014,200,1918,26.7,23.07,0,0,.203,12.29
105,2014,200,1924,26.57,23.14,0,0,.203,12.29
105,2014,200,1930,26.44,23.17,0,0,.203,12.29
105,2014,200,1936,26.31,23.05,0,0,.203,12.29
105,2014,200,1942,26.17,22.87,0,0,.203,12.29
105,2014,200,1948,26.05,22.54,0,0,.203,12.29
105,2014,200,1954,25.93,22.94,0,0,.204,12.29
105,2014,200,2000,25.81,23.05,0,0,.203,12.29
105,2014,200,2006,25.7,22.51,0,0,.204,12.29
105,2014,200,2012,25.58,22.62,0,0,.203,12.29
105,2014,200,2018,25.47,22.79,0,0,.204,12.29
105,2014,200,2024,25.37,22.88,0,0,.203,12.29
105,2014,200,2030,25.27,22.76,0,0,.204,12.29
105,2014,200,2036,25.18,22.97,0,0,.203,12.29
105,2014,200,2042,25.09,22.16,0,0,.203,12.29
105,2014,200,2048,25,21.95,0,0,.203,12.29
105,2014,200,2054,24.91,22.33,0,0,.204,12.29
105,2014,200,2100,24.82,22.19,0,0,.204,12.29
105,2014,200,2106,24.72,21.99,0,0,.204,12.29
105,2014,200,2112,24.63,21.82,0,0,.204,12.29
105,2014,200,2118,24.54,21.99,0,0,.204,12.29
105,2014,200,2124,24.46,21.94,0,0,.204,12.29
105,2014,200,2130,24.38,22.26,0,0,.204,12.29
105,2014,200,2136,24.3,21.91,0,0,.204,12.29
105,2014,200,2142,24.21,21.77,0,0,.204,12.29
105,2014,200,2148,24.13,21.94,0,0,.204,12.29
105,2014,200,2154,24.06,22.12,0,0,.203,12.29
105,2014,200,2200,24,22.45,0,0,.204,12.29
105,2014,200,2206,23.96,22.41,0,0,.204,12.29
105,2014,200,2212,23.92,22.51,0,0,.204,12.29
105,2014,200,2218,23.9,22.38,0,0,.204,12.29
105,2014,200,2224,23.88,22.34,0,0,.204,12.29
105,2014,200,2230,23.87,22.25,0,0,.204,12.29
105,2014,200,2236,23.85,21.99,0,0,.203,12.29
105,2014,200,2242,23.84,22.26,0,0,.204,12.29
105,2014,200,2248,23.81,22.33,0,0,.205,12.29
105,2014,200,2254,23.8,22.43,0,0,.204,12.29
105,2014,200,2300,23.79,22.45,0,0,.204,12.29
105,2014,200,2306,23.79,22.53,0,0,.204,12.29
105,2014,200,2312,23.8,22.35,0,0,.205,12.29
105,2014,200,2318,23.81,22.51,0,0,.204,12.29
105,2014,200,2324,23.82,22.56,0,0,.204,12.29
105,2014,200,2330,23.83,22.43,0,0,.204,12.29
105,2014,200,2336,23.84,22.44,0,0,.204,12.29
105,2014,200,2342,23.85,22.57,0,0,.204,12.29
105,2014,200,2348,23.86,22.63,0,0,.204,12.29
105,2014,200,2354,23.87,22.76,0,0,.204,12.29
105,2014,201,0,23.89,22.6,0,0,.204,12.29
105,2014,201,6,23.91,22.6,0,0,.204,12.29
105,2014,201,12,23.93,22.51,0,0,.204,12.29
105,2014,201,18,23.94,22.63,0,0,.203,12.29
105,2014,201,24,23.94,22.54,0,0,.204,12.29
105,2014,201,30,23.94,22.62,0,0,.203,12.29
105,2014,201,36,23.94,22.48,0,0,.203,12.29
105,2014,201,42,23.94,22.48,0,0,.204,12.29
105,2014,201,48,23.94,22.42,0,0,.204,12.29
105,2014,201,54,23.94,22.41,0,0,.203,12.29
105,2014,201,100,23.94,22.35,0,0,.203,12.29
105,2014,201,106,23.94,22.28,0,0,.203,12.29
105,2014,201,112,23.93,22.29,0,0,.203,12.29
105,2014,201,118,23.92,22.33,0,0,.203,12.29
105,2014,201,124,23.91,22.33,0,0,.203,12.29
105,2014,201,130,23.9,22.23,0,0,.203,12.29
105,2014,201,136,23.89,22.32,0,0,.203,12.29
105,2014,201,142,23.89,22.45,0,0,.204,12.29
105,2014,201,148,23.88,22.45,0,0,.203,12.29
105,2014,201,154,23.88,22.35,0,0,.204,12.29
105,2014,201,200,23.88,22.4,0,0,.204,12.29
105,2014,201,206,23.88,22.46,0,0,.203,12.29
105,2014,201,212,23.88,22.42,0,0,.203,12.29
105,2014,201,218,23.88,22.4,0,0,.203,12.29
105,2014,201,224,23.88,22.44,0,0,.203,12.29
105,2014,201,230,23.88,22.34,0,0,.203,12.29
105,2014,201,236,23.88,22.35,0,0,.203,12.29
105,2014,201,242,23.86,22.23,0,0,.204,12.29
105,2014,201,248,23.86,22.33,0,0,.203,12.29
105,2014,201,254,23.84,22.17,0,0,.203,12.29
105,2014,201,300,23.83,22.15,0,0,.204,12.29
105,2014,201,306,23.81,22.36,0,0,.203,12.29
105,2014,201,312,23.79,22.26,0,0,.204,12.29
105,2014,201,318,23.77,22.26,0,0,.203,12.29
105,2014,201,324,23.76,22.43,0,0,.203,12.29
105,2014,201,330,23.76,22.35,0,0,.203,12.29
105,2014,201,336,23.77,22.45,0,0,.203,12.3
105,2014,201,342,23.78,22.47,0,0,.204,12.29
105,2014,201,348,23.79,22.54,0,0,.203,12.29
105,2014,201,354,23.8,22.43,0,0,.203,12.29
105,2014,201,400,23.82,22.41,0,0,.203,12.29
105,2014,201,406,23.83,22.43,0,0,.203,12.29
105,2014,201,412,23.84,22.41,0,0,.203,12.29
105,2014,201,418,23.85,22.39,0,0,.203,12.29
105,2014,201,424,23.86,22.44,0,0,.203,12.29
105,2014,201,430,23.86,22.48,0,0,.203,12.29
105,2014,201,436,23.87,22.48,0,0,.203,12.29
105,2014,201,442,23.88,22.47,0,0,.203,12.29
105,2014,201,448,23.88,22.42,0,0,.203,12.29
105,2014,201,454,23.88,22.55,0,0,.203,12.29
105,2014,201,500,23.88,22.37,0,0,.203,12.29
105,2014,201,506,23.88,22.2,0,0,.203,12.29
105,2014,201,512,23.86,22.09,0,0,.202,12.29
105,2014,201,518,23.85,22.05,0,0,.202,12.3
105,2014,201,524,23.84,22.07,0,0,.203,12.3
105,2014,201,530,23.83,22.05,0,0,.202,12.3
105,2014,201,536,23.8,21.95,0,0,.202,12.29
105,2014,201,542,23.78,21.99,0,0,.203,12.3
105,2014,201,548,23.75,21.96,0,0,.203,12.3
105,2014,201,554,23.73,21.89,0,0,.202,12.3
105,2014,201,600,23.7,21.83,0,0,.202,12.3
105,2014,201,606,23.67,21.77,0,0,.202,12.3
105,2014,201,612,23.64,21.77,0,0,.202,12.3
105,2014,201,618,23.61,21.82,0,0,.202,12.3
105,2014,201,624,23.58,21.81,0,0,.203,12.3
105,2014,201,630,23.56,21.92,0,0,.203,12.3
105,2014,201,636,23.53,21.85,0,0,.204,12.3
105,2014,201,642,23.51,21.81,0,0,.203,12.3
105,2014,201,648,23.49,21.92,0,0,.203,12.3
105,2014,201,654,23.47,21.9,0,0,.203,12.3
105,2014,201,700,23.46,21.99,0,0,.204,12.3
105,2014,201,706,23.45,22,0,0,.203,12.3
105,2014,201,712,23.44,22.09,0,0,.203,12.3
105,2014,201,718,23.43,22.08,0,0,.203,12.3
105,2014,201,724,23.44,22.2,0,0,.204,12.3
105,2014,201,730,23.45,22.29,0,0,.203,12.3
105,2014,201,736,23.45,22.19,0,0,.201,12.29
105,2014,201,742,23.47,22.43,0,0,.202,12.3
105,2014,201,748,23.49,22.43,0,0,.202,12.3
105,2014,201,754,23.51,22.33,0,0,.202,12.3
105,2014,201,800,23.54,22.34,0,0,.202,12.3
105,2014,201,806,23.56,22.53,0,0,.203,12.3
105,2014,201,812,23.58,22.66,0,0,.202,12.3
105,2014,201,818,23.6,22.67,0,0,.202,12.3
105,2014,201,824,23.63,22.69,0,0,.201,12.3
105,2014,201,830,23.66,22.81,0,0,.202,12.3
105,2014,201,836,23.68,22.9,0,0,.202,12.3
105,2014,201,842,23.72,23.13,0,0,.2,12.3
105,2014,201,848,23.75,23.4,0,0,.2,12.3
105,2014,201,854,23.8,23.53,0,0,.2,12.29
105,2014,201,900,23.85,23.55,0,0,.2,12.29
105,2014,201,906,23.91,23.99,0,0,.2,12.29
105,2014,201,912,23.98,23.95,0,0,.199,12.29
105,2014,201,918,24.05,23.85,0,0,.198,12.29
105,2014,201,924,24.12,24.03,0,0,.197,12.29
105,2014,201,930,24.19,24.18,0,0,.197,12.29
105,2014,201,936,24.27,24.45,0,0,.196,12.29
105,2014,201,942,24.35,24.41,0,0,.196,12.29
105,2014,201,948,24.43,24.82,0,0,.196,12.29
105,2014,201,954,24.52,25.29,0,0,.196,12.29
105,2014,201,1000,24.62,25.37,0,0,.194,12.29
105,2014,201,1006,24.73,25.62,0,0,.194,12.29
105,2014,201,1012,24.85,25.75,0,0,.193,12.29
105,2014,201,1018,24.95,25.34,0,0,.193,12.29
105,2014,201,1024,25.06,25.83,0,0,.193,12.29
105,2014,201,1030,25.17,26.68,0,0,.192,12.29
105,2014,201,1036,25.3,27.28,0,0,.19,12.29
105,2014,201,1042,25.45,28.49,0,0,.19,12.29
105,2014,201,1048,25.63,28.65,0,0,.189,12.29
105,2014,201,1054,25.84,29.31,0,0,.189,12.29
105,2014,201,1100,26.07,29.96,0,0,.188,12.29
105,2014,201,1106,26.33,29.75,0,0,.187,12.29
105,2014,201,1112,26.58,29.62,0,0,.187,12.29
105,2014,201,1118,26.82,30.52,0,0,.187,12.29
105,2014,201,1124,27.06,30.12,0,0,.186,12.29
105,2014,201,1130,27.29,31.17,0,0,.185,12.29
105,2014,201,1136,27.52,30.45,0,0,.185,12.29
105,2014,201,1142,27.74,28.91,0,0,.185,12.29
105,2014,201,1148,27.92,29.58,0,0,.183,12.29
105,2014,201,1154,28.07,28.42,0,0,.182,12.29
105,2014,201,1200,28.18,29.32,0,0,.183,12.29
105,2014,201,1206,28.26,29.34,0,0,.183,12.29
105,2014,201,1212,28.34,28.05,0,0,.183,12.29
105,2014,201,1218,28.38,27.59,0,0,.183,12.29
105,2014,201,1224,28.41,27.55,0,0,.183,12.29
105,2014,201,1230,28.41,28.33,0,0,.183,12.29
105,2014,201,1236,28.42,29.7,0,0,.182,12.29
105,2014,201,1242,28.47,30.46,0,0,.182,12.29
105,2014,201,1248,28.56,29.8,0,0,.181,12.29
105,2014,201,1254,28.66,30.15,0,0,.179,12.29
105,2014,201,1300,28.78,30.12,0,0,.179,12.28
105,2014,201,1306,28.9,30.19,0,0,.179,12.28
105,2014,201,1312,29.02,29.86,0,0,.179,12.28
105,2014,201,1318,29.12,30.07,0,0,.179,12.29
105,2014,201,1324,29.22,30.59,0,0,.179,12.28
105,2014,201,1330,29.32,30.24,0,0,.178,12.28
105,2014,201,1336,29.42,30.53,0,0,.176,12.28
105,2014,201,1342,29.51,31.19,0,0,.176,12.29
105,2014,201,1348,29.63,31.23,0,0,.176,12.28
105,2014,201,1354,29.75,31.28,0,0,.175,12.28
105,2014,201,1400,29.86,30.08,0,0,.174,12.28
105,2014,201,1406,29.95,29.61,0,0,.174,12.28
105,2014,201,1412,30,29.96,0,0,.174,12.28
105,2014,201,1418,30.03,29.89,0,0,.174,12.29
105,2014,201,1424,30.03,29.38,0,0,.173,12.29
105,2014,201,1430,30.03,30.03,0,0,.174,12.29
105,2014,201,1436,30.03,29.43,0,0,.174,12.29
105,2014,201,1442,30.02,29.87,0,0,.174,12.29
105,2014,201,1448,30.01,29.69,0,0,.173,12.29
105,2014,201,1454,30,30.09,0,0,.172,12.29
105,2014,201,1500,30,30.33,0,0,.172,12.28
105,2014,201,1506,30.02,29.46,0,0,.171,12.29
105,2014,201,1512,30.03,29.64,0,0,.171,12.29
105,2014,201,1518,30.05,29.2,0,0,.171,12.28
105,2014,201,1524,30.04,29.19,0,0,.171,12.29
105,2014,201,1530,30.02,29.85,0,0,.17,12.29
105,2014,201,1536,30,30.39,0,0,.169,12.29
105,2014,201,1542,30,29.68,0,0,.168,12.29
105,2014,201,1548,30,29.4,0,0,.168,12.29
105,2014,201,1554,29.99,29.56,0,0,.168,12.29
105,2014,201,1600,29.98,29.42,0,0,.168,12.29
105,2014,201,1606,29.97,29.6,0,0,.168,12.29
105,2014,201,1612,29.95,29.32,0,0,.168,12.29
105,2014,201,1618,29.94,29.31,0,0,.168,12.29
105,2014,201,1624,29.92,29,0,0,.168,12.29
105,2014,201,1630,29.91,28.65,0,0,.168,12.29
105,2014,201,1636,29.88,28.44,0,0,.168,12.29
105,2014,201,1642,29.85,28.47,0,0,.168,12.29
105,2014,201,1648,29.81,27.98,0,0,.168,12.29
105,2014,201,1654,29.75,27.14,0,0,.168,12.29
105,2014,201,1700,29.66,26.88,0,0,.167,12.29
105,2014,201,1706,29.56,26.73,0,0,.168,12.29
105,2014,201,1712,29.44,26.55,0,0,.168,12.29
105,2014,201,1718,29.3,26.3,0,0,.168,12.29
105,2014,201,1724,29.17,26.22,0,0,.168,12.29
105,2014,201,1730,29.05,26.38,0,0,.168,12.29
105,2014,201,1736,28.93,26.68,0,0,.168,12.29
105,2014,201,1742,28.82,26.6,0,0,.168,12.29
105,2014,201,1748,28.71,26.61,0,0,.168,12.29
105,2014,201,1754,28.62,26.22,0,0,.168,12.29
105,2014,201,1800,28.53,26.32,0,0,.168,12.29
105,2014,201,1806,28.45,26.41,0,0,.167,12.29
105,2014,201,1812,28.36,26.16,0,0,.166,12.29
105,2014,201,1818,28.28,26.14,0,0,.166,12.29
105,2014,201,1824,28.21,25.99,0,0,.165,12.29
105,2014,201,1830,28.13,25.94,0,0,.166,12.29
105,2014,201,1836,28.06,25.65,0,0,.165,12.29
105,2014,201,1842,27.98,25.51,0,0,.165,12.29
105,2014,201,1848,27.9,25.61,0,0,.165,12.29
105,2014,201,1854,27.82,25.7,0,0,.165,12.29
105,2014,201,1900,27.74,25.4,0,0,.165,12.29
105,2014,201,1906,27.66,25.34,0,0,.165,12.29
105,2014,201,1912,27.58,25.43,0,0,.165,12.29
105,2014,201,1918,27.5,25.23,0,0,.165,12.29
105,2014,201,1924,27.41,25.53,0,0,.165,12.29
105,2014,201,1930,27.33,25.58,0,0,.165,12.29
105,2014,201,1936,27.26,25.07,0,0,.165,12.29
105,2014,201,1942,27.18,24.98,0,0,.165,12.29
105,2014,201,1948,27.11,24.94,0,0,.165,12.29
105,2014,201,1954,27.03,24.96,0,0,.165,12.29
105,2014,201,2000,26.95,24.85,0,0,.165,12.29
105,2014,201,2006,26.87,24.57,0,0,.165,12.29
105,2014,201,2012,26.78,24.36,0,0,.165,12.29
105,2014,201,2018,26.68,23.7,0,0,.165,12.29
105,2014,201,2024,26.58,23.4,0,0,.165,12.29
105,2014,201,2030,26.47,23.43,0,0,.165,12.29
105,2014,201,2036,26.35,23.48,0,0,.165,12.29
105,2014,201,2042,26.23,23.19,0,0,.165,12.29
105,2014,201,2048,26.11,23.37,0,0,.165,12.29
105,2014,201,2054,26,23.06,0,0,.165,12.29
105,2014,201,2100,25.87,22.71,0,0,.165,12.29
105,2014,201,2106,25.72,22.42,0,0,.165,12.29
105,2014,201,2112,25.57,22.58,0,0,.165,12.29
105,2014,201,2118,25.42,22.86,0,0,.165,12.29
105,2014,201,2124,25.28,22.36,0,0,.165,12.29
105,2014,201,2130,25.14,22.27,0,0,.165,12.29
105,2014,201,2136,25.01,22.27,0,0,.165,12.29
105,2014,201,2142,24.89,22.07,0,0,.165,12.29
105,2014,201,2148,24.76,22.04,0,0,.165,12.29
105,2014,201,2154,24.65,21.92,0,0,.165,12.29
105,2014,201,2200,24.53,21.74,0,0,.165,12.29
105,2014,201,2206,24.41,21.58,0,0,.165,12.29
105,2014,201,2212,24.29,21.42,0,0,.165,12.29
105,2014,201,2218,24.16,21.57,0,0,.165,12.29
105,2014,201,2224,24.05,21.85,0,0,.165,12.29
105,2014,201,2230,23.95,22.02,0,0,.166,12.29
105,2014,201,2236,23.88,21.73,0,0,.166,12.29
105,2014,201,2242,23.82,21.6,0,0,.166,12.29
105,2014,201,2248,23.76,21.76,0,0,.166,12.29
105,2014,201,2254,23.71,21.59,0,0,.166,12.29
105,2014,201,2300,23.67,21.81,0,0,.166,12.29
105,2014,201,2306,23.64,22.09,0,0,.167,12.29
105,2014,201,2312,23.61,21.97,0,0,.167,12.3
105,2014,201,2318,23.58,22.03,0,0,.167,12.3
105,2014,201,2324,23.56,21.99,0,0,.167,12.3
105,2014,201,2330,23.54,22.01,0,0,.167,12.3
105,2014,201,2336,23.51,21.91,0,0,.167,12.3
105,2014,201,2342,23.49,22.07,0,0,.168,12.3
105,2014,201,2348,23.47,21.91,0,0,.167,12.3
105,2014,201,2354,23.46,21.95,0,0,.168,12.3
105,2014,202,0,23.44,21.92,0,0,.167,12.3
105,2014,202,6,23.42,21.98,0,0,.168,12.3
105,2014,202,12,23.41,21.96,0,0,.168,12.3
105,2014,202,18,23.38,21.69,0,0,.168,12.29
105,2014,202,24,23.36,21.85,0,0,.168,12.29
105,2014,202,30,23.32,21.82,0,0,.168,12.29
105,2014,202,36,23.29,21.7,0,0,.168,12.29
105,2014,202,42,23.26,21.6,0,0,.168,12.3
105,2014,202,48,23.23,21.53,0,0,.168,12.29
105,2014,202,54,23.19,21.62,0,0,.168,12.29
105,2014,202,100,23.16,21.25,0,0,.168,12.29
105,2014,202,106,23.12,21.47,0,0,.168,12.29
105,2014,202,112,23.08,21.49,0,0,.168,12.29
105,2014,202,118,23.05,21.69,0,0,.168,12.29
105,2014,202,124,23.03,21.61,0,0,.168,12.3
105,2014,202,130,23.01,21.59,0,0,.168,12.29
105,2014,202,136,22.99,21.59,0,0,.168,12.3
105,2014,202,142,22.98,21.56,0,0,.168,12.3
105,2014,202,148,22.97,21.71,0,0,.168,12.3
105,2014,202,154,22.97,21.74,0,0,.168,12.3
105,2014,202,200,22.98,21.73,0,0,.186,12.29
105,2014,202,206,22.98,21.8,0,0,.284,12.3
105,2014,202,212,23,21.82,0,0,.326,12.3
105,2014,202,218,23.02,21.96,0,0,.366,12.3
105,2014,202,224,23.03,21.96,0,0,.405,12.3
105,2014,202,230,23.05,22.09,0,0,.435,12.29
105,2014,202,236,23.07,21.97,0,0,.457,12.3
105,2014,202,242,23.09,21.96,0,0,.478,12.3
105,2014,202,248,23.1,21.9,0,0,.499,12.3
105,2014,202,254,23.11,22.01,0,0,.52,12.3
105,2014,202,300,23.12,21.97,0,0,.546,12.3
105,2014,202,306,23.13,21.92,0,0,.567,12.29
105,2014,202,312,23.15,22.02,0,0,.586,12.29
105,2014,202,318,23.16,21.99,0,0,.598,12.29
105,2014,202,324,23.17,22.04,0,0,.606,12.29
105,2014,202,330,23.19,21.97,0,0,.611,12.29
105,2014,202,336,23.19,21.97,0,0,.612,12.3
105,2014,202,342,23.2,22,0,0,.612,12.3
105,2014,202,348,23.2,21.86,0,0,.612,12.3
105,2014,202,354,23.2,21.91,0,0,.612,12.3
105,2014,202,400,23.2,21.89,0,0,.611,12.3
105,2014,202,406,23.19,21.82,0,0,.606,12.3
105,2014,202,412,23.18,21.82,0,0,.6,12.3
105,2014,202,418,23.17,21.84,0,0,.595,12.3
105,2014,202,424,23.15,21.85,0,0,.589,12.3
105,2014,202,430,23.14,21.87,0,0,.583,12.3
105,2014,202,436,23.13,21.86,0,0,.576,12.3
105,2014,202,442,23.11,21.81,0,0,.572,12.3
105,2014,202,448,23.11,21.93,0,0,.566,12.3
105,2014,202,454,23.1,21.96,0,0,.561,12.29
105,2014,202,500,23.08,21.81,0,0,.556,12.29
105,2014,202,506,23.08,21.79,0,0,.55,12.29
105,2014,202,512,23.06,21.85,0,0,.545,12.3
105,2014,202,518,23.06,21.76,0,0,.541,12.3
105,2014,202,524,23.05,21.82,0,0,.536,12.3
105,2014,202,530,23.05,21.78,0,0,.531,12.3
105,2014,202,536,23.04,21.7,0,0,.526,12.29
105,2014,202,542,23.03,21.71,0,0,.521,12.3
105,2014,202,548,23.03,21.71,0,0,.519,12.3
105,2014,202,554,23.03,21.76,0,0,.514,12.3
105,2014,202,600,23.02,21.73,0,0,.509,12.3
105,2014,202,606,23.02,21.89,0,0,.507,12.3
105,2014,202,612,23.01,21.9,0,0,.503,12.3
105,2014,202,618,23.01,21.78,0,0,.499,12.3
105,2014,202,624,23.01,21.86,0,0,.496,12.29
105,2014,202,630,23,21.63,0,0,.491,12.29
105,2014,202,636,23,21.63,0,0,.487,12.29
105,2014,202,642,23,21.74,0,0,.484,12.29
105,2014,202,648,23,21.74,0,0,.481,12.29
105,2014,202,654,22.99,21.73,0,0,.477,12.3
105,2014,202,700,22.99,22.03,0,0,.475,12.3
105,2014,202,706,23,22.04,0,0,.471,12.29
105,2014,202,712,23,22.2,0,0,.467,12.29
105,2014,202,718,23.02,22.5,0,0,.464,12.29
105,2014,202,724,23.04,22.69,0,0,.462,12.29
105,2014,202,730,23.07,22.69,0,0,.459,12.29
105,2014,202,736,23.1,23.12,0,0,.458,12.29
105,2014,202,742,23.15,22.92,0,0,.455,12.29
105,2014,202,748,23.2,23.22,0,0,.452,12.29
105,2014,202,754,23.25,23.31,0,0,.45,12.29
105,2014,202,800,23.31,23.56,0,0,.448,12.29
105,2014,202,806,23.37,23.52,0,0,.445,12.29
105,2014,202,812,23.44,24.41,0,0,.444,12.29
105,2014,202,818,23.52,25.07,0,0,.44,12.29
105,2014,202,824,23.62,25.61,0,0,.436,12.29
105,2014,202,830,23.75,24.75,0,0,.434,12.29
105,2014,202,836,23.89,24.64,0,0,.432,12.29
105,2014,202,842,24.01,25.3,0,0,.43,12.29
105,2014,202,848,24.13,25.43,0,0,.428,12.29
105,2014,202,854,24.25,26,0,0,.426,12.29
105,2014,202,900,24.38,26.32,0,0,.423,12.29
105,2014,202,906,24.51,25.57,0,0,.421,12.29
105,2014,202,912,24.64,26.83,0,0,.419,12.29
105,2014,202,918,24.78,26.29,0,0,.418,12.29
105,2014,202,924,24.92,26.46,0,0,.416,12.29
105,2014,202,930,25.05,27.01,0,0,.414,12.29
105,2014,202,936,25.18,26.55,0,0,.412,12.29
105,2014,202,942,25.32,27.07,0,0,.411,12.29
105,2014,202,948,25.46,27.62,0,0,.409,12.29
105,2014,202,954,25.6,28.2,0,0,.41,12.29
105,2014,202,1000,25.74,28.19,0,0,.406,12.29
105,2014,202,1006,25.89,28.45,0,0,.407,12.29
105,2014,202,1012,26.03,28.28,0,0,.405,12.29
105,2014,202,1018,26.18,28.85,0,0,.405,12.29
105,2014,202,1024,26.33,28.56,0,0,.406,12.29
105,2014,202,1030,26.49,29.16,0,0,.406,12.29
105,2014,202,1036,26.64,28.62,0,0,.405,12.29
105,2014,202,1042,26.78,28.72,0,0,.405,12.29
105,2014,202,1048,26.92,28.91,0,0,.405,12.29
105,2014,202,1054,27.05,27.83,0,0,.406,12.29
105,2014,202,1100,27.18,28.12,0,0,.405,12.29
105,2014,202,1106,27.29,29.02,0,0,.406,12.29
105,2014,202,1112,27.39,28.88,0,0,.406,12.29
105,2014,202,1118,27.49,29.18,0,0,.404,12.29
105,2014,202,1124,27.59,29.74,0,0,.406,12.29
105,2014,202,1130,27.7,28.25,0,0,.409,12.29
105,2014,202,1136,27.8,28.23,0,0,.415,12.29
105,2014,202,1142,27.87,28.38,0,0,.421,12.29
105,2014,202,1148,27.93,28.24,0,0,.431,12.29
105,2014,202,1154,27.98,28.72,0,0,.444,12.29
105,2014,202,1200,28.02,28.18,0,0,.459,12.29
105,2014,202,1206,28.05,28.37,0,0,.477,12.29
105,2014,202,1212,28.08,28.65,0,0,.496,12.29
105,2014,202,1218,28.12,29.39,0,0,.518,12.29
105,2014,202,1224,28.19,29.16,0,0,.541,12.29
105,2014,202,1230,28.26,29.25,0,0,.56,12.29
105,2014,202,1236,28.34,29.35,0,0,.577,12.29
105,2014,202,1242,28.42,28.36,0,0,.593,12.29
105,2014,202,1248,28.47,27.98,0,0,.606,12.29
105,2014,202,1254,28.52,29.05,0,0,.62,12.29
105,2014,202,1300,28.56,29.29,0,0,.632,12.29
105,2014,202,1306,28.6,29.36,0,0,.645,12.29
105,2014,202,1312,28.66,30.11,0,0,.657,12.29
105,2014,202,1318,28.73,30.59,0,0,.669,12.28
105,2014,202,1324,28.83,30.7,0,0,.681,12.28
105,2014,202,1330,28.95,30.08,0,0,.694,12.29
105,2014,202,1336,29.06,30.74,0,0,.706,12.29
105,2014,202,1342,29.17,30.75,0,0,.711,12.29
105,2014,202,1348,29.29,30.78,0,0,.714,12.29
105,2014,202,1354,29.39,30.54,0,0,.714,12.29
105,2014,202,1400,29.49,30.88,0,0,.714,12.29
105,2014,202,1406,29.58,30.3,0,0,.711,12.29
105,2014,202,1412,29.66,30.88,0,0,.704,12.29
105,2014,202,1418,29.76,31.08,0,0,.694,12.29
105,2014,202,1424,29.86,31.2,0,0,.686,12.29
105,2014,202,1430,29.96,30.87,0,0,.677,12.28
105,2014,202,1436,30.05,30,0,0,.668,12.29
105,2014,202,1442,30.1,29.68,0,0,.659,12.29
105,2014,202,1448,30.13,30.31,0,0,.649,12.29
105,2014,202,1454,30.17,30.09,0,0,.639,12.29
105,2014,202,1500,30.2,29.85,0,0,.631,12.29
105,2014,202,1506,30.23,30.23,0,0,.62,12.29
105,2014,202,1512,30.26,30.01,0,0,.613,12.29
105,2014,202,1518,30.31,30.4,0,0,.604,12.29
105,2014,202,1524,30.35,30.44,0,0,.596,12.29
105,2014,202,1530,30.39,30.07,0,0,.59,12.29
105,2014,202,1536,30.43,30.71,0,0,.583,12.29
105,2014,202,1542,30.48,30.97,0,0,.576,12.29
105,2014,202,1548,30.52,30.11,0,0,.569,12.29
105,2014,202,1554,30.56,30.24,0,0,.563,12.29
105,2014,202,1600,30.59,30.95,0,0,.557,12.29
105,2014,202,1606,30.63,31.05,0,0,.554,12.29
105,2014,202,1612,30.66,30.75,0,0,.545,12.29
105,2014,202,1618,30.69,30.64,0,0,.54,12.29
105,2014,202,1624,30.71,30.03,0,0,.536,12.29
105,2014,202,1630,30.72,30.86,0,0,.529,12.29
105,2014,202,1636,30.72,30.89,0,0,.525,12.29
105,2014,202,1642,30.74,30.63,0,0,.52,12.29
105,2014,202,1648,30.75,30.81,0,0,.516,12.29
105,2014,202,1654,30.77,29.48,0,0,.511,12.29
105,2014,202,1700,30.78,29.49,0,0,.507,12.29
105,2014,202,1706,30.79,29.15,0,0,.503,12.29
105,2014,202,1712,30.76,28.25,0,0,.501,12.29
105,2014,202,1718,30.71,28.53,0,0,.498,12.29
105,2014,202,1724,30.65,28.15,0,0,.494,12.29
105,2014,202,1730,30.57,28.4,0,0,.49,12.29
105,2014,202,1736,30.49,28.4,0,0,.486,12.29
105,2014,202,1742,30.41,28.16,0,0,.482,12.29
105,2014,202,1748,30.33,28.01,0,0,.48,12.29
105,2014,202,1754,30.25,27.71,0,0,.476,12.29
105,2014,202,1800,30.16,27.84,0,0,.473,12.29
105,2014,202,1806,30.09,27.94,0,0,.47,12.29
105,2014,202,1812,30.02,27.95,0,0,.467,12.29
105,2014,202,1818,29.95,27.69,0,0,.465,12.29
105,2014,202,1824,29.88,27.94,0,0,.462,12.29
105,2014,202,1830,29.81,27.35,0,0,.46,12.29
105,2014,202,1836,29.73,27.29,0,0,.457,12.29
105,2014,202,1842,29.66,27.34,0,0,.455,12.29
105,2014,202,1848,29.57,27.06,0,0,.452,12.29
105,2014,202,1854,29.49,27.28,0,0,.451,12.29
105,2014,202,1900,29.42,26.37,0,0,.449,12.29
105,2014,202,1906,29.33,26.79,0,0,.447,12.29
105,2014,202,1912,29.24,26.59,0,0,.445,12.29
105,2014,202,1918,29.15,26.51,0,0,.443,12.29
105,2014,202,1924,29.06,26.2,0,0,.441,12.29
105,2014,202,1930,28.96,26.35,0,0,.439,12.29
105,2014,202,1936,28.85,25.81,0,0,.437,12.29
105,2014,202,1942,28.73,25.98,0,0,.435,12.29
105,2014,202,1948,28.61,25.1,0,0,.434,12.29
105,2014,202,1954,28.49,24.99,0,0,.433,12.29
105,2014,202,2000,28.36,25.36,0,0,.432,12.29
105,2014,202,2006,28.23,24.77,0,0,.43,12.29
105,2014,202,2012,28.1,24.64,0,0,.429,12.29
105,2014,202,2018,27.97,24.51,0,0,.427,12.29
105,2014,202,2024,27.83,24.31,0,0,.425,12.29
105,2014,202,2030,27.69,24.54,0,0,.424,12.29
105,2014,202,2036,27.56,23.85,0,0,.422,12.29
105,2014,202,2042,27.42,23.65,0,0,.422,12.29
105,2014,202,2048,27.28,23.46,0,0,.421,12.29
105,2014,202,2054,27.14,23.53,0,0,.419,12.29
105,2014,202,2100,26.99,23.53,0,0,.418,12.29
105,2014,202,2106,26.86,23.4,0,0,.417,12.29
105,2014,202,2112,26.73,23.34,0,0,.415,12.29
105,2014,202,2118,26.59,23.21,0,0,.415,12.29
105,2014,202,2124,26.46,23.02,0,0,.413,12.29
105,2014,202,2130,26.33,23.08,0,0,.412,12.29
105,2014,202,2136,26.19,22.95,0,0,.411,12.29
105,2014,202,2142,26.07,22.77,0,0,.41,12.29
105,2014,202,2148,25.95,22.74,0,0,.409,12.29
105,2014,202,2154,25.82,22.74,0,0,.408,12.29
105,2014,202,2200,25.71,22.7,0,0,.406,12.29
105,2014,202,2206,25.6,22.81,0,0,.405,12.29
105,2014,202,2212,25.49,22.62,0,0,.404,12.29
105,2014,202,2218,25.39,22.51,0,0,.402,12.29
105,2014,202,2224,25.28,22.35,0,0,.402,12.29
105,2014,202,2230,25.18,22.26,0,0,.4,12.29
105,2014,202,2236,25.09,22.27,0,0,.4,12.29
105,2014,202,2242,25,22.32,0,0,.399,12.29
105,2014,202,2248,24.91,22.09,0,0,.397,12.29
105,2014,202,2254,24.81,21.99,0,0,.397,12.29
105,2014,202,2300,24.72,21.9,0,0,.395,12.29
105,2014,202,2306,24.64,21.97,0,0,.394,12.29
105,2014,202,2312,24.55,21.87,0,0,.394,12.29
105,2014,202,2318,24.48,21.78,0,0,.393,12.29
105,2014,202,2324,24.4,21.79,0,0,.392,12.29
105,2014,202,2330,24.33,21.62,0,0,.391,12.29
105,2014,202,2336,24.25,21.59,0,0,.39,12.29
105,2014,202,2342,24.18,21.72,0,0,.39,12.29
105,2014,202,2348,24.11,21.53,0,0,.389,12.29
105,2014,202,2354,24.04,21.58,0,0,.389,12.29
105,2014,203,0,23.98,21.45,0,0,.387,12.29
105,2014,203,6,23.91,21.6,0,0,.387,12.29
105,2014,203,12,23.85,21.56,0,0,.386,12.29
105,2014,203,18,23.79,21.53,0,0,.387,12.29
105,2014,203,24,23.73,21.65,0,0,.387,12.29
105,2014,203,30,23.69,21.6,0,0,.387,12.29
105,2014,203,36,23.64,21.54,0,0,.387,12.29
105,2014,203,42,23.59,21.59,0,0,.387,12.29
105,2014,203,48,23.54,21.62,0,0,.388,12.29
105,2014,203,54,23.49,21.43,0,0,.387,12.29
105,2014,203,100,23.44,21.34,0,0,.387,12.29
105,2014,203,106,23.38,21.44,0,0,.389,12.29
105,2014,203,112,23.33,21.43,0,0,.396,12.29
105,2014,203,118,23.28,21.47,0,0,.41,12.29
105,2014,203,124,23.23,21.43,0,0,.429,12.29
105,2014,203,130,23.18,21.41,0,0,.452,12.29
105,2014,203,136,23.14,21.33,0,0,.477,12.29
105,2014,203,142,23.1,21.24,0,0,.507,12.29
105,2014,203,148,23.06,21.31,0,0,.536,12.29
105,2014,203,154,23.04,21.36,0,0,.564,12.29
105,2014,203,200,23.02,21.33,0,0,.591,12.29
105,2014,203,206,23.02,21.29,0,0,.617,12.29
105,2014,203,212,23.01,21.28,0,0,.643,12.29
105,2014,203,218,23,21.41,0,0,.662,12.29
105,2014,203,224,22.99,21.36,0,0,.679,12.29
105,2014,203,230,22.98,21.26,0,0,.698,12.29
105,2014,203,236,22.97,21.47,0,0,.714,12.29
105,2014,203,242,22.95,21.35,0,0,.728,12.29
105,2014,203,248,22.93,21.19,0,0,.739,12.29
105,2014,203,254,22.92,21.05,0,0,.753,12.29
105,2014,203,300,22.91,21.06,0,0,.76,12.29
105,2014,203,306,22.88,21.14,0,0,.76,12.29
105,2014,203,312,22.83,21.14,0,0,.759,12.29
105,2014,203,318,22.76,21.16,0,0,.762,12.29
105,2014,203,324,22.68,21.02,0,0,.759,12.29
105,2014,203,330,22.6,20.99,0,0,.752,12.29
105,2014,203,336,22.51,20.87,0,0,.744,12.29
105,2014,203,342,22.43,20.85,0,0,.735,12.29
105,2014,203,348,22.35,20.84,0,0,.725,12.29
105,2014,203,354,22.27,20.88,0,0,.715,12.29
105,2014,203,400,22.2,20.89,0,0,.707,12.29
105,2014,203,406,22.13,20.76,0,0,.695,12.29
105,2014,203,412,22.06,20.89,0,0,.686,12.29
105,2014,203,418,21.99,20.94,0,0,.676,12.29
105,2014,203,424,21.92,20.89,0,0,.668,12.29
105,2014,203,430,21.85,20.96,0,0,.659,12.29
105,2014,203,436,21.79,20.85,0,0,.65,12.29
105,2014,203,442,21.73,20.91,0,0,.642,12.29
105,2014,203,448,21.67,20.81,0,0,.632,12.29
105,2014,203,454,21.62,20.77,0,0,.625,12.29
105,2014,203,500,21.58,20.94,0,0,.618,12.29
105,2014,203,506,21.53,20.82,0,0,.611,12.29
105,2014,203,512,21.49,20.67,0,0,.604,12.29
105,2014,203,518,21.44,20.65,0,0,.598,12.29
105,2014,203,524,21.41,20.67,0,0,.592,12.29
105,2014,203,530,21.37,20.69,0,0,.586,12.3
105,2014,203,536,21.33,20.72,0,0,.579,12.3
105,2014,203,542,21.29,20.66,0,0,.574,12.29
105,2014,203,548,21.25,20.54,0,0,.568,12.3
105,2014,203,554,21.21,20.49,0,0,.562,12.3
105,2014,203,600,21.18,20.48,0,0,.558,12.3
105,2014,203,606,21.15,20.47,0,0,.551,12.3
105,2014,203,612,21.12,20.71,0,0,.547,12.3
105,2014,203,618,21.08,20.6,0,0,.542,12.3
105,2014,203,624,21.06,20.65,0,0,.538,12.29
105,2014,203,630,21.04,20.73,0,0,.533,12.29
105,2014,203,636,21.03,20.97,0,0,.53,12.3
105,2014,203,642,21.03,20.88,0,0,.524,12.3
105,2014,203,648,21.03,20.98,0,0,.521,12.29
105,2014,203,654,21.04,21.08,0,0,.517,12.3
105,2014,203,700,21.05,21.13,0,0,.513,12.29
105,2014,203,706,21.07,21.39,0,0,.509,12.29
105,2014,203,712,21.09,21.32,0,0,.506,12.29
105,2014,203,718,21.12,21.67,0,0,.502,12.29
105,2014,203,724,21.15,23.04,0,0,.498,12.29
105,2014,203,730,21.21,23.38,0,0,.495,12.29
105,2014,203,736,21.29,23.86,0,0,.491,12.29
105,2014,203,742,21.4,24.44,0,0,.488,12.29
105,2014,203,748,21.52,24.14,0,0,.484,12.29
105,2014,203,754,21.65,23.72,0,0,.482,12.29
105,2014,203,800,21.79,24.15,0,0,.479,12.29
105,2014,203,806,21.91,24.61,0,0,.475,12.29
105,2014,203,812,22.05,25.61,0,0,.473,12.29
105,2014,203,818,22.21,26.02,0,0,.469,12.29
105,2014,203,824,22.4,25.98,0,0,.466,12.29
105,2014,203,830,22.6,26.37,0,0,.464,12.29
105,2014,203,836,22.81,26.5,0,0,.461,12.29
105,2014,203,842,23.03,25.91,0,0,.46,12.29
105,2014,203,848,23.26,25.76,0,0,.458,12.29
105,2014,203,854,23.49,25.85,0,0,.456,12.29
105,2014,203,900,23.71,26.03,0,0,.454,12.29
105,2014,203,906,23.93,25.83,0,0,.451,12.29
105,2014,203,912,24.14,26.38,0,0,.448,12.29
105,2014,203,918,24.42,26.31,0,0,.446,12.29
105,2014,203,924,24.98,25.94,0,0,.444,12.29
105,2014,203,930,25.76,26.34,0,0,.442,12.29
105,2014,203,936,26.42,26.26,0,0,.439,12.29
105,2014,203,942,27.08,26.52,0,0,.438,12.29
105,2014,203,948,27.95,27.01,0,0,.436,12.29
105,2014,203,954,28.78,27.37,0,0,.434,12.29
105,2014,203,1000,28.84,27.37,0,0,.433,12.29
105,2014,203,1006,29.25,27.34,0,0,.431,12.29
105,2014,203,1012,30.65,28.62,0,0,.43,12.29
105,2014,203,1018,31.27,28.84,0,0,.428,12.29
105,2014,203,1024,31.02,28.49,0,0,.426,12.29
105,2014,203,1030,32.63,29.23,0,0,.424,12.29
105,2014,203,1036,33.31,28.87,0,0,.423,12.29
105,2014,203,1042,32.66,28.89,0,0,.422,12.29
105,2014,203,1048,33.74,29.65,0,0,.421,12.29
105,2014,203,1054,37.19,30.69,0,0,.419,12.29
105,2014,203,1100,40.1,31.05,0,0,.417,12.28
105,2014,203,1106,39.21,30.75,0,0,.415,12.28
105,2014,203,1112,39.91,31.26,0,0,.414,12.28