,28.17,27.52,0,0,.253,12.29
105,2014,211,1642,28.19,27.1,0,0,.253,12.29
105,2014,211,1648,28.2,27.18,0,0,.253,12.29
105,2014,211,1654,28.21,26.71,0,0,.253,12.29
105,2014,211,1700,28.2,26.44,0,0,.253,12.29
105,2014,211,1706,28.18,26.2,0,0,.253,12.29
105,2014,211,1712,28.15,25.63,0,0,.253,12.29
105,2014,211,1718,28.11,25.34,0,0,.253,12.29
105,2014,211,1724,28.04,25,0,0,.253,12.29
105,2014,211,1730,27.94,24.76,0,0,.253,12.29
105,2014,211,1736,27.83,24.64,0,0,.253,12.29
105,2014,211,1742,27.71,24.5,0,0,.253,12.29
105,2014,211,1748,27.58,24.42,0,0,.252,12.29
105,2014,211,1754,27.44,24.44,0,0,.253,12.29
105,2014,211,1800,27.31,24.23,0,0,.253,12.29
105,2014,211,1806,27.17,23.96,0,0,.252,12.29
105,2014,211,1812,27.03,23.75,0,0,.253,12.29
105,2014,211,1818,26.9,23.78,0,0,.253,12.29
105,2014,211,1824,26.78,23.72,0,0,.253,12.29
105,2014,211,1830,26.64,23.55,0,0,.253,12.29
105,2014,211,1836,26.52,23.45,0,0,.253,12.29
105,2014,211,1842,26.39,23.33,0,0,.253,12.29
105,2014,211,1848,26.27,23.02,0,0,.253,12.29
105,2014,211,1854,26.16,23,0,0,.253,12.29
105,2014,211,1900,26.03,22.82,0,0,.252,12.29
105,2014,211,1906,25.91,22.47,0,0,.253,12.29
105,2014,211,1912,25.78,22.54,0,0,.252,12.29
105,2014,211,1918,25.66,22.53,0,0,.252,12.29
105,2014,211,1924,25.53,22.38,0,0,.252,12.29
105,2014,211,1930,25.41,22.02,0,0,.253,12.29
105,2014,211,1936,25.29,22.08,0,0,.252,12.29
105,2014,211,1942,25.17,21.61,0,0,.252,12.29
105,2014,211,1948,25.04,21.28,0,0,.252,12.29
105,2014,211,1954,24.91,21.1,0,0,.251,12.29
105,2014,211,2000,24.78,21.16,0,0,.253,12.29
105,2014,211,2006,24.63,21.11,0,0,.252,12.29
105,2014,211,2012,24.49,20.79,0,0,.252,12.29
105,2014,211,2018,24.35,20.39,0,0,.251,12.29
105,2014,211,2024,24.19,20.2,0,0,.252,12.29
105,2014,211,2030,24.02,20.04,0,0,.252,12.29
105,2014,211,2036,23.85,19.96,0,0,.252,12.29
105,2014,211,2042,23.68,19.94,0,0,.252,12.29
105,2014,211,2048,23.51,19.61,0,0,.253,12.3
105,2014,211,2054,23.34,19.42,0,0,.253,12.3
105,2014,211,2100,23.17,19.2,0,0,.254,12.3
105,2014,211,2106,22.99,18.9,0,0,.254,12.3
105,2014,211,2112,22.83,18.88,0,0,.254,12.3
105,2014,211,2118,22.67,18.76,0,0,.254,12.3
105,2014,211,2124,22.5,18.68,0,0,.254,12.3
105,2014,211,2130,22.35,18.58,0,0,.255,12.3
105,2014,211,2136,22.19,18.5,0,0,.254,12.3
105,2014,211,2142,22.05,18.42,0,0,.254,12.3
105,2014,211,2148,21.92,18.29,0,0,.254,12.3
105,2014,211,2154,21.79,18.2,0,0,.255,12.3
105,2014,211,2200,21.65,18.2,0,0,.254,12.3
105,2014,211,2206,21.53,18.15,0,0,.254,12.3
105,2014,211,2212,21.41,18.08,0,0,.254,12.3
105,2014,211,2218,21.3,17.99,0,0,.254,12.3
105,2014,211,2224,21.19,17.98,0,0,.255,12.3
105,2014,211,2230,21.09,17.99,0,0,.255,12.3
105,2014,211,2236,20.99,17.89,0,0,.254,12.3
105,2014,211,2242,20.89,17.87,0,0,.254,12.3
105,2014,211,2248,20.78,17.79,0,0,.254,12.3
105,2014,211,2254,20.66,17.68,0,0,.254,12.3
105,2014,211,2300,20.55,17.73,0,0,.253,12.3
105,2014,211,2306,20.43,17.49,0,0,.253,12.3
105,2014,211,2312,20.32,17.18,0,0,.253,12.3
105,2014,211,2318,20.2,17.43,0,0,.253,12.3
105,2014,211,2324,20.09,17.3,0,0,.252,12.3
105,2014,211,2330,19.99,17.22,0,0,.252,12.3
105,2014,211,2336,19.89,17.07,0,0,.252,12.3
105,2014,211,2342,19.79,16.75,0,0,.252,12.3
105,2014,211,2348,19.68,16.54,0,0,.252,12.3
105,2014,211,2354,19.57,16.49,0,0,.252,12.3
105,2014,212,0,19.46,16.67,0,0,.252,12.3
105,2014,212,6,19.36,16.68,0,0,.252,12.3
105,2014,212,12,19.26,16.61,0,0,.252,12.3
105,2014,212,18,19.16,16.72,0,0,.252,12.3
105,2014,212,24,19.08,16.66,0,0,.251,12.3
105,2014,212,30,19.02,16.61,0,0,.252,12.3
105,2014,212,36,18.96,16.62,0,0,.252,12.3
105,2014,212,42,18.92,16.59,0,0,.252,12.3
105,2014,212,48,18.88,16.63,0,0,.252,12.3
105,2014,212,54,18.85,16.62,0,0,.252,12.3
105,2014,212,100,18.83,16.6,0,0,.252,12.3
105,2014,212,106,18.81,16.57,0,0,.252,12.3
105,2014,212,112,18.79,16.5,0,0,.251,12.3
105,2014,212,118,18.76,16.51,0,0,.252,12.3
105,2014,212,124,18.73,16.49,0,0,.251,12.3
105,2014,212,130,18.7,16.52,0,0,.252,12.3
105,2014,212,136,18.66,16.55,0,0,.251,12.3
105,2014,212,142,18.63,16.46,0,0,.251,12.3
105,2014,212,148,18.59,16.29,0,0,.252,12.3
105,2014,212,154,18.54,16.35,0,0,.252,12.3
105,2014,212,200,18.5,16.41,0,0,.252,12.3
105,2014,212,206,18.45,16.37,0,0,.252,12.3
105,2014,212,212,18.41,16.31,0,0,.251,12.3
105,2014,212,218,18.37,16.29,0,0,.251,12.3
105,2014,212,224,18.34,16.27,0,0,.252,12.3
105,2014,212,230,18.31,16.26,0,0,.252,12.3
105,2014,212,236,18.28,16.32,0,0,.252,12.3
105,2014,212,242,18.26,16.33,0,0,.252,12.3
105,2014,212,248,18.23,16.3,0,0,.252,12.3
105,2014,212,254,18.2,16.33,0,0,.251,12.3
105,2014,212,300,18.18,16.33,0,0,.251,12.3
105,2014,212,306,18.17,16.39,0,0,.252,12.3
105,2014,212,312,18.15,16.41,0,0,.252,12.3
105,2014,212,318,18.14,16.45,0,0,.252,12.3
105,2014,212,324,18.13,16.48,0,0,.251,12.3
105,2014,212,330,18.12,16.54,0,0,.252,12.3
105,2014,212,336,18.11,16.57,0,0,.252,12.3
105,2014,212,342,18.11,16.58,0,0,.252,12.3
105,2014,212,348,18.11,16.56,0,0,.252,12.3
105,2014,212,354,18.11,16.55,0,0,.251,12.3
105,2014,212,400,18.12,16.55,0,0,.252,12.3
105,2014,212,406,18.12,16.56,0,0,.252,12.3
105,2014,212,412,18.12,16.51,0,0,.251,12.3
105,2014,212,418,18.11,16.44,0,0,.252,12.3
105,2014,212,424,18.1,16.44,0,0,.252,12.3
105,2014,212,430,18.08,16.46,0,0,.252,12.3
105,2014,212,436,18.06,16.15,0,0,.251,12.3
105,2014,212,442,18.02,15.82,0,0,.251,12.3
105,2014,212,448,17.98,16.18,0,0,.252,12.3
105,2014,212,454,17.94,16.15,0,0,.251,12.3
105,2014,212,500,17.9,16.09,0,0,.251,12.3
105,2014,212,506,17.86,15.73,0,0,.251,12.3
105,2014,212,512,17.82,15.88,0,0,.252,12.3
105,2014,212,518,17.78,15.98,0,0,.251,12.3
105,2014,212,524,17.74,15.96,0,0,.252,12.3
105,2014,212,530,17.7,15.99,0,0,.252,12.3
105,2014,212,536,17.67,15.66,0,0,.251,12.3
105,2014,212,542,17.64,15.59,0,0,.252,12.3
105,2014,212,548,17.6,15.45,0,0,.251,12.3
105,2014,212,554,17.55,15.37,0,0,.252,12.3
105,2014,212,600,17.51,15.63,0,0,.251,12.3
105,2014,212,606,17.45,15.48,0,0,.251,12.3
105,2014,212,612,17.41,15.64,0,0,.251,12.3
105,2014,212,618,17.37,15.67,0,0,.252,12.3
105,2014,212,624,17.33,15.71,0,0,.252,12.3
105,2014,212,630,17.3,15.6,0,0,.251,12.3
105,2014,212,636,17.26,15.64,0,0,.251,12.3
105,2014,212,642,17.24,15.82,0,0,.252,12.3
105,2014,212,648,17.22,16.25,0,0,.252,12.3
105,2014,212,654,17.22,16.6,0,0,.251,12.3
105,2014,212,700,17.24,17.22,0,0,.25,12.3
105,2014,212,706,17.29,17.85,0,0,.251,12.3
105,2014,212,712,17.37,18.49,0,0,.251,12.3
105,2014,212,718,17.48,18.82,0,0,.25,12.3
105,2014,212,724,17.61,19.32,0,0,.25,12.3
105,2014,212,730,17.78,20.38,0,0,.249,12.3
105,2014,212,736,17.98,20.99,0,0,.248,12.3
105,2014,212,742,18.19,20.47,0,0,.248,12.3
105,2014,212,748,18.42,20.59,0,0,.248,12.3
105,2014,212,754,18.63,21.56,0,0,.248,12.3
105,2014,212,800,18.86,21.6,0,0,.246,12.3
105,2014,212,806,19.08,21.78,0,0,.246,12.3
105,2014,212,812,19.31,22.48,0,0,.246,12.3
105,2014,212,818,19.55,23.66,0,0,.245,12.3
105,2014,212,824,19.8,23.62,0,0,.245,12.3
105,2014,212,830,20.07,23.74,0,0,.244,12.3
105,2014,212,836,20.35,24.21,0,0,.245,12.29
105,2014,212,842,20.64,24.79,0,0,.244,12.29
105,2014,212,848,20.93,25.15,0,0,.244,12.29
105,2014,212,854,21.22,25.08,0,0,.245,12.29
105,2014,212,900,21.52,25.97,0,0,.245,12.29
105,2014,212,906,21.84,26.15,0,0,.245,12.29
105,2014,212,912,22.15,25.77,0,0,.245,12.29
105,2014,212,918,22.45,26.95,0,0,.245,12.29
105,2014,212,924,22.76,26.84,0,0,.245,12.29
105,2014,212,930,23.06,27.09,0,0,.245,12.29
105,2014,212,936,23.36,28.2,0,0,.243,12.29
105,2014,212,942,23.67,28.07,0,0,.243,12.29
105,2014,212,948,23.97,28.63,0,0,.242,12.29
105,2014,212,954,24.28,29.19,0,0,.242,12.29
105,2014,212,1000,24.58,28.74,0,0,.241,12.29
105,2014,212,1006,24.87,29.15,0,0,.24,12.29
105,2014,212,1012,25.17,29.19,0,0,.24,12.29
105,2014,212,1018,25.45,29.57,0,0,.24,12.29
105,2014,212,1024,25.73,29.62,0,0,.24,12.29
105,2014,212,1030,26.01,29.57,0,0,.24,12.29
105,2014,212,1036,26.28,30.64,0,0,.238,12.29
105,2014,212,1042,26.55,29.47,0,0,.239,12.29
105,2014,212,1048,26.81,31.53,0,0,.238,12.29
105,2014,212,1054,27.07,30.88,0,0,.238,12.29
105,2014,212,1100,27.32,30.4,0,0,.237,12.29
105,2014,212,1106,27.56,31.03,0,0,.237,12.29
105,2014,212,1112,27.78,31.35,0,0,.237,12.29
105,2014,212,1118,28.01,31.72,0,0,.237,12.29
105,2014,212,1124,28.25,31.35,0,0,.237,12.29
105,2014,212,1130,28.46,31.38,0,0,.237,12.29
105,2014,212,1136,28.68,32.02,0,0,.237,12.29
105,2014,212,1142,28.89,32.17,0,0,.237,12.28
105,2014,212,1148,29.09,32.01,0,0,.235,12.28
105,2014,212,1154,29.3,32.48,0,0,.235,12.28
105,2014,212,1200,29.49,31.81,0,0,.235,12.28
105,2014,212,1206,29.66,31.19,0,0,.235,12.28
105,2014,212,1212,29.79,28.93,0,0,.234,12.29
105,2014,212,1218,29.86,30.55,0,0,.235,12.29
105,2014,212,1224,29.91,29.09,0,0,.234,12.29
105,2014,212,1230,29.94,31.14,0,0,.235,12.29
105,2014,212,1236,30,32.21,0,0,.234,12.28
105,2014,212,1242,30.08,30.26,0,0,.234,12.29
105,2014,212,1248,30.16,31.21,0,0,.234,12.29
105,2014,212,1254,30.24,31.34,0,0,.234,12.29
105,2014,212,1300,30.34,32.07,0,0,.234,12.29
105,2014,212,1306,30.47,31.4,0,0,.234,12.29
105,2014,212,1312,30.57,30.83,0,0,.234,12.29
105,2014,212,1318,30.66,32.44,0,0,.233,12.28
105,2014,212,1324,30.74,30.86,0,0,.232,12.28
105,2014,212,1330,30.81,30.46,0,0,.232,12.29
105,2014,212,1336,30.86,31.61,0,0,.232,12.29
105,2014,212,1342,30.92,29.86,0,0,.231,12.29
105,2014,212,1348,30.97,29.13,0,0,.231,12.29
105,2014,212,1354,30.97,31.01,0,0,.231,12.29
105,2014,212,1400,30.96,31.03,0,0,.232,12.29
105,2014,212,1406,30.99,30.69,0,0,.231,12.29
105,2014,212,1412,31.02,31.89,0,0,.231,12.29
105,2014,212,1418,31.06,30.99,0,0,.231,12.29
105,2014,212,1424,31.1,32,0,0,.231,12.29
105,2014,212,1430,31.15,30.99,0,0,.231,12.29
105,2014,212,1436,31.2,31.27,0,0,.231,12.29
105,2014,212,1442,31.25,31.74,0,0,.23,12.29
105,2014,212,1448,31.32,31.57,0,0,.229,12.28
105,2014,212,1454,31.39,31.92,0,0,.229,12.28
105,2014,212,1500,31.46,30.68,0,0,.228,12.28
105,2014,212,1506,31.51,30.47,0,0,.229,12.29
105,2014,212,1512,31.54,30.8,0,0,.229,12.29
105,2014,212,1518,31.55,30.9,0,0,.229,12.29
105,2014,212,1524,31.58,30.19,0,0,.229,12.29
105,2014,212,1530,31.59,29.02,0,0,.228,12.29
105,2014,212,1536,31.57,28.78,0,0,.228,12.29
105,2014,212,1542,31.52,28.73,0,0,.228,12.29
105,2014,212,1548,31.43,28.63,0,0,.228,12.29
105,2014,212,1554,31.32,28.62,0,0,.228,12.29
105,2014,212,1600,31.19,30.4,0,0,.229,12.29
105,2014,212,1606,31.1,30.68,0,0,.226,12.29
105,2014,212,1612,31.05,29.27,0,0,.226,12.29
105,2014,212,1618,31.01,28.65,0,0,.226,12.29
105,2014,212,1624,30.94,28.26,0,0,.226,12.29
105,2014,212,1630,30.86,28.81,0,0,.226,12.29
105,2014,212,1636,30.77,28.91,0,0,.226,12.29
105,2014,212,1642,30.71,29.67,0,0,.226,12.29
105,2014,212,1648,30.67,30.16,0,0,.226,12.29
105,2014,212,1654,30.67,29.06,0,0,.226,12.29
105,2014,212,1700,30.65,28.92,0,0,.225,12.29
105,2014,212,1706,30.64,28.79,0,0,.225,12.29
105,2014,212,1712,30.62,28.05,0,0,.225,12.29
105,2014,212,1718,30.57,27.74,0,0,.225,12.29
105,2014,212,1724,30.5,27.64,0,0,.225,12.29
105,2014,212,1730,30.42,27.7,0,0,.225,12.29
105,2014,212,1736,30.34,27.64,0,0,.226,12.29
105,2014,212,1742,30.25,27.57,0,0,.225,12.29
105,2014,212,1748,30.16,27.94,0,0,.226,12.29
105,2014,212,1754,30.07,27.9,0,0,.226,12.29
105,2014,212,1800,30.01,27.55,0,0,.225,12.29
105,2014,212,1806,29.94,27.58,0,0,.226,12.29
105,2014,212,1812,29.87,27.84,0,0,.226,12.29
105,2014,212,1818,29.81,27.87,0,0,.226,12.29
105,2014,212,1824,29.76,27.49,0,0,.226,12.29
105,2014,212,1830,29.71,27.41,0,0,.226,12.29
105,2014,212,1836,29.66,27.4,0,0,.225,12.29
105,2014,212,1842,29.61,27.4,0,0,.226,12.29
105,2014,212,1848,29.55,27.38,0,0,.226,12.29
105,2014,212,1854,29.49,26.94,0,0,.226,12.29
105,2014,212,1900,29.43,26.85,0,0,.226,12.29
105,2014,212,1906,29.36,26.57,0,0,.226,12.29
105,2014,212,1912,29.28,26.24,0,0,.226,12.29
105,2014,212,1918,29.2,26.21,0,0,.226,12.29
105,2014,212,1924,29.1,26.16,0,0,.226,12.29
105,2014,212,1930,29.01,26.11,0,0,.225,12.29
105,2014,212,1936,28.9,26.03,0,0,.226,12.29
105,2014,212,1942,28.79,25.56,0,0,.226,12.29
105,2014,212,1948,28.66,25.43,0,0,.225,12.29
105,2014,212,1954,28.53,25.11,0,0,.226,12.29
105,2014,212,2000,28.39,24.93,0,0,.225,12.29
105,2014,212,2006,28.25,24.79,0,0,.226,12.29
105,2014,212,2012,28.11,24.71,0,0,.226,12.29
105,2014,212,2018,27.96,24.44,0,0,.226,12.29
105,2014,212,2024,27.8,24.07,0,0,.226,12.29
105,2014,212,2030,27.63,24.18,0,0,.226,12.29
105,2014,212,2036,27.47,23.84,0,0,.226,12.29
105,2014,212,2042,27.3,23.81,0,0,.226,12.29
105,2014,212,2048,27.12,23.41,0,0,.226,12.29
105,2014,212,2054,26.94,23.05,0,0,.226,12.29
105,2014,212,2100,26.75,23.05,0,0,.225,12.29
105,2014,212,2106,26.58,23.14,0,0,.226,12.29
105,2014,212,2112,26.4,22.71,0,0,.226,12.29
105,2014,212,2118,26.22,22.7,0,0,.226,12.29
105,2014,212,2124,26.04,22.57,0,0,.226,12.29
105,2014,212,2130,25.89,22.51,0,0,.226,12.29
105,2014,212,2136,25.72,22.26,0,0,.226,12.29
105,2014,212,2142,25.56,22.24,0,0,.226,12.29
105,2014,212,2148,25.41,21.97,0,0,.226,12.29
105,2014,212,2154,25.26,21.91,0,0,.226,12.29
105,2014,212,2200,25.12,21.85,0,0,.226,12.29
105,2014,212,2206,24.99,21.96,0,0,.225,12.29
105,2014,212,2212,24.85,21.78,0,0,.226,12.29
105,2014,212,2218,24.71,21.62,0,0,.226,12.29
105,2014,212,2224,24.58,21.65,0,0,.226,12.29
105,2014,212,2230,24.46,21.78,0,0,.226,12.29
105,2014,212,2236,24.35,21.47,0,0,.225,12.29
105,2014,212,2242,24.23,21.32,0,0,.226,12.29
105,2014,212,2248,24.13,21.17,0,0,.226,12.29
105,2014,212,2254,24.03,21.16,0,0,.226,12.29
105,2014,212,2300,23.94,21.05,0,0,.226,12.29
105,2014,212,2306,23.86,21.05,0,0,.225,12.29
105,2014,212,2312,23.78,21.17,0,0,.226,12.29
105,2014,212,2318,23.7,21.06,0,0,.226,12.29
105,2014,212,2324,23.63,20.91,0,0,.226,12.29
105,2014,212,2330,23.56,20.9,0,0,.227,12.29
105,2014,212,2336,23.5,20.9,0,0,.227,12.3
105,2014,212,2342,23.44,20.9,0,0,.227,12.29
105,2014,212,2348,23.39,20.83,0,0,.227,12.29
105,2014,212,2354,23.33,20.85,0,0,.227,12.29
105,2014,213,0,23.27,20.98,0,0,.227,12.29
105,2014,213,6,23.2,20.85,0,0,.227,12.29
105,2014,213,12,23.14,20.89,0,0,.227,12.29
105,2014,213,18,23.09,20.9,0,0,.228,12.29
105,2014,213,24,23.04,20.81,0,0,.228,12.3
105,2014,213,30,23.01,20.79,0,0,.227,12.29
105,2014,213,36,22.98,20.79,0,0,.228,12.29
105,2014,213,42,22.96,20.8,0,0,.227,12.29
105,2014,213,48,22.93,20.74,0,0,.228,12.3
105,2014,213,54,22.91,20.84,0,0,.228,12.3
105,2014,213,100,22.89,20.95,0,0,.228,12.3
105,2014,213,106,22.86,20.94,0,0,.228,12.3
105,2014,213,112,22.83,20.91,0,0,.228,12.3
105,2014,213,118,22.79,20.8,0,0,.228,12.3
105,2014,213,124,22.76,20.72,0,0,.228,12.3
105,2014,213,130,22.72,20.82,0,0,.228,12.3
105,2014,213,136,22.69,20.84,0,0,.228,12.3
105,2014,213,142,22.66,21,0,0,.229,12.3
105,2014,213,148,22.63,20.97,0,0,.228,12.3
105,2014,213,154,22.59,20.93,0,0,.228,12.3
105,2014,213,200,22.56,20.92,0,0,.228,12.29
105,2014,213,206,22.52,20.86,0,0,.229,12.3
105,2014,213,212,22.49,20.66,0,0,.228,12.3
105,2014,213,218,22.46,20.84,0,0,.228,12.3
105,2014,213,224,22.43,20.9,0,0,.228,12.29
105,2014,213,230,22.41,21.07,0,0,.228,12.29
105,2014,213,236,22.4,21.08,0,0,.228,12.29
105,2014,213,242,22.4,21.05,0,0,.228,12.29
105,2014,213,248,22.4,21.13,0,0,.228,12.29
105,2014,213,254,22.4,21.15,0,0,.228,12.29
105,2014,213,300,22.41,21.18,0,0,.228,12.29
105,2014,213,306,22.43,21.14,0,0,.229,12.29
105,2014,213,312,22.45,21.11,0,0,.229,12.29
105,2014,213,318,22.48,21.04,0,0,.228,12.29
105,2014,213,324,22.5,21.1,0,0,.228,12.29
105,2014,213,330,22.52,21.12,0,0,.228,12.29
105,2014,213,336,22.55,21.04,0,0,.228,12.3
105,2014,213,342,22.57,21.18,0,0,.228,12.29
105,2014,213,348,22.59,21.25,0,0,.228,12.29
105,2014,213,354,22.61,21.23,0,0,.228,12.29
105,2014,213,400,22.64,21.25,0,0,.228,12.3
105,2014,213,406,22.66,21.33,0,0,.228,12.3
105,2014,213,412,22.69,21.45,0,0,.228,12.3
105,2014,213,418,22.71,21.43,0,0,.228,12.29
105,2014,213,424,22.73,21.32,0,0,.228,12.3
105,2014,213,430,22.74,21.35,0,0,.229,12.29
105,2014,213,436,22.75,21.4,0,0,.228,12.3
105,2014,213,442,22.77,21.37,0,0,.229,12.3
105,2014,213,448,22.78,21.26,0,0,.227,12.3
105,2014,213,454,22.8,21.28,0,0,.228,12.3
105,2014,213,500,22.81,21.43,0,0,.228,12.29
105,2014,213,506,22.82,21.32,0,0,.228,12.3
105,2014,213,512,22.84,21.32,0,0,.228,12.3
105,2014,213,518,22.84,21.35,0,0,.228,12.3
105,2014,213,524,22.85,21.26,0,0,.228,12.3
105,2014,213,530,22.84,21.07,0,0,.228,12.3
105,2014,213,536,22.84,21.26,0,0,.228,12.3
105,2014,213,542,22.83,21.29,0,0,.228,12.3
105,2014,213,548,22.81,21.15,0,0,.228,12.3
105,2014,213,554,22.8,21.05,0,0,.228,12.3
105,2014,213,600,22.78,20.94,0,0,.228,12.3
105,2014,213,606,22.77,21.01,0,0,.228,12.3
105,2014,213,612,22.76,21.11,0,0,.228,12.3
105,2014,213,618,22.75,21,0,0,.228,12.3
105,2014,213,624,22.74,21.1,0,0,.228,12.3
105,2014,213,630,22.73,21.16,0,0,.228,12.3
105,2014,213,636,22.72,21.14,0,0,.228,12.3
105,2014,213,642,22.72,21.14,0,0,.228,12.3
105,2014,213,648,22.74,21.37,0,0,.228,12.3
105,2014,213,654,22.75,21.32,0,0,.228,12.3
105,2014,213,700,22.76,21.4,0,0,.228,12.3
105,2014,213,706,22.78,21.67,0,0,.227,12.3
105,2014,213,712,22.81,22.32,0,0,.227,12.29
105,2014,213,718,22.85,22.92,0,0,.227,12.29
105,2014,213,724,22.91,22.48,0,0,.226,12.29
105,2014,213,730,22.99,22.4,0,0,.226,12.29
105,2014,213,736,23.06,22.39,0,0,.226,12.29
105,2014,213,742,23.14,22.75,0,0,.226,12.29
105,2014,213,748,23.22,22.94,0,0,.226,12.29
105,2014,213,754,23.31,23.01,0,0,.225,12.29
105,2014,213,800,23.4,23.46,0,0,.226,12.29
105,2014,213,806,23.51,23.74,0,0,.225,12.29
105,2014,213,812,23.62,24.08,0,0,.225,12.29
105,2014,213,818,23.74,24.55,0,0,.225,12.29
105,2014,213,824,23.86,24.24,0,0,.223,12.29
105,2014,213,830,23.99,24.06,0,0,.222,12.29
105,2014,213,836,24.11,24.13,0,0,.222,12.29
105,2014,213,842,24.22,24.17,0,0,.222,12.29
105,2014,213,848,24.33,24.49,0,0,.222,12.29
105,2014,213,854,24.44,24.3,0,0,.221,12.29
105,2014,213,900,24.55,24.88,0,0,.221,12.29
105,2014,213,906,24.66,24.66,0,0,.221,12.29
105,2014,213,912,24.76,24.49,0,0,.221,12.29
105,2014,213,918,24.85,24.46,0,0,.221,12.29
105,2014,213,924,24.93,24.77,0,0,.221,12.29
105,2014,213,930,25.01,25.2,0,0,.221,12.29
105,2014,213,936,25.1,25.69,0,0,.221,12.29
105,2014,213,942,25.2,25.91,0,0,.22,12.29
105,2014,213,948,25.31,25.92,0,0,.219,12.29
105,2014,213,954,25.43,25.94,0,0,.218,12.29
105,2014,213,1000,25.55,25.85,0,0,.218,12.29
105,2014,213,1006,25.67,25.95,0,0,.218,12.29
105,2014,213,1012,25.78,25.68,0,0,.218,12.29
105,2014,213,1018,25.87,25.6,0,0,.218,12.29
105,2014,213,1024,25.96,25.48,0,0,.218,12.29
105,2014,213,1030,26.03,25.33,0,0,.218,12.29
105,2014,213,1036,26.1,25.56,0,0,.218,12.29
105,2014,213,1042,26.14,25.21,0,0,.218,12.29
105,2014,213,1048,26.18,25.25,0,0,.218,12.29
105,2014,213,1054,26.21,25.18,0,0,.218,12.29
105,2014,213,1100,26.23,25.16,0,0,.218,12.29
105,2014,213,1106,26.26,25.47,0,0,.218,12.29
105,2014,213,1112,26.28,25.31,0,0,.218,12.29
105,2014,213,1118,26.31,25.33,0,0,.218,12.29
105,2014,213,1124,26.34,25.99,0,0,.218,12.29
105,2014,213,1130,26.37,25.71,0,0,.218,12.29
105,2014,213,1136,26.4,25.7,0,0,.218,12.29
105,2014,213,1142,26.44,25.73,0,0,.218,12.29
105,2014,213,1148,26.48,26.56,0,0,.218,12.29
105,2014,213,1154,26.53,26.61,0,0,.218,12.29
105,2014,213,1200,26.58,27.12,0,0,.217,12.29
105,2014,213,1206,26.65,27.61,0,0,.217,12.29
105,2014,213,1212,26.73,26.79,0,0,.215,12.29
105,2014,213,1218,26.81,26.99,0,0,.216,12.29
105,2014,213,1224,26.88,26.59,0,0,.216,12.29
105,2014,213,1230,26.94,26.7,0,0,.216,12.29
105,2014,213,1236,27.01,26.49,0,0,.216,12.29
105,2014,213,1242,27.06,26.41,0,0,.216,12.29
105,2014,213,1248,27.11,26.59,0,0,.217,12.29
105,2014,213,1254,27.16,26.47,0,0,.217,12.29
105,2014,213,1300,27.2,26.36,0,0,.216,12.29
105,2014,213,1306,27.23,26.73,0,0,.215,12.29
105,2014,213,1312,27.26,26.48,0,0,.215,12.29
105,2014,213,1318,27.27,26.7,0,0,.215,12.29
105,2014,213,1324,27.28,26.94,0,0,.215,12.29
105,2014,213,1330,27.29,26.66,0,0,.215,12.29
105,2014,213,1336,27.32,27.07,0,0,.215,12.29
105,2014,213,1342,27.34,27.17,0,0,.215,12.29
105,2014,213,1348,27.37,27.28,0,0,.215,12.29
105,2014,213,1354,27.41,27.64,0,0,.215,12.29
105,2014,213,1400,27.46,27.99,0,0,.215,12.29
105,2014,213,1406,27.51,27.97,0,0,.215,12.29
105,2014,213,1412,27.57,28.75,0,0,.214,12.29
105,2014,213,1418,27.65,28.8,0,0,.213,12.29
105,2014,213,1424,27.72,29.13,0,0,.212,12.29
105,2014,213,1430,27.81,28.65,0,0,.212,12.29
105,2014,213,1436,27.89,28.33,0,0,.212,12.29
105,2014,213,1442,27.96,27.83,0,0,.212,12.29
105,2014,213,1448,28.03,28.01,0,0,.212,12.29
105,2014,213,1454,28.08,28.15,0,0,.212,12.29
105,2014,213,1500,28.13,27.91,0,0,.212,12.29
105,2014,213,1506,28.17,28.72,0,0,.212,12.29
105,2014,213,1512,28.21,28.25,0,0,.211,12.29
105,2014,213,1518,28.26,28.43,0,0,.21,12.29
105,2014,213,1524,28.32,27.73,0,0,.21,12.29
105,2014,213,1530,28.38,27.18,0,0,.21,12.29
105,2014,213,1536,28.42,26.99,0,0,.211,12.29
105,2014,213,1542,28.42,26.45,0,0,.21,12.29
105,2014,213,1548,28.38,26.06,0,0,.21,12.29
105,2014,213,1554,28.33,25.48,0,0,.21,12.29
105,2014,213,1600,28.25,25.65,0,0,.21,12.29
105,2014,213,1606,28.17,25.66,0,0,.211,12.29
105,2014,213,1612,28.08,25.62,0,0,.211,12.29
105,2014,213,1618,28,25.22,0,0,.211,12.29
105,2014,213,1624,27.91,25.52,0,0,.21,12.29
105,2014,213,1630,27.83,25.19,0,0,.21,12.29
105,2014,213,1636,27.76,24.99,0,0,.21,12.29
105,2014,213,1642,27.68,25.19,0,0,.21,12.29
105,2014,213,1648,27.6,25.16,0,0,.21,12.29
105,2014,213,1654,27.51,24.62,0,0,.21,12.29
105,2014,213,1700,27.43,24.78,0,0,.21,12.29
105,2014,213,1706,27.35,25.24,0,0,.21,12.29
105,2014,213,1712,27.27,25.49,0,0,.21,12.29
105,2014,213,1718,27.21,25.94,0,0,.21,12.29
105,2014,213,1724,27.17,25.6,0,0,.21,12.29
105,2014,213,1730,27.16,25.75,0,0,.21,12.29
105,2014,213,1736,27.14,25.67,0,0,.21,12.29
105,2014,213,1742,27.13,25.26,0,0,.21,12.29
105,2014,213,1748,27.1,24.99,0,0,.21,12.29
105,2014,213,1754,27.07,24.89,0,0,.21,12.29
105,2014,213,1800,27.03,25.03,0,0,.21,12.29
105,2014,213,1806,26.98,24.69,0,0,.21,12.29
105,2014,213,1812,26.92,24.64,0,0,.21,12.29
105,2014,213,1818,26.86,24.66,0,0,.21,12.29
105,2014,213,1824,26.8,25.03,0,0,.21,12.29
105,2014,213,1830,26.74,24.73,0,0,.211,12.29
105,2014,213,1836,26.67,24.35,0,0,.21,12.29
105,2014,213,1842,26.61,23.97,0,0,.21,12.29
105,2014,213,1848,26.54,23.8,0,0,.211,12.29
105,2014,213,1854,26.47,23.36,0,0,.211,12.29
105,2014,213,1900,26.39,23.48,0,0,.211,12.29
105,2014,213,1906,26.32,23.5,0,0,.21,12.29
105,2014,213,1912,26.24,23.31,0,0,.21,12.29
105,2014,213,1918,26.16,23.06,0,0,.21,12.29
105,2014,213,1924,26.08,23.26,0,0,.21,12.29
105,2014,213,1930,26,23.4,0,0,.21,12.29
105,2014,213,1936,25.92,23.45,0,0,.21,12.29
105,2014,213,1942,25.85,23.27,0,0,.21,12.29
105,2014,213,1948,25.78,23.29,0,0,.21,12.29
105,2014,213,1954,25.71,23.55,0,0,.21,12.29
105,2014,213,2000,25.66,23.56,0,0,.21,12.29
105,2014,213,2006,25.61,23.57,0,0,.21,12.29
105,2014,213,2012,25.57,23.46,0,0,.21,12.29
105,2014,213,2018,25.53,23.35,0,0,.21,12.29
105,2014,213,2024,25.48,23.31,0,0,.21,12.29
105,2014,213,2030,25.44,23.19,0,0,.21,12.29
105,2014,213,2036,25.39,23.08,0,0,.21,12.29
105,2014,213,2042,25.33,22.98,0,0,.21,12.29
105,2014,213,2048,25.27,23.02,0,0,.21,12.29
105,2014,213,2054,25.21,22.99,0,0,.21,12.29
105,2014,213,2100,25.15,22.68,0,0,.21,12.29
105,2014,213,2106,25.08,22.77,0,0,.21,12.29
105,2014,213,2112,25.01,22.74,0,0,.21,12.29
105,2014,213,2118,24.93,22.65,0,0,.21,12.29
105,2014,213,2124,24.86,22.67,0,0,.21,12.29
105,2014,213,2130,24.79,22.58,0,0,.21,12.29
105,2014,213,2136,24.72,22.6,0,0,.21,12.3
105,2014,213,2142,24.66,22.59,0,0,.21,12.3
105,2014,213,2148,24.61,22.67,0,0,.21,12.3
105,2014,213,2154,24.57,22.55,0,0,.21,12.29
105,2014,213,2200,24.52,22.46,0,0,.21,12.29
105,2014,213,2206,24.48,22.34,0,0,.21,12.3
105,2014,213,2212,24.43,22.16,0,0,.21,12.3
105,2014,213,2218,24.37,21.65,0,0,.21,12.3
105,2014,213,2224,24.29,21.28,0,0,.21,12.3
105,2014,213,2230,24.2,21.08,0,0,.21,12.3
105,2014,213,2236,24.11,20.88,0,0,.21,12.3
105,2014,213,2242,24,20.55,0,0,.21,12.3
105,2014,213,2248,23.9,20.15,0,0,.21,12.3
105,2014,213,2254,23.79,20.12,0,0,.21,12.29
105,2014,213,2300,23.68,19.96,0,0,.211,12.3
105,2014,213,2306,23.57,20.3,0,0,.211,12.3
105,2014,213,2312,23.47,20.11,0,0,.211,12.3
105,2014,213,2318,23.36,19.83,0,0,.211,12.3
105,2014,213,2324,23.25,19.78,0,0,.212,12.3
105,2014,213,2330,23.14,19.5,0,0,.212,12.3
105,2014,213,2336,23.03,19.63,0,0,.212,12.3
105,2014,213,2342,22.93,19.47,0,0,.212,12.3
105,2014,213,2348,22.83,19.5,0,0,.212,12.3
105,2014,213,2354,22.74,19.28,0,0,.212,12.3
105,2014,214,0,22.64,19.13,0,0,.213,12.3
105,2014,214,6,22.54,19.34,0,0,.214,12.3
105,2014,214,12,22.46,19.2,0,0,.215,12.3
105,2014,214,18,22.38,19.35,0,0,.216,12.3
105,2014,214,24,22.3,19.37,0,0,.217,12.3
105,2014,214,30,22.23,19.35,0,0,.218,12.3
105,2014,214,36,22.16,19.38,0,0,.218,12.3
105,2014,214,42,22.1,19.32,0,0,.22,12.3
105,2014,214,48,22.04,19.2,0,0,.22,12.3
105,2014,214,54,21.99,19,0,0,.22,12.3
105,2014,214,100,21.94,19.06,0,0,.22,12.3
105,2014,214,106,21.88,19.16,0,0,.221,12.3
105,2014,214,112,21.82,19.03,0,0,.221,12.3
105,2014,214,118,21.75,19.03,0,0,.221,12.3
105,2014,214,124,21.69,18.9,0,0,.221,12.3
105,2014,214,130,21.63,19.08,0,0,.221,12.3
105,2014,214,136,21.57,19,0,0,.221,12.3
105,2014,214,142,21.52,19.03,0,0,.222,12.3
105,2014,214,148,21.48,19.11,0,0,.224,12.3
105,2014,214,154,21.44,19.04,0,0,.225,12.3
105,2014,214,200,21.4,19.05,0,0,.225,12.3
105,2014,214,206,21.37,18.96,0,0,.226,12.3
105,2014,214,212,21.34,19,0,0,.226,12.3
105,2014,214,218,21.31,19.06,0,0,.226,12.3
105,2014,214,224,21.29,19.02,0,0,.226,12.3
105,2014,214,230,21.26,18.99,0,0,.226,12.3
105,2014,214,236,21.23,19.03,0,0,.227,12.3
105,2014,214,242,21.21,19.24,0,0,.226,12.3
105,2014,214,248,21.19,19.28,0,0,.226,12.3
105,2014,214,254,21.17,19.21,0,0,.227,12.3
105,2014,214,300,21.16,19.14,0,0,.227,12.3
105,2014,214,306,21.15,19.14,0,0,.227,12.3
105,2014,214,312,21.13,19.12,0,0,.228,12.3
105,2014,214,318,21.12,19.05,0,0,.228,12.3
105,2014,214,324,21.11,19.04,0,0,.228,12.3
105,2014,214,330,21.1,19.04,0,0,.229,12.3
105,2014,214,336,21.09,19.02,0,0,.23,12.3
105,2014,214,342,21.08,19.08,0,0,.23,12.3
105,2014,214,348,21.07,19.25,0,0,.23,12.3
105,2014,214,354,21.07,19.39,0,0,.229,12.3
105,2014,214,400,21.07,19.26,0,0,.229,12.3
105,2014,214,406,21.07,19.39,0,0,.229,12.3
105,2014,214,412,21.08,19.4,0,0,.23,12.3
105,2014,214,418,21.08,19.31,0,0,.23,12.3
105,2014,214,424,21.09,19.3,0,0,.23,12.3
105,2014,214,430,21.09,19.13,0,0,.23,12.3
105,2014,214,436,21.09,19.1,0,0,.231,12.3
105,2014,214,442,21.08,19.03,0,0,.23,12.3
105,2014,214,448,21.06,18.87,0,0,.23,12.3
105,2014,214,454,21.04,18.93,0,0,.23,12.3
105,2014,214,500,21.02,18.93,0,0,.231,12.3
105,2014,214,506,21,18.86,0,0,.23,12.3
105,2014,214,512,20.97,18.74,0,0,.23,12.3
105,2014,214,518,20.94,18.79,0,0,.23,12.3
105,2014,214,524,20.9,18.68,0,0,.23,12.3
105,2014,214,530,20.87,18.66,0,0,.23,12.3
105,2014,214,536,20.84,18.63,0,0,.23,12.3
105,2014,214,542,20.81,18.59,0,0,.23,12.3
105,2014,214,548,20.78,18.71,0,0,.23,12.3
105,2014,214,554,20.75,18.73,0,0,.23,12.3
105,2014,214,600,20.72,18.67,0,0,.23,12.3
105,2014,214,606,20.7,18.61,0,0,.23,12.3
105,2014,214,612,20.67,18.5,0,0,.23,12.3
105,2014,214,618,20.65,18.38,0,0,.229,12.3
105,2014,214,624,20.63,18.41,0,0,.23,12.3
105,2014,214,630,20.62,18.44,0,0,.23,12.3
105,2014,214,636,20.61,18.53,0,0,.23,12.3
105,2014,214,642,20.61,18.67,0,0,.229,12.3
105,2014,214,648,20.61,18.68,0,0,.23,12.3
105,2014,214,654,20.61,18.82,0,0,.229,12.3
105,2014,214,700,20.62,18.89,0,0,.23,12.3
105,2014,214,706,20.62,18.75,0,0,.23,12.3
105,2014,214,712,20.64,18.84,0,0,.23,12.3
105,2014,214,718,20.65,18.85,0,0,.23,12.3
105,2014,214,724,20.68,18.94,0,0,.229,12.3
105,2014,214,730,20.7,18.93,0,0,.229,12.3
105,2014,214,736,20.73,19.08,0,0,.229,12.3
105,2014,214,742,20.75,19.17,0,0,.229,12.3
105,2014,214,748,20.78,19.31,0,0,.23,12.3
105,2014,214,754,20.81,19.3,0,0,.229,12.3
105,2014,214,800,20.84,19.37,0,0,.23,12.3
105,2014,214,806,20.87,19.44,0,0,.23,12.3
105,2014,214,812,20.91,19.55,0,0,.229,12.3
105,2014,214,818,20.94,19.6,0,0,.23,12.3
105,2014,214,824,20.98,19.71,0,0,.23,12.3
105,2014,214,830,21.02,19.79,0,0,.23,12.3
105,2014,214,836,21.05,19.81,0,0,.23,12.3
105,2014,214,842,21.09,19.83,0,0,.23,12.3
105,2014,214,848,21.13,19.91,0,0,.23,12.3
105,2014,214,854,21.17,20.17,0,0,.23,12.3
105,2014,214,900,21.21,20.37,0,0,.23,12.3
105,2014,214,906,21.27,20.55,0,0,.23,12.3
105,2014,214,912,21.33,20.74,0,0,.23,12.3
105,2014,214,918,21.39,20.93,0,0,.231,12.3
105,2014,214,924,21.46,21.01,0,0,.23,12.3
105,2014,214,930,21.54,21.22,0,0,.231,12.3
105,2014,214,936,21.62,21.63,0,0,.231,12.3
105,2014,214,942,21.71,21.97,0,0,.231,12.3
105,2014,214,948,21.82,22.05,0,0,.231,12.29
105,2014,214,954,21.94,22.56,0,0,.231,12.3
105,2014,214,1000,22.07,23.1,0,0,.231,12.29
105,2014,214,1006,22.22,22.75,0,0,.231,12.29
105,2014,214,1012,22.36,21.98,0,0,.231,12.3
105,2014,214,1018,22.47,21.9,0,0,.231,12.29
105,2014,214,1024,22.56,22.22,0,0,.231,12.3
105,2014,214,1030,22.64,23.09,0,0,.231,12.29
105,2014,214,1036,22.73,23.38,0,0,.231,12.29
105,2014,214,1042,22.85,24.35,0,0,.231,12.29
105,2014,214,1048,22.99,24.64,0,0,.231,12.29
105,2014,214,1054,23.16,24.1,0,0,.231,12.3
105,2014,214,1100,23.31,24.68,0,0,.231,12.3
105,2014,214,1106,23.47,26.2,0,0,.231,12.29
105,2014,214,1112,23.65,26.57,0,0,.231,12.29
105,2014,214,1118,23.86,25.92,0,0,.23,12.29
105,2014,214,1124,24.07,26.57,0,0,.23,12.29
105,2014,214,1130,24.27,26.56,0,0,.229,12.29
105,2014,214,1136,24.47,27.14,0,0,.229,12.29
105,2014,214,1142,24.69,27.2,0,0,.229,12.29
105,2014,214,1148,24.9,27.41,0,0,.229,12.29
105,2014,214,1154,25.11,27.22,0,0,.228,12.29
105,2014,214,1200,25.3,27.7,0,0,.228,12.29
105,2014,214,1206,25.5,27.44,0,0,.229,12.29
105,2014,214,1212,25.69,26.88,0,0,.228,12.29
105,2014,214,1218,25.85,26.53,0,0,.228,12.29
105,2014,214,1224,25.98,26.54,0,0,.228,12.29
105,2014,214,1230,26.09,26.52,0,0,.229,12.29
105,2014,214,1236,26.19,25.97,0,0,.228,12.29
105,2014,214,1242,26.25,25.95,0,0,.228,12.29
105,2014,214,1248,26.3,26.03,0,0,.228,12.29
105,2014,214,1254,26.33,25.95,0,0,.228,12.29
105,2014,214,1300,26.36,25.54,0,0,.228,12.29
105,2014,214,1306,26.38,25.63,0,0,.228,12.29
105,2014,214,1312,26.39,26.45,0,0,.228,12.29
105,2014,214,1318,26.41,27.44,0,0,.228,12.29
105,2014,214,1324,26.47,26.56,0,0,.228,12.29
105,2014,214,1330,26.53,26.43,0,0,.228,12.29
105,2014,214,1336,26.58,26.24,0,0,.229,12.29
105,2014,214,1342,26.61,25.72,0,0,.229,12.29
105,2014,214,1348,26.63,25.76,0,0,.229,12.29
105,2014,214,1354,26.63,25.92,0,0,.228,12.29
105,2014,214,1400,26.62,25.89,0,0,.228,12.29
105,2014,214,1406,26.62,25.84,0,0,.228,12.29
105,2014,214,1412,26.62,25.8,0,0,.228,12.29
105,2014,214,1418,26.63,25.61,0,0,.228,12.29
105,2014,214,1424,26.63,26.17,0,0,.228,12.29
105,2014,214,1430,26.63,26.57,0,0,.228,12.29
105,2014,214,1436,26.66,26.58,0,0,.228,12.29
105,2014,214,1442,26.69,27.28,0,0,.228,12.29
105,2014,214,1448,26.75,27.74,0,0,.228,12.29
105,2014,214,1454,26.83,27.24,0,0,.226,12.29
105,2014,214,1500,26.92,26.64,0,0,.227,12.29
105,2014,214,1506,27,26.92,0,0,.227,12.29
105,2014,214,1512,27.06,26.84,0,0,.227,12.29
105,2014,214,1518,27.12,27.12,0,0,.227,12.29
105,2014,214,1524,27.17,27,0,0,.226,12.29
105,2014,214,1530,27.21,26.58,0,0,.226,12.29
105,2014,214,1536,27.25,26.38,0,0,.226,12.29
105,2014,214,1542,27.27,26.58,0,0,.227,12.29
105,2014,214,1548,27.29,26.55,0,0,.226,12.29
105,2014,214,1554,27.31,27.1,0,0,.226,12.29
105,2014,214,1600,27.33,27.65,0,0,.226,12.29
105,2014,214,1606,27.36,27.09,0,0,.226,12.29
105,2014,214,1612,27.4,27.17,0,0,.226,12.29
105,2014,214,1618,27.44,27.15,0,0,.226,12.29
105,2014,214,1624,27.48,27.74,0,0,.226,12.29
105,2014,214,1630,27.52,27.65,0,0,.226,12.29
105,2014,214,1636,27.58,27.34,0,0,.226,12.29
105,2014,214,1642,27.62,27.79,0,0,.226,12.29
105,2014,214,1648,27.66,28.12,0,0,.224,12.29
105,2014,214,1654,27.72,27.31,0,0,.224,12.29
105,2014,214,1700,27.76,27.4,0,0,.224,12.29
105,2014,214,1706,27.8,27.22,0,0,.225,12.29
105,2014,214,1712,27.84,27.13,0,0,.224,12.29
105,2014,214,1718,27.87,27.06,0,0,.224,12.29
105,2014,214,1724,27.9,27.2,0,0,.223,12.29
105,2014,214,1730,27.91,26.76,0,0,.223,12.29
105,2014,214,1736,27.92,26.38,0,0,.224,12.29
105,2014,214,1742,27.91,26.56,0,0,.224,12.29
105,2014,214,1748,27.89,26.64,0,0,.224,12.29
105,2014,214,1754,27.87,26.05,0,0,.224,12.29
105,2014,214,1800,27.83,26.3,0,0,.224,12.29
105,2014,214,1806,27.79,25.78,0,0,.224,12.29
105,2014,214,1812,27.73,25.44,0,0,.224,12.29
105,2014,214,1818,27.68,25.58,0,0,.224,12.29
105,2014,214,1824,27.62,25.81,0,0,.224,12.29
105,2014,214,1830,27.56,26,0,0,.224,12.29
105,2014,214,1836,27.5,25.96,0,0,.223,12.29
105,2014,214,1842,27.45,25.31,0,0,.224,12.29
105,2014,214,1848,27.39,25.46,0,0,.224,12.29
105,2014,214,1854,27.33,25.26,0,0,.223,12.29
105,2014,214,1900,27.27,25.18,0,0,.223,12.29
105,2014,214,1906,27.19,24.96,0,0,.223,12.29
105,2014,214,1912,27.12,24.66,0,0,.223,12.29
105,2014,214,1918,27.04,24.02,0,0,.223,12.29
105,2014,214,1924,26.97,23.8,0,0,.224,12.29
105,2014,214,1930,26.89,24,0,0,.224,12.29
105,2014,214,1936,26.8,23.65,0,0,.224,12.29
105,2014,214,1942,26.7,23.43,0,0,.224,12.29
105,2014,214,1948,26.61,23.44,0,0,.224,12.29
105,2014,214,1954,26.51,23.32,0,0,.223,12.29
105,2014,214,2000,26.41,23.47,0,0,.223,12.29
105,2014,214,2006,26.32,22.92,0,0,.224,12.29
105,2014,214,2012,26.24,23.11,0,0,.224,12.29
105,2014,214,2018,26.15,22.87,0,0,.223,12.29
105,2014,214,2024,26.06,23.19,0,0,.223,12.29
105,2014,214,2030,25.97,23.28,0,0,.223,12.29
105,2014,214,2036,25.88,23.07,0,0,.224,12.29
105,2014,214,2042,25.8,23.15,0,0,.224,12.29
105,2014,214,2048,25.72,22.64,0,0,.223,12.29
105,2014,214,2054,25.64,22.59,0,0,.223,12.29
105,2014,214,2100,25.57,22.61,0,0,.223,12.29
105,2014,214,2106,25.49,22.78,0,0,.223,12.29
105,2014,214,2112,25.43,23,0,0,.223,12.29
105,2014,214,2118,25.37,23.14,0,0,.223,12.29
105,2014,214,2124,25.32,23.19,0,0,.223,12.29
105,2014,214,2130,25.27,23.02,0,0,.223,12.29
105,2014,214,2136,25.23,23.18,0,0,.223,12.29
105,2014,214,2142,25.18,22.97,0,0,.223,12.29
105,2014,214,2148,25.14,23.05,0,0,.223,12.29
105,2014,214,2154,25.09,22.98,0,0,.223,12.29
105,2014,214,2200,25.05,22.89,0,0,.223,12.29
105,2014,214,2206,25.01,22.98,0,0,.223,12.29
105,2014,214,2212,24.97,22.86,0,0,.223,12.29
105,2014,214,2218,24.93,22.81,0,0,.223,12.29
105,2014,214,2224,24.89,22.79,0,0,.223,12.29
105,2014,214,2230,24.85,22.79,0,0,.223,12.29
105,2014,214,2236,24.82,22.81,0,0,.223,12.29
105,2014,214,2242,24.78,22.68,0,0,.223,12.29
105,2014,214,2248,24.74,22.69,0,0,.223,12.3
105,2014,214,2254,24.71,22.72,0,0,.223,12.3
105,2014,214,2300,24.67,22.76,0,0,.223,12.3
105,2014,214,2306,24.64,22.74,0,0,.223,12.3
105,2014,214,2312,24.62,22.71,0,0,.223,12.3
105,2014,214,2318,24.59,22.72,0,0,.223,12.3
105,2014,214,2324,24.56,22.73,0,0,.223,12.3
105,2014,214,2330,24.55,22.82,0,0,.223,12.29
105,2014,214,2336,24.53,22.87,0,0,.223,12.29
105,2014,214,2342,24.52,22.89,0,0,.223,12.29
105,2014,214,2348,24.5,22.81,0,0,.224,12.29
105,2014,214,2354,24.5,22.7,0,0,.223,12.29
105,2014,215,0,24.49,22.85,0,0,.224,12.29
105,2014,215,6,24.47,22.78,0,0,.223,12.29
105,2014,215,12,24.46,22.78,0,0,.223,12.29
105,2014,215,18,24.45,22.74,0,0,.224,12.29
105,2014,215,24,24.44,22.79,0,0,.224,12.29
105,2014,215,30,24.43,22.67,0,0,.223,12.3
105,2014,215,36,24.42,22.59,0,0,.224,12.3
105,2014,215,42,24.41,22.51,0,0,.223,12.3
105,2014,215,48,24.38,22.47,0,0,.223,12.3
105,2014,215,54,24.36,22.53,0,0,.223,12.3
105,2014,215,100,24.34,22.5,0,0,.223,12.3
105,2014,215,106,24.31,22.36,0,0,.224,12.29
105,2014,215,112,24.29,22.1,0,0,.223,12.29
105,2014,215,118,24.26,21.93,0,0,.223,12.29
105,2014,215,124,24.22,21.68,0,0,.223,12.3
105,2014,215,130,24.17,21.57,0,0,.223,12.3
105,2014,215,136,24.12,21.41,0,0,.223,12.3
105,2014,215,142,24.06,21.5,0,0,.223,12.3
105,2014,215,148,24.01,21.43,0,0,.223,12.3
105,2014,215,154,23.95,21.5,0,0,.224,12.3
105,2014,215,200,23.9,21.29,0,0,.224,12.3
105,2014,215,206,23.85,21.24,0,0,.224,12.3
105,2014,215,212,23.79,21.28,0,0,.224,12.3
105,2014,215,218,23.74,21.11,0,0,.225,12.3
105,2014,215,224,23.69,21.07,0,0,.225,12.3
105,2014,215,230,23.63,21.1,0,0,.225,12.3
105,2014,215,236,23.58,21.18,0,0,.225,12.3
105,2014,215,242,23.53,21.23,0,0,.224,12.3
105,2014,215,248,23.49,21.22,0,0,.225,12.3
105,2014,215,254,23.46,21.42,0,0,.225,12.3
105,2014,215,300,23.43,21.32,0,0,.225,12.3
105,2014,215,306,23.41,21.52,0,0,.225,12.3
105,2014,215,312,23.39,21.36,0,0,.225,12.3
105,2014,215,318,23.37,21.29,0,0,.225,12.3
105,2014,215,324,23.35,21.43,0,0,.225,12.3
105,2014,215,330,23.34,21.45,0,0,.225,12.3
105,2014,215,336,23.32,21.3,0,0,.225,12.3
105,2014,215,342,23.31,21.36,0,0,.226,12.29
105,2014,215,348,23.29,21.43,0,0,.226,12.29
105,2014,215,354,23.28,21.34,0,0,.225,12.29
105,2014,215,400,23.27,21.5,0,0,.226,12.29
105,2014,215,406,23.26,21.4,0,0,.226,12.3
105,2014,215,412,23.25,21.17,0,0,.226,12.29
105,2014,215,418,23.24,21.34,0,0,.226,12.29
105,2014,215,424,23.24,21.58,0,0,.228,12.29
105,2014,215,430,23.23,21.52,0,0,.227,12.29
105,2014,215,436,23.22,21.4,0,0,.227,12.29
105,2014,215,442,23.22,21.55,0,0,.228,12.29
105,2014,215,448,23.2,21.35,0,0,.228,12.29
105,2014,215,454,23.2,21.28,0,0,.228,12.29
105,2014,215,500,23.19,21.29,0,0,.228,12.29
105,2014,215,506,23.18,21.27,0,0,.228,12.3
105,2014,215,512,23.17,21.19,0,0,.228,12.3
105,2014,215,518,23.16,21.11,0,0,.228,12.3
105,2014,215,524,23.14,21.18,0,0,.231,12.29
105,2014,215,530,23.12,21.02,0,0,.231,12.3
105,2014,215,536,23.1,20.97,0,0,.231,12.3
105,2014,215,542,23.08,20.97,0,0,.232,12.3
105,2014,215,548,23.06,21,0,0,.232,12.3
105,2014,215,554,23.04,20.9,0,0,.231,12.3
105,2014,215,600,23.02,20.98,0,0,.232,12.3
105,2014,215,606,23.01,21.03,0,0,.232,12.3
105,2014,215,612,22.99,21.13,0,0,.232,12.3
105,2014,215,618,22.98,21.07,0,0,.232,12.3
105,2014,215,624,22.97,21.02,0,0,.232,12.3
105,2014,215,630,22.95,21.1,0,0,.232,12.3
105,2014,215,636,22.94,21.2,0,0,.232,12.3
105,2014,215,642,22.93,21.1,0,0,.232,12.3
105,2014,215,648,22.92,21.17,0,0,.232,12.3
105,2014,215,654,22.91,21.23,0,0,.232,12.3
105,2014,215,700,22.91,21.23,0,0,.232,12.3
105,2014,215,706,22.9,21.24,0,0,.232,12.3
105,2014,215,712,22.89,21.5,0,0,.232,12.3
105,2014,215,718,22.89,21.48,0,0,.232,12.3
105,2014,215,724,22.91,21.7,0,0,.232,12.3
105,2014,215,730,22.91,21.77,0,0,.232,12.3
105,2014,215,736,22.93,21.94,0,0,.232,12.3
105,2014,215,742,22.96,22.03,0,0,.232,12.3
105,2014,215,748,22.98,21.96,0,0,.232,12.3
105,2014,215,754,23.01,21.85,0,0,.232,12.3
105,2014,215,800,23.03,22.09,0,0,.233,12.3
105,2014,215,806,23.06,22.31,0,0,.232,12.29
105,2014,215,812,23.1,22.44,0,0,.232,12.3
105,2014,215,818,23.15,22.37,0,0,.232,12.29
105,2014,215,824,23.2,22.35,0,0,.232,12.3
105,2014,215,830,23.25,22.37,0,0,.232,12.29
105,2014,215,836,23.3,22.5,0,0,.232,12.29
105,2014,215,842,23.35,22.49,0,0,.232,12.29
105,2014,215,848,23.4,22.7,0,0,.232,12.29
105,2014,215,854,23.45,22.89,0,0,.232,12.27
105,2014,215,900,23.51,22.97,0,0,.232,12.29
105,2014,215,906,23.57,22.74,0,0,.232,12.29
105,2014,215,912,23.63,23.03,0,0,.232,12.29
105,2014,215,918,23.69,23.26,0,0,.231,12.29
105,2014,215,924,23.75,23.22,0,0,.231,12.29
105,2014,215,930,23.81,23.19,0,0,.231,12.29
105,2014,215,936,23.87,23.04,0,0,.231,12.29
105,2014,215,942,23.93,23.08,0,0,.231,12.29
105,2014,215,948,23.98,23.39,0,0,.231,12.29
105,2014,215,954,24.03,23.6,0,0,.23,12.29
105,2014,215,1000,24.08,23.24,0,0,.23,12.29
105,2014,215,1006,24.12,23.41,0,0,.23,12.29
105,2014,215,1012,24.17,23.59,0,0,.23,12.29
105,2014,215,1018,24.22,24.04,0,0,.23,12.29
105,2014,215,1024,24.28,24.79,0,0,.23,12.29
105,2014,215,1030,24.36,24.75,0,0,.23,12.29
105,2014,215,1036,24.46,24.46,0,0,.23,12.29
105,2014,215,1042,24.54,23.9,0,0,.229,12.29
105,2014,215,1048,24.61,23.95,0,0,.229,12.29
105,2014,215,1054,24.66,23.88,0,0,.229,12.29
105,2014,215,1100,24.7,23.79,0,0,.229,12.29
105,2014,215,1106,24.72,23.65,0,0,.229,12.29
105,2014,215,1112,24.74,23.68,0,0,.229,12.29
105,2014,215,1118,24.75,23.66,0,0,.229,12.29
105,2014,215,1124,24.75,23.8,0,0,.229,12.29
105,2014,215,1130,24.76,23.88,0,0,.229,12.29
105,2014,215,1136,24.76,23.92,0,0,.229,12.29
105,2014,215,1142,24.78,24.3,0,0,.229,12.29
105,2014,215,1148,24.8,24.71,0,0,.229,12.29
105,2014,215,1154,24.84,25.19,0,0,.23,12.29
105,2014,215,1200,24.89,25.43,0,0,.229,12.29
105,2014,215,1206,24.96,25.38,0,0,.229,12.29
105,2014,215,1212,25.05,26.13,0,0,.229,12.29
105,2014,215,1218,25.16,27,0,0,.229,12.29
105,2014,215,1224,25.3,27.37,0,0,.229,12.29
105,2014,215,1230,25.47,27.13,0,0,.229,12.29
105,2014,215,1236,25.63,26.59,0,0,.233,12.29
105,2014,215,1242,25.78,26.76,0,0,.241,12.29
105,2014,215,1248,25.91,26.67,0,0,.249,12.29
105,2014,215,1254,26.03,26.66,0,0,.255,12.29
105,2014,215,1300,26.14,26.07,0,0,.261,12.29
105,2014,215,1306,26.23,26.23,0,0,.265,12.29
105,2014,215,1312,26.3,26.06,0,0,.269,12.29
105,2014,215,1318,26.35,26.45,0,0,.272,12.29
105,2014,215,1324,26.4,26.2,0,0,.273,12.29
105,2014,215,1330,26.44,26.45,0,0,.276,12.29
105,2014,215,1336,26.48,26.34,0,0,.278,12.29
105,2014,215,1342,26.52,26.59,0,0,.279,12.29
105,2014,215,1348,26.56,26.81,0,0,.28,12.29
105,2014,215,1354,26.61,27.73,0,0,.281,12.29
105,2014,215,1400,26.69,28.16,0,0,.282,12.29
105,2014,215,1406,26.79,28.26,0,0,.283,12.29
105,2014,215,1412,26.91,28.44,0,0,.284,12.29
105,2014,215,1418,27.04,28.35,0,0,.284,12.29
105,2014,215,1424,27.16,28.4,0,0,.286,12.29
105,2014,215,1430,27.28,28.02,0,0,.286,12.29
105,2014,215,1436,27.38,27.71,0,0,.287,12.29
105,2014,215,1442,27.48,28.42,0,0,.287,12.29
105,2014,215,1448,27.56,28.47,0,0,.287,12.29
105,2014,215,1454,27.65,29.11,0,0,.287,12.29
105,2014,215,1500,27.74,29.19,0,0,.287,12.29
105,2014,215,1506,27.83,29.33,0,0,.287,12.29
105,2014,215,1512,27.94,29.94,0,0,.287,12.29
105,2014,215,1518,28.05,29.56,0,0,.287,12.29
105,2014,215,1524,28.17,28.86,0,0,.287,12.29
105,2014,215,1530,28.26,28.98,0,0,.287,12.29
105,2014,215,1536,28.35,28.4,0,0,.287,12.29
105,2014,215,1542,28.41,29.12,0,0,.287,12.29
105,2014,215,1548,28.46,28.73,0,0,.287,12.29
105,2014,215,1554,28.5,28.12,0,0,.287,12.29
105,2014,215,1600,28.53,28.67,0,0,.287,12.28
105,2014,215,1606,28.55,28.53,0,0,.287,12.28
105,2014,215,1612,28.58,29.18,0,0,.287,12.28
105,2014,215,1618,28.61,29.22,0,0,.287,12.28
105,2014,215,1624,28.65,28.07,0,0,.287,12.28
105,2014,215,1630,28.69,28.8,0,0,.287,12.29
105,2014,215,1636,28.71,28.18,0,0,.287,12.29
105,2014,215,1642,28.73,27.61,0,0,.287,12.29
105,2014,215,1648,28.74,27.72,0,0,.287,12.29
105,2014,215,1654,28.74,27.49,0,0,.287,12.29
105,2014,215,1700,28.72,27.13,0,0,.287,12.29
105,2014,215,1706,28.7,26.67,0,0,.287,12.29
105,2014,215,1712,28.66,26.64,0,0,.287,12.29
105,2014,215,1718,28.61,26.5,0,0,.287,12.29
105,2014,215,1724,28.55,25.99,0,0,.287,12.29
105,2014,215,1730,28.47,25.81,0,0,.287,12.29
105,2014,215,1736,28.39,25.52,0,0,.287,12.29
105,2014,215,1742,28.29,25.36,0,0,.287,12.29
105,2014,215,1748,28.18,25.49,0,0,.287,12.29
105,2014,215,1754,28.06,25.66,0,0,.287,12.29
105,2014,215,1800,27.96,25.72,0,0,.287,12.29
105,2014,215,1806,27.87,25.39,0,0,.287,12.29
105,2014,215,1812,27.78,25.07,0,0,.287,12.29
105,2014,215,1818,27.7,25.08,0,0,.287,12.29
105,2014,215,1824,27.62,25.4,0,0,.287,12.29
105,2014,215,1830,27.54,25.17,0,0,.287,12.29
105,2014,215,1836,27.47,25.12,0,0,.287,12.29
105,2014,215,1842,27.39,25.06,0,0,.287,12.29
105,2014,215,1848,27.32,25.09,0,0,.287,12.29
105,2014,215,1854,27.26,25.07,0,0,.286,12.29
105,2014,215,1900,27.2,25.14,0,0,.287,12.29
105,2014,215,1906,27.14,24.44,0,0,.287,12.29
105,2014,215,1912,27.08,24.68,0,0,.287,12.29
105,2014,215,1918,27.01,24.55,0,0,.287,12.29
105,2014,215,1924,26.95,24.18,0,0,.287,12.29
105,2014,215,1930,26.87,23.95,0,0,.287,12.29
105,2014,215,1936,26.78,23.97,0,0,.287,12.29
105,2014,215,1942,26.68,23.92,0,0,.287,12.29
105,2014,215,1948,26.59,23.75,0,0,.287,12.29
105,2014,215,1954,26.49,23.71,0,0,.287,12.29
105,2014,215,2000,26.39,23.71,0,0,.287,12.29
105,2014,215,2006,26.31,23.67,0,0,.287,12.29
105,2014,215,2012,26.22,23.54,0,0,.287,12.29
105,2014,215,2018,26.13,23.49,0,0,.287,12.29
105,2014,215,2024,26.03,23.23,0,0,.287,12.29
105,2014,215,2030,25.93,22.81,0,0,.287,12.29
105,2014,215,2036,25.83,22.97,0,0,.286,12.29
105,2014,215,2042,25.74,23.06,0,0,.287,12.29
105,2014,215,2048,25.65,23.05,0,0,.287,12.29
105,2014,215,2054,25.56,22.89,0,0,.287,12.29
105,2014,215,2100,25.47,23.23,0,0,.287,12.29
105,2014,215,2106,25.39,22.86,0,0,.287,12.29
105,2014,215,2112,25.3,22.63,0,0,.287,12.29
105,2014,215,2118,25.22,22.73,0,0,.287,12.29
105,2014,215,2124,25.13,22.67,0,0,.287,12.29
105,2014,215,2130,25.05,22.51,0,0,.287,12.29
105,2014,215,2136,24.98,22.68,0,0,.287,12.29
105,2014,215,2142,24.92,22.54,0,0,.287,12.29
105,2014,215,2148,24.86,22.37,0,0,.287,12.29
105,2014,215,2154,24.81,22.24,0,0,.287,12.29
105,2014,215,2200,24.75,22.22,0,0,.287,12.29
105,2014,215,2206,24.69,22.28,0,0,.287,12.29
105,2014,215,2212,24.62,21.99,0,0,.287,12.29
105,2014,215,2218,24.56,21.91,0,0,.287,12.29
105,2014,215,2224,24.5,21.91,0,0,.287,12.29
105,2014,215,2230,24.43,21.85,0,0,.287,12.29
105,2014,215,2236,24.36,21.85,0,0,.287,12.29
105,2014,215,2242,24.3,21.74,0,0,.287,12.29
105,2014,215,2248,24.23,21.59,0,0,.287,12.29
105,2014,215,2254,24.17,21.56,0,0,.287,12.29
105,2014,215,2300,24.12,21.61,0,0,.287,12.29
105,2014,215,2306,24.07,21.64,0,0,.287,12.29
105,2014,215,2312,24.03,21.78,0,0,.287,12.29
105,2014,215,2318,23.99,21.61,0,0,.287,12.3
105,2014,215,2324,23.94,21.53,0,0,.288,12.3
105,2014,215,2330,23.88,21.32,0,0,.287,12.3
105,2014,215,2336,23.82,21.22,0,0,.287,12.3
105,2014,215,2342,23.76,21.14,0,0,.288,12.3
105,2014,215,2348,23.7,20.86,0,0,.288,12.3
105,2014,215,2354,23.62,20.5,0,0,.287,12.3
105,2014,216,0,23.53,20.34,0,0,.288,12.3
105,2014,216,6,23.42,20.27,0,0,.288,12.3
105,2014,216,12,23.31,20.31,0,0,.289,12.3
105,2014,216,18,23.2,20.18,0,0,.291,12.29
105,2014,216,24,23.1,20.28,0,0,.292,12.29
105,2014,216,30,23.01,20.27,0,0,.295,12.3
105,2014,216,36,22.92,20.3,0,0,.299,12.3
105,2014,216,42,22.84,19.95,0,0,.303,12.3
105,2014,216,48,22.76,19.88,0,0,.309,12.3
105,2014,216,54,22.68,19.92,0,0,.314,12.3
105,2014,216,100,22.61,19.75,0,0,.321,12.3
105,2014,216,106,22.54,19.76,0,0,.327,12.3
105,2014,216,112,22.46,19.86,0,0,.335,12.3
105,2014,216,118,22.4,19.98,0,0,.343,12.29
105,2014,216,124,22.33,19.87,0,0,.349,12.3
105,2014,216,130,22.26,19.55,0,0,.357,12.3
105,2014,216,136,22.19,19.5,0,0,.364,12.29
105,2014,216,142,22.13,19.46,0,0,.373,12.29
105,2014,216,148,22.08,19.51,0,0,.379,12.3
105,2014,216,154,22.03,19.5,0,0,.384,12.3
105,2014,216,200,21.98,19.63,0,0,.39,12.3
105,2014,216,206,21.92,19.31,0,0,.396,12.3
105,2014,216,212,21.87,19.36,0,0,.397,12.3
105,2014,216,218,21.82,19.36,0,0,.397,12.3
105,2014,216,224,21.78,19.54,0,0,.401,12.3
105,2014,216,230,21.73,19.42,0,0,.4,12.3
105,2014,216,236,21.69,19.61,0,0,.401,12.3
105,2014,216,242,21.65,19.57,0,0,.4,12.3
105,2014,216,248,21.61,19.51,0,0,.4,12.3
105,2014,216,254,21.58,19.51,0,0,.399,12.3
105,2014,216,300,21.55,19.39,0,0,.402,12.3
105,2014,216,306,21.51,19.4,0,0,.398,12.3
105,2014,216,312,21.47,19.56,0,0,.4,12.3
105,2014,216,318,21.44,19.38,0,0,.399,12.3
105,2014,216,324,21.4,19.56,0,0,.402,12.3
105,2014,216,330,21.37,19.37,0,0,.398,12.3
105,2014,216,336,21.34,19.34,0,0,.399,12.3
105,2014,216,342,21.32,19.33,0,0,.402,12.3
105,2014,216,348,21.29,19.28,0,0,.4,12.3
105,2014,216,354,21.27,19.36,0,0,.402,12.3
105,2014,216,400,21.24,19.25,0,0,.399,12.3
105,2014,216,406,21.21,18.87,0,0,.4,12.3
105,2014,216,412,21.17,18.82,0,0,.4,12.3
105,2014,216,418,21.13,18.86,0,0,.399,12.3
105,2014,216,424,21.09,18.92,0,0,.399,12.3
105,2014,216,430,21.07,18.92,0,0,.397,12.3
105,2014,216,436,21.05,19.13,0,0,.398,12.3
105,2014,216,442,21.03,19.26,0,0,.396,12.3
105,2014,216,448,21.03,19.24,0,0,.394,12.3
105,2014,216,454,21.03,19.22,0,0,.393,12.3
105,2014,216,500,21.03,19.38,0,0,.394,12.3
105,2014,216,506,21.03,19.23,0,0,.391,12.3
105,2014,216,512,21.03,19.1,0,0,.391,12.3
105,2014,216,518,21.02,19.25,0,0,.391,12.3
105,2014,216,524,21.01,19.15,0,0,.388,12.3
105,2014,216,530,21.01,19.41,0,0,.388,12.3
105,2014,216,536,21,19.2,0,0,.387,12.3
105,2014,216,542,21,19.29,0,0,.383,12.3
105,2014,216,548,21,19.25,0,0,.386,12.3
105,2014,216,554,21,19.25,0,0,.387,12.3
105,2014,216,600,21,19.22,0,0,.383,12.3
105,2014,216,606,21,19.37,0,0,.385,12.3
105,2014,216,612,21.01,19.57,0,0,.382,12.3
105,2014,216,618,21.02,19.41,0,0,.38,12.3
105,2014,216,624,21.03,19.23,0,0,.38,12.3
105,2014,216,630,21.02,18.99,0,0,.377,12.3
105,2014,216,636,21.01,19.14,0,0,.377,12.3
105,2014,216,642,20.99,19.39,0,0,.377,12.3
105,2014,216,648,20.97,19.52,0,0,.377,12.3
105,2014,216,654,20.96,19.48,0,0,.375,12.3
105,2014,216,700,20.95,19.59,0,0,.372,12.3
105,2014,216,706,20.96,19.62,0,0,.373,12.3
105,2014,216,712,20.96,19.85,0,0,.372,12.3
105,2014,216,718,20.98,20.21,0,0,.371,12.3
105,2014,216,724,21,20.49,0,0,.371,12.3
105,2014,216,730,21.04,21.6,0,0,.37,12.3
105,2014,216,736,21.1,21.6,0,0,.367,12.3
105,2014,216,742,21.19,21.98,0,0,.367,12.29
105,2014,216,748,21.28,22.41,0,0,.366,12.3
105,2014,216,754,21.38,23.12,0,0,.366,12.3
105,2014,216,800,21.5,23.04,0,0,.364,12.29
105,2014,216,806,21.63,23.4,0,0,.364,12.29
105,2014,216,812,21.78,23.92,0,0,.362,12.29
105,2014,216,818,21.95,24.55,0,0,.361,12.29
105,2014,216,824,22.13,24.78,0,0,.359,12.29
105,2014,216,830,22.31,24.73,0,0,.358,12.29
105,2014,216,836,22.5,24.9,0,0,.358,12.29
105,2014,216,842,22.68,24.6,0,0,.354,12.29
105,2014,216,848,22.86,25.18,0,0,.356,12.29
105,2014,216,854,23.04,25.15,0,0,.357,12.29
105,2014,216,900,23.21,25.69,0,0,.355,12.29
105,2014,216,906,23.4,26.06,0,0,.354,12.29
105,2014,216,912,23.6,26.2,0,0,.354,12.29
105,2014,216,918,23.81,26.46,0,0,.352,12.29
105,2014,216,924,24.01,26.76,0,0,.352,12.29
105,2014,216,930,24.21,26.71,0,0,.349,12.29
105,2014,216,936,24.39,26.98,0,0,.349,12.29
105,2014,216,942,24.57,27.15,0,0,.348,12.29
105,2014,216,948,24.74,26.9,0,0,.347,12.29
105,2014,216,954,24.91,27.08,0,0,.347,12.29
105,2014,216,1000,25.07,27.79,0,0,.345,12.29
105,2014,216,1006,25.23,27.83,0,0,.345,12.29
105,2014,216,1012,25.4,27.81,0,0,.344,12.29
105,2014,216,1018,25.58,28.14,0,0,.344,12.29
105,2014,216,1024,25.76,28.66,0,0,.343,12.29
105,2014,216,1030,25.96,28.59,0,0,.342,12.29
105,2014,216,1036,26.15,28.64,0,0,.342,12.29
105,2014,216,1042,26.35,29.21,0,0,.341,12.29
105,2014,216,1048,26.54,29.88,0,0,.34,12.29
105,2014,216,1054,26.72,29.87,0,0,.339,12.29
105,2014,216,1100,26.88,29.94,0,0,.339,12.29
105,2014,216,1106,27.04,30.16,0,0,.338,12.29
105,2014,216,1112,27.22,30.98,0,0,.338,12.29
105,2014,216,1118,27.4,29.07,0,0,.339,12.29
105,2014,216,1124,27.55,29.1,0,0,.338,12.29
105,2014,216,1130,27.68,30.73,0,0,.337,12.29
105,2014,216,1136,27.81,31.4,0,0,.336,12.29
105,2014,216,1142,27.96,29.55,0,0,.336,12.29
105,2014,216,1148,28.1,30.56,0,0,.335,12.29
105,2014,216,1154,28.24,30.99,0,0,.335,12.29
105,2014,216,1200,28.4,29.63,0,0,.334,12.29
105,2014,216,1206,28.56,30.82,0,0,.333,12.28
105,2014,216,1212,28.68,31.64,0,0,.333,12.28
105,2014,216,1218,28.8,30.1,0,0,.333,12.28
105,2014,216,1224,28.93,30.71,0,0,.331,12.28
105,2014,216,1230,29.05,29.54,0,0,.331,12.28
105,2014,216,1236,29.15,30.76,0,0,.331,12.28
105,2014,216,1242,29.24,31.39,0,0,.331,12.28
105,2014,216,1248,29.34,30.16,0,0,.33,12.29
105,2014,216,1254,29.44,29.51,0,0,.33,12.29
105,2014,216,1300,29.5,30.28,0,0,.329,12.29
105,2014,216,1306,29.57,31.33,0,0,.329,12.29
105,2014,216,1312,29.65,31.37,0,0,.328,12.29
105,2014,216,1318,29.74,31.31,0,0,.328,12.29
105,2014,216,1324,29.85,32.03,0,0,.328,12.28
105,2014,216,1330,29.96,31.37,0,0,.327,12.28
105,2014,216,1336,30.05,31.52,0,0,.325,12.28
105,2014,216,1342,30.14,31.75,0,0,.325,12.28
105,2014,216,1348,30.24,31.69,0,0,.325,12.29
105,2014,216,1354,30.35,31.74,0,0,.325,12.29
105,2014,216,1400,30.46,31.5,0,0,.325,12.29
105,2014,216,1406,30.55,30.51,0,0,.325,12.29
105,2014,216,1412,30.63,30.69,0,0,.324,12.29
105,2014,216,1418,30.68,30.83,0,0,.323,12.29
105,2014,216,1424,30.7,31.09,0,0,.322,12.29
105,2014,216,1430,30.72,30.66,0,0,.323,12.29
105,2014,216,1436,30.75,30.98,0,0,.321,12.29
105,2014,216,1442,30.78,31.23,0,0,.321,12.29
105,2014,216,1448,30.81,30.77,0,0,.321,12.29
105,2014,216,1454,30.83,30.96,0,0,.321,12.29
105,2014,216,1500,30.86,31.18,0,0,.32,12.29
105,2014,216,1506,30.89,30.63,0,0,.32,12.29
105,2014,216,1512,30.9,29.99,0,0,.319,12.29
105,2014,216,1518,30.9,30.51,0,0,.319,12.29
105,2014,216,1524,30.89,29.68,0,0,.319,12.29
105,2014,216,1530,30.89,30.24,0,0,.317,12.29
105,2014,216,1536,30.87,30.24,0,0,.317,12.29
105,2014,216,1542,30.86,30.31,0,0,.317,12.29
105,2014,216,1548,30.84,30.45,0,0,.317,12.29
105,2014,216,1554,30.82,29.81,0,0,.316,12.29
105,2014,216,1600,30.79,29.65,0,0,.316,12.29
105,2014,216,1606,30.77,30.41,0,0,.316,12.29
105,2014,216,1612,30.75,30.13,0,0,.315,12.29
105,2014,216,1618,30.73,29.25,0,0,.314,12.29
105,2014,216,1624,30.71,30.16,0,0,.314,12.29
105,2014,216,1630,30.7,29.53,0,0,.314,12.29
105,2014,216,1636,30.68,29.68,0,0,.314,12.29
105,2014,216,1642,30.66,29.65,0,0,.314,12.29
105,2014,216,1648,30.65,29.51,0,0,.314,12.29
105,2014,216,1654,30.63,29.45,0,0,.314,12.29
105,2014,216,1700,30.63,28.15,0,0,.313,12.29
105,2014,216,1706,30.6,27.61,0,0,.313,12.29
105,2014,216,1712,30.54,27.66,0,0,.313,12.29
105,2014,216,1718,30.47,27.32,0,0,.313,12.29
105,2014,216,1724,30.37,27.04,0,0,.312,12.29
105,2014,216,1730,30.25,26.93,0,0,.312,12.29
105,2014,216,1736,30.12,26.82,0,0,.312,12.29
105,2014,216,1742,29.98,26.68,0,0,.312,12.29
105,2014,216,1748,29.83,26.47,0,0,.312,12.29
105,2014,216,1754,29.69,26.22,0,0,.312,12.29
105,2014,216,1800,29.55,26.32,0,0,.312,12.29
105,2014,216,1806,29.41,26.31,0,0,.311,12.29
105,2014,216,1812,29.27,26.11,0,0,.311,12.29
105,2014,216,1818,29.14,26.21,0,0,.312,12.29
105,2014,216,1824,29.02,26.04,0,0,.312,12.29
105,2014,216,1830,28.91,25.91,0,0,.312,12.29
105,2014,216,1836,28.78,25.76,0,0,.311,12.29
105,2014,216,1842,28.67,25.74,0,0,.312,12.29
105,2014,216,1848,28.55,25.51,0,0,.312,12.29
105,2014,216,1854,28.43,25.45,0,0,.311,12.29
105,2014,216,1900,28.32,25.06,0,0,.312,12.29
105,2014,216,1906,28.2,24.81,0,0,.311,12.29
105,2014,216,1912,28.08,24.81,0,0,.311,12.29
105,2014,216,1918,27.95,24.38,0,0,.311,12.29
105,2014,216,1924,27.82,24.05,0,0,.311,12.29
105,2014,216,1930,27.7,23.8,0,0,.311,12.29
105,2014,216,1936,27.58,23.85,0,0,.311,12.29
105,2014,216,1942,27.45,23.45,0,0,.31,12.29
105,2014,216,1948,27.32,23.44,0,0,.311,12.29
105,2014,216,1954,27.19,23.61,0,0,.311,12.29
105,2014,216,2000,27.06,23.21,0,0,.31,12.29
105,2014,216,2006,26.92,23.43,0,0,.31,12.29
105,2014,216,2012,26.79,23.15,0,0,.31,12.29
105,2014,216,2018,26.66,22.82,0,0,.31,12.29
105,2014,216,2024,26.53,22.99,0,0,.31,12.29
105,2014,216,2030,26.4,22.79,0,0,.311,12.29
105,2014,216,2036,26.26,22.58,0,0,.31,12.29
105,2014,216,2042,26.12,22.29,0,0,.31,12.29
105,2014,216,2048,25.98,22.15,0,0,.31,12.29
105,2014,216,2054,25.85,22.1,0,0,.31,12.29
105,2014,216,2100,25.71,21.95,0,0,.31,12.29
105,2014,216,2106,25.57,21.8,0,0,.31,12.29
105,2014,216,2112,25.43,21.92,0,0,.31,12.29
105,2014,216,2118,25.29,21.72,0,0,.309,12.29
105,2014,216,2124,25.17,21.56,0,0,.309,12.29
105,2014,216,2130,25.04,21.76,0,0,.309,12.29
105,2014,216,2136,24.92,21.71,0,0,.309,12.29
105,2014,216,2142,24.79,21.24,0,0,.308,12.29
105,2014,216,2148,24.66,21.2,0,0,.309,12.29
105,2014,216,2154,24.54,21.17,0,0,.309,12.29
105,2014,216,2200,24.43,21.07,0,0,.309,12.29
105,2014,216,2206,24.32,20.95,0,0,.308,12.29
105,2014,216,2212,24.2,20.9,0,0,.308,12.29
105,2014,216,2218,24.08,20.86,0,0,.309,12.29
105,2014,216,2224,23.96,20.81,0,0,.309,12.29
105,2014,216,2230,23.84,20.87,0,0,.309,12.29
105,2014,216,2236,23.74,20.56,0,0,.309,12.29
105,2014,216,2242,23.63,20.63,0,0,.308,12.29
105,2014,216,2248,23.53,20.56,0,0,.309,12.29
105,2014,216,2254,23.43,20.58,0,0,.308,12.29
105,2014,216,2300,23.32,20.42,0,0,.308,12.29
105,2014,216,2306,23.22,20.33,0,0,.308,12.29
105,2014,216,2312,23.14,20.37,0,0,.308,12.29
105,2014,216,2318,23.05,20.33,0,0,.308,12.29
105,2014,216,2324,22.98,20.27,0,0,.309,12.29
105,2014,216,2330,22.91,20.23,0,0,.309,12.29
105,2014,216,2336,22.84,20.13,0,0,.309,12.3
105,2014,216,2342,22.76,20.13,0,0,.308,12.3
105,2014,216,2348,22.68,20.06,0,0,.309,12.3
105,2014,216,2354,22.6,19.93,0,0,.309,12.3
105,2014,217,0,22.53,19.91,0,0,.308,12.3
105,2014,217,6,22.47,19.85,0,0,.308,12.29
105,2014,217,12,22.41,19.93,0,0,.307,12.3
105,2014,217,18,22.36,19.84,0,0,.307,12.29
105,2014,217,24,22.31,19.71,0,0,.307,12.3
105,2014,217,30,22.26,19.7,0,0,.307,12.3
105,2014,217,36,22.2,19.46,0,0,.307,12.3
105,2014,217,42,22.14,19.5,0,0,.307,12.29
105,2014,217,48,22.09,19.45,0,0,.307,12.3
105,2014,217,54,22.04,19.42,0,0,.307,12.3
105,2014,217,100,21.98,19.2,0,0,.307,12.3
105,2014,217,106,21.92,19.32,0,0,.306,12.3
105,2014,217,112,21.86,19.32,0,0,.306,12.3
105,2014,217,118,21.8,19.2,0,0,.306,12.3
105,2014,217,124,21.74,19.21,0,0,.306,12.3
105,2014,217,130,21.68,19.06,0,0,.306,12.3
105,2014,217,136,21.62,18.99,0,0,.306,12.3
105,2014,217,142,21.55,18.9,0,0,.306,12.3
105,2014,217,148,21.48,19.19,0,0,.306,12.3
105,2014,217,154,21.43,19.09,0,0,.305,12.3
105,2014,217,200,21.38,18.62,0,0,.306,12.3
105,2014,217,206,21.33,18.76,0,0,.303,12.3
105,2014,217,212,21.27,18.47,0,0,.303,12.3
105,2014,217,218,21.21,18.8,0,0,.303,12.3
105,2014,217,224,21.15,18.77,0,0,.303,12.3
105,2014,217,230,21.1,18.95,0,0,.303,12.3
105,2014,217,236,21.05,18.96,0,0,.303,12.3
105,2014,217,242,21.01,18.67,0,0,.304,12.3
105,2014,217,248,20.97,18.64,0,0,.303,12.3
105,2014,217,254,20.92,18.32,0,0,.303,12.3
105,2014,217,300,20.87,18.71,0,0,.304,12.3
105,2014,217,306,20.83,18.67,0,0,.303,12.3
105,2014,217,312,20.8,18.71,0,0,.303,12.3
105,2014,217,318,20.77,18.69,0,0,.303,12.3
105,2014,217,324,20.75,18.59,0,0,.303,12.3
105,2014,217,330,20.73,18.43,0,0,.302,12.3
105,2014,217,336,20.71,18.61,0,0,.302,12.3
105,2014,217,342,20.69,18.47,0,0,.301,12.3
105,2014,217,348,20.67,18.53,0,0,.302,12.3
105,2014,217,354,20.65,18.56,0,0,.302,12.3
105,2014,217,400,20.64,18.65,0,0,.302,12.3
105,2014,217,406,20.63,18.63,0,0,.301,12.3
105,2014,217,412,20.63,18.75,0,0,.301,12.3
105,2014,217,418,20.63,18.66,0,0,.301,12.3
105,2014,217,424,20.64,18.54,0,0,.301,12.3
105,2014,217,430,20.66,18.6,0,0,.302,12.3
105,2014,217,436,20.66,18.75,0,0,.302,12.3
105,2014,217,442,20.66,18.58,0,0,.302,12.3
105,2014,217,448,20.66,18.64,0,0,.302,12.3
105,2014,217,454,20.65,18.76,0,0,.301,12.3
105,2014,217,500,20.65,18.84,0,0,.3,12.3
105,2014,217,506,20.64,18.81,0,0,.3,12.3
105,2014,217,512,20.63,18.7,0,0,.299,12.3
105,2014,217,518,20.62,18.67,0,0,.299,12.3
105,2014,217,524,20.61,18.41,0,0,.299,12.3
105,2014,217,530,20.58,18.58,0,0,.299,12.3
105,2014,217,536,20.56,18.6,0,0,.3,12.3
105,2014,217,542,20.53,18.59,0,0,.299,12.3
105,2014,217,548,20.51,18.39,0,0,.299,12.3
105,2014,217,554,20.49,18.47,0,0,.299,12.3
105,2014,217,600,20.45,18.53,0,0,.299,12.3
105,2014,217,606,20.43,18.58,0,0,.299,12.3
105,2014,217,612,20.41,18.1,0,0,.299,12.3
105,2014,217,618,20.39,18.22,0,0,.299,12.3
105,2014,217,624,20.35,18.18,0,0,.298,12.3
105,2014,217,630,20.31,18.08,0,0,.298,12.3
105,2014,217,636,20.27,18.12,0,0,.298,12.3
105,2014,217,642,20.22,18,0,0,.298,12.3
105,2014,217,648,20.18,18.11,0,0,.297,12.3
105,2014,217,654,20.15,18.49,0,0,.296,12.3
105,2014,217,700,20.13,18.78,0,0,.296,12.3
105,2014,217,706,20.13,19.63,0,0,.296,12.3
105,2014,217,712,20.15,19.91,0,0,.296,12.3
105,2014,217,718,20.19,20.28,0,0,.296,12.3
105,2014,217,724,20.26,20.86,0,0,.295,12.3
105,2014,217,730,20.34,21.38,0,0,.295,12.3
105,2014,217,736,20.45,21.42,0,0,.295,12.3
105,2014,217,742,20.58,22.15,0,0,.295,12.3
105,2014,217,748,20.73,22.62,0,0,.293,12.29
105,2014,217,754,20.89,22.66,0,0,.294,12.29
105,2014,217,800,21.06,22.99,0,0,.293,12.29
105,2014,217,806,21.24,23.78,0,0,.293,12.29
105,2014,217,812,21.45,23.88,0,0,.293,12.29
105,2014,217,818,21.67,23.98,0,0,.292,12.29
105,2014,217,824,21.89,24.78,0,0,.292,12.29
105,2014,217,830,22.13,25.06,0,0,.292,12.29
105,2014,217,836,22.4,25.6,0,0,.291,12.29
105,2014,217,842,22.66,25.52,0,0,.29,12.29
105,2014,217,848,22.93,26.69,0,0,.29,12.29
105,2014,217,854,23.2,27.69,0,0,.29,12.29
105,2014,217,900,23.5,27.11,0,0,.29,12.29
105,2014,217,906,23.77,27.04,0,0,.289,12.29
105,2014,217,912,24.04,28.01,0,0,.289,12.29
105,2014,217,918,24.31,29.42,0,0,.288,12.29
105,2014,217,924,24.6,29.03,0,0,.287,12.29
105,2014,217,930,24.89,29.49,0,0,.286,12.29
105,2014,217,936,25.19,30.16,0,0,.285,12.29
105,2014,217,942,25.48,30.56,0,0,.285,12.29
105,2014,217,948,25.78,30.18,0,0,.284,12.29
105,2014,217,954,26.05,30.97,0,0,.284,12.29
105,2014,217,1000,26.32,31.97,0,0,.284,12.29
105,2014,217,1006,26.6,31.43,0,0,.284,12.28
105,2014,217,1012,26.86,32.02,0,0,.284,12.29
105,2014,217,1018,27.11,31.95,0,0,.284,12.29
105,2014,217,1024,27.36,31.59,0,0,.282,12.28
105,2014,217,1030,27.59,31.8,0,0,.281,12.28
105,2014,217,1036,27.82,30.9,0,0,.281,12.29
105,2014,217,1042,28.06,31.73,0,0,.282,12.29
105,2014,217,1048,28.27,31.8,0,0,.282,12.29
105,2014,217,1054,28.48,31.86,0,0,.281,12.29
105,2014,217,1100,28.68,31.97,0,0,.281,12.28
105,2014,217,1106,28.87,31.86,0,0,.281,12.28
105,2014,217,1112,29.05,31.6,0,0,.281,12.28
105,2014,217,1118,29.22,31.68,0,0,.281,12.28
105,2014,217,1124,29.39,32.07,0,0,.281,12.28
105,2014,217,1130,29.54,30.71,0,0,.281,12.29
105,2014,217,1136,29.68,31.01,0,0,.281,12.29
105,2014,217,1142,29.82,32.57,0,0,.281,12.29
105,2014,217,1148,29.96,32.2,0,0,.278,12.29
105,2014,217,1154,30.1,33.06,0,0,.279,12.28
105,2014,217,1200,30.25,33.69,0,0,.278,12.28
105,2014,217,1206,30.41,33.07,0,0,.278,12.28
105,2014,217,1212,30.56,33.68,0,0,.279,12.28
105,2014,217,1218,30.71,33.63,0,0,.278,12.28
105,2014,217,1224,30.85,34.12,0,0,.277,12.28
105,2014,217,1230,30.99,32.94,0,0,.278,12.28
105,2014,217,1236,31.1,32.55,0,0,.278,12.28
105,2014,217,1242,31.22,33.24,0,0,.278,12.28
105,2014,217,1248,31.32,32.15,0,0,.277,12.28
105,2014,217,1254,31.43,32.65,0,0,.276,12.28
105,2014,217,1300,31.53,33.49,0,0,.277,12.28
105,2014,217,1306,31.63,33.14,0,0,.276,12.28
105,2014,217,1312,31.73,33.4,0,0,.276,12.28
105,2014,217,1318,31.83,33.8,0,0,.276,12.28
105,2014,217,1324,31.94,33.33,0,0,.276,12.28
105,2014,217,1330,32.03,32.98,0,0,.276,12.28
105,2014,217,1336,32.1,32.85,0,0,.275,12.28
105,2014,217,1342,32.16,33.19,0,0,.274,12.28
105,2014,217,1348,32.21,32.83,0,0,.275,12.28
105,2014,217,1354,32.27,33.25,0,0,.274,12.29
105,2014,217,1400,32.32,32.87,0,0,.273,12.29
105,2014,217,1406,32.35,32.75,0,0,.273,12.29
105,2014,217,1412,32.38,33.05,0,0,.273,12.28
105,2014,217,1418,32.42,32.75,0,0,.273,12.28
105,2014,217,1424,32.45,33.21,0,0,.273,12.28
105,2014,217,1430,32.49,33.8,0,0,.273,12.28
105,2014,217,1436,32.54,33.56,0,0,.272,12.28
105,2014,217,1442,32.57,32.54,0,0,.271,12.28
105,2014,217,1448,32.6,32.92,0,0,.271,12.28
105,2014,217,1454,32.62,32.57,0,0,.27,12.28
105,2014,217,1500,32.63,32.85,0,0,.27,12.28
105,2014,217,1506,32.64,32.77,0,0,.27,12.28
105,2014,217,1512,32.64,32.98,0,0,.27,12.28
105,2014,217,1518,32.65,32.69,0,0,.27,12.28
105,2014,217,1524,32.66,32.97,0,0,.27,12.28
105,2014,217,1530,32.66,32.74,0,0,.27,12.28
105,2014,217,1536,32.65,32.88,0,0,.269,12.28
105,2014,217,1542,32.64,32.24,0,0,.269,12.28
105,2014,217,1548,32.63,32.35,0,0,.269,12.28
105,2014,217,1554,32.61,32.35,0,0,.267,12.28
105,2014,217,1600,32.59,31.77,0,0,.267,12.28
105,2014,217,1606,32.57,32.07,0,0,.267,12.28
105,2014,217,1612,32.55,32.3,0,0,.267,12.28
105,2014,217,1618,32.54,32.71,0,0,.267,12.28
105,2014,217,1624,32.54,32.75,0,0,.267,12.28
105,2014,217,1630,32.54,31.68,0,0,.267,12.28
105,2014,217,1636,32.52,31.44,0,0,.267,12.28
105,2014,217,1642,32.49,30.36,0,0,.266,12.28
105,2014,217,1648,32.45,30.75,0,0,.266,12.29
105,2014,217,1654,32.4,30.59,0,0,.265,12.29
105,2014,217,1700,32.36,29.79,0,0,.264,12.29
105,2014,217,1706,32.3,29.35,0,0,.265,12.29
105,2014,217,1712,32.22,29,0,0,.264,12.29
105,2014,217,1718,32.12,28.45,0,0,.265,12.29
105,2014,217,1724,31.98,28.07,0,0,.264,12.29
105,2014,217,1730,31.81,27.97,0,0,.264,12.29
105,2014,217,1736,31.63,27.53,0,0,.264,12.29
105,2014,217,1742,31.45,27.27,0,0,.264,12.29
105,2014,217,1748,31.27,27.12,0,0,.265,12.29
105,2014,217,1754,31.07,26.82,0,0,.265,12.29
105,2014,217,1800,30.87,26.85,0,0,.265,12.29
105,2014,217,1806,30.67,26.91,0,0,.264,12.29
105,2014,217,1812,30.48,26.79,0,0,.265,12.29
105,2014,217,1818,30.3,26.5,0,0,.265,12.29
105,2014,217,1824,30.13,26.21,0,0,.265,12.29
105,2014,217,1830,29.96,25.81,0,0,.264,12.29
105,2014,217,1836,29.78,25.92,0,0,.264,12.29
105,2014,217,1842,29.61,25.9,0,0,.265,12.29
105,2014,217,1848,29.46,25.57,0,0,.265,12.29
105,2014,217,1854,29.31,25.61,0,0,.264,12.29
105,2014,217,1900,29.16,25.4,0,0,.265,12.29
105,2014,217,1906,29.02,25.15,0,0,.265,12.29
105,2014,217,1912,28.89,25.26,0,0,.265,12.29
105,2014,217,1918,28.76,25.1,0,0,.264,12.29
105,2014,217,1924,28.63,24.95,0,0,.265,12.29
105,2014,217,1930,28.5,24.54,0,0,.264,12.29
105,2014,217,1936,28.37,24.37,0,0,.264,12.29
105,2014,217,1942,28.25,24.41,0,0,.265,12.29
105,2014,217,1948,28.12,24.35,0,0,.265,12.29
105,2014,217,1954,28,24.12,0,0,.265,12.29
105,2014,217,2000,27.85,23.88,0,0,.265,12.29
105,2014,217,2006,27.71,24.09,0,0,.265,12.29
105,2014,217,2012,27.56,23.56,0,0,.265,12.29
105,2014,217,2018,27.43,23.35,0,0,.265,12.29
105,2014,217,2024,27.29,23.06,0,0,.265,12.29
105,2014,217,2030,27.15,22.89,0,0,.265,12.29
105,2014,217,2036,27,22.72,0,0,.265,12.29
105,2014,217,2042,26.85,22.53,0,0,.265,12.29
105,2014,217,2048,26.7,22.7,0,0,.265,12.29
105,2014,217,2054,26.54,22.45,0,0,.265,12.29
105,2014,217,2100,26.38,22.15,0,0,.265,12.29
105,2014,217,2106,26.22,22.14,0,0,.264,12.29
105,2014,217,2112,26.07,21.77,0,0,.265,12.29
105,2014,217,2118,25.89,21.4,0,0,.264,12.29
105,2014,217,2124,25.71,21.56,0,0,.265,12.29
105,2014,217,2130,25.52,21.13,0,0,.265,12.29
105,2014,217,2136,25.33,21.21,0,0,.264,12.29
105,2014,217,2142,25.14,21.42,0,0,.264,12.29
105,2014,217,2148,24.97,21.17,0,0,.265,12.29
105,2014,217,2154,24.81,21.01,0,0,.264,12.29
105,2014,217,2200,24.64,21.16,0,0,.264,12.29
105,2014,217,2206,24.5,21.36,0,0,.264,12.29
105,2014,217,2212,24.38,21.39,0,0,.265,12.29
105,2014,217,2218,24.29,21.02,0,0,.265,12.29
105,2014,217,2224,24.18,20.69,0,0,.264,12.29
105,2014,217,2230,24.07,21.01,0,0,.265,12.29
105,2014,217,2236,23.97,21.1,0,0,.265,12.29
105,2014,217,2242,23.88,21.08,0,0,.265,12.29
105,2014,217,2248,23.81,21.14,0,0,.265,12.29
105,2014,217,2254,23.75,21.24,0,0,.265,12.29
105,2014,217,2300,23.71,21.16,0,0,.265,12.29
105,2014,217,2306,23.67,21.06,0,0,.266,12.29
105,2014,217,2312,23.63,21.02,0,0,.265,12.29
105,2014,217,2318,23.59,20.76,0,0,.266,12.29
105,2014,217,2324,23.54,20.95,0,0,.266,12.29
105,2014,217,2330,23.48,20.91,0,0,.266,12.29
105,2014,217,2336,23.43,20.79,0,0,.266,12.29
105,2014,217,2342,23.37,21.12,0,0,.266,12.29
105,2014,217,2348,23.31,21.07,0,0,.266,12.29
105,2014,217,2354,23.27,21.14,0,0,.266,12.29
105,2014,218,0,23.25,21.13,0,0,.267,12.29
105,2014,218,6,23.24,20.96,0,0,.267,12.29
105,2014,218,12,23.22,20.85,0,0,.267,12.29
105,2014,218,18,23.2,21,0,0,.266,12.29
105,2014,218,24,23.19,21.4,0,0,.267,12.3
105,2014,218,30,23.18,21.89,0,0,.267,12.3
105,2014,218,36,23.19,21.93,0,0,.267,12.3
105,2014,218,42,23.21,22.05,0,0,.267,12.29
105,2014,218,48,23.25,22.19,0,0,.267,12.29
105,2014,218,54,23.28,22.24,0,0,.267,12.29
105,2014,218,100,23.33,22.08,0,0,.267,12.29
105,2014,218,106,23.36,22.15,0,0,.267,12.3
105,2014,218,112,23.4,21.86,0,0,.267,12.29
105,2014,218,118,23.43,21.83,0,0,.267,12.29
105,2014,218,124,23.46,21.84,0,0,.267,12.29
105,2014,218,130,23.48,21.7,0,0,.267,12.29
105,2014,218,136,23.49,21.56,0,0,.266,12.29
105,2014,218,142,23.48,21.5,0,0,.266,12.29
105,2014,218,148,23.46,21.33,0,0,.266,12.29
105,2014,218,154,23.44,21.37,0,0,.266,12.29
105,2014,218,200,23.4,21.05,0,0,.266,12.29
105,2014,218,206,23.36,21.07,0,0,.266,12.29
105,2014,218,212,23.32,21.07,0,0,.266,12.29
105,2014,218,218,23.28,21.1,0,0,.267,12.29
105,2014,218,224,23.25,20.98,0,0,.267,12.29
105,2014,218,230,23.22,21.03,0,0,.267,12.29
105,2014,218,236,23.19,20.96,0,0,.267,12.29
105,2014,218,242,23.16,20.8,0,0,.267,12.29
105,2014,218,248,23.12,21.14,0,0,.267,12.3
105,2014,218,254,23.09,21.16,0,0,.267,12.3
105,2014,218,300,23.07,21.27,0,0,.267,12.3
105,2014,218,306,23.06,21.17,0,0,.267,12.29
105,2014,218,312,23.06,21.13,0,0,.267,12.29
105,2014,218,318,23.06,21.03,0,0,.267,12.29
105,2014,218,324,23.06,20.99,0,0,.267,12.29
105,2014,218,330,23.06,20.83,0,0,.267,12.29
105,2014,218,336,23.04,20.66,0,0,.267,12.29
105,2014,218,342,23.03,20.47,0,0,.267,12.29
105,2014,218,348,23,20.36,0,0,.267,12.3
105,2014,218,354,22.97,20.54,0,0,.267,12.3
105,2014,218,400,22.93,20.38,0,0,.267,12.3
105,2014,218,406,22.89,20.41,0,0,.267,12.3
105,2014,218,412,22.84,20.16,0,0,.267,12.3
105,2014,218,418,22.77,19.81,0,0,.267,12.3
105,2014,218,424,22.69,19.85,0,0,.267,12.3
105,2014,218,430,22.6,19.82,0,0,.267,12.3
105,2014,218,436,22.51,19.72,0,0,.267,12.3
105,2014,218,442,22.43,19.75,0,0,.267,12.3
105,2014,218,448,22.34,19.65,0,0,.267,12.3
105,2014,218,454,22.26,19.55,0,0,.267,12.3
105,2014,218,500,22.18,19.78,0,0,.267,12.3
105,2014,218,506,22.11,19.62,0,0,.267,12.3
105,2014,218,512,22.05,19.56,0,0,.267,12.3
105,2014,218,518,21.98,19.68,0,0,.267,12.3
105,2014,218,524,21.92,19.66,0,0,.267,12.3
105,2014,218,530,21.86,19.67,0,0,.267,12.3
105,2014,218,536,21.8,19.6,0,0,.267,12.3
105,2014,218,542,21.75,19.43,0,0,.267,12.3
105,2014,218,548,21.7,19.32,0,0,.267,12.3
105,2014,218,554,21.65,19.28,0,0,.267,12.3
105,2014,218,600,21.61,19.21,0,0,.267,12.3
105,2014,218,606,21.56,19.4,0,0,.267,12.3
105,2014,218,612,21.52,19.16,0,0,.267,12.3
105,2014,218,618,21.47,19.27,0,0,.267,12.3
105,2014,218,624,21.43,19.14,0,0,.268,12.3
105,2014,218,630,21.39,19.23,0,0,.268,12.3
105,2014,218,636,21.35,19.2,0,0,.267,12.3
105,2014,218,642,21.32,19.29,0,0,.268,12.3
105,2014,218,648,21.29,19.6,0,0,.268,12.3
105,2014,218,654,21.27,19.77,0,0,.268,12.3
105,2014,218,700,21.26,20.02,0,0,.268,12.3
105,2014,218,706,21.26,20.35,0,0,.267,12.3
105,2014,218,712,21.27,20.53,0,0,.268,12.3
105,2014,218,718,21.29,20.77,0,0,.268,12.3
105,2014,218,724,21.33,21.28,0,0,.269,12.3
105,2014,218,730,21.39,21.87,0,0,.269,12.3
105,2014,218,736,21.46,21.72,0,0,.269,12.3
105,2014,218,742,21.54,22.06,0,0,.269,12.29
105,2014,218,748,21.64,22.79,0,0,.269,12.29
105,2014,218,754,21.75,22.99,0,0,.268,12.29
105,2014,218,800,21.87,23.33,0,0,.269,12.29
105,2014,218,806,22.01,24.2,0,0,.27,12.29
105,2014,218,812,22.15,23.75,0,0,.269,12.29
105,2014,218,818,22.3,24.55,0,0,.269,12.29
105,2014,218,824,22.45,24.55,0,0,.269,12.29
105,2014,218,830,22.63,25.16,0,0,.269,12.29
105,2014,218,836,22.82,25.23,0,0,.27,12.29
105,2014,218,842,23.01,25.14,0,0,.269,12.29
105,2014,218,848,23.22,25.46,0,0,.269,12.29
105,2014,218,854,23.41,25.62,0,0,.269,12.29
105,2014,218,900,23.59,25.97,0,0,.269,12.29
105,2014,218,906,23.78,26.1,0,0,.269,12.29
105,2014,218,912,23.95,25.72,0,0,.269,12.29
105,2014,218,918,24.12,25.37,0,0,.268,12.29
105,2014,218,924,24.27,26.56,0,0,.268,12.29
105,2014,218,930,24.43,26.36,0,0,.267,12.29
105,2014,218,936,24.59,26.78,0,0,.268,12.29
105,2014,218,942,24.74,27.04,0,0,.267,12.29
105,2014,218,948,24.9,26.85,0,0,.267,12.29
105,2014,218,954,25.04,26.87,0,0,.267,12.29
105,2014,218,1000,25.19,26.34,0,0,.267,12.29
105,2014,218,1006,25.33,26.18,0,0,.267,12.29
105,2014,218,1012,25.46,26.49,0,0,.267,12.29
105,2014,218,1018,25.59,26.16,0,0,.267,12.29
105,2014,218,1024,25.71,26.63,0,0,.267,12.29
105,2014,218,1030,25.82,27.62,0,0,.267,12.29
105,2014,218,1036,25.95,28.35,0,0,.267,12.29
105,2014,218,1042,26.1,28.29,0,0,.267,12.29
105,2014,218,1048,26.25,27.51,0,0,.267,12.29
105,2014,218,1054,26.4,27.43,0,0,.267,12.29
105,2014,218,1100,26.55,27.18,0,0,.267,12.29
105,2014,218,1106,26.67,27.21,0,0,.267,12.29
105,2014,218,1112,26.78,27.35,0,0,.267,12.29
105,2014,218,1118,26.88,28.03,0,0,.267,12.29
105,2014,218,1124,26.99,28.05,0,0,.267,12.29
105,2014,218,1130,27.11,27.94,0,0,.267,12.29
105,2014,218,1136,27.23,28.28,0,0,.267,12.29
105,2014,218,1142,27.33,28.39,0,0,.267,12.29
105,2014,218,1148,27.44,29.66,0,0,.267,12.29
105,2014,218,1154,27.59,29.62,0,0,.267,12.29
105,2014,218,1200,27.74,29.81,0,0,.267,12.29
105,2014,218,1206,27.93,30.64,0,0,.267,12.29
105,2014,218,1212,28.12,30.39,0,0,.267,12.29
105,2014,218,1218,28.3,30.64,0,0,.267,12.29
105,2014,218,1224,28.49,30.93,0,0,.267,12.29
105,2014,218,1230,28.68,29.76,0,0,.267,12.29
105,2014,218,1236,28.84,30.28,0,0,.266,12.28
105,2014,218,1242,28.98,30.88,0,0,.266,12.28
105,2014,218,1248,29.13,30.05,0,0,.266,12.28
105,2014,218,1254,29.26,30.26,0,0,.266,12.28
105,2014,218,1300,29.38,29.11,0,0,.266,12.29
105,2014,218,1306,29.46,28.86,0,0,.266,12.29
105,2014,218,1312,29.51,28.64,0,0,.266,12.29
105,2014,218,1318,29.53,30.15,0,0,.266,12.29
105,2014,218,1324,29.55,30.83,0,0,.265,12.29
105,2014,218,1330,29.61,30.78,0,0,.264,12.29
105,2014,218,1336,29.7,30.39,0,0,.265,12.29
105,2014,218,1342,29.8,30.6,0,0,.265,12.29
105,2014,218,1348,29.89,28.97,0,0,.264,12.29
105,2014,218,1354,29.94,27.99,0,0,.265,12.29
105,2014,218,1400,29.93,26.96,0,0,.265,12.29
105,2014,218,1406,29.88,26.96,0,0,.265,12.29
105,2014,218,1412,29.81,27.44,0,0,.264,12.29
105,2014,218,1418,29.75,27.07,0,0,.264,12.29
105,2014,218,1424,29.67,26.46,0,0,.264,12.29
105,2014,218,1430,29.59,26.91,0,0,.265,12.29
105,2014,218,1436,29.5,27.45,0,0,.264,12.29
105,2014,218,1442,29.43,28.65,0,0,.264,12.29
105,2014,218,1448,29.39,29.92,0,0,.263,12.29
105,2014,218,1454,29.39,29.65,0,0,.263,12.29
105,2014,218,1500,29.42,28.82,0,0,.263,12.29
105,2014,218,1506,29.46,29.42,0,0,.262,12.29
105,2014,218,1512,29.51,29.41,0,0,.262,12.29
105,2014,218,1518,29.57,29.12,0,0,.262,12.29
105,2014,218,1524,29.62,29.04,0,0,.262,12.29
105,2014,218,1530,29.65,28.38,0,0,.261,12.29
105,2014,218,1536,29.67,28.08,0,0,.262,12.29
105,2014,218,1542,29.66,28.35,0,0,.262,12.29
105,2014,218,1548,29.64,28.38,0,0,.261,12.29
105,2014,218,1554,29.63,28.97,0,0,.261,12.29
105,2014,218,1600,29.63,29.07,0,0,.259,12.29
105,2014,218,1606,29.65,29.51,0,0,.259,12.29
105,2014,218,1612,29.7,29.68,0,0,.259,12.29
105,2014,218,1618,29.75,29.54,0,0,.258,12.29
105,2014,218,1624,29.82,29.93,0,0,.258,12.29
105,2014,218,1630,29.88,29.11,0,0,.258,12.29
105,2014,218,1636,29.92,28.81,0,0,.258,12.29
105,2014,218,1642,29.95,28.73,0,0,.258,12.29
105,2014,218,1648,29.98,27.99,0,0,.256,12.29
105,2014,218,1654,29.99,27.95,0,0,.256,12.29
105,2014,218,1700,29.99,28.16,0,0,.256,12.29
105,2014,218,1706,29.98,27.09,0,0,.256,12.29
105,2014,218,1712,29.94,26.96,0,0,.256,12.29
105,2014,218,1718,29.88,26.58,0,0,.256,12.29
105,2014,218,1724,29.8,26.46,0,0,.256,12.29
105,2014,218,1730,29.71,26.86,0,0,.256,12.29
105,2014,218,1736,29.61,26.41,0,0,.256,12.29
105,2014,218,1742,29.51,26.37,0,0,.256,12.29
105,2014,218,1748,29.4,27.03,0,0,.256,12.29
105,2014,218,1754,29.32,26.72,0,0,.256,12.29
105,2014,218,1800,29.25,26.9,0,0,.256,12.29
105,2014,218,1806,29.19,26.34,0,0,.256,12.29
105,2014,218,1812,29.13,25.88,0,0,.256,12.29
105,2014,218,1818,29.06,25.68,0,0,.256,12.29
105,2014,218,1824,28.99,25.44,0,0,.256,12.29
105,2014,218,1830,28.9,25.32,0,0,.256,12.29
105,2014,218,1836,28.81,25.17,0,0,.256,12.29
105,2014,218,1842,28.72,24.96,0,0,.256,12.29
105,2014,218,1848,28.61,24.92,0,0,.256,12.29
105,2014,218,1854,28.5,25.39,0,0,.256,12.29
105,2014,218,1900,28.39,25.49,0,0,.256,12.29
105,2014,218,1906,28.3,25.7,0,0,.256,12.29
105,2014,218,1912,28.21,25.2,0,0,.256,12.29
105,2014,218,1918,28.12,25.27,0,0,.256,12.29
105,2014,218,1924,28.03,25.29,0,0,.256,12.29
105,2014,218,1930,27.95,24.63,0,0,.256,12.29
105,2014,218,1936,27.86,24.68,0,0,.256,12.29
105,2014,218,1942,27.77,24.3,0,0,.256,12.29
105,2014,218,1948,27.68,24.28,0,0,.256,12.29
105,2014,218,1954,27.59,24.67,0,0,.256,12.29
105,2014,218,2000,27.49,23.91,0,0,.256,12.29
105,2014,218,2006,27.37,23.82,0,0,.256,12.29
105,2014,218,2012,27.26,23.79,0,0,.256,12.29
105,2014,218,2018,27.14,23.71,0,0,.256,12.29
105,2014,218,2024,27.02,23.4,0,0,.256,12.29
105,2014,218,2030,26.9,23.23,0,0,.256,12.29
105,2014,218,2036,26.79,23.63,0,0,.256,12.29
105,2014,218,2042,26.68,23.52,0,0,.256,12.29
105,2014,218,2048,26.56,23.31,0,0,.256,12.29
105,2014,218,2054,26.44,22.87,0,0,.256,12.29
105,2014,218,2100,26.32,23.03,0,0,.256,12.29
105,2014,218,2106,26.2,22.73,0,0,.256,12.29
105,2014,218,2112,26.09,22.55,0,0,.256,12.29
105,2014,218,2118,25.98,22.51,0,0,.256,12.29
105,2014,218,2124,25.87,22.2,0,0,.256,12.29
105,2014,218,2130,25.74,22.37,0,0,.256,12.29
105,2014,218,2136,25.61,22.18,0,0,.256,12.29
105,2014,218,2142,25.48,22.12,0,0,.256,12.29
105,2014,218,2148,25.37,21.93,0,0,.256,12.29
105,2014,218,2154,25.26,21.82,0,0,.256,12.29
105,2014,218,2200,25.15,21.46,0,0,.256,12.29
105,2014,218,2206,25.03,21.63,0,0,.256,12.29
105,2014,218,2212,24.9,21.69,0,0,.256,12.29
105,2014,218,2218,24.79,21.57,0,0,.256,12.29
105,2014,218,2224,24.68,21.53,0,0,.256,12.29
105,2014,218,2230,24.57,21.33,0,0,.256,12.29
105,2014,218,2236,24.46,21.31,0,0,.256,12.29
105,2014,218,2242,24.35,21.27,0,0,.256,12.29
105,2014,218,2248,24.24,21.36,0,0,.256,12.29
105,2014,218,2254,24.15,21.24,0,0,.256,12.29
105,2014,218,2300,24.06,21.14,0,0,.256,12.29
105,2014,218,2306,23.97,20.76,0,0,.256,12.29
105,2014,218,2312,23.88,20.92,0,0,.257,12.29
105,2014,218,2318,23.79,21.18,0,0,.257,12.29
105,2014,218,2324,23.71,21.13,0,0,.257,12.29
105,2014,218,2330,23.65,21.09,0,0,.257,12.29
105,2014,218,2336,23.59,20.67,0,0,.257,12.29
105,2014,218,2342,23.52,20.73,0,0,.258,12.29
105,2014,218,2348,23.44,20.91,0,0,.258,12.29
105,2014,218,2354,23.37,20.76,0,0,.258,12.29
105,2014,219,0,23.29,20.55,0,0,.258,12.29
105,2014,219,6,23.22,20.8,0,0,.258,12.29
105,2014,219,12,23.16,20.72,0,0,.258,12.29
105,2014,219,18,23.11,20.77,0,0,.259,12.29
105,2014,219,24,23.05,20.46,0,0,.258,12.29
105,2014,219,30,23,20.58,0,0,.258,12.29
105,2014,219,36,22.94,20.46,0,0,.259,12.29
105,2014,219,42,22.89,20.6,0,0,.259,12.3
105,2014,219,48,22.83,20.47,0,0,.259,12.29
105,2014,219,54,22.78,20.4,0,0,.259,12.3
105,2014,219,100,22.74,20.45,0,0,.259,12.29
105,2014,219,106,22.71,20.37,0,0,.259,12.3
105,2014,219,112,22.67,20.33,0,0,.259,12.29
105,2014,219,118,22.63,20.27,0,0,.259,12.29
105,2014,219,124,22.58,20.27,0,0,.259,12.3
105,2014,219,130,22.54,20.09,0,0,.259,12.3
105,2014,219,136,22.48,20.05,0,0,.259,12.29
105,2014,219,142,22.43,20.11,0,0,.259,12.3
105,2014,219,148,22.36,20.07,0,0,.259,12.29
105,2014,219,154,22.3,19.94,0,0,.259,12.29
105,2014,219,200,22.24,19.85,0,0,.259,12.29
105,2014,219,206,22.18,19.95,0,0,.259,12.29
105,2014,219,212,22.12,19.7,0,0,.259,12.29
105,2014,219,218,22.06,19.8,0,0,.259,12.29
105,2014,219,224,21.99,19.71,0,0,.259,12.3
105,2014,219,230,21.93,19.63,0,0,.259,12.3
105,2014,219,236,21.87,19.48,0,0,.259,12.3
105,2014,219,242,21.82,19.63,0,0,.259,12.3
105,2014,219,248,21.77,19.6,0,0,.259,12.3
105,2014,219,254,21.73,20,0,0,.258,12.3
105,2014,219,300,21.7,19.82,0,0,.259,12.3
105,2014,219,306,21.67,19.87,0,0,.259,12.3
105,2014,219,312,21.64,19.83,0,0,.259,12.3
105,2014,219,318,21.62,19.9,0,0,.259,12.3
105,2014,219,324,21.6,19.76,0,0,.259,12.3
105,2014,219,330,21.58,19.73,0,0,.259,12.3
105,2014,219,336,21.57,19.74,0,0,.259,12.29
105,2014,219,342,21.55,19.44,0,0,.259,12.3
105,2014,219,348,21.52,19.58,0,0,.259,12.3
105,2014,219,354,21.49,19.73,0,0,.259,12.29
105,2014,219,400,21.47,19.55,0,0,.259,12.29
105,2014,219,406,21.45,19.39,0,0,.259,12.3
105,2014,219,412,21.43,19.34,0,0,.258,12.3
105,2014,219,418,21.4,19.25,0,0,.259,12.3
105,2014,219,424,21.36,18.75,0,0,.259,12.3
105,2014,219,430,21.31,19.03,0,0,.259,12.3
105,2014,219,436,21.25,19.09,0,0,.259,12.3
105,2014,219,442,21.2,19.1,0,0,.259,12.3
105,2014,219,448,21.16,19.08,0,0,.258,12.3
105,2014,219,454,21.13,19.13,0,0,.259,12.3
105,2014,219,500,21.1,19.15,0,0,.258,12.3
105,2014,219,506,21.08,19.01,0,0,.258,12.3
105,2014,219,512,21.06,18.97,0,0,.258,12.3
105,2014,219,518,21.05,18.85,0,0,.259,12.3
105,2014,219,524,21.03,18.8,0,0,.259,12.3
105,2014,219,530,21.02,18.89,0,0,.259,12.3
105,2014,219,536,21.01,18.78,0,0,.258,12.3
105,2014,219,542,20.99,18.76,0,0,.258,12.3
105,2014,219,548,20.97,18.66,0,0,.258,12.3
105,2014,219,554,20.93,18.77,0,0,.258,12.3
105,2014,219,600,20.89,18.73,0,0,.258,12.3
105,2014,219,606,20.86,18.71,0,0,.259,12.3
105,2014,219,612,20.83,18.62,0,0,.259,12.3
105,2014,219,618,20.81,18.65,0,0,.259,12.3
105,2014,219,624,20.79,18.61,0,0,.26,12.3
105,2014,219,630,20.77,18.71,0,0,.261,12.3
105,2014,219,636,20.76,18.62,0,0,.261,12.3
105,2014,219,642,20.74,18.54,0,0,.263,12.3
105,2014,219,648,20.72,18.96,0,0,.262,12.3
105,2014,219,654,20.7,19.1,0,0,.263,12.3
105,2014,219,700,20.7,19.18,0,0,.263,12.3
105,2014,219,706,20.71,19.34,0,0,.263,12.3
105,2014,219,712,20.73,19.56,0,0,.263,12.3
105,2014,219,718,20.77,20.37,0,0,.264,12.3
105,2014,219,724,20.82,20.41,0,0,.263,12.3
105,2014,219,730,20.89,20.79,0,0,.263,12.3
105,2014,219,736,20.97,21.8,0,0,.265,12.3
105,2014,219,742,21.06,21.92,0,0,.264,12.3
105,2014,219,748,21.17,22.15,0,0,.264,12.29
105,2014,219,754,21.28,22.56,0,0,.265,12.29
105,2014,219,800,21.41,22.66,0,0,.265,12.29
105,2014,219,806,21.53,22.99,0,0,.265,12.29
105,2014,219,812,21.67,23.65,0,0,.265,12.29
105,2014,219,818,21.83,24.57,0,0,.265,12.29
105,2014,219,824,22.01,24.83,0,0,.265,12.29
105,2014,219,830,22.2,24.78,0,0,.265,12.29
105,2014,219,836,22.4,24.73,0,0,.265,12.29
105,2014,219,842,22.59,24.82,0,0,.265,12.29
105,2014,219,848,22.78,25.01,0,0,.265,12.29
105,2014,219,854,22.97,25.44,0,0,.265,12.29
105,2014,219,900,23.18,25.47,0,0,.265,12.29
105,2014,219,906,23.38,25.71,0,0,.265,12.29
105,2014,219,912,23.58,25.45,0,0,.265,12.29
105,2014,219,918,23.76,25.17,0,0,.265,12.29
105,2014,219,924,23.92,25.56,0,0,.264,12.29
105,2014,219,930,24.07,25.22,0,0,.264,12.29
105,2014,219,936,24.21,25.09,0,0,.263,12.29
105,2014,219,942,24.32,25.9,0,0,.263,12.29
105,2014,219,948,24.44,26.24,0,0,.263,12.29
105,2014,219,954,24.56,26.27,0,0,.263,12.29
105,2014,219,1000,24.69,27.13,0,0,.263,12.29
105,2014,219,1006,24.83,27.45,0,0,.262,12.29
105,2014,219,1012,24.98,28.2,0,0,.262,12.29
105,2014,219,1018,25.15,28.66,0,0,.263,12.29
105,2014,219,1024,25.35,29.31,0,0,.262,12.29
105,2014,219,1030,25.56,28.84,0,0,.262,12.29
105,2014,219,1036,25.77,28.96,0,0,.262,12.29
105,2014,219,1042,25.97,28.74,0,0,.262,12.29
105,2014,219,1048,26.17,29.36,0,0,.262,12.29
105,2014,219,1054,26.36,29.73,0,0,.262,12.29
105,2014,219,1100,26.55,29.73,0,0,.262,12.29
105,2014,219,1106,26.74,28.96,0,0,.262,12.29
105,2014,219,1112,26.9,28.07,0,0,.262,12.29
105,2014,219,1118,27.04,28.65,0,0,.262,12.29
105,2014,219,1124,27.16,29.61,0,0,.262,12.29
105,2014,219,1130,27.28,30.28,0,0,.262,12.29
105,2014,219,1136,27.42,30.09,0,0,.262,12.29
105,2014,219,1142,27.57,28.66,0,0,.262,12.29
105,2014,219,1148,27.71,30.28,0,0,.262,12.29
105,2014,219,1154,27.85,30.37,0,0,.262,12.29
105,2014,219,1200,28,30.57,0,0,.263,12.29
105,2014,219,1206,28.15,30.78,0,0,.263,12.29
105,2014,219,1212,28.3,28.79,0,0,.263,12.29
105,2014,219,1218,28.44,29.14,0,0,.263,12.29
105,2014,219,1224,28.55,29.63,0,0,.263,12.29
105,2014,219,1230,28.65,29.51,0,0,.263,12.29
105,2014,219,1236,28.75,29.75,0,0,.263,12.29
105,2014,219,1242,28.83,30.56,0,0,.263,12.28
105,2014,219,1248,28.93,31.58,0,0,.263,12.28
105,2014,219,1254,29.04,31.19,0,0,.263,12.28
105,2014,219,1300,29.15,32,0,0,.262,12.28
105,2014,219,1306,29.27,29.98,0,0,.263,12.28
105,2014,219,1312,29.37,30.74,0,0,.263,12.29
105,2014,219,1318,29.46,32,0,0,.262,12.29
105,2014,219,1324,29.55,31.07,0,0,.262,12.28
105,2014,219,1330,29.66,30.52,0,0,.262,12.29
105,2014,219,1336,29.77,31.47,0,0,.262,12.29
105,2014,219,1342,29.89,31.28,0,0,.262,12.29
105,2014,219,1348,30.01,32.66,0,0,.262,12.28
105,2014,219,1354,30.12,30.04,0,0,.262,12.28
105,2014,219,1400,30.2,29.78,0,0,.262,12.29
105,2014,219,1406,30.26,30.38,0,0,.262,12.29
105,2014,219,1412,30.31,31.07,0,0,.262,12.29
105,2014,219,1418,30.37,31.17,0,0,.261,12.29
105,2014,219,1424,30.44,31.6,0,0,.261,12.28
105,2014,219,1430,30.51,29.61,0,0,.261,12.28
105,2014,219,1436,30.56,29.62,0,0,.261,12.29
105,2014,219,1442,30.56,31.03,0,0,.261,12.29
105,2014,219,1448,30.56,29.58,0,0,.261,12.29
105,2014,219,1454,30.56,29.61,0,0,.261,12.29
105,2014,219,1500,30.52,28.48,0,0,.262,12.29
105,2014,219,1506,30.47,29.73,0,0,.261,12.29
105,2014,219,1512,30.42,28.87,0,0,.261,12.29
105,2014,219,1518,30.36,29.37,0,0,.261,12.29
105,2014,219,1524,30.31,28.88,0,0,.261,12.29
105,2014,219,1530,30.25,30.12,0,0,.259,12.29
105,2014,219,1536,30.21,30.78,0,0,.259,12.29
105,2014,219,1542,30.2,31.21,0,0,.258,12.29
105,2014,219,1548,30.21,30.29,0,0,.258,12.29
105,2014,219,1554,30.24,29.75,0,0,.258,12.29
105,2014,219,1600,30.26,28.74,0,0,.258,12.29
105,2014,219,1606,30.28,28.81,0,0,.258,12.29
105,2014,219,1612,30.3,28.6,0,0,.256,12.29
105,2014,219,1618,30.31,28.84,0,0,.256,12.29
105,2014,219,1624,30.31,28.77,0,0,.256,12.29
105,2014,219,1630,30.31,28.04,0,0,.256,12.29
105,2014,219,1636,30.3,27.43,0,0,.256,12.29
105,2014,219,1642,30.27,27.22,0,0,.256,12.29
105,2014,219,1648,30.24,27.34,0,0,.255,12.29
105,2014,219,1654,30.19,27.01,0,0,.254,12.29
105,2014,219,1700,30.12,26.77,0,0,.254,12.29
105,2014,219,1706,30.04,27.43,0,0,.254,12.29
105,2014,219,1712,29.95,26.23,0,0,.255,12.29
105,2014,219,1718,29.85,26.44,0,0,.254,12.29
105,2014,219,1724,29.75,26.43,0,0,.254,12.29
105,2014,219,1730,29.65,25.98,0,0,.254,12.29
105,2014,219,1736,29.53,25.97,0,0,.254,12.29