105,2014,219,1742,29.25,25.93,0,0,.254,12.29
105,2014,219,1748,29.13,25.71,0,0,.254,12.29
105,2014,219,1754,29.03,25.47,0,0,.254,12.29
105,2014,219,1800,28.93,25.14,0,0,.253,12.29
105,2014,219,1806,28.82,24.94,0,0,.254,12.29
105,2014,219,1812,28.7,25.01,0,0,.254,12.29
105,2014,219,1818,28.59,24.79,0,0,.254,12.29
105,2014,219,1824,28.47,24.77,0,0,.254,12.29
105,2014,219,1830,28.35,24.51,0,0,.254,12.29
105,2014,219,1836,28.23,24.47,0,0,.254,12.29
105,2014,219,1842,28.11,24.28,0,0,.254,12.29
105,2014,219,1848,27.98,24.16,0,0,.254,12.29
105,2014,219,1854,27.86,24.13,0,0,.254,12.29
105,2014,219,1900,27.73,23.95,0,0,.254,12.29
105,2014,219,1906,27.6,23.86,0,0,.254,12.29
105,2014,219,1912,27.48,23.75,0,0,.255,12.29
105,2014,219,1918,27.35,23.4,0,0,.254,12.29
105,2014,219,1924,27.21,23.33,0,0,.254,12.29
105,2014,219,1930,27.08,23.2,0,0,.254,12.29
105,2014,219,1936,26.94,23.06,0,0,.254,12.29
105,2014,219,1942,26.81,22.87,0,0,.254,12.29
105,2014,219,1948,26.67,22.64,0,0,.253,12.29
105,2014,219,1954,26.53,22.45,0,0,.254,12.29
105,2014,219,2000,26.38,22.18,0,0,.254,12.29
105,2014,219,2006,26.21,22.56,0,0,.254,12.29
105,2014,219,2012,26.04,21.98,0,0,.254,12.29
105,2014,219,2018,25.87,21.66,0,0,.254,12.29
105,2014,219,2024,25.68,21.49,0,0,.254,12.29
105,2014,219,2030,25.49,21.25,0,0,.254,12.29
105,2014,219,2036,25.28,21.08,0,0,.254,12.29
105,2014,219,2042,25.07,20.97,0,0,.254,12.29
105,2014,219,2048,24.88,20.7,0,0,.254,12.29
105,2014,219,2054,24.69,20.33,0,0,.253,12.29
105,2014,219,2100,24.49,20.6,0,0,.254,12.29
105,2014,219,2106,24.3,20.13,0,0,.254,12.29
105,2014,219,2112,24.11,20.01,0,0,.254,12.29
105,2014,219,2118,23.91,19.97,0,0,.254,12.29
105,2014,219,2124,23.72,19.93,0,0,.255,12.29
105,2014,219,2130,23.54,19.8,0,0,.255,12.29
105,2014,219,2136,23.38,19.84,0,0,.255,12.3
105,2014,219,2142,23.21,19.62,0,0,.256,12.3
105,2014,219,2148,23.05,19.39,0,0,.256,12.3
105,2014,219,2154,22.89,19.53,0,0,.256,12.3
105,2014,219,2200,22.74,19.35,0,0,.256,12.3
105,2014,219,2206,22.59,19.04,0,0,.257,12.3
105,2014,219,2212,22.45,18.8,0,0,.257,12.3
105,2014,219,2218,22.3,18.54,0,0,.257,12.3
105,2014,219,2224,22.16,18.7,0,0,.257,12.3
105,2014,219,2230,22.02,18.4,0,0,.256,12.3
105,2014,219,2236,21.89,18.18,0,0,.257,12.3
105,2014,219,2242,21.75,18.15,0,0,.256,12.3
105,2014,219,2248,21.62,18.23,0,0,.257,12.3
105,2014,219,2254,21.49,18.39,0,0,.256,12.3
105,2014,219,2300,21.37,18.35,0,0,.256,12.3
105,2014,219,2306,21.25,17.97,0,0,.256,12.3
105,2014,219,2312,21.14,17.84,0,0,.257,12.3
105,2014,219,2318,21.02,17.83,0,0,.256,12.3
105,2014,219,2324,20.91,17.59,0,0,.256,12.3
105,2014,219,2330,20.79,17.62,0,0,.256,12.3
105,2014,219,2336,20.69,17.76,0,0,.255,12.3
105,2014,219,2342,20.59,18.02,0,0,.255,12.3
105,2014,219,2348,20.51,18.12,0,0,.255,12.3
105,2014,219,2354,20.45,17.64,0,0,.255,12.3
105,2014,220,0,20.39,17.64,0,0,.255,12.3
105,2014,220,6,20.32,17.46,0,0,.255,12.3
105,2014,220,12,20.25,17.51,0,0,.255,12.3
105,2014,220,18,20.18,17.78,0,0,.255,12.3
105,2014,220,24,20.11,17.74,0,0,.255,12.3
105,2014,220,30,20.04,17.19,0,0,.254,12.3
105,2014,220,36,19.97,17.1,0,0,.254,12.3
105,2014,220,42,19.88,17.08,0,0,.254,12.3
105,2014,220,48,19.8,17.34,0,0,.254,12.3
105,2014,220,54,19.73,17.31,0,0,.254,12.3
105,2014,220,100,19.68,17.31,0,0,.254,12.3
105,2014,220,106,19.63,17.37,0,0,.254,12.3
105,2014,220,112,19.59,17.49,0,0,.254,12.3
105,2014,220,118,19.55,17.14,0,0,.254,12.3
105,2014,220,124,19.5,17.5,0,0,.254,12.3
105,2014,220,130,19.47,17.49,0,0,.254,12.3
105,2014,220,136,19.44,17.33,0,0,.254,12.3
105,2014,220,142,19.41,17.32,0,0,.254,12.3
105,2014,220,148,19.37,17.06,0,0,.254,12.3
105,2014,220,154,19.33,17.24,0,0,.254,12.3
105,2014,220,200,19.29,17.33,0,0,.254,12.3
105,2014,220,206,19.25,17.09,0,0,.254,12.3
105,2014,220,212,19.21,17.39,0,0,.254,12.3
105,2014,220,218,19.18,17.42,0,0,.254,12.3
105,2014,220,224,19.16,17.42,0,0,.254,12.3
105,2014,220,230,19.14,17.44,0,0,.254,12.3
105,2014,220,236,19.11,17.35,0,0,.254,12.3
105,2014,220,242,19.08,17.39,0,0,.254,12.3
105,2014,220,248,19.06,17.33,0,0,.254,12.3
105,2014,220,254,19.04,17.29,0,0,.255,12.3
105,2014,220,300,19.03,17.16,0,0,.254,12.3
105,2014,220,306,19.02,17.05,0,0,.254,12.3
105,2014,220,312,19.02,17.1,0,0,.255,12.3
105,2014,220,318,19.01,17.17,0,0,.254,12.3
105,2014,220,324,19,16.86,0,0,.253,12.3
105,2014,220,330,18.97,16.93,0,0,.254,12.3
105,2014,220,336,18.94,16.92,0,0,.254,12.3
105,2014,220,342,18.91,16.83,0,0,.254,12.3
105,2014,220,348,18.88,16.77,0,0,.253,12.3
105,2014,220,354,18.85,16.75,0,0,.254,12.3
105,2014,220,400,18.83,16.72,0,0,.254,12.3
105,2014,220,406,18.81,16.71,0,0,.253,12.3
105,2014,220,412,18.79,16.69,0,0,.254,12.3
105,2014,220,418,18.77,16.67,0,0,.254,12.3
105,2014,220,424,18.74,16.51,0,0,.254,12.3
105,2014,220,430,18.71,16.6,0,0,.254,12.3
105,2014,220,436,18.67,16.43,0,0,.254,12.3
105,2014,220,442,18.63,16.39,0,0,.255,12.3
105,2014,220,448,18.59,16.38,0,0,.254,12.3
105,2014,220,454,18.55,16.22,0,0,.254,12.3
105,2014,220,500,18.5,16.3,0,0,.254,12.3
105,2014,220,506,18.46,16.33,0,0,.254,12.3
105,2014,220,512,18.41,16.28,0,0,.254,12.3
105,2014,220,518,18.38,16.1,0,0,.254,12.3
105,2014,220,524,18.34,16.1,0,0,.254,12.3
105,2014,220,530,18.29,16.06,0,0,.26,12.3
105,2014,220,536,18.25,16.13,0,0,.269,12.3
105,2014,220,542,18.21,16.13,0,0,.279,12.3
105,2014,220,548,18.17,16.08,0,0,.288,12.3
105,2014,220,554,18.14,16.04,0,0,.293,12.3
105,2014,220,600,18.1,16,0,0,.299,12.3
105,2014,220,606,18.07,15.95,0,0,.303,12.3
105,2014,220,612,18.03,15.94,0,0,.307,12.3
105,2014,220,618,17.98,15.95,0,0,.309,12.3
105,2014,220,624,17.94,15.62,0,0,.313,12.3
105,2014,220,630,17.9,15.84,0,0,.315,12.3
105,2014,220,636,17.85,15.64,0,0,.318,12.3
105,2014,220,642,17.79,15.89,0,0,.319,12.3
105,2014,220,648,17.75,16.18,0,0,.321,12.3
105,2014,220,654,17.72,16.13,0,0,.322,12.3
105,2014,220,700,17.7,16.25,0,0,.323,12.3
105,2014,220,706,17.69,16.57,0,0,.324,12.3
105,2014,220,712,17.7,16.91,0,0,.326,12.3
105,2014,220,718,17.74,17.35,0,0,.326,12.3
105,2014,220,724,17.79,17.63,0,0,.327,12.3
105,2014,220,730,17.86,17.94,0,0,.328,12.3
105,2014,220,736,17.95,18.3,0,0,.329,12.3
105,2014,220,742,18.07,19.12,0,0,.329,12.3
105,2014,220,748,18.19,19.12,0,0,.329,12.3
105,2014,220,754,18.34,19.57,0,0,.329,12.3
105,2014,220,800,18.49,20.01,0,0,.329,12.3
105,2014,220,806,18.66,19.78,0,0,.329,12.3
105,2014,220,812,18.83,19.69,0,0,.329,12.3
105,2014,220,818,19.01,20.25,0,0,.329,12.3
105,2014,220,824,19.19,20.68,0,0,.328,12.3
105,2014,220,830,19.37,21.35,0,0,.329,12.3
105,2014,220,836,19.57,21.64,0,0,.329,12.3
105,2014,220,842,19.77,22.15,0,0,.329,12.3
105,2014,220,848,19.98,22.3,0,0,.329,12.3
105,2014,220,854,20.19,22.44,0,0,.329,12.29
105,2014,220,900,20.39,22.8,0,0,.329,12.3
105,2014,220,906,20.6,23.39,0,0,.329,12.3
105,2014,220,912,20.81,23.46,0,0,.329,12.3
105,2014,220,918,21.03,23.68,0,0,.33,12.29
105,2014,220,924,21.24,24.31,0,0,.33,12.29
105,2014,220,930,21.47,24.87,0,0,.331,12.29
105,2014,220,936,21.71,24.73,0,0,.331,12.29
105,2014,220,942,21.95,25.24,0,0,.331,12.29
105,2014,220,948,22.17,25.14,0,0,.331,12.29
105,2014,220,954,22.4,26.06,0,0,.332,12.29
105,2014,220,1000,22.65,26.4,0,0,.331,12.29
105,2014,220,1006,22.89,26.37,0,0,.332,12.29
105,2014,220,1012,23.13,26.62,0,0,.331,12.29
105,2014,220,1018,23.38,27.01,0,0,.331,12.29
105,2014,220,1024,23.62,27.67,0,0,.332,12.29
105,2014,220,1030,23.85,28.16,0,0,.332,12.29
105,2014,220,1036,24.11,28.22,0,0,.331,12.29
105,2014,220,1042,24.36,28.43,0,0,.329,12.29
105,2014,220,1048,24.6,28.32,0,0,.33,12.29
105,2014,220,1054,24.84,29.47,0,0,.33,12.29
105,2014,220,1100,25.09,29.34,0,0,.328,12.29
105,2014,220,1106,25.34,29.49,0,0,.328,12.29
105,2014,220,1112,25.59,29.81,0,0,.328,12.29
105,2014,220,1118,25.84,30.14,0,0,.328,12.29
105,2014,220,1124,26.07,29.82,0,0,.328,12.29
105,2014,220,1130,26.29,29.51,0,0,.328,12.29
105,2014,220,1136,26.49,29.93,0,0,.328,12.29
105,2014,220,1142,26.67,30.08,0,0,.327,12.29
105,2014,220,1148,26.84,29.76,0,0,.325,12.29
105,2014,220,1154,26.99,29.19,0,0,.325,12.29
105,2014,220,1200,27.13,28.72,0,0,.326,12.29
105,2014,220,1206,27.24,29.73,0,0,.325,12.29
105,2014,220,1212,27.35,29.38,0,0,.325,12.29
105,2014,220,1218,27.45,28.7,0,0,.325,12.29
105,2014,220,1224,27.54,30.18,0,0,.324,12.29
105,2014,220,1230,27.64,30.04,0,0,.324,12.29
105,2014,220,1236,27.75,28.83,0,0,.324,12.29
105,2014,220,1242,27.85,29.9,0,0,.323,12.29
105,2014,220,1248,27.96,30.48,0,0,.322,12.29
105,2014,220,1254,28.09,29.74,0,0,.322,12.29
105,2014,220,1300,28.2,30.29,0,0,.322,12.29
105,2014,220,1306,28.32,30.33,0,0,.321,12.29
105,2014,220,1312,28.43,29.67,0,0,.32,12.29
105,2014,220,1318,28.53,30.34,0,0,.32,12.29
105,2014,220,1324,28.63,30.9,0,0,.32,12.28
105,2014,220,1330,28.74,30.75,0,0,.32,12.28
105,2014,220,1336,28.84,29.99,0,0,.32,12.28
105,2014,220,1342,28.93,29.9,0,0,.319,12.29
105,2014,220,1348,29,30.85,0,0,.319,12.29
105,2014,220,1354,29.07,29.52,0,0,.319,12.29
105,2014,220,1400,29.14,30.7,0,0,.318,12.29
105,2014,220,1406,29.21,30.04,0,0,.317,12.29
105,2014,220,1412,29.27,30.29,0,0,.317,12.29
105,2014,220,1418,29.32,30.21,0,0,.317,12.29
105,2014,220,1424,29.37,29.68,0,0,.317,12.29
105,2014,220,1430,29.41,30.09,0,0,.316,12.29
105,2014,220,1436,29.44,30.73,0,0,.316,12.29
105,2014,220,1442,29.49,30.24,0,0,.315,12.29
105,2014,220,1448,29.55,29.12,0,0,.315,12.29
105,2014,220,1454,29.58,28.66,0,0,.316,12.29
105,2014,220,1500,29.58,28.9,0,0,.314,12.29
105,2014,220,1506,29.56,27.43,0,0,.314,12.29
105,2014,220,1512,29.52,28.06,0,0,.314,12.29
105,2014,220,1518,29.47,28.9,0,0,.314,12.29
105,2014,220,1524,29.43,29.17,0,0,.314,12.29
105,2014,220,1530,29.4,29.23,0,0,.312,12.29
105,2014,220,1536,29.39,28.08,0,0,.311,12.29
105,2014,220,1542,29.37,27,0,0,.312,12.29
105,2014,220,1548,29.33,28.3,0,0,.312,12.29
105,2014,220,1554,29.29,27.65,0,0,.312,12.29
105,2014,220,1600,29.25,28.13,0,0,.311,12.29
105,2014,220,1606,29.2,27.83,0,0,.311,12.29
105,2014,220,1612,29.15,27.36,0,0,.311,12.29
105,2014,220,1618,29.1,27.35,0,0,.31,12.29
105,2014,220,1624,29.05,28.09,0,0,.311,12.29
105,2014,220,1630,29.01,27.44,0,0,.311,12.29
105,2014,220,1636,28.97,26.73,0,0,.311,12.29
105,2014,220,1642,28.93,26.83,0,0,.31,12.29
105,2014,220,1648,28.88,26.66,0,0,.311,12.29
105,2014,220,1654,28.83,26.4,0,0,.309,12.29
105,2014,220,1700,28.77,26.27,0,0,.309,12.29
105,2014,220,1706,28.69,26.38,0,0,.309,12.29
105,2014,220,1712,28.62,26.23,0,0,.31,12.29
105,2014,220,1718,28.54,26.12,0,0,.309,12.29
105,2014,220,1724,28.47,25.95,0,0,.309,12.29
105,2014,220,1730,28.39,25.78,0,0,.309,12.29
105,2014,220,1736,28.32,25.81,0,0,.309,12.29
105,2014,220,1742,28.24,25.36,0,0,.309,12.29
105,2014,220,1748,28.15,25.31,0,0,.309,12.29
105,2014,220,1754,28.05,25.25,0,0,.309,12.29
105,2014,220,1800,27.94,24.89,0,0,.309,12.29
105,2014,220,1806,27.82,24.83,0,0,.309,12.29
105,2014,220,1812,27.72,24.77,0,0,.309,12.29
105,2014,220,1818,27.61,24.5,0,0,.308,12.29
105,2014,220,1824,27.51,24.68,0,0,.309,12.29
105,2014,220,1830,27.4,24.55,0,0,.308,12.29
105,2014,220,1836,27.31,24.5,0,0,.309,12.29
105,2014,220,1842,27.21,24.36,0,0,.308,12.29
105,2014,220,1848,27.12,24.23,0,0,.309,12.29
105,2014,220,1854,27.03,23.91,0,0,.309,12.29
105,2014,220,1900,26.94,23.28,0,0,.309,12.29
105,2014,220,1906,26.84,23.21,0,0,.308,12.29
105,2014,220,1912,26.73,23.03,0,0,.309,12.29
105,2014,220,1918,26.62,23.51,0,0,.308,12.29
105,2014,220,1924,26.49,23.07,0,0,.308,12.29
105,2014,220,1930,26.37,22.9,0,0,.308,12.29
105,2014,220,1936,26.24,22.81,0,0,.309,12.29
105,2014,220,1942,26.12,22.8,0,0,.309,12.29
105,2014,220,1948,25.98,22.79,0,0,.308,12.29
105,2014,220,1954,25.85,22.46,0,0,.308,12.29
105,2014,220,2000,25.71,22.22,0,0,.309,12.29
105,2014,220,2006,25.56,21.86,0,0,.309,12.29
105,2014,220,2012,25.4,22.15,0,0,.308,12.29
105,2014,220,2018,25.25,21.5,0,0,.309,12.29
105,2014,220,2024,25.1,21.34,0,0,.308,12.29
105,2014,220,2030,24.94,21.46,0,0,.309,12.29
105,2014,220,2036,24.77,21.12,0,0,.309,12.29
105,2014,220,2042,24.61,20.93,0,0,.309,12.29
105,2014,220,2048,24.46,20.54,0,0,.309,12.29
105,2014,220,2054,24.31,20.46,0,0,.309,12.29
105,2014,220,2100,24.16,20.1,0,0,.308,12.29
105,2014,220,2106,24,20.13,0,0,.309,12.29
105,2014,220,2112,23.84,20.22,0,0,.308,12.29
105,2014,220,2118,23.69,20.05,0,0,.308,12.29
105,2014,220,2124,23.56,19.96,0,0,.308,12.3
105,2014,220,2130,23.43,19.92,0,0,.309,12.3
105,2014,220,2136,23.29,19.98,0,0,.309,12.3
105,2014,220,2142,23.16,19.67,0,0,.309,12.3
105,2014,220,2148,23.03,19.56,0,0,.309,12.3
105,2014,220,2154,22.91,19.65,0,0,.309,12.3
105,2014,220,2200,22.81,19.57,0,0,.309,12.3
105,2014,220,2206,22.69,19.39,0,0,.309,12.3
105,2014,220,2212,22.58,19.36,0,0,.309,12.3
105,2014,220,2218,22.47,19.36,0,0,.308,12.3
105,2014,220,2224,22.37,19.17,0,0,.309,12.3
105,2014,220,2230,22.27,19,0,0,.309,12.3
105,2014,220,2236,22.17,18.96,0,0,.309,12.3
105,2014,220,2242,22.07,19.13,0,0,.308,12.3
105,2014,220,2248,21.99,19.22,0,0,.307,12.3
105,2014,220,2254,21.91,18.68,0,0,.307,12.3
105,2014,220,2300,21.81,18.69,0,0,.307,12.3
105,2014,220,2306,21.72,18.82,0,0,.308,12.3
105,2014,220,2312,21.62,18.76,0,0,.308,12.3
105,2014,220,2318,21.53,18.49,0,0,.308,12.3
105,2014,220,2324,21.44,18.69,0,0,.307,12.3
105,2014,220,2330,21.36,18.65,0,0,.307,12.3
105,2014,220,2336,21.29,18.68,0,0,.307,12.3
105,2014,220,2342,21.22,18.14,0,0,.307,12.3
105,2014,220,2348,21.14,18.07,0,0,.306,12.3
105,2014,220,2354,21.05,18.45,0,0,.307,12.3
105,2014,221,0,20.97,18.34,0,0,.307,12.3
105,2014,221,6,20.9,18.44,0,0,.306,12.3
105,2014,221,12,20.85,18.32,0,0,.305,12.3
105,2014,221,18,20.79,17.98,0,0,.305,12.3
105,2014,221,24,20.72,18.44,0,0,.305,12.3
105,2014,221,30,20.65,18.52,0,0,.305,12.3
105,2014,221,36,20.58,18.2,0,0,.305,12.3
105,2014,221,42,20.51,17.92,0,0,.305,12.3
105,2014,221,48,20.44,18.01,0,0,.304,12.3
105,2014,221,54,20.38,18.33,0,0,.304,12.3
105,2014,221,100,20.33,18.23,0,0,.304,12.3
105,2014,221,106,20.28,17.8,0,0,.304,12.3
105,2014,221,112,20.23,17.57,0,0,.303,12.3
105,2014,221,118,20.17,17.66,0,0,.304,12.3
105,2014,221,124,20.12,17.83,0,0,.302,12.3
105,2014,221,130,20.07,17.96,0,0,.302,12.3
105,2014,221,136,20.03,18.06,0,0,.302,12.3
105,2014,221,142,20,18.08,0,0,.301,12.3
105,2014,221,148,19.98,18.02,0,0,.302,12.3
105,2014,221,154,19.96,17.99,0,0,.302,12.3
105,2014,221,200,19.96,17.98,0,0,.301,12.3
105,2014,221,206,19.97,18.07,0,0,.302,12.3
105,2014,221,212,19.98,17.98,0,0,.301,12.3
105,2014,221,218,19.99,17.94,0,0,.302,12.3
105,2014,221,224,19.99,17.96,0,0,.301,12.3
105,2014,221,230,19.98,17.87,0,0,.302,12.3
105,2014,221,236,19.96,17.77,0,0,.302,12.3
105,2014,221,242,19.93,17.84,0,0,.302,12.3
105,2014,221,248,19.9,17.59,0,0,.302,12.3
105,2014,221,254,19.86,17.66,0,0,.301,12.3
105,2014,221,300,19.82,17.54,0,0,.301,12.3
105,2014,221,306,19.79,17.56,0,0,.302,12.3
105,2014,221,312,19.75,17.68,0,0,.302,12.3
105,2014,221,318,19.72,17.66,0,0,.301,12.3
105,2014,221,324,19.7,17.73,0,0,.301,12.3
105,2014,221,330,19.67,17.75,0,0,.301,12.3
105,2014,221,336,19.65,17.6,0,0,.301,12.3
105,2014,221,342,19.62,17.54,0,0,.301,12.3
105,2014,221,348,19.58,17.59,0,0,.3,12.3
105,2014,221,354,19.56,17.58,0,0,.299,12.3
105,2014,221,400,19.54,17.47,0,0,.3,12.3
105,2014,221,406,19.52,17.38,0,0,.3,12.3
105,2014,221,412,19.5,17.47,0,0,.3,12.3
105,2014,221,418,19.48,17.36,0,0,.3,12.3
105,2014,221,424,19.45,17.36,0,0,.299,12.3
105,2014,221,430,19.43,17.34,0,0,.3,12.3
105,2014,221,436,19.4,17.36,0,0,.305,12.3
105,2014,221,442,19.38,17.41,0,0,.311,12.3
105,2014,221,448,19.36,17.41,0,0,.32,12.3
105,2014,221,454,19.35,17.52,0,0,.332,12.3
105,2014,221,500,19.35,17.6,0,0,.348,12.3
105,2014,221,506,19.36,17.49,0,0,.367,12.3
105,2014,221,512,19.36,17.53,0,0,.384,12.3
105,2014,221,518,19.36,17.48,0,0,.396,12.3
105,2014,221,524,19.36,17.4,0,0,.41,12.3
105,2014,221,530,19.35,17.37,0,0,.422,12.3
105,2014,221,536,19.35,17.41,0,0,.434,12.3
105,2014,221,542,19.35,17.45,0,0,.443,12.3
105,2014,221,548,19.34,17.37,0,0,.451,12.3
105,2014,221,554,19.33,17.29,0,0,.457,12.3
105,2014,221,600,19.32,17.33,0,0,.47,12.3
105,2014,221,606,19.31,17.27,0,0,.472,12.3
105,2014,221,612,19.29,17.26,0,0,.475,12.3
105,2014,221,618,19.28,17.25,0,0,.475,12.3
105,2014,221,624,19.27,17.25,0,0,.475,12.3
105,2014,221,630,19.26,17.24,0,0,.474,12.3
105,2014,221,636,19.25,17.21,0,0,.475,12.3
105,2014,221,642,19.24,17.25,0,0,.474,12.3
105,2014,221,648,19.23,17.31,0,0,.474,12.3
105,2014,221,654,19.21,17.45,0,0,.474,12.3
105,2014,221,700,19.2,17.57,0,0,.473,12.3
105,2014,221,706,19.2,17.9,0,0,.475,12.3
105,2014,221,712,19.2,18.34,0,0,.473,12.3
105,2014,221,718,19.22,18.46,0,0,.473,12.3
105,2014,221,724,19.25,18.59,0,0,.469,12.3
105,2014,221,730,19.29,19.18,0,0,.467,12.3
105,2014,221,736,19.35,19.47,0,0,.465,12.3
105,2014,221,742,19.43,20.07,0,0,.463,12.3
105,2014,221,748,19.52,20.34,0,0,.461,12.3
105,2014,221,754,19.64,20.92,0,0,.459,12.3
105,2014,221,800,19.76,21.49,0,0,.457,12.3
105,2014,221,806,19.9,21.9,0,0,.456,12.3
105,2014,221,812,20.06,21.83,0,0,.452,12.3
105,2014,221,818,20.24,22.5,0,0,.451,12.3
105,2014,221,824,20.44,22.46,0,0,.448,12.3
105,2014,221,830,20.66,23.51,0,0,.447,12.3
105,2014,221,836,20.89,23.67,0,0,.445,12.29
105,2014,221,842,21.12,23.9,0,0,.443,12.29
105,2014,221,848,21.38,24.58,0,0,.442,12.29
105,2014,221,854,21.65,24.82,0,0,.44,12.29
105,2014,221,900,21.93,24.78,0,0,.438,12.29
105,2014,221,906,22.23,25.61,0,0,.435,12.29
105,2014,221,912,22.54,25.88,0,0,.434,12.29
105,2014,221,918,22.86,27.08,0,0,.433,12.29
105,2014,221,924,23.18,27.9,0,0,.43,12.29
105,2014,221,930,23.51,27.49,0,0,.429,12.29
105,2014,221,936,23.83,28.15,0,0,.427,12.29
105,2014,221,942,24.14,27.72,0,0,.424,12.29
105,2014,221,948,24.44,27.56,0,0,.422,12.29
105,2014,221,954,24.7,28.26,0,0,.42,12.29
105,2014,221,1000,24.96,29.39,0,0,.418,12.29
105,2014,221,1006,25.24,29.73,0,0,.416,12.29
105,2014,221,1012,25.51,29.18,0,0,.415,12.29
105,2014,221,1018,25.78,28.97,0,0,.412,12.29
105,2014,221,1024,26.03,29.2,0,0,.411,12.29
105,2014,221,1030,26.25,29.46,0,0,.411,12.29
105,2014,221,1036,26.48,30.79,0,0,.408,12.29
105,2014,221,1042,26.71,29.52,0,0,.408,12.29
105,2014,221,1048,26.94,30.03,0,0,.406,12.29
105,2014,221,1054,27.15,29.86,0,0,.405,12.29
105,2014,221,1100,27.36,29.59,0,0,.404,12.29
105,2014,221,1106,27.54,29.65,0,0,.403,12.29
105,2014,221,1112,27.71,30.43,0,0,.4,12.29
105,2014,221,1118,27.9,30.75,0,0,.399,12.29
105,2014,221,1124,28.07,30.74,0,0,.398,12.29
105,2014,221,1130,28.24,30.79,0,0,.397,12.29
105,2014,221,1136,28.4,30.78,0,0,.396,12.29
105,2014,221,1142,28.56,31.49,0,0,.395,12.29
105,2014,221,1148,28.72,30.49,0,0,.394,12.29
105,2014,221,1154,28.88,30.86,0,0,.393,12.28
105,2014,221,1200,29.03,31.08,0,0,.391,12.28
105,2014,221,1206,29.18,31.45,0,0,.39,12.28
105,2014,221,1212,29.33,31.27,0,0,.389,12.28
105,2014,221,1218,29.48,31.28,0,0,.389,12.29
105,2014,221,1224,29.6,31.27,0,0,.387,12.29
105,2014,221,1230,29.71,30.79,0,0,.386,12.29
105,2014,221,1236,29.81,31.42,0,0,.385,12.29
105,2014,221,1242,29.91,31.57,0,0,.385,12.29
105,2014,221,1248,30.01,30.92,0,0,.383,12.28
105,2014,221,1254,30.11,31.49,0,0,.383,12.29
105,2014,221,1300,30.19,31.13,0,0,.382,12.29
105,2014,221,1306,30.28,31.69,0,0,.397,12.29
105,2014,221,1312,30.36,32.03,0,0,.378,12.29
105,2014,221,1318,30.44,31.84,0,0,.378,12.29
105,2014,221,1324,30.52,31.37,0,0,.38,12.29
105,2014,221,1330,30.59,31.48,0,0,.376,12.29
105,2014,221,1336,30.65,31.37,0,0,.375,12.29
105,2014,221,1342,30.71,30.48,0,0,.374,12.29
105,2014,221,1348,30.74,30.98,0,0,.373,12.29
105,2014,221,1354,30.78,30.71,0,0,.374,12.29
105,2014,221,1400,30.81,31.11,0,0,.372,12.29
105,2014,221,1406,30.84,30.81,0,0,.37,12.29
105,2014,221,1412,30.88,31.5,0,0,.37,12.29
105,2014,221,1418,30.91,31.01,0,0,.369,12.29
105,2014,221,1424,30.94,31.09,0,0,.367,12.29
105,2014,221,1430,30.97,31.12,0,0,.368,12.29
105,2014,221,1436,30.99,30.08,0,0,.366,12.29
105,2014,221,1442,30.99,30.23,0,0,.367,12.29
105,2014,221,1448,30.98,31,0,0,.366,12.29
105,2014,221,1454,30.97,31.29,0,0,.364,12.29
105,2014,221,1500,30.97,31.15,0,0,.364,12.29
105,2014,221,1506,30.97,30.85,0,0,.365,12.29
105,2014,221,1512,30.97,30.69,0,0,.361,12.29
105,2014,221,1518,30.97,30.34,0,0,.361,12.29
105,2014,221,1524,30.97,28.99,0,0,.361,12.29
105,2014,221,1530,30.95,29.39,0,0,.359,12.29
105,2014,221,1536,30.93,29.66,0,0,.359,12.29
105,2014,221,1542,30.91,30.36,0,0,.359,12.29
105,2014,221,1548,30.89,30.51,0,0,.358,12.29
105,2014,221,1554,30.89,30.48,0,0,.357,12.29
105,2014,221,1600,30.9,30.76,0,0,.355,12.29
105,2014,221,1606,30.9,30.3,0,0,.355,12.29
105,2014,221,1612,30.89,30.28,0,0,.356,12.29
105,2014,221,1618,30.88,29.03,0,0,.355,12.29
105,2014,221,1624,30.86,29.46,0,0,.355,12.29
105,2014,221,1630,30.82,29.76,0,0,.354,12.29
105,2014,221,1636,30.79,29.09,0,0,.356,12.29
105,2014,221,1642,30.75,29.07,0,0,.352,12.29
105,2014,221,1648,30.7,28.69,0,0,.352,12.29
105,2014,221,1654,30.66,28.37,0,0,.351,12.29
105,2014,221,1700,30.6,27.88,0,0,.352,12.29
105,2014,221,1706,30.53,27.86,0,0,.352,12.29
105,2014,221,1712,30.46,27.79,0,0,.352,12.29
105,2014,221,1718,30.37,27.43,0,0,.352,12.29
105,2014,221,1724,30.27,27.38,0,0,.353,12.29
105,2014,221,1730,30.17,27.45,0,0,.351,12.29
105,2014,221,1736,30.06,27.23,0,0,.35,12.29
105,2014,221,1742,29.96,26.89,0,0,.35,12.29
105,2014,221,1748,29.85,27.01,0,0,.35,12.29
105,2014,221,1754,29.75,26.73,0,0,.35,12.29
105,2014,221,1800,29.64,26.65,0,0,.348,12.29
105,2014,221,1806,29.54,26.76,0,0,.349,12.29
105,2014,221,1812,29.44,26.61,0,0,.348,12.29
105,2014,221,1818,29.34,26.62,0,0,.348,12.29
105,2014,221,1824,29.24,26.65,0,0,.347,12.29
105,2014,221,1830,29.14,26.44,0,0,.348,12.29
105,2014,221,1836,29.04,26.17,0,0,.347,12.29
105,2014,221,1842,28.94,25.96,0,0,.347,12.29
105,2014,221,1848,28.84,26.03,0,0,.347,12.29
105,2014,221,1854,28.74,25.88,0,0,.347,12.29
105,2014,221,1900,28.65,25.46,0,0,.347,12.29
105,2014,221,1906,28.55,25.5,0,0,.345,12.29
105,2014,221,1912,28.46,25.25,0,0,.345,12.29
105,2014,221,1918,28.37,25.73,0,0,.345,12.29
105,2014,221,1924,28.28,25.29,0,0,.345,12.29
105,2014,221,1930,28.2,25.25,0,0,.345,12.29
105,2014,221,1936,28.1,25.2,0,0,.345,12.29
105,2014,221,1942,28.01,25.07,0,0,.345,12.29
105,2014,221,1948,27.92,25.13,0,0,.345,12.29
105,2014,221,1954,27.83,24.82,0,0,.345,12.29
105,2014,221,2000,27.73,24.41,0,0,.344,12.29
105,2014,221,2006,27.64,24.28,0,0,.343,12.29
105,2014,221,2012,27.55,24.3,0,0,.343,12.29
105,2014,221,2018,27.45,24.22,0,0,.344,12.29
105,2014,221,2024,27.35,23.91,0,0,.344,12.29
105,2014,221,2030,27.25,23.69,0,0,.344,12.29
105,2014,221,2036,27.14,23.58,0,0,.343,12.29
105,2014,221,2042,27.04,23.64,0,0,.343,12.29
105,2014,221,2048,26.94,23.32,0,0,.342,12.29
105,2014,221,2054,26.84,23.53,0,0,.342,12.29
105,2014,221,2100,26.75,23.42,0,0,.341,12.29
105,2014,221,2106,26.66,23.5,0,0,.341,12.29
105,2014,221,2112,26.57,23.26,0,0,.342,12.29
105,2014,221,2118,26.48,23.14,0,0,.342,12.29
105,2014,221,2124,26.4,23.07,0,0,.341,12.29
105,2014,221,2130,26.31,23.15,0,0,.341,12.29
105,2014,221,2136,26.23,23.06,0,0,.339,12.29
105,2014,221,2142,26.16,23.07,0,0,.339,12.29
105,2014,221,2148,26.08,23.22,0,0,.339,12.29
105,2014,221,2154,26,22.92,0,0,.339,12.29
105,2014,221,2200,25.93,22.63,0,0,.339,12.29
105,2014,221,2206,25.85,22.56,0,0,.339,12.29
105,2014,221,2212,25.78,22.74,0,0,.339,12.29
105,2014,221,2218,25.71,22.76,0,0,.338,12.29
105,2014,221,2224,25.64,22.58,0,0,.338,12.29
105,2014,221,2230,25.57,22.93,0,0,.338,12.29
105,2014,221,2236,25.51,22.69,0,0,.338,12.29
105,2014,221,2242,25.43,22.39,0,0,.338,12.29
105,2014,221,2248,25.35,22.59,0,0,.338,12.29
105,2014,221,2254,25.27,22.21,0,0,.338,12.29
105,2014,221,2300,25.2,22.22,0,0,.338,12.29
105,2014,221,2306,25.14,22.19,0,0,.337,12.29
105,2014,221,2312,25.08,22.17,0,0,.336,12.29
105,2014,221,2318,25.02,22.03,0,0,.336,12.29
105,2014,221,2324,24.96,22.09,0,0,.336,12.29
105,2014,221,2330,24.9,21.94,0,0,.336,12.29
105,2014,221,2336,24.83,22.19,0,0,.336,12.29
105,2014,221,2342,24.74,22.32,0,0,.336,12.29
105,2014,221,2348,24.65,22,0,0,.336,12.29
105,2014,221,2354,24.56,21.63,0,0,.335,12.29
105,2014,222,0,24.45,21.16,0,0,.334,12.29
105,2014,222,6,24.33,21.19,0,0,.334,12.29
105,2014,222,12,24.2,21.09,0,0,.334,12.29
105,2014,222,18,24.07,21.1,0,0,.335,12.29
105,2014,222,24,23.95,21.04,0,0,.334,12.29
105,2014,222,30,23.83,20.86,0,0,.334,12.29
105,2014,222,36,23.72,21.08,0,0,.334,12.29
105,2014,222,42,23.63,20.72,0,0,.334,12.29
105,2014,222,48,23.53,20.96,0,0,.334,12.29
105,2014,222,54,23.42,20.82,0,0,.335,12.29
105,2014,222,100,23.32,20.54,0,0,.335,12.29
105,2014,222,106,23.22,20.51,0,0,.335,12.29
105,2014,222,112,23.13,20.54,0,0,.335,12.29
105,2014,222,118,23.05,20.23,0,0,.335,12.29
105,2014,222,124,22.97,20.03,0,0,.334,12.29
105,2014,222,130,22.89,20.24,0,0,.334,12.29
105,2014,222,136,22.8,20.16,0,0,.334,12.3
105,2014,222,142,22.73,20.29,0,0,.333,12.3
105,2014,222,148,22.68,20.1,0,0,.333,12.3
105,2014,222,154,22.62,19.85,0,0,.334,12.3
105,2014,222,200,22.55,20.01,0,0,.333,12.3
105,2014,222,206,22.48,20.04,0,0,.334,12.3
105,2014,222,212,22.42,19.86,0,0,.333,12.3
105,2014,222,218,22.36,19.79,0,0,.333,12.3
105,2014,222,224,22.31,19.76,0,0,.332,12.3
105,2014,222,230,22.26,19.84,0,0,.332,12.29
105,2014,222,236,22.22,19.7,0,0,.331,12.3
105,2014,222,242,22.16,19.75,0,0,.331,12.3
105,2014,222,248,22.09,19.56,0,0,.331,12.3
105,2014,222,254,22.01,19.38,0,0,.331,12.3
105,2014,222,300,21.92,19.32,0,0,.331,12.3
105,2014,222,306,21.83,19.55,0,0,.331,12.3
105,2014,222,312,21.76,19.48,0,0,.331,12.3
105,2014,222,318,21.69,19.35,0,0,.33,12.3
105,2014,222,324,21.62,19.38,0,0,.33,12.3
105,2014,222,330,21.56,19.5,0,0,.33,12.3
105,2014,222,336,21.49,18.86,0,0,.33,12.3
105,2014,222,342,21.43,18.89,0,0,.33,12.3
105,2014,222,348,21.35,19.25,0,0,.33,12.3
105,2014,222,354,21.29,19.2,0,0,.329,12.3
105,2014,222,400,21.23,18.6,0,0,.328,12.3
105,2014,222,406,21.17,18.69,0,0,.328,12.3
105,2014,222,412,21.11,19.04,0,0,.329,12.3
105,2014,222,418,21.07,18.99,0,0,.328,12.3
105,2014,222,424,21.03,18.74,0,0,.328,12.3
105,2014,222,430,20.98,18.36,0,0,.327,12.3
105,2014,222,436,20.94,18.55,0,0,.328,12.3
105,2014,222,442,20.88,18.98,0,0,.327,12.3
105,2014,222,448,20.82,18.95,0,0,.327,12.3
105,2014,222,454,20.77,18.62,0,0,.327,12.3
105,2014,222,500,20.72,18.77,0,0,.326,12.3
105,2014,222,506,20.68,18.8,0,0,.325,12.3
105,2014,222,512,20.65,18.59,0,0,.325,12.3
105,2014,222,518,20.63,18.79,0,0,.324,12.3
105,2014,222,524,20.6,18.16,0,0,.325,12.3
105,2014,222,530,20.56,18.39,0,0,.325,12.3
105,2014,222,536,20.52,18.85,0,0,.324,12.3
105,2014,222,542,20.49,18.74,0,0,.324,12.3
105,2014,222,548,20.48,18.74,0,0,.324,12.3
105,2014,222,554,20.48,18.63,0,0,.324,12.3
105,2014,222,600,20.46,18.35,0,0,.324,12.3
105,2014,222,606,20.44,17.87,0,0,.325,12.3
105,2014,222,612,20.4,18.31,0,0,.324,12.3
105,2014,222,618,20.35,18.42,0,0,.324,12.3
105,2014,222,624,20.31,18.63,0,0,.324,12.3
105,2014,222,630,20.28,17.97,0,0,.324,12.3
105,2014,222,636,20.24,18.44,0,0,.323,12.3
105,2014,222,642,20.2,18.65,0,0,.323,12.3
105,2014,222,648,20.18,18.37,0,0,.324,12.3
105,2014,222,654,20.15,19.02,0,0,.323,12.3
105,2014,222,700,20.15,19.43,0,0,.323,12.3
105,2014,222,706,20.15,19.6,0,0,.324,12.3
105,2014,222,712,20.18,19.97,0,0,.323,12.3
105,2014,222,718,20.22,20.38,0,0,.323,12.3
105,2014,222,724,20.29,20.8,0,0,.323,12.3
105,2014,222,730,20.38,21.51,0,0,.323,12.3
105,2014,222,736,20.48,22.26,0,0,.324,12.3
105,2014,222,742,20.6,22.51,0,0,.324,12.3
105,2014,222,748,20.75,23.23,0,0,.324,12.29
105,2014,222,754,20.91,23.42,0,0,.324,12.29
105,2014,222,800,21.09,23.32,0,0,.325,12.29
105,2014,222,806,21.28,23.54,0,0,.325,12.29
105,2014,222,812,21.49,24.29,0,0,.325,12.29
105,2014,222,818,21.71,25.27,0,0,.325,12.29
105,2014,222,824,21.95,25.34,0,0,.325,12.29
105,2014,222,830,22.2,25.2,0,0,.325,12.29
105,2014,222,836,22.46,25.13,0,0,.325,12.29
105,2014,222,842,22.72,25.82,0,0,.325,12.29
105,2014,222,848,22.98,26.19,0,0,.325,12.29
105,2014,222,854,23.26,26.9,0,0,.325,12.29
105,2014,222,900,23.55,27.16,0,0,.325,12.29
105,2014,222,906,23.83,27.55,0,0,.325,12.29
105,2014,222,912,24.1,27.88,0,0,.324,12.29
105,2014,222,918,24.35,27.59,0,0,.324,12.29
105,2014,222,924,24.58,27.85,0,0,.322,12.29
105,2014,222,930,24.83,27.91,0,0,.321,12.29
105,2014,222,936,25.08,28.97,0,0,.321,12.29
105,2014,222,942,25.31,29.74,0,0,.32,12.29
105,2014,222,948,25.55,29.65,0,0,.32,12.29
105,2014,222,954,25.79,29.84,0,0,.32,12.29
105,2014,222,1000,26.02,29.43,0,0,.32,12.29
105,2014,222,1006,26.25,31.2,0,0,.32,12.29
105,2014,222,1012,26.51,30.82,0,0,.32,12.29
105,2014,222,1018,26.77,30.12,0,0,.319,12.29
105,2014,222,1024,27.01,31.08,0,0,.32,12.29
105,2014,222,1030,27.25,31,0,0,.319,12.29
105,2014,222,1036,27.48,30.2,0,0,.319,12.29
105,2014,222,1042,27.68,31.51,0,0,.319,12.29
105,2014,222,1048,27.88,31.22,0,0,.318,12.29
105,2014,222,1054,28.1,31.61,0,0,.317,12.29
105,2014,222,1100,28.3,31.86,0,0,.317,12.29
105,2014,222,1106,28.49,32.12,0,0,.317,12.29
105,2014,222,1112,28.68,32.2,0,0,.317,12.28
105,2014,222,1118,28.87,31.94,0,0,.317,12.28
105,2014,222,1124,29.05,31.77,0,0,.317,12.28
105,2014,222,1130,29.23,31.79,0,0,.316,12.28
105,2014,222,1136,29.39,32.29,0,0,.316,12.28
105,2014,222,1142,29.55,31.72,0,0,.316,12.28
105,2014,222,1148,29.69,32.44,0,0,.315,12.29
105,2014,222,1154,29.85,32.63,0,0,.315,12.29
105,2014,222,1200,30,31.66,0,0,.314,12.29
105,2014,222,1206,30.13,32.29,0,0,.314,12.29
105,2014,222,1212,30.25,32.67,0,0,.314,12.29
105,2014,222,1218,30.38,32.1,0,0,.314,12.29
105,2014,222,1224,30.51,31.92,0,0,.314,12.28
105,2014,222,1230,30.63,32.47,0,0,.314,12.29
105,2014,222,1236,30.76,32.71,0,0,.314,12.28
105,2014,222,1242,30.87,32.06,0,0,.313,12.29
105,2014,222,1248,30.97,31.56,0,0,.312,12.29
105,2014,222,1254,31.05,31.79,0,0,.312,12.29
105,2014,222,1300,31.13,31.4,0,0,.312,12.29
105,2014,222,1306,31.2,31.64,0,0,.312,12.29
105,2014,222,1312,31.26,31.7,0,0,.311,12.29
105,2014,222,1318,31.31,31.84,0,0,.311,12.29
105,2014,222,1324,31.37,32.14,0,0,.311,12.29
105,2014,222,1330,31.43,32.53,0,0,.311,12.29
105,2014,222,1336,31.5,33.05,0,0,.311,12.29
105,2014,222,1342,31.58,32.51,0,0,.31,12.29
105,2014,222,1348,31.64,32.17,0,0,.309,12.29
105,2014,222,1354,31.69,32.53,0,0,.308,12.29
105,2014,222,1400,31.74,32.46,0,0,.309,12.29
105,2014,222,1406,31.8,32.43,0,0,.308,12.29
105,2014,222,1412,31.86,32.18,0,0,.308,12.29
105,2014,222,1418,31.91,32.09,0,0,.307,12.29
105,2014,222,1424,31.95,32.43,0,0,.307,12.29
105,2014,222,1430,31.98,32.7,0,0,.307,12.29
105,2014,222,1436,32,31.74,0,0,.307,12.29
105,2014,222,1442,32.01,32.75,0,0,.306,12.29
105,2014,222,1448,32.02,31.38,0,0,.307,12.29
105,2014,222,1454,32.02,31.63,0,0,.306,12.29
105,2014,222,1500,32.02,31.2,0,0,.306,12.29
105,2014,222,1506,32.02,32.22,0,0,.306,12.29
105,2014,222,1512,32.03,32.4,0,0,.305,12.29
105,2014,222,1518,32.05,31.77,0,0,.303,12.28
105,2014,222,1524,32.07,32.1,0,0,.303,12.29
105,2014,222,1530,32.09,30.91,0,0,.304,12.29
105,2014,222,1536,32.09,31.58,0,0,.304,12.29
105,2014,222,1542,32.09,32.69,0,0,.304,12.29
105,2014,222,1548,32.09,31.94,0,0,.303,12.28
105,2014,222,1554,32.08,31.91,0,0,.302,12.28
105,2014,222,1600,32.07,31.47,0,0,.302,12.29
105,2014,222,1606,32.06,31.14,0,0,.303,12.29
105,2014,222,1612,32.03,30.7,0,0,.303,12.29
105,2014,222,1618,31.98,31.22,0,0,.303,12.29
105,2014,222,1624,31.94,31.38,0,0,.302,12.29
105,2014,222,1630,31.9,30,0,0,.301,12.28
105,2014,222,1636,31.86,29.64,0,0,.3,12.29
105,2014,222,1642,31.81,29.67,0,0,.301,12.29
105,2014,222,1648,31.77,29.47,0,0,.3,12.29
105,2014,222,1654,31.72,28.99,0,0,.3,12.29
105,2014,222,1700,31.66,28.56,0,0,.3,12.29
105,2014,222,1706,31.57,28.82,0,0,.3,12.29
105,2014,222,1712,31.47,28.63,0,0,.3,12.29
105,2014,222,1718,31.36,28.26,0,0,.3,12.29
105,2014,222,1724,31.24,28.02,0,0,.3,12.29
105,2014,222,1730,31.1,27.96,0,0,.3,12.29
105,2014,222,1736,30.96,27.59,0,0,.3,12.29
105,2014,222,1742,30.81,27.22,0,0,.3,12.29
105,2014,222,1748,30.66,27.39,0,0,.3,12.29
105,2014,222,1754,30.5,27.17,0,0,.3,12.29
105,2014,222,1800,30.35,26.71,0,0,.3,12.29
105,2014,222,1806,30.2,26.95,0,0,.3,12.29
105,2014,222,1812,30.05,26.28,0,0,.3,12.29
105,2014,222,1818,29.9,26.31,0,0,.3,12.29
105,2014,222,1824,29.74,25.93,0,0,.3,12.29
105,2014,222,1830,29.59,25.8,0,0,.3,12.29
105,2014,222,1836,29.45,25.77,0,0,.299,12.29
105,2014,222,1842,29.3,25.28,0,0,.3,12.29
105,2014,222,1848,29.15,25.29,0,0,.301,12.29
105,2014,222,1854,29,25.39,0,0,.3,12.29
105,2014,222,1900,28.85,25.52,0,0,.3,12.29
105,2014,222,1906,28.7,25,0,0,.3,12.29
105,2014,222,1912,28.55,24.75,0,0,.3,12.29
105,2014,222,1918,28.4,24.94,0,0,.301,12.29
105,2014,222,1924,28.26,24.88,0,0,.3,12.29
105,2014,222,1930,28.13,24.57,0,0,.3,12.29
105,2014,222,1936,27.99,24.19,0,0,.3,12.29
105,2014,222,1942,27.85,24.08,0,0,.3,12.29
105,2014,222,1948,27.71,24.19,0,0,.3,12.29
105,2014,222,1954,27.56,23.62,0,0,.3,12.29
105,2014,222,2000,27.42,23.69,0,0,.3,12.29
105,2014,222,2006,27.26,23.42,0,0,.3,12.29
105,2014,222,2012,27.1,23.27,0,0,.301,12.29
105,2014,222,2018,26.93,23.06,0,0,.3,12.29
105,2014,222,2024,26.78,22.82,0,0,.3,12.29
105,2014,222,2030,26.63,22.61,0,0,.301,12.29
105,2014,222,2036,26.48,22.39,0,0,.3,12.29
105,2014,222,2042,26.32,22.28,0,0,.299,12.29
105,2014,222,2048,26.16,22.05,0,0,.3,12.29
105,2014,222,2054,26.01,21.98,0,0,.3,12.29
105,2014,222,2100,25.86,21.99,0,0,.3,12.29
105,2014,222,2106,25.71,21.9,0,0,.3,12.29
105,2014,222,2112,25.56,21.86,0,0,.3,12.29
105,2014,222,2118,25.42,21.78,0,0,.3,12.29
105,2014,222,2124,25.29,21.71,0,0,.3,12.29
105,2014,222,2130,25.18,21.75,0,0,.3,12.29
105,2014,222,2136,25.07,21.78,0,0,.3,12.29
105,2014,222,2142,24.98,21.71,0,0,.3,12.29
105,2014,222,2148,24.88,21.61,0,0,.3,12.29
105,2014,222,2154,24.8,21.52,0,0,.3,12.29
105,2014,222,2200,24.71,21.43,0,0,.3,12.29
105,2014,222,2206,24.62,21.39,0,0,.3,12.29
105,2014,222,2212,24.54,21.3,0,0,.3,12.29
105,2014,222,2218,24.46,21.25,0,0,.299,12.29
105,2014,222,2224,24.38,21.13,0,0,.3,12.29
105,2014,222,2230,24.28,21.08,0,0,.3,12.29
105,2014,222,2236,24.17,20.96,0,0,.301,12.29
105,2014,222,2242,24.05,20.97,0,0,.3,12.29
105,2014,222,2248,23.92,20.8,0,0,.3,12.29
105,2014,222,2254,23.8,20.76,0,0,.301,12.29
105,2014,222,2300,23.67,20.86,0,0,.301,12.29
105,2014,222,2306,23.56,20.66,0,0,.3,12.3
105,2014,222,2312,23.45,20.5,0,0,.301,12.3
105,2014,222,2318,23.35,20.75,0,0,.302,12.3
105,2014,222,2324,23.25,20.6,0,0,.301,12.3
105,2014,222,2330,23.17,20.48,0,0,.302,12.29
105,2014,222,2336,23.08,20.37,0,0,.302,12.29
105,2014,222,2342,23,20.3,0,0,.303,12.29
105,2014,222,2348,22.91,20.19,0,0,.302,12.29
105,2014,222,2354,22.83,20.1,0,0,.302,12.29
105,2014,223,0,22.75,19.96,0,0,.303,12.3
105,2014,223,6,22.66,19.85,0,0,.302,12.3
105,2014,223,12,22.56,19.87,0,0,.302,12.3
105,2014,223,18,22.47,19.88,0,0,.302,12.3
105,2014,223,24,22.37,19.87,0,0,.302,12.3
105,2014,223,30,22.28,19.83,0,0,.301,12.3
105,2014,223,36,22.2,19.82,0,0,.302,12.3
105,2014,223,42,22.14,19.67,0,0,.302,12.3
105,2014,223,48,22.08,19.61,0,0,.302,12.29
105,2014,223,54,22.03,19.53,0,0,.302,12.3
105,2014,223,100,21.98,19.43,0,0,.303,12.3
105,2014,223,106,21.93,19.37,0,0,.303,12.3
105,2014,223,112,21.88,19.32,0,0,.302,12.3
105,2014,223,118,21.83,19.26,0,0,.302,12.3
105,2014,223,124,21.77,19.23,0,0,.302,12.3
105,2014,223,130,21.72,19.2,0,0,.302,12.3
105,2014,223,136,21.67,19.17,0,0,.302,12.3
105,2014,223,142,21.63,19.09,0,0,.302,12.3
105,2014,223,148,21.57,18.78,0,0,.303,12.3
105,2014,223,154,21.49,18.48,0,0,.302,12.3
105,2014,223,200,21.4,18.63,0,0,.301,12.3
105,2014,223,206,21.31,18.67,0,0,.302,12.3
105,2014,223,212,21.22,18.45,0,0,.302,12.3
105,2014,223,218,21.13,18.48,0,0,.301,12.3
105,2014,223,224,21.03,18.45,0,0,.301,12.3
105,2014,223,230,20.95,18.37,0,0,.301,12.3
105,2014,223,236,20.86,18.32,0,0,.301,12.3
105,2014,223,242,20.77,18.31,0,0,.302,12.3
105,2014,223,248,20.69,18.19,0,0,.301,12.3
105,2014,223,254,20.62,18.07,0,0,.3,12.3
105,2014,223,300,20.53,17.78,0,0,.3,12.3
105,2014,223,306,20.44,17.86,0,0,.3,12.3
105,2014,223,312,20.34,17.79,0,0,.299,12.3
105,2014,223,318,20.25,17.62,0,0,.299,12.3
105,2014,223,324,20.15,17.55,0,0,.299,12.3
105,2014,223,330,20.05,17.72,0,0,.298,12.3
105,2014,223,336,19.97,17.6,0,0,.298,12.3
105,2014,223,342,19.9,17.5,0,0,.298,12.3
105,2014,223,348,19.84,17.48,0,0,.299,12.3
105,2014,223,354,19.78,17.44,0,0,.298,12.3
105,2014,223,400,19.73,17.21,0,0,.298,12.3
105,2014,223,406,19.67,16.93,0,0,.298,12.3
105,2014,223,412,19.6,17.17,0,0,.298,12.3
105,2014,223,418,19.54,17.22,0,0,.298,12.3
105,2014,223,424,19.48,17.21,0,0,.298,12.3
105,2014,223,430,19.44,17.16,0,0,.298,12.3
105,2014,223,436,19.39,17.12,0,0,.298,12.3
105,2014,223,442,19.35,17.02,0,0,.297,12.3
105,2014,223,448,19.3,17.02,0,0,.298,12.3
105,2014,223,454,19.25,16.98,0,0,.298,12.3
105,2014,223,500,19.21,16.9,0,0,.298,12.3
105,2014,223,506,19.16,16.9,0,0,.298,12.3
105,2014,223,512,19.11,16.87,0,0,.297,12.3
105,2014,223,518,19.07,16.82,0,0,.297,12.3
105,2014,223,524,19.02,16.75,0,0,.298,12.3
105,2014,223,530,18.98,16.65,0,0,.299,12.3
105,2014,223,536,18.92,16.62,0,0,.314,12.3
105,2014,223,542,18.87,16.62,0,0,.333,12.3
105,2014,223,548,18.81,16.58,0,0,.353,12.3
105,2014,223,554,18.77,16.51,0,0,.37,12.3
105,2014,223,600,18.73,16.57,0,0,.402,12.3
105,2014,223,606,18.69,16.61,0,0,.432,12.3
105,2014,223,612,18.66,16.53,0,0,.459,12.3
105,2014,223,618,18.63,16.58,0,0,.487,12.3
105,2014,223,624,18.61,16.65,0,0,.512,12.3
105,2014,223,630,18.6,16.71,0,0,.535,12.3
105,2014,223,636,18.59,16.78,0,0,.556,12.3
105,2014,223,642,18.58,16.79,0,0,.579,12.3
105,2014,223,648,18.57,17.06,0,0,.6,12.3
105,2014,223,654,18.57,17.28,0,0,.614,12.3
105,2014,223,700,18.59,17.38,0,0,.623,12.3
105,2014,223,706,18.6,17.45,0,0,.624,12.3
105,2014,223,712,18.63,17.67,0,0,.623,12.3
105,2014,223,718,18.67,18.05,0,0,.624,12.3
105,2014,223,724,18.72,18.27,0,0,.624,12.3
105,2014,223,730,18.8,18.94,0,0,.624,12.3
105,2014,223,736,18.9,19.71,0,0,.621,12.3
105,2014,223,742,19.01,19.95,0,0,.615,12.3
105,2014,223,748,19.15,20.84,0,0,.609,12.3
105,2014,223,754,19.31,21.11,0,0,.603,12.3
105,2014,223,800,19.5,22.19,0,0,.596,12.3
105,2014,223,806,19.72,22.45,0,0,.59,12.3
105,2014,223,812,19.96,23.12,0,0,.584,12.3
105,2014,223,818,20.22,23.62,0,0,.578,12.29
105,2014,223,824,20.48,23.13,0,0,.571,12.29
105,2014,223,830,20.75,23.45,0,0,.567,12.29
105,2014,223,836,21.03,24.25,0,0,.562,12.29
105,2014,223,842,21.3,24.66,0,0,.557,12.29
105,2014,223,848,21.59,25,0,0,.552,12.29
105,2014,223,854,21.9,24.62,0,0,.548,12.29
105,2014,223,900,22.21,24.33,0,0,.543,12.29
105,2014,223,906,22.51,25.19,0,0,.538,12.29
105,2014,223,912,22.81,25.21,0,0,.534,12.29
105,2014,223,918,23.09,25.22,0,0,.529,12.29
105,2014,223,924,23.36,25.14,0,0,.525,12.29
105,2014,223,930,23.6,25.88,0,0,.521,12.29
105,2014,223,936,23.81,25.91,0,0,.517,12.29
105,2014,223,942,24.02,25.48,0,0,.512,12.29
105,2014,223,948,24.2,25.29,0,0,.508,12.29
105,2014,223,954,24.36,25.42,0,0,.504,12.29
105,2014,223,1000,24.48,25.8,0,0,.5,12.29
105,2014,223,1006,24.61,25.9,0,0,.498,12.29
105,2014,223,1012,24.73,25.74,0,0,.493,12.29
105,2014,223,1018,24.85,25.99,0,0,.489,12.29
105,2014,223,1024,24.97,27.52,0,0,.485,12.29
105,2014,223,1030,25.13,27.85,0,0,.481,12.29
105,2014,223,1036,25.3,27.6,0,0,.479,12.29
105,2014,223,1042,25.48,26.55,0,0,.476,12.29
105,2014,223,1048,25.64,28.19,0,0,.473,12.29
105,2014,223,1054,25.8,28.71,0,0,.469,12.29
105,2014,223,1100,25.98,28.76,0,0,.466,12.29
105,2014,223,1106,26.17,28.92,0,0,.463,12.29
105,2014,223,1112,26.36,28.17,0,0,.461,12.29
105,2014,223,1118,26.53,27.49,0,0,.459,12.29
105,2014,223,1124,26.67,27.67,0,0,.458,12.29
105,2014,223,1130,26.78,27.62,0,0,.454,12.29
105,2014,223,1136,26.88,26.92,0,0,.452,12.29
105,2014,223,1142,26.97,27.01,0,0,.451,12.29
105,2014,223,1148,27.05,27.36,0,0,.449,12.29
105,2014,223,1154,27.11,27.26,0,0,.448,12.29
105,2014,223,1200,27.18,27.83,0,0,.445,12.29
105,2014,223,1206,27.24,28.21,0,0,.443,12.29
105,2014,223,1212,27.31,27.72,0,0,.441,12.29
105,2014,223,1218,27.4,28.41,0,0,.439,12.29
105,2014,223,1224,27.49,28.31,0,0,.437,12.29
105,2014,223,1230,27.59,29,0,0,.435,12.29
105,2014,223,1236,27.72,30.31,0,0,.433,12.29
105,2014,223,1242,27.88,30.19,0,0,.431,12.29
105,2014,223,1248,28.07,30.58,0,0,.43,12.29
105,2014,223,1254,28.25,31.21,0,0,.428,12.29
105,2014,223,1300,28.44,30.09,0,0,.425,12.29
105,2014,223,1306,28.63,31.26,0,0,.424,12.29
105,2014,223,1312,28.82,30.52,0,0,.423,12.29
105,2014,223,1318,29,30.09,0,0,.423,12.29
105,2014,223,1324,29.15,30.95,0,0,.42,12.29
105,2014,223,1330,29.3,30.46,0,0,.419,12.29
105,2014,223,1336,29.44,30.84,0,0,.418,12.29
105,2014,223,1342,29.58,30.09,0,0,.416,12.29
105,2014,223,1348,29.69,30.27,0,0,.415,12.29
105,2014,223,1354,29.8,30.24,0,0,.414,12.29
105,2014,223,1400,29.9,30.38,0,0,.412,12.29
105,2014,223,1406,30.01,30.36,0,0,.411,12.29
105,2014,223,1412,30.1,31.29,0,0,.409,12.29
105,2014,223,1418,30.2,31.39,0,0,.408,12.29
105,2014,223,1424,30.31,30.4,0,0,.407,12.29
105,2014,223,1430,30.4,30.93,0,0,.406,12.29
105,2014,223,1436,30.49,30.57,0,0,.404,12.29
105,2014,223,1442,30.57,29.97,0,0,.406,12.29
105,2014,223,1448,30.62,30.41,0,0,.403,12.29
105,2014,223,1454,30.67,29.74,0,0,.401,12.29
105,2014,223,1500,30.7,30.34,0,0,.401,12.29
105,2014,223,1506,30.73,30.88,0,0,.399,12.29
105,2014,223,1512,30.76,30.17,0,0,.398,12.29
105,2014,223,1518,30.79,30.28,0,0,.397,12.29
105,2014,223,1524,30.81,29.45,0,0,.396,12.29
105,2014,223,1530,30.82,29.89,0,0,.396,12.29
105,2014,223,1536,30.82,29.78,0,0,.394,12.29
105,2014,223,1542,30.82,29.87,0,0,.393,12.29
105,2014,223,1548,30.82,30.51,0,0,.392,12.29
105,2014,223,1554,30.82,29.65,0,0,.391,12.29
105,2014,223,1600,30.82,29.5,0,0,.39,12.29
105,2014,223,1606,30.81,29.31,0,0,.388,12.29
105,2014,223,1612,30.79,29.19,0,0,.388,12.29
105,2014,223,1618,30.77,28.63,0,0,.387,12.29
105,2014,223,1624,30.72,28.33,0,0,.387,12.29
105,2014,223,1630,30.67,27.85,0,0,.386,12.29
105,2014,223,1636,30.58,27.84,0,0,.387,12.29
105,2014,223,1642,30.49,28.01,0,0,.385,12.29
105,2014,223,1648,30.4,28.4,0,0,.385,12.29
105,2014,223,1654,30.31,28.12,0,0,.385,12.29
105,2014,223,1700,30.23,28.34,0,0,.383,12.29
105,2014,223,1706,30.15,28.18,0,0,.383,12.29
105,2014,223,1712,30.08,27.84,0,0,.383,12.29
105,2014,223,1718,30,27.65,0,0,.383,12.29
105,2014,223,1724,29.92,28.08,0,0,.384,12.29
105,2014,223,1730,29.84,28.26,0,0,.383,12.29
105,2014,223,1736,29.77,27.64,0,0,.383,12.29
105,2014,223,1742,29.71,27.45,0,0,.383,12.29
105,2014,223,1748,29.64,27.24,0,0,.382,12.29
105,2014,223,1754,29.57,27.24,0,0,.384,12.29
105,2014,223,1800,29.49,27.34,0,0,.389,12.29
105,2014,223,1806,29.4,27.21,0,0,.397,12.29
105,2014,223,1812,29.32,27.25,0,0,.407,12.29
105,2014,223,1818,29.23,27.11,0,0,.419,12.29
105,2014,223,1824,29.15,26.75,0,0,.435,12.29
105,2014,223,1830,29.07,26.69,0,0,.452,12.29
105,2014,223,1836,28.98,26.71,0,0,.471,12.29
105,2014,223,1842,28.88,26.2,0,0,.492,12.29
105,2014,223,1848,28.78,25.89,0,0,.512,12.29
105,2014,223,1854,28.67,25.87,0,0,.532,12.29
105,2014,223,1900,28.57,25.85,0,0,.55,12.29
105,2014,223,1906,28.46,25.74,0,0,.566,12.29
105,2014,223,1912,28.35,25.68,0,0,.578,12.29
105,2014,223,1918,28.26,25.7,0,0,.587,12.29
105,2014,223,1924,28.17,25.65,0,0,.593,12.29
105,2014,223,1930,28.07,25.48,0,0,.593,12.29
105,2014,223,1936,27.98,25.41,0,0,.594,12.29
105,2014,223,1942,27.89,25.35,0,0,.593,12.29
105,2014,223,1948,27.8,25.38,0,0,.594,12.29
105,2014,223,1954,27.72,25.29,0,0,.593,12.29
105,2014,223,2000,27.65,25.22,0,0,.591,12.29
105,2014,223,2006,27.58,25.11,0,0,.589,12.29
105,2014,223,2012,27.51,25.1,0,0,.582,12.29
105,2014,223,2018,27.45,25.1,0,0,.577,12.29
105,2014,223,2024,27.38,25.03,0,0,.572,12.29
105,2014,223,2030,27.31,24.87,0,0,.569,12.29
105,2014,223,2036,27.23,24.58,0,0,.563,12.29
105,2014,223,2042,27.15,24.46,0,0,.559,12.29
105,2014,223,2048,27.06,24.32,0,0,.555,12.29
105,2014,223,2054,26.98,24.18,0,0,.551,12.29
105,2014,223,2100,26.89,24.29,0,0,.546,12.29
105,2014,223,2106,26.81,24.34,0,0,.542,12.29
105,2014,223,2112,26.73,24.15,0,0,.538,12.29
105,2014,223,2118,26.65,23.45,0,0,.533,12.29
105,2014,223,2124,26.56,23.12,0,0,.528,12.29
105,2014,223,2130,26.45,22.89,0,0,.525,12.29
105,2014,223,2136,26.34,22.44,0,0,.521,12.3
105,2014,223,2142,26.21,21.87,0,0,.518,12.3
105,2014,223,2148,26.08,21.9,0,0,.515,12.3
105,2014,223,2154,25.95,21.95,0,0,.51,12.29
105,2014,223,2200,25.82,22.21,0,0,.507,12.29
105,2014,223,2206,25.7,21.98,0,0,.504,12.29
105,2014,223,2212,25.59,22.21,0,0,.5,12.29
105,2014,223,2218,25.48,22.3,0,0,.498,12.29
105,2014,223,2224,25.38,22.24,0,0,.494,12.3
105,2014,223,2230,25.29,22.21,0,0,.49,12.3
105,2014,223,2236,25.19,22.25,0,0,.488,12.3
105,2014,223,2242,25.1,22.39,0,0,.485,12.3
105,2014,223,2248,25.02,22.73,0,0,.482,12.3
105,2014,223,2254,24.96,22.59,0,0,.479,12.3
105,2014,223,2300,24.91,22.55,0,0,.476,12.29
105,2014,223,2306,24.87,22.78,0,0,.474,12.29
105,2014,223,2312,24.84,22.78,0,0,.472,12.29
105,2014,223,2318,24.82,22.86,0,0,.469,12.29
105,2014,223,2324,24.81,22.76,0,0,.467,12.29
105,2014,223,2330,24.8,22.94,0,0,.465,12.3
105,2014,223,2336,24.8,22.99,0,0,.46,12.3
105,2014,223,2342,24.8,23.11,0,0,.459,12.3
105,2014,223,2348,24.8,23.11,0,0,.458,12.3
105,2014,223,2354,24.81,23.16,0,0,.455,12.3
105,2014,224,0,24.82,23.24,0,0,.454,12.3
105,2014,224,6,24.83,23.33,0,0,.452,12.3
105,2014,224,12,24.85,23.25,0,0,.45,12.3
105,2014,224,18,24.87,23.27,0,0,.449,12.3
105,2014,224,24,24.89,23.31,0,0,.447,12.3
105,2014,224,30,24.9,23.31,0,0,.443,12.29
105,2014,224,36,24.91,23.29,0,0,.443,12.3
105,2014,224,42,24.93,23.41,0,0,.442,12.29
105,2014,224,48,24.94,23.47,0,0,.44,12.29
105,2014,224,54,24.96,23.53,0,0,.438,12.29
105,2014,224,100,24.99,23.54,0,0,.437,12.29
105,2014,224,106,25.01,23.62,0,0,.435,12.29
105,2014,224,112,25.04,23.6,0,0,.434,12.29
105,2014,224,118,25.07,23.59,0,0,.432,12.29
105,2014,224,124,25.1,23.61,0,0,.431,12.29
105,2014,224,130,25.12,23.54,0,0,.43,12.29
105,2014,224,136,25.15,23.67,0,0,.429,12.29
105,2014,224,142,25.18,23.68,0,0,.427,12.29
105,2014,224,148,25.2,23.74,0,0,.425,12.29
105,2014,224,154,25.23,23.72,0,0,.424,12.29
105,2014,224,200,25.25,23.71,0,0,.421,12.29
105,2014,224,206,25.27,23.59,0,0,.422,12.29
105,2014,224,212,25.29,23.48,0,0,.422,12.29
105,2014,224,218,25.3,23.29,0,0,.419,12.29
105,2014,224,224,25.3,23.25,0,0,.418,12.29
105,2014,224,230,25.3,23.14,0,0,.418,12.29
105,2014,224,236,25.29,23.04,0,0,.416,12.29
105,2014,224,242,25.27,23.13,0,0,.416,12.29
105,2014,224,248,25.26,23.17,0,0,.412,12.29
105,2014,224,254,25.25,22.88,0,0,.412,12.29
105,2014,224,300,25.23,22.76,0,0,.41,12.29
105,2014,224,306,25.21,22.78,0,0,.411,12.29
105,2014,224,312,25.19,22.81,0,0,.411,12.29
105,2014,224,318,25.17,22.66,0,0,.41,12.29
105,2014,224,324,25.15,22.77,0,0,.41,12.29
105,2014,224,330,25.13,22.61,0,0,.409,12.29
105,2014,224,336,25.1,22.57,0,0,.406,12.29
105,2014,224,342,25.08,22.84,0,0,.408,12.29
105,2014,224,348,25.05,22.96,0,0,.405,12.29
105,2014,224,354,25.01,22.51,0,0,.404,12.29
105,2014,224,400,24.98,22.41,0,0,.407,12.29
105,2014,224,406,24.95,22.36,0,0,.407,12.29
105,2014,224,412,24.92,22.35,0,0,.407,12.29
105,2014,224,418,24.9,22.43,0,0,.408,12.29
105,2014,224,424,24.88,22.53,0,0,.409,12.29
105,2014,224,430,24.87,22.49,0,0,.412,12.29
105,2014,224,436,24.86,22.49,0,0,.417,12.29
105,2014,224,442,24.85,22.6,0,0,.43,12.29
105,2014,224,448,24.84,22.64,0,0,.449,12.29
105,2014,224,454,24.83,22.64,0,0,.476,12.29
105,2014,224,500,24.83,22.75,0,0,.514,12.29
105,2014,224,506,24.81,22.83,0,0,.557,12.29
105,2014,224,512,24.81,22.82,0,0,.604,12.29
105,2014,224,518,24.81,22.68,0,0,.657,12.29
105,2014,224,524,24.81,22.59,0,0,.714,12.29
105,2014,224,530,24.81,22.71,0,0,.777,12.29
105,2014,224,536,24.79,22.72,0,0,.844,12.29
105,2014,224,542,24.74,22.66,0,0,.914,12.29
105,2014,224,548,24.68,22.74,0,0,.981,12.29
105,2014,224,554,24.65,22.87,0,0,1.038,12.29
105,2014,224,600,24.62,22.8,0,0,1.082,12.29
105,2014,224,606,24.61,22.85,0,0,1.113,12.29
105,2014,224,612,24.59,22.73,0,0,1.133,12.29
105,2014,224,618,24.58,22.52,0,0,1.143,12.29
105,2014,224,624,24.56,22.52,0,0,1.146,12.29
105,2014,224,630,24.53,22.68,0,0,1.149,12.29
105,2014,224,636,24.5,22.61,0,0,1.152,12.29
105,2014,224,642,24.47,22.64,0,0,1.152,12.29
105,2014,224,648,24.44,22.61,0,0,1.152,12.29
105,2014,224,654,24.4,22.6,0,0,1.153,12.29
105,2014,224,700,24.36,22.47,0,0,1.152,12.29
105,2014,224,706,24.32,22.34,0,0,1.153,12.29
105,2014,224,712,24.28,22.44,0,0,1.153,12.29
105,2014,224,718,24.24,22.5,0,0,1.153,12.29
105,2014,224,724,24.19,22.57,0,0,1.15,12.29
105,2014,224,730,24.15,22.56,0,0,1.147,12.29
105,2014,224,736,24.11,22.56,0,0,1.141,12.29
105,2014,224,742,24.07,22.54,0,0,1.134,12.29
105,2014,224,748,24.03,22.76,0,0,1.125,12.29
105,2014,224,754,24,22.77,0,0,1.115,12.29
105,2014,224,800,23.97,22.78,0,0,1.1,12.29
105,2014,224,806,23.95,23.05,0,0,1.09,12.29
105,2014,224,812,23.93,23.36,0,0,1.072,12.29
105,2014,224,818,23.91,23.37,0,0,1.053,12.29
105,2014,224,824,23.9,23.6,0,0,1.031,12.29
105,2014,224,830,23.9,23.49,0,0,1.01,12.29
105,2014,224,836,23.9,23.5,0,0,.989,12.29
105,2014,224,842,23.91,23.71,0,0,.968,12.29
105,2014,224,848,23.91,23.94,0,0,.946,12.29
105,2014,224,854,23.92,23.81,0,0,.926,12.29
105,2014,224,900,23.94,23.68,0,0,.906,12.29
105,2014,224,906,23.96,23.65,0,0,.884,12.29
105,2014,224,912,23.97,23.92,0,0,.865,12.29
105,2014,224,918,23.99,23.9,0,0,.848,12.29
105,2014,224,924,24.01,23.94,0,0,.833,12.29
105,2014,224,930,24.03,24.04,0,0,.817,12.29
105,2014,224,936,24.05,24.15,0,0,.803,12.29
105,2014,224,942,24.08,24.1,0,0,.791,12.29
105,2014,224,948,24.11,23.88,0,0,.779,12.29
105,2014,224,954,24.14,23.81,0,0,.768,12.29
105,2014,224,1000,24.17,23.74,0,0,.758,12.29
105,2014,224,1006,24.19,23.68,0,0,.747,12.29
105,2014,224,1012,24.21,23.74,0,0,.737,12.29
105,2014,224,1018,24.23,23.72,0,0,.725,12.29
105,2014,224,1024,24.25,23.74,0,0,.716,12.29
105,2014,224,1030,24.27,23.94,0,0,.704,12.29
105,2014,224,1036,24.28,23.83,0,0,.694,12.29
105,2014,224,1042,24.3,23.79,0,0,.685,12.29
105,2014,224,1048,24.31,23.86,0,0,.677,12.29
105,2014,224,1054,24.33,23.97,0,0,.668,12.29
105,2014,224,1100,24.34,24.08,0,0,.658,12.29
105,2014,224,1106,24.36,23.99,0,0,.649,12.29
105,2014,224,1112,24.38,23.91,0,0,.639,12.29
105,2014,224,1118,24.4,23.93,0,0,.631,12.29
105,2014,224,1124,24.41,23.97,0,0,.621,12.29
105,2014,224,1130,24.43,24,0,0,.614,12.29
105,2014,224,1136,24.44,23.96,0,0,.606,12.29
105,2014,224,1142,24.45,23.87,0,0,.599,12.29
105,2014,224,1148,24.46,23.97,0,0,.593,12.29
105,2014,224,1154,24.48,24.02,0,0,.586,12.29
105,2014,224,1200,24.52,24.09,0,0,.58,12.29
105,2014,224,1206,24.58,24.33,0,0,.575,12.29
105,2014,224,1212,24.66,24.38,0,0,.569,12.29
105,2014,224,1218,24.75,24.47,0,0,.563,12.29
105,2014,224,1224,24.86,24.51,0,0,.557,12.29
105,2014,224,1230,24.96,24.68,0,0,.553,12.29
105,2014,224,1236,25.07,24.82,0,0,.548,12.29
105,2014,224,1242,25.17,24.73,0,0,.544,12.29
105,2014,224,1248,25.28,24.7,0,0,.54,12.29
105,2014,224,1254,25.37,24.48,0,0,.536,12.29
105,2014,224,1300,25.44,24.3,0,0,.534,12.29
105,2014,224,1306,25.5,24.21,0,0,.53,12.29
105,2014,224,1312,25.54,24.34,0,0,.527,12.29
105,2014,224,1318,25.58,24.37,0,0,.525,12.29
105,2014,224,1324,25.6,24.17,0,0,.521,12.29
105,2014,224,1330,25.62,24.28,0,0,.517,12.29
105,2014,224,1336,25.64,24.21,0,0,.516,12.29
105,2014,224,1342,25.66,24.22,0,0,.513,12.29
105,2014,224,1348,25.67,24.18,0,0,.511,12.29
105,2014,224,1354,25.68,24.24,0,0,.509,12.29
105,2014,224,1400,25.7,24.24,0,0,.507,12.29
105,2014,224,1406,25.7,24.17,0,0,.505,12.29
105,2014,224,1412,25.72,24.21,0,0,.504,12.29
105,2014,224,1418,25.73,24.21,0,0,.503,12.29
105,2014,224,1424,25.74,24.24,0,0,.501,12.29
105,2014,224,1430,25.76,24.34,0,0,.501,12.29
105,2014,224,1436,25.77,24.29,0,0,.5,12.29
105,2014,224,1442,25.79,24.33,0,0,.498,12.29
105,2014,224,1448,25.81,24.32,0,0,.499,12.29
105,2014,224,1454,25.82,24.27,0,0,.496,12.29
105,2014,224,1500,25.84,24.24,0,0,.496,12.29
105,2014,224,1506,25.85,24.28,0,0,.497,12.29
105,2014,224,1512,25.86,24.21,0,0,.496,12.29
105,2014,224,1518,25.87,24.21,0,0,.496,12.29
105,2014,224,1524,25.88,24.24,0,0,.496,12.29
105,2014,224,1530,25.88,24.07,0,0,.495,12.29
105,2014,224,1536,25.87,24.17,0,0,.501,12.29
105,2014,224,1542,25.85,24.06,0,0,.515,12.29
105,2014,224,1548,25.82,23.46,0,0,.543,12.29
105,2014,224,1554,25.77,22.94,0,0,.575,12.29
105,2014,224,1600,25.69,22.64,0,0,.625,12.29
105,2014,224,1606,25.59,22.76,0,0,.716,12.29
105,2014,224,1612,25.47,22.41,0,0,.821,12.3
105,2014,224,1618,25.32,22.83,0,0,.954,12.3
105,2014,224,1624,25.18,22.97,0,0,1.119,12.3
105,2014,224,1630,25.07,22.64,0,0,1.295,12.3
105,2014,224,1636,24.99,23.23,0,0,1.463,12.3
105,2014,224,1642,24.91,22.76,0,0,1.574,12.3
105,2014,224,1648,24.83,23.49,0,0,1.607,12.3
105,2014,224,1654,24.75,23.37,0,0,1.627,12.3
105,2014,224,1700,24.68,23.59,0,0,1.675,12.3
105,2014,224,1706,24.62,22.72,0,0,1.688,12.3
105,2014,224,1712,24.55,23.6,0,0,1.699,12.3
105,2014,224,1718,24.49,23.93,0,0,1.686,12.3
105,2014,224,1724,24.43,23.79,0,0,1.71,12.3
105,2014,224,1730,24.38,24.1,0,0,1.746,12.3
105,2014,224,1736,24.35,24.27,0,0,1.752,12.3
105,2014,224,1742,24.31,23.83,0,0,1.737,12.29
105,2014,224,1748,24.29,24.65,0,0,1.71,12.29
105,2014,224,1754,24.27,24.31,0,0,1.678,12.29
105,2014,224,1800,24.24,24.02,0,0,1.643,12.29
105,2014,224,1806,24.23,24.73,0,0,1.606,12.29
105,2014,224,1812,24.22,24.09,0,0,1.572,12.29
105,2014,224,1818,24.22,23.86,0,0,1.561,12.29
105,2014,224,1824,24.22,23.68,0,0,1.55,12.29
105,2014,224,1830,24.21,23.81,0,0,1.546,12.29
105,2014,224,1836,24.19,23.61,0,0,1.537,12.29
105,2014,224,1842,24.17,23.96,0,0,1.542,12.29
105,2014,224,1848,24.16,23.92,0,0,1.577,12.29
105,2014,224,1854,24.14,24.19,0,0,1.616,12.29
105,2014,224,1900,24.12,24.29,0,0,1.624,12.29
105,2014,224,1906,24.11,24.23,0,0,1.607,12.29
105,2014,224,1912,24.1,23.95,0,0,1.563,12.29
105,2014,224,1918,24.1,24.52,0,0,1.524,12.29
105,2014,224,1924,24.1,24.71,0,0,1.488,12.29
105,2014,224,1930,24.1,24.38,0,0,1.464,12.29
105,2014,224,1936,24.1,24.39,0,0,1.464,12.29
105,2014,224,1942,24.1,24.29,0,0,1.464,12.29
105,2014,224,1948,24.11,23.86,0,0,1.465,12.29
105,2014,224,1954,24.11,24.11,0,0,1.467,12.29
105,2014,224,2000,24.11,23.79,0,0,1.459,12.29
105,2014,224,2006,24.1,23.51,0,0,1.444,12.29
105,2014,224,2012,24.09,23.92,0,0,1.436,12.29
105,2014,224,2018,24.08,23.66,0,0,1.424,12.29
105,2014,224,2024,24.06,23.61,0,0,1.414,12.29
105,2014,224,2030,24.05,23.66,0,0,1.393,12.29
105,2014,224,2036,24.03,23.65,0,0,1.365,12.29
105,2014,224,2042,24.02,23.36,0,0,1.331,12.29
105,2014,224,2048,24,23.53,0,0,1.301,12.29
105,2014,224,2054,23.98,23.52,0,0,1.271,12.29
105,2014,224,2100,23.96,23.74,0,0,1.248,12.29
105,2014,224,2106,23.94,23.36,0,0,1.222,12.29
105,2014,224,2112,23.92,23.58,0,0,1.2,12.29
105,2014,224,2118,23.9,23.52,0,0,1.176,12.29
105,2014,224,2124,23.88,23.48,0,0,1.152,12.29
105,2014,224,2130,23.86,23.64,0,0,1.131,12.29
105,2014,224,2136,23.84,23.48,0,0,1.11,12.29
105,2014,224,2142,23.83,23.55,0,0,1.099,12.29
105,2014,224,2148,23.81,23.6,0,0,1.089,12.29
105,2014,224,2154,23.8,23.46,0,0,1.075,12.29
105,2014,224,2200,23.78,23.47,0,0,1.058,12.29
105,2014,224,2206,23.77,23.52,0,0,1.039,12.29
105,2014,224,2212,23.76,23.43,0,0,1.018,12.29
105,2014,224,2218,23.75,23.37,0,0,.995,12.29
105,2014,224,2224,23.73,23.47,0,0,.971,12.29
105,2014,224,2230,23.71,23.48,0,0,.947,12.29
105,2014,224,2236,23.7,23.33,0,0,.923,12.29
105,2014,224,2242,23.68,23.55,0,0,.901,12.29
105,2014,224,2248,23.66,23.24,0,0,.874,12.29
105,2014,224,2254,23.64,22.97,0,0,.849,12.29
105,2014,224,2300,23.62,23.12,0,0,.832,12.29
105,2014,224,2306,23.59,22.89,0,0,.813,12.29
105,2014,224,2312,23.56,22.83,0,0,.796,12.29
105,2014,224,2318,23.53,22.99,0,0,.779,12.29
105,2014,224,2324,23.49,22.9,0,0,.766,12.29
105,2014,224,2330,23.45,22.78,0,0,.751,12.29
105,2014,224,2336,23.4,22.52,0,0,.74,12.29
105,2014,224,2342,23.36,22.5,0,0,.726,12.29
105,2014,224,2348,23.31,22.63,0,0,.714,12.29
105,2014,224,2354,23.25,22.71,0,0,.702,12.29
105,2014,225,0,23.2,22.74,0,0,.691,12.29
105,2014,225,6,23.15,22.52,0,0,.682,12.29
105,2014,225,12,23.1,22.37,0,0,.672,12.29
105,2014,225,18,23.05,22.38,0,0,.665,12.29
105,2014,225,24,23,22.35,0,0,.655,12.29
105,2014,225,30,22.95,22.48,0,0,.646,12.29
105,2014,225,36,22.9,22.52,0,0,.637,12.29
105,2014,225,42,22.85,22.26,0,0,.626,12.29
105,2014,225,48,22.79,22.14,0,0,.619,12.29
105,2014,225,54,22.74,21.99,0,0,.611,12.29
105,2014,225,100,22.68,22.15,0,0,.603,12.29
105,2014,225,106,22.63,22.25,0,0,.597,12.29
105,2014,225,112,22.57,22.34,0,0,.591,12.29
105,2014,225,118,22.52,22.2,0,0,.584,12.29
105,2014,225,124,22.47,21.98,0,0,.578,12.29
105,2014,225,130,22.42,22.14,0,0,.573,12.29
105,2014,225,136,22.38,22.11,0,0,.567,12.29
105,2014,225,142,22.33,21.99,0,0,.563,12.29
105,2014,225,148,22.29,21.95,0,0,.555,12.29
105,2014,225,154,22.25,22.27,0,0,.554,12.29
105,2014,225,200,22.22,22.15,0,0,.546,12.29
105,2014,225,206,22.19,22.21,0,0,.543,12.29
105,2014,225,212,22.16,22.18,0,0,.539,12.29
105,2014,225,218,22.14,22.21,0,0,.534,12.29
105,2014,225,224,22.12,22.15,0,0,.531,12.29
105,2014,225,230,22.1,22.26,0,0,.529,12.29
105,2014,225,236,22.08,22.4,0,0,.525,12.29
105,2014,225,242,22.06,22.1,0,0,.519,12.29
105,2014,225,248,22.05,22.29,0,0,.517,12.29
105,2014,225,254,22.03,22.61,0,0,.514,12.29
105,2014,225,300,22.02,22.43,0,0,.51,12.29
105,2014,225,306,22.01,22.86,0,0,.509,12.29
105,2014,225,312,22,22.57,0,0,.505,12.29
105,2014,225,318,22,22.75,0,0,.503,12.29
105,2014,225,324,22,22.67,0,0,.501,12.29
105,2014,225,330,22,22.76,0,0,.5,12.29
105,2014,225,336,22.02,22.75,0,0,.498,12.29
105,2014,225,342,22.03,22.74,0,0,.497,12.29
105,2014,225,348,22.05,22.92,0,0,.499,12.29
105,2014,225,354,22.07,22.81,0,0,.497,12.29
105,2014,225,400,22.09,22.97,0,0,.498,12.29
105,2014,225,406,22.12,23.12,0,0,.499,12.29
105,2014,225,412,22.15,23.21,0,0,.498,12.29
105,2014,225,418,22.18,22.91,0,0,.499,12.29
105,2014,225,424,22.21,22.8,0,0,.498,12.29
105,2014,225,430,22.24,22.93,0,0,.502,12.29
105,2014,225,436,22.27,22.8,0,0,.502,12.29
105,2014,225,442,22.29,22.8,0,0,.509,12.29
105,2014,225,448,22.31,22.39,0,0,.51,12.29
105,2014,225,454,22.31,22.48,0,0,.522,12.29
105,2014,225,500,22.32,22.78,0,0,.537,12.29
105,2014,225,506,22.32,22.47,0,0,.549,12.29
105,2014,225,512,22.31,22.44,0,0,.568,12.29
105,2014,225,518,22.3,22.4,0,0,.593,12.29
105,2014,225,524,22.29,22.39,0,0,.623,12.29
105,2014,225,530,22.27,22.28,0,0,.659,12.29
105,2014,225,536,22.25,22.14,0,0,.694,12.29
105,2014,225,542,22.22,22.36,0,0,.738,12.29
105,2014,225,548,22.2,22.29,0,0,.775,12.29
105,2014,225,554,22.17,22.16,0,0,.811,12.29
105,2014,225,600,22.15,22.1,0,0,.849,12.29
105,2014,225,606,22.12,21.93,0,0,.88,12.29
105,2014,225,612,22.1,22.16,0,0,.91,12.29
105,2014,225,618,22.08,22.24,0,0,.933,12.29
105,2014,225,624,22.06,22.07,0,0,.953,12.29
105,2014,225,630,22.04,22.1,0,0,.972,12.29
105,2014,225,636,22.02,22.21,0,0,.991,12.29
105,2014,225,642,22.01,22.01,0,0,1.007,12.29
105,2014,225,648,21.99,22.19,0,0,1.026,12.29
105,2014,225,654,21.97,22.17,0,0,1.044,12.29
105,2014,225,700,21.96,22.22,0,0,1.06,12.29
105,2014,225,706,21.96,22.23,0,0,1.071,12.29
105,2014,225,712,21.96,22.09,0,0,1.074,12.29
105,2014,225,718,21.96,22.25,0,0,1.077,12.29
105,2014,225,724,21.96,22.13,0,0,1.083,12.29
105,2014,225,730,21.97,21.96,0,0,1.08,12.29
105,2014,225,736,21.98,22.3,0,0,1.083,12.29
105,2014,225,742,21.98,22.75,0,0,1.074,12.29
105,2014,225,748,21.99,22.69,0,0,1.057,12.29
105,2014,225,754,22.01,22.48,0,0,1.038,12.29
105,2014,225,800,22.03,23.16,0,0,1.021,12.29
105,2014,225,806,22.05,23.1,0,0,1.001,12.29
105,2014,225,812,22.09,23.81,0,0,.978,12.29
105,2014,225,818,22.14,23.72,0,0,.955,12.29
105,2014,225,824,22.2,23.52,0,0,.932,12.29
105,2014,225,830,22.28,23.17,0,0,.911,12.29
105,2014,225,836,22.36,23.47,0,0,.887,12.29
105,2014,225,842,22.43,23.31,0,0,.866,12.29
105,2014,225,848,22.51,23.79,0,0,.846,12.29
105,2014,225,854,22.6,24.47,0,0,.83,12.29
105,2014,225,900,22.69,24.39,0,0,.812,12.29
105,2014,225,906,22.8,24.35,0,0,.796,12.29
105,2014,225,912,22.92,24.39,0,0,.783,12.29
105,2014,225,918,23.05,24.41,0,0,.769,12.29
105,2014,225,924,23.19,24.2,0,0,.757,12.29
105,2014,225,930,23.31,23.47,0,0,.746,12.29
105,2014,225,936,23.42,23.35,0,0,.736,12.29
105,2014,225,942,23.51,23.68,0,0,.723,12.29
105,2014,225,948,23.6,24.53,0,0,.711,12.29
105,2014,225,954,23.67,25.12,0,0,.7,12.29
105,2014,225,1000,23.76,25.71,0,0,.689,12.29
105,2014,225,1006,23.86,26.12,0,0,.679,12.29
105,2014,225,1012,23.97,26.19,0,0,.668,12.29
105,2014,225,1018,24.1,26.43,0,0,.659,12.29
105,2014,225,1024,24.23,26.59,0,0,.649,12.29
105,2014,225,1030,24.36,26.89,0,0,.639,12.29
105,2014,225,1036,24.5,26.77,0,0,.63,12.29
105,2014,225,1042,24.64,27.24,0,0,.621,12.29
105,2014,225,1048,24.8,27.57,0,0,.613,12.29
105,2014,225,1054,25,27.43,0,0,.605,12.29
105,2014,225,1100,25.2,27.67,0,0,.597,12.29
105,2014,225,1106,25.4,27.86,0,0,.591,12.29
105,2014,225,1112,25.6,28.01,0,0,.584,12.29
105,2014,225,1118,25.8,28.35,0,0,.577,12.29
105,2014,225,1124,25.96,27.52,0,0,.571,12.29
105,2014,225,1130,26.09,28.5,0,0,.566,12.29