,30.88,28.39,0,0,.307,12.29
105,2014,232,1642,30.82,28.57,0,0,.306,12.29
105,2014,232,1648,30.74,28.16,0,0,.307,12.29
105,2014,232,1654,30.63,27.85,0,0,.307,12.29
105,2014,232,1700,30.5,27.42,0,0,.307,12.29
105,2014,232,1706,30.37,26.88,0,0,.307,12.29
105,2014,232,1712,30.22,26.77,0,0,.307,12.29
105,2014,232,1718,30.06,26.28,0,0,.306,12.29
105,2014,232,1724,29.89,26.39,0,0,.307,12.29
105,2014,232,1730,29.74,26.09,0,0,.307,12.29
105,2014,232,1736,29.58,26.22,0,0,.307,12.29
105,2014,232,1742,29.43,25.81,0,0,.307,12.29
105,2014,232,1748,29.26,25.36,0,0,.306,12.29
105,2014,232,1754,29.1,25.71,0,0,.306,12.29
105,2014,232,1800,28.96,25.09,0,0,.306,12.29
105,2014,232,1806,28.82,24.86,0,0,.306,12.29
105,2014,232,1812,28.67,24.07,0,0,.307,12.29
105,2014,232,1818,28.52,23.94,0,0,.308,12.29
105,2014,232,1824,28.37,24.19,0,0,.307,12.29
105,2014,232,1830,28.22,24,0,0,.308,12.29
105,2014,232,1836,28.06,23.35,0,0,.307,12.29
105,2014,232,1842,27.89,23.52,0,0,.307,12.29
105,2014,232,1848,27.73,23.08,0,0,.307,12.29
105,2014,232,1854,27.57,23.46,0,0,.306,12.29
105,2014,232,1900,27.41,23.95,0,0,.307,12.29
105,2014,232,1906,27.24,23.43,0,0,.306,12.29
105,2014,232,1912,27.08,22.59,0,0,.307,12.29
105,2014,232,1918,26.92,22.36,0,0,.306,12.29
105,2014,232,1924,26.76,22.38,0,0,.306,12.29
105,2014,232,1930,26.6,22.89,0,0,.305,12.29
105,2014,232,1936,26.45,22.88,0,0,.306,12.29
105,2014,232,1942,26.31,22.84,0,0,.306,12.29
105,2014,232,1948,26.18,22.79,0,0,.307,12.29
105,2014,232,1954,26.05,22.35,0,0,.307,12.29
105,2014,232,2000,25.93,22.1,0,0,.307,12.29
105,2014,232,2006,25.8,22.29,0,0,.306,12.29
105,2014,232,2012,25.68,22.15,0,0,.306,12.29
105,2014,232,2018,25.57,22.33,0,0,.307,12.29
105,2014,232,2024,25.46,21.94,0,0,.306,12.29
105,2014,232,2030,25.35,22.12,0,0,.306,12.29
105,2014,232,2036,25.25,22.1,0,0,.306,12.29
105,2014,232,2042,25.16,22.24,0,0,.304,12.29
105,2014,232,2048,25.06,21.95,0,0,.307,12.29
105,2014,232,2054,24.97,21.75,0,0,.306,12.29
105,2014,232,2100,24.88,22,0,0,.306,12.29
105,2014,232,2106,24.8,21.68,0,0,.306,12.29
105,2014,232,2112,24.71,21.91,0,0,.306,12.29
105,2014,232,2118,24.63,21.87,0,0,.306,12.29
105,2014,232,2124,24.56,21.83,0,0,.306,12.29
105,2014,232,2130,24.48,21.58,0,0,.307,12.29
105,2014,232,2136,24.4,21.57,0,0,.306,12.29
105,2014,232,2142,24.33,21.63,0,0,.307,12.29
105,2014,232,2148,24.25,21.64,0,0,.305,12.29
105,2014,232,2154,24.18,21.5,0,0,.306,12.29
105,2014,232,2200,24.09,21.1,0,0,.305,12.29
105,2014,232,2206,24,21.13,0,0,.307,12.29
105,2014,232,2212,23.9,21.16,0,0,.307,12.29
105,2014,232,2218,23.82,21.12,0,0,.307,12.29
105,2014,232,2224,23.74,20.98,0,0,.307,12.29
105,2014,232,2230,23.66,20.92,0,0,.307,12.3
105,2014,232,2236,23.57,21.06,0,0,.308,12.3
105,2014,232,2242,23.48,20.85,0,0,.308,12.29
105,2014,232,2248,23.39,21.02,0,0,.308,12.29
105,2014,232,2254,23.31,21.14,0,0,.307,12.29
105,2014,232,2300,23.25,21.09,0,0,.31,12.29
105,2014,232,2306,23.21,21,0,0,.31,12.29
105,2014,232,2312,23.18,21,0,0,.308,12.29
105,2014,232,2318,23.15,20.9,0,0,.308,12.29
105,2014,232,2324,23.11,21.01,0,0,.311,12.29
105,2014,232,2330,23.07,20.92,0,0,.304,12.29
105,2014,232,2336,23.02,20.77,0,0,.308,12.29
105,2014,232,2342,22.97,20.58,0,0,.31,12.3
105,2014,232,2348,22.9,20.9,0,0,.31,12.3
105,2014,232,2354,22.85,20.84,0,0,.317,12.3
105,2014,233,0,22.81,20.78,0,0,.311,12.3
105,2014,233,6,22.77,20.72,0,0,.312,12.3
105,2014,233,12,22.73,20.69,0,0,.311,12.29
105,2014,233,18,22.7,20.69,0,0,.311,12.3
105,2014,233,24,22.66,20.81,0,0,.311,12.29
105,2014,233,30,22.62,20.73,0,0,.309,12.3
105,2014,233,36,22.58,20.56,0,0,.308,12.29
105,2014,233,42,22.53,20.26,0,0,.309,12.3
105,2014,233,48,22.48,20.3,0,0,.309,12.29
105,2014,233,54,22.41,20.33,0,0,.31,12.29
105,2014,233,100,22.35,20.22,0,0,.309,12.3
105,2014,233,106,22.29,20.26,0,0,.31,12.29
105,2014,233,112,22.24,20.38,0,0,.308,12.29
105,2014,233,118,22.2,20.32,0,0,.308,12.29
105,2014,233,124,22.17,20.39,0,0,.309,12.29
105,2014,233,130,22.15,20.51,0,0,.308,12.29
105,2014,233,136,22.15,20.55,0,0,.309,12.29
105,2014,233,142,22.15,20.6,0,0,.309,12.29
105,2014,233,148,22.15,20.57,0,0,.31,12.3
105,2014,233,154,22.15,20.61,0,0,.326,12.3
105,2014,233,200,22.16,20.59,0,0,.348,12.3
105,2014,233,206,22.17,20.59,0,0,.368,12.29
105,2014,233,212,22.18,20.63,0,0,.396,12.29
105,2014,233,218,22.19,20.75,0,0,.431,12.29
105,2014,233,224,22.21,20.9,0,0,.462,12.29
105,2014,233,230,22.23,20.85,0,0,.489,12.29
105,2014,233,236,22.25,20.83,0,0,.517,12.29
105,2014,233,242,22.27,20.81,0,0,.546,12.29
105,2014,233,248,22.28,20.73,0,0,.573,12.29
105,2014,233,254,22.28,20.78,0,0,.606,12.29
105,2014,233,300,22.29,20.74,0,0,.638,12.29
105,2014,233,306,22.28,20.75,0,0,.666,12.29
105,2014,233,312,22.28,20.75,0,0,.691,12.3
105,2014,233,318,22.27,20.74,0,0,.712,12.3
105,2014,233,324,22.26,20.82,0,0,.733,12.3
105,2014,233,330,22.27,20.98,0,0,.747,12.29
105,2014,233,336,22.28,21.11,0,0,.75,12.29
105,2014,233,342,22.31,21.3,0,0,.75,12.29
105,2014,233,348,22.34,21.31,0,0,.749,12.29
105,2014,233,354,22.37,21.19,0,0,.75,12.29
105,2014,233,400,22.41,21.18,0,0,.744,12.29
105,2014,233,406,22.44,21.14,0,0,.736,12.29
105,2014,233,412,22.48,21.36,0,0,.728,12.29
105,2014,233,418,22.51,21.12,0,0,.72,12.29
105,2014,233,424,22.53,21.08,0,0,.713,12.29
105,2014,233,430,22.56,21.08,0,0,.705,12.29
105,2014,233,436,22.58,21.07,0,0,.698,12.29
105,2014,233,442,22.59,20.98,0,0,.691,12.3
105,2014,233,448,22.61,21.07,0,0,.682,12.29
105,2014,233,454,22.61,21.18,0,0,.677,12.29
105,2014,233,500,22.62,21.02,0,0,.669,12.29
105,2014,233,506,22.63,21.18,0,0,.663,12.29
105,2014,233,512,22.64,21.21,0,0,.657,12.29
105,2014,233,518,22.65,21.45,0,0,.649,12.29
105,2014,233,524,22.67,21.46,0,0,.641,12.29
105,2014,233,530,22.7,21.45,0,0,.634,12.29
105,2014,233,536,22.72,21.25,0,0,.626,12.29
105,2014,233,542,22.73,21.19,0,0,.619,12.29
105,2014,233,548,22.73,21.2,0,0,.613,12.29
105,2014,233,554,22.72,21.14,0,0,.606,12.29
105,2014,233,600,22.71,20.9,0,0,.599,12.29
105,2014,233,606,22.69,20.82,0,0,.593,12.29
105,2014,233,612,22.67,20.81,0,0,.586,12.29
105,2014,233,618,22.65,20.59,0,0,.58,12.29
105,2014,233,624,22.62,20.52,0,0,.574,12.29
105,2014,233,630,22.59,20.63,0,0,.568,12.29
105,2014,233,636,22.56,20.46,0,0,.564,12.29
105,2014,233,642,22.53,20.39,0,0,.557,12.29
105,2014,233,648,22.49,20.66,0,0,.553,12.29
105,2014,233,654,22.46,20.93,0,0,.549,12.29
105,2014,233,700,22.43,20.75,0,0,.544,12.29
105,2014,233,706,22.41,20.76,0,0,.541,12.29
105,2014,233,712,22.4,20.92,0,0,.536,12.29
105,2014,233,718,22.4,21.13,0,0,.531,12.29
105,2014,233,724,22.41,21.3,0,0,.526,12.29
105,2014,233,730,22.43,21.69,0,0,.521,12.29
105,2014,233,736,22.47,22.61,0,0,.52,12.29
105,2014,233,742,22.54,23.72,0,0,.514,12.29
105,2014,233,748,22.62,24,0,0,.509,12.29
105,2014,233,754,22.71,23.24,0,0,.506,12.29
105,2014,233,800,22.81,22.92,0,0,.503,12.29
105,2014,233,806,22.92,22.55,0,0,.499,12.29
105,2014,233,812,23.01,23.02,0,0,.497,12.29
105,2014,233,818,23.11,23.52,0,0,.494,12.29
105,2014,233,824,23.23,23.42,0,0,.491,12.29
105,2014,233,830,23.35,23.67,0,0,.488,12.29
105,2014,233,836,23.48,24.34,0,0,.484,12.29
105,2014,233,842,23.62,24.08,0,0,.482,12.29
105,2014,233,848,23.77,24.22,0,0,.479,12.29
105,2014,233,854,23.92,24.26,0,0,.477,12.29
105,2014,233,900,24.06,24.47,0,0,.474,12.29
105,2014,233,906,24.19,24.86,0,0,.471,12.29
105,2014,233,912,24.32,25.12,0,0,.469,12.29
105,2014,233,918,24.44,24.99,0,0,.465,12.29
105,2014,233,924,24.57,24.88,0,0,.464,12.29
105,2014,233,930,24.7,25.51,0,0,.462,12.29
105,2014,233,936,24.83,25.62,0,0,.458,12.29
105,2014,233,942,24.95,25.46,0,0,.456,12.29
105,2014,233,948,25.07,25.77,0,0,.454,12.29
105,2014,233,954,25.19,27.47,0,0,.451,12.29
105,2014,233,1000,25.33,27.41,0,0,.45,12.29
105,2014,233,1006,25.5,28.61,0,0,.448,12.29
105,2014,233,1012,25.67,27.9,0,0,.446,12.29
105,2014,233,1018,25.86,27.78,0,0,.445,12.29
105,2014,233,1024,26.03,28.39,0,0,.442,12.29
105,2014,233,1030,26.22,29.32,0,0,.44,12.29
105,2014,233,1036,26.43,28.39,0,0,.438,12.29
105,2014,233,1042,26.64,29.46,0,0,.437,12.29
105,2014,233,1048,26.84,30.63,0,0,.435,12.29
105,2014,233,1054,27.05,30.11,0,0,.433,12.29
105,2014,233,1100,27.29,31.49,0,0,.432,12.29
105,2014,233,1106,27.52,30.98,0,0,.43,12.29
105,2014,233,1112,27.74,29.44,0,0,.429,12.29
105,2014,233,1118,27.95,30.85,0,0,.428,12.29
105,2014,233,1124,28.16,31.07,0,0,.427,12.29
105,2014,233,1130,28.36,31.6,0,0,.425,12.29
105,2014,233,1136,28.56,31.99,0,0,.424,12.29
105,2014,233,1142,28.77,31.21,0,0,.422,12.29
105,2014,233,1148,28.96,32.2,0,0,.421,12.28
105,2014,233,1154,29.15,32.36,0,0,.42,12.28
105,2014,233,1200,29.34,32.66,0,0,.419,12.28
105,2014,233,1206,29.54,32.41,0,0,.418,12.28
105,2014,233,1212,29.72,32.63,0,0,.416,12.28
105,2014,233,1218,29.89,32.33,0,0,.416,12.28
105,2014,233,1224,30.08,32.29,0,0,.413,12.28
105,2014,233,1230,30.27,32.66,0,0,.413,12.28
105,2014,233,1236,30.43,33.89,0,0,.413,12.28
105,2014,233,1242,30.59,31.99,0,0,.41,12.28
105,2014,233,1248,30.73,33.28,0,0,.41,12.28
105,2014,233,1254,30.87,32.76,0,0,.41,12.28
105,2014,233,1300,31,31.99,0,0,.407,12.29
105,2014,233,1306,31.1,32.95,0,0,.407,12.29
105,2014,233,1312,31.21,32.71,0,0,.406,12.29
105,2014,233,1318,31.31,32.64,0,0,.404,12.28
105,2014,233,1324,31.4,32.66,0,0,.404,12.28
105,2014,233,1330,31.49,33.14,0,0,.402,12.28
105,2014,233,1336,31.58,33.38,0,0,.402,12.28
105,2014,233,1342,31.68,33.35,0,0,.4,12.28
105,2014,233,1348,31.79,34.2,0,0,.4,12.28
105,2014,233,1354,31.9,34.02,0,0,.399,12.28
105,2014,233,1400,32.03,34.09,0,0,.399,12.28
105,2014,233,1406,32.15,33.84,0,0,.397,12.28
105,2014,233,1412,32.26,33.38,0,0,.397,12.28
105,2014,233,1418,32.37,34.16,0,0,.396,12.28
105,2014,233,1424,32.47,33.83,0,0,.396,12.28
105,2014,233,1430,32.57,33.17,0,0,.396,12.28
105,2014,233,1436,32.64,32.12,0,0,.396,12.28
105,2014,233,1442,32.67,31.8,0,0,.396,12.29
105,2014,233,1448,32.66,32.04,0,0,.394,12.29
105,2014,233,1454,32.64,32.95,0,0,.394,12.28
105,2014,233,1500,32.63,32.98,0,0,.392,12.28
105,2014,233,1506,32.63,32.28,0,0,.392,12.28
105,2014,233,1512,32.63,32.26,0,0,.393,12.28
105,2014,233,1518,32.62,31.57,0,0,.393,12.28
105,2014,233,1524,32.61,32.71,0,0,.391,12.29
105,2014,233,1530,32.61,32,0,0,.391,12.29
105,2014,233,1536,32.6,31.7,0,0,.391,12.28
105,2014,233,1542,32.59,31.69,0,0,.391,12.29
105,2014,233,1548,32.56,30.76,0,0,.391,12.29
105,2014,233,1554,32.52,30.68,0,0,.391,12.29
105,2014,233,1600,32.46,30.57,0,0,.389,12.29
105,2014,233,1606,32.39,30.46,0,0,.388,12.29
105,2014,233,1612,32.3,30.25,0,0,.389,12.29
105,2014,233,1618,32.22,30.11,0,0,.388,12.29
105,2014,233,1624,32.13,30.06,0,0,.389,12.29
105,2014,233,1630,32.03,30.29,0,0,.388,12.29
105,2014,233,1636,31.94,29.75,0,0,.388,12.29
105,2014,233,1642,31.85,29.61,0,0,.386,12.29
105,2014,233,1648,31.75,28.9,0,0,.387,12.29
105,2014,233,1654,31.65,28.66,0,0,.387,12.29
105,2014,233,1700,31.54,28.39,0,0,.386,12.29
105,2014,233,1706,31.43,28.11,0,0,.385,12.29
105,2014,233,1712,31.31,28.3,0,0,.386,12.29
105,2014,233,1718,31.19,28.54,0,0,.385,12.29
105,2014,233,1724,31.07,27.93,0,0,.384,12.29
105,2014,233,1730,30.97,27.8,0,0,.383,12.29
105,2014,233,1736,30.86,27.77,0,0,.383,12.29
105,2014,233,1742,30.77,27.87,0,0,.383,12.29
105,2014,233,1748,30.67,27.82,0,0,.382,12.29
105,2014,233,1754,30.57,27.92,0,0,.382,12.29
105,2014,233,1800,30.47,28.06,0,0,.382,12.29
105,2014,233,1806,30.37,27.37,0,0,.381,12.29
105,2014,233,1812,30.28,27.32,0,0,.38,12.29
105,2014,233,1818,30.18,27.53,0,0,.38,12.29
105,2014,233,1824,30.08,27.14,0,0,.38,12.29
105,2014,233,1830,29.97,26.73,0,0,.378,12.29
105,2014,233,1836,29.86,26.75,0,0,.377,12.29
105,2014,233,1842,29.75,26.7,0,0,.377,12.29
105,2014,233,1848,29.64,26.7,0,0,.377,12.29
105,2014,233,1854,29.54,26.61,0,0,.376,12.29
105,2014,233,1900,29.44,26.54,0,0,.376,12.29
105,2014,233,1906,29.34,26.53,0,0,.375,12.29
105,2014,233,1912,29.24,26.09,0,0,.374,12.29
105,2014,233,1918,29.14,26.39,0,0,.375,12.29
105,2014,233,1924,29.05,26.48,0,0,.374,12.29
105,2014,233,1930,28.96,26.42,0,0,.374,12.29
105,2014,233,1936,28.86,26.57,0,0,.373,12.29
105,2014,233,1942,28.75,26.21,0,0,.373,12.29
105,2014,233,1948,28.65,25.64,0,0,.372,12.29
105,2014,233,1954,28.55,25.83,0,0,.371,12.29
105,2014,233,2000,28.45,25.58,0,0,.371,12.29
105,2014,233,2006,28.35,25.72,0,0,.371,12.29
105,2014,233,2012,28.26,25.19,0,0,.371,12.29
105,2014,233,2018,28.16,25.08,0,0,.369,12.29
105,2014,233,2024,28.07,24.94,0,0,.369,12.29
105,2014,233,2030,27.97,24.88,0,0,.368,12.29
105,2014,233,2036,27.88,24.77,0,0,.367,12.29
105,2014,233,2042,27.8,24.69,0,0,.367,12.29
105,2014,233,2048,27.72,24.84,0,0,.367,12.29
105,2014,233,2054,27.65,24.64,0,0,.366,12.29
105,2014,233,2100,27.58,24.6,0,0,.366,12.29
105,2014,233,2106,27.51,24.59,0,0,.366,12.29
105,2014,233,2112,27.44,24.57,0,0,.365,12.29
105,2014,233,2118,27.37,24.67,0,0,.364,12.29
105,2014,233,2124,27.3,25.07,0,0,.364,12.29
105,2014,233,2130,27.23,24.65,0,0,.364,12.29
105,2014,233,2136,27.16,24.56,0,0,.364,12.29
105,2014,233,2142,27.09,24.87,0,0,.363,12.29
105,2014,233,2148,27.02,24.81,0,0,.363,12.29
105,2014,233,2154,26.96,24.84,0,0,.363,12.29
105,2014,233,2200,26.91,24.76,0,0,.362,12.29
105,2014,233,2206,26.85,24.43,0,0,.362,12.29
105,2014,233,2212,26.79,24.51,0,0,.36,12.29
105,2014,233,2218,26.73,24.49,0,0,.359,12.29
105,2014,233,2224,26.68,24.37,0,0,.36,12.29
105,2014,233,2230,26.63,24.58,0,0,.358,12.29
105,2014,233,2236,26.58,24.52,0,0,.358,12.29
105,2014,233,2242,26.54,24.83,0,0,.357,12.29
105,2014,233,2248,26.5,24.63,0,0,.358,12.29
105,2014,233,2254,26.45,24.39,0,0,.357,12.29
105,2014,233,2300,26.41,24.36,0,0,.358,12.29
105,2014,233,2306,26.36,24.08,0,0,.356,12.29
105,2014,233,2312,26.32,24.29,0,0,.355,12.29
105,2014,233,2318,26.28,24.23,0,0,.356,12.29
105,2014,233,2324,26.23,23.97,0,0,.355,12.29
105,2014,233,2330,26.19,24,0,0,.356,12.29
105,2014,233,2336,26.15,24.17,0,0,.355,12.29
105,2014,233,2342,26.11,24.2,0,0,.354,12.29
105,2014,233,2348,26.06,24.05,0,0,.355,12.29
105,2014,233,2354,26.02,23.93,0,0,.354,12.29
105,2014,234,0,25.97,24.01,0,0,.354,12.29
105,2014,234,6,25.93,23.94,0,0,.353,12.29
105,2014,234,12,25.88,24.01,0,0,.353,12.29
105,2014,234,18,25.84,23.8,0,0,.353,12.29
105,2014,234,24,25.79,23.66,0,0,.353,12.29
105,2014,234,30,25.75,23.64,0,0,.352,12.29
105,2014,234,36,25.7,23.73,0,0,.351,12.29
105,2014,234,42,25.65,23.56,0,0,.35,12.29
105,2014,234,48,25.61,23.41,0,0,.351,12.29
105,2014,234,54,25.57,23.31,0,0,.351,12.29
105,2014,234,100,25.53,23.03,0,0,.351,12.29
105,2014,234,106,25.48,22.98,0,0,.35,12.29
105,2014,234,112,25.41,22.94,0,0,.349,12.29
105,2014,234,118,25.35,22.92,0,0,.349,12.29
105,2014,234,124,25.28,22.96,0,0,.349,12.29
105,2014,234,130,25.22,22.83,0,0,.35,12.29
105,2014,234,136,25.16,22.69,0,0,.35,12.29
105,2014,234,142,25.09,22.67,0,0,.348,12.29
105,2014,234,148,25.03,22.53,0,0,.347,12.29
105,2014,234,154,24.98,22.4,0,0,.346,12.29
105,2014,234,200,24.93,22.47,0,0,.347,12.29
105,2014,234,206,24.89,22.5,0,0,.347,12.29
105,2014,234,212,24.84,22.36,0,0,.347,12.29
105,2014,234,218,24.79,22.56,0,0,.347,12.29
105,2014,234,224,24.74,22.54,0,0,.347,12.29
105,2014,234,230,24.69,22.14,0,0,.345,12.29
105,2014,234,236,24.63,22.43,0,0,.345,12.29
105,2014,234,242,24.58,22.55,0,0,.345,12.29
105,2014,234,248,24.54,22.4,0,0,.345,12.29
105,2014,234,254,24.51,22.31,0,0,.345,12.29
105,2014,234,300,24.48,22.27,0,0,.345,12.29
105,2014,234,306,24.45,22.26,0,0,.345,12.29
105,2014,234,312,24.42,22.3,0,0,.345,12.29
105,2014,234,318,24.38,22.22,0,0,.344,12.29
105,2014,234,324,24.35,22.18,0,0,.344,12.29
105,2014,234,330,24.31,22.1,0,0,.344,12.29
105,2014,234,336,24.27,22.07,0,0,.344,12.29
105,2014,234,342,24.22,21.84,0,0,.344,12.29
105,2014,234,348,24.17,22.15,0,0,.344,12.29
105,2014,234,354,24.11,22.16,0,0,.344,12.29
105,2014,234,400,24.05,22.01,0,0,.344,12.29
105,2014,234,406,23.98,21.93,0,0,.343,12.29
105,2014,234,412,23.92,21.96,0,0,.343,12.29
105,2014,234,418,23.85,21.76,0,0,.342,12.29
105,2014,234,424,23.8,21.73,0,0,.343,12.29
105,2014,234,430,23.74,21.61,0,0,.343,12.29
105,2014,234,436,23.68,21.71,0,0,.343,12.29
105,2014,234,442,23.63,21.65,0,0,.343,12.29
105,2014,234,448,23.57,21.58,0,0,.343,12.29
105,2014,234,454,23.52,21.75,0,0,.344,12.29
105,2014,234,500,23.47,21.65,0,0,.343,12.29
105,2014,234,506,23.42,21.57,0,0,.343,12.29
105,2014,234,512,23.38,21.64,0,0,.344,12.29
105,2014,234,518,23.35,21.46,0,0,.344,12.29
105,2014,234,524,23.3,21.55,0,0,.344,12.29
105,2014,234,530,23.26,21.59,0,0,.344,12.29
105,2014,234,536,23.22,21.46,0,0,.344,12.29
105,2014,234,542,23.18,21.41,0,0,.344,12.29
105,2014,234,548,23.13,21.33,0,0,.344,12.29
105,2014,234,554,23.09,21.25,0,0,.344,12.29
105,2014,234,600,23.04,21.24,0,0,.345,12.29
105,2014,234,606,23.01,21.12,0,0,.344,12.3
105,2014,234,612,22.97,21.03,0,0,.344,12.3
105,2014,234,618,22.93,20.99,0,0,.344,12.3
105,2014,234,624,22.9,21.09,0,0,.345,12.3
105,2014,234,630,22.87,20.97,0,0,.344,12.3
105,2014,234,636,22.84,21,0,0,.344,12.3
105,2014,234,642,22.81,21.01,0,0,.343,12.29
105,2014,234,648,22.78,21.05,0,0,.342,12.3
105,2014,234,654,22.77,21.08,0,0,.343,12.29
105,2014,234,700,22.75,21.1,0,0,.342,12.3
105,2014,234,706,22.74,21.28,0,0,.342,12.29
105,2014,234,712,22.74,21.39,0,0,.342,12.29
105,2014,234,718,22.75,21.78,0,0,.342,12.29
105,2014,234,724,22.77,22.39,0,0,.343,12.29
105,2014,234,730,22.8,22.35,0,0,.342,12.29
105,2014,234,736,22.84,22.33,0,0,.342,12.29
105,2014,234,742,22.88,22.67,0,0,.341,12.29
105,2014,234,748,22.94,22.97,0,0,.341,12.29
105,2014,234,754,23.01,22.63,0,0,.341,12.29
105,2014,234,800,23.08,22.87,0,0,.341,12.29
105,2014,234,806,23.15,23.14,0,0,.341,12.29
105,2014,234,812,23.22,23.83,0,0,.341,12.29
105,2014,234,818,23.31,24.29,0,0,.339,12.29
105,2014,234,824,23.42,24.7,0,0,.339,12.29
105,2014,234,830,23.56,24.92,0,0,.339,12.29
105,2014,234,836,23.7,24.74,0,0,.336,12.29
105,2014,234,842,23.85,24.74,0,0,.338,12.29
105,2014,234,848,24,25.41,0,0,.336,12.29
105,2014,234,854,24.14,25.47,0,0,.336,12.29
105,2014,234,900,24.28,25.42,0,0,.335,12.29
105,2014,234,906,24.42,25.93,0,0,.334,12.29
105,2014,234,912,24.57,25.77,0,0,.334,12.29
105,2014,234,918,24.72,25.5,0,0,.333,12.29
105,2014,234,924,24.86,26.72,0,0,.333,12.29
105,2014,234,930,25.01,26.66,0,0,.333,12.29
105,2014,234,936,25.17,25.57,0,0,.333,12.29
105,2014,234,942,25.31,26.02,0,0,.333,12.29
105,2014,234,948,25.44,25.96,0,0,.333,12.29
105,2014,234,954,25.57,26.11,0,0,.333,12.29
105,2014,234,1000,25.68,26.25,0,0,.331,12.29
105,2014,234,1006,25.78,26.26,0,0,.331,12.29
105,2014,234,1012,25.88,25.83,0,0,.331,12.29
105,2014,234,1018,25.97,25.61,0,0,.331,12.29
105,2014,234,1024,26.04,26.35,0,0,.331,12.29
105,2014,234,1030,26.11,26.07,0,0,.331,12.29
105,2014,234,1036,26.19,26.07,0,0,.331,12.29
105,2014,234,1042,26.26,27.13,0,0,.331,12.29
105,2014,234,1048,26.35,27.31,0,0,.33,12.29
105,2014,234,1054,26.45,27.58,0,0,.329,12.29
105,2014,234,1100,26.56,27.69,0,0,.329,12.29
105,2014,234,1106,26.67,27.53,0,0,.328,12.29
105,2014,234,1112,26.77,27.42,0,0,.328,12.29
105,2014,234,1118,26.87,27.9,0,0,.328,12.29
105,2014,234,1124,26.97,27.55,0,0,.328,12.29
105,2014,234,1130,27.06,26.8,0,0,.328,12.29
105,2014,234,1136,27.12,26.6,0,0,.328,12.29
105,2014,234,1142,27.16,26.98,0,0,.328,12.29
105,2014,234,1148,27.19,27.06,0,0,.328,12.29
105,2014,234,1154,27.23,26.8,0,0,.328,12.29
105,2014,234,1200,27.25,26.61,0,0,.328,12.29
105,2014,234,1206,27.27,26.93,0,0,.328,12.29
105,2014,234,1212,27.28,26.74,0,0,.327,12.29
105,2014,234,1218,27.3,26.53,0,0,.327,12.29
105,2014,234,1224,27.31,26.69,0,0,.327,12.29
105,2014,234,1230,27.32,26.79,0,0,.325,12.29
105,2014,234,1236,27.33,26.65,0,0,.325,12.29
105,2014,234,1242,27.34,26.65,0,0,.326,12.29
105,2014,234,1248,27.35,26.42,0,0,.325,12.29
105,2014,234,1254,27.36,26.29,0,0,.326,12.29
105,2014,234,1300,27.35,26.08,0,0,.326,12.29
105,2014,234,1306,27.34,26.11,0,0,.325,12.29
105,2014,234,1312,27.33,26.69,0,0,.325,12.29
105,2014,234,1318,27.32,26.79,0,0,.325,12.29
105,2014,234,1324,27.33,26.7,0,0,.325,12.29
105,2014,234,1330,27.34,26.58,0,0,.325,12.29
105,2014,234,1336,27.35,26.02,0,0,.325,12.29
105,2014,234,1342,27.35,26.03,0,0,.325,12.29
105,2014,234,1348,27.35,26.32,0,0,.324,12.29
105,2014,234,1354,27.35,26.48,0,0,.325,12.29
105,2014,234,1400,27.35,25.96,0,0,.325,12.29
105,2014,234,1406,27.35,25.91,0,0,.325,12.29
105,2014,234,1412,27.34,25.94,0,0,.323,12.29
105,2014,234,1418,27.33,25.93,0,0,.322,12.29
105,2014,234,1424,27.32,25.73,0,0,.322,12.29
105,2014,234,1430,27.3,25.8,0,0,.322,12.29
105,2014,234,1436,27.27,26.11,0,0,.322,12.29
105,2014,234,1442,27.26,26.73,0,0,.323,12.29
105,2014,234,1448,27.26,26.72,0,0,.323,12.29
105,2014,234,1454,27.28,26.67,0,0,.321,12.29
105,2014,234,1500,27.3,26.83,0,0,.321,12.29
105,2014,234,1506,27.34,26.9,0,0,.32,12.29
105,2014,234,1512,27.38,26.8,0,0,.32,12.29
105,2014,234,1518,27.42,26.86,0,0,.32,12.29
105,2014,234,1524,27.46,27.1,0,0,.32,12.29
105,2014,234,1530,27.5,27.12,0,0,.32,12.29
105,2014,234,1536,27.54,26.87,0,0,.32,12.29
105,2014,234,1542,27.58,26.76,0,0,.32,12.29
105,2014,234,1548,27.61,27.25,0,0,.32,12.29
105,2014,234,1554,27.65,26.96,0,0,.32,12.29
105,2014,234,1600,27.68,26.97,0,0,.319,12.29
105,2014,234,1606,27.71,26.95,0,0,.319,12.29
105,2014,234,1612,27.73,26.94,0,0,.319,12.29
105,2014,234,1618,27.76,26.74,0,0,.32,12.29
105,2014,234,1624,27.78,26.85,0,0,.319,12.29
105,2014,234,1630,27.8,26.85,0,0,.318,12.29
105,2014,234,1636,27.83,26.95,0,0,.318,12.29
105,2014,234,1642,27.86,27.25,0,0,.317,12.29
105,2014,234,1648,27.89,27.29,0,0,.317,12.29
105,2014,234,1654,27.92,27.4,0,0,.317,12.29
105,2014,234,1700,27.95,27.21,0,0,.317,12.29
105,2014,234,1706,27.97,27.39,0,0,.317,12.29
105,2014,234,1712,27.99,27.4,0,0,.317,12.29
105,2014,234,1718,28.02,27.4,0,0,.317,12.29
105,2014,234,1724,28.03,27.04,0,0,.316,12.29
105,2014,234,1730,28.05,27.44,0,0,.317,12.29
105,2014,234,1736,28.06,27.23,0,0,.316,12.29
105,2014,234,1742,28.06,27.2,0,0,.316,12.29
105,2014,234,1748,28.06,27.17,0,0,.317,12.29
105,2014,234,1754,28.06,26.96,0,0,.316,12.29
105,2014,234,1800,28.05,26.71,0,0,.317,12.29
105,2014,234,1806,28.04,26.95,0,0,.316,12.29
105,2014,234,1812,28.02,26.67,0,0,.314,12.29
105,2014,234,1818,28,26.57,0,0,.314,12.29
105,2014,234,1824,27.98,26.8,0,0,.315,12.29
105,2014,234,1830,27.96,26.64,0,0,.314,12.29
105,2014,234,1836,27.93,26.27,0,0,.314,12.29
105,2014,234,1842,27.9,26.2,0,0,.314,12.29
105,2014,234,1848,27.87,25.98,0,0,.314,12.29
105,2014,234,1854,27.82,25.93,0,0,.314,12.29
105,2014,234,1900,27.78,25.46,0,0,.314,12.29
105,2014,234,1906,27.72,25.55,0,0,.314,12.29
105,2014,234,1912,27.66,25.85,0,0,.314,12.29
105,2014,234,1918,27.61,25.95,0,0,.314,12.29
105,2014,234,1924,27.56,25.81,0,0,.314,12.29
105,2014,234,1930,27.51,25.33,0,0,.314,12.29
105,2014,234,1936,27.46,24.9,0,0,.314,12.29
105,2014,234,1942,27.39,24.75,0,0,.314,12.29
105,2014,234,1948,27.31,24.66,0,0,.314,12.29
105,2014,234,1954,27.22,24.46,0,0,.314,12.29
105,2014,234,2000,27.12,24.36,0,0,.314,12.29
105,2014,234,2006,27.03,24.22,0,0,.314,12.29
105,2014,234,2012,26.93,24.2,0,0,.314,12.29
105,2014,234,2018,26.84,24.33,0,0,.314,12.29
105,2014,234,2024,26.75,24.28,0,0,.314,12.29
105,2014,234,2030,26.66,24.15,0,0,.314,12.29
105,2014,234,2036,26.58,24.35,0,0,.314,12.29
105,2014,234,2042,26.51,24.17,0,0,.314,12.29
105,2014,234,2048,26.44,24.2,0,0,.314,12.29
105,2014,234,2054,26.38,24.13,0,0,.314,12.29
105,2014,234,2100,26.32,24.14,0,0,.313,12.29
105,2014,234,2106,26.26,24.04,0,0,.312,12.29
105,2014,234,2112,26.21,24.14,0,0,.312,12.29
105,2014,234,2118,26.16,23.99,0,0,.312,12.29
105,2014,234,2124,26.11,24.04,0,0,.312,12.29
105,2014,234,2130,26.07,23.88,0,0,.312,12.29
105,2014,234,2136,26.02,23.98,0,0,.313,12.29
105,2014,234,2142,25.97,23.86,0,0,.313,12.29
105,2014,234,2148,25.93,23.83,0,0,.312,12.29
105,2014,234,2154,25.88,23.77,0,0,.312,12.29
105,2014,234,2200,25.84,23.71,0,0,.312,12.29
105,2014,234,2206,25.79,23.67,0,0,.311,12.29
105,2014,234,2212,25.75,23.78,0,0,.311,12.29
105,2014,234,2218,25.7,23.69,0,0,.31,12.29
105,2014,234,2224,25.66,23.63,0,0,.31,12.29
105,2014,234,2230,25.62,23.65,0,0,.311,12.29
105,2014,234,2236,25.58,23.5,0,0,.311,12.29
105,2014,234,2242,25.53,23.38,0,0,.31,12.29
105,2014,234,2248,25.49,23.34,0,0,.31,12.29
105,2014,234,2254,25.44,23.36,0,0,.31,12.29
105,2014,234,2300,25.4,23.3,0,0,.31,12.29
105,2014,234,2306,25.35,23.17,0,0,.31,12.29
105,2014,234,2312,25.3,23.18,0,0,.31,12.29
105,2014,234,2318,25.25,23.1,0,0,.31,12.29
105,2014,234,2324,25.2,23.07,0,0,.31,12.29
105,2014,234,2330,25.15,23.03,0,0,.31,12.29
105,2014,234,2336,25.1,23.08,0,0,.31,12.29
105,2014,234,2342,25.05,22.97,0,0,.31,12.29
105,2014,234,2348,25.01,22.85,0,0,.309,12.29
105,2014,234,2354,24.96,22.88,0,0,.309,12.29
105,2014,235,0,24.91,22.83,0,0,.309,12.29
105,2014,235,6,24.87,22.73,0,0,.309,12.29
105,2014,235,12,24.82,22.63,0,0,.309,12.3
105,2014,235,18,24.77,22.58,0,0,.309,12.3
105,2014,235,24,24.72,22.52,0,0,.308,12.3
105,2014,235,30,24.68,22.49,0,0,.309,12.3
105,2014,235,36,24.63,22.53,0,0,.309,12.3
105,2014,235,42,24.59,22.5,0,0,.309,12.3
105,2014,235,48,24.54,22.5,0,0,.309,12.3
105,2014,235,54,24.49,22.41,0,0,.309,12.3
105,2014,235,100,24.44,22.38,0,0,.309,12.3
105,2014,235,106,24.4,22.27,0,0,.309,12.3
105,2014,235,112,24.35,22.22,0,0,.309,12.3
105,2014,235,118,24.3,22.25,0,0,.308,12.3
105,2014,235,124,24.25,22.16,0,0,.309,12.29
105,2014,235,130,24.2,22.16,0,0,.309,12.29
105,2014,235,136,24.16,22.04,0,0,.309,12.29
105,2014,235,142,24.11,22.09,0,0,.309,12.29
105,2014,235,148,24.07,21.99,0,0,.309,12.29
105,2014,235,154,24.02,21.98,0,0,.309,12.29
105,2014,235,200,23.97,21.98,0,0,.308,12.29
105,2014,235,206,23.93,22.08,0,0,.309,12.3
105,2014,235,212,23.89,22.01,0,0,.309,12.3
105,2014,235,218,23.86,21.95,0,0,.309,12.3
105,2014,235,224,23.83,21.9,0,0,.309,12.3
105,2014,235,230,23.8,21.89,0,0,.309,12.3
105,2014,235,236,23.77,21.88,0,0,.309,12.3
105,2014,235,242,23.74,21.79,0,0,.308,12.3
105,2014,235,248,23.71,21.86,0,0,.309,12.3
105,2014,235,254,23.68,21.88,0,0,.309,12.3
105,2014,235,300,23.65,21.72,0,0,.307,12.3
105,2014,235,306,23.62,21.64,0,0,.307,12.3
105,2014,235,312,23.59,21.72,0,0,.308,12.3
105,2014,235,318,23.56,21.84,0,0,.307,12.29
105,2014,235,324,23.53,21.69,0,0,.307,12.29
105,2014,235,330,23.51,21.95,0,0,.307,12.29
105,2014,235,336,23.49,21.83,0,0,.307,12.29
105,2014,235,342,23.47,21.7,0,0,.307,12.29
105,2014,235,348,23.45,21.72,0,0,.307,12.29
105,2014,235,354,23.43,21.59,0,0,.307,12.29
105,2014,235,400,23.41,21.58,0,0,.307,12.29
105,2014,235,406,23.38,21.65,0,0,.308,12.29
105,2014,235,412,23.36,21.57,0,0,.308,12.29
105,2014,235,418,23.33,21.7,0,0,.308,12.3
105,2014,235,424,23.31,21.51,0,0,.308,12.29
105,2014,235,430,23.29,21.46,0,0,.307,12.3
105,2014,235,436,23.27,21.47,0,0,.307,12.29
105,2014,235,442,23.25,21.41,0,0,.307,12.3
105,2014,235,448,23.22,21.37,0,0,.307,12.3
105,2014,235,454,23.2,21.32,0,0,.307,12.3
105,2014,235,500,23.18,21.45,0,0,.307,12.3
105,2014,235,506,23.15,21.38,0,0,.306,12.3
105,2014,235,512,23.13,21.33,0,0,.306,12.3
105,2014,235,518,23.1,21.34,0,0,.306,12.3
105,2014,235,524,23.08,21.29,0,0,.306,12.3
105,2014,235,530,23.06,21.31,0,0,.306,12.3
105,2014,235,536,23.04,21.3,0,0,.306,12.3
105,2014,235,542,23.02,21.11,0,0,.305,12.3
105,2014,235,548,22.99,21.12,0,0,.306,12.3
105,2014,235,554,22.97,21.09,0,0,.306,12.3
105,2014,235,600,22.93,20.92,0,0,.306,12.3
105,2014,235,606,22.9,20.75,0,0,.305,12.3
105,2014,235,612,22.85,20.82,0,0,.306,12.3
105,2014,235,618,22.81,20.82,0,0,.306,12.3
105,2014,235,624,22.77,20.89,0,0,.306,12.3
105,2014,235,630,22.73,21.01,0,0,.306,12.3
105,2014,235,636,22.69,21,0,0,.306,12.3
105,2014,235,642,22.67,20.97,0,0,.306,12.3
105,2014,235,648,22.64,21.03,0,0,.306,12.3
105,2014,235,654,22.63,21.14,0,0,.306,12.3
105,2014,235,700,22.61,21.22,0,0,.306,12.3
105,2014,235,706,22.61,21.32,0,0,.306,12.3
105,2014,235,712,22.6,21.57,0,0,.306,12.3
105,2014,235,718,22.61,21.87,0,0,.306,12.3
105,2014,235,724,22.62,21.92,0,0,.307,12.3
105,2014,235,730,22.64,21.94,0,0,.308,12.3
105,2014,235,736,22.67,21.83,0,0,.308,12.3
105,2014,235,742,22.69,22.24,0,0,.309,12.29
105,2014,235,748,22.72,22.76,0,0,.309,12.3
105,2014,235,754,22.77,22.91,0,0,.309,12.29
105,2014,235,800,22.83,23.2,0,0,.31,12.29
105,2014,235,806,22.91,23.43,0,0,.311,12.29
105,2014,235,812,23,23.59,0,0,.311,12.29
105,2014,235,818,23.09,23.22,0,0,.312,12.29
105,2014,235,824,23.19,23.37,0,0,.312,12.29
105,2014,235,830,23.28,24.51,0,0,.312,12.29
105,2014,235,836,23.38,24.98,0,0,.312,12.29
105,2014,235,842,23.51,24.03,0,0,.314,12.29
105,2014,235,848,23.63,23.74,0,0,.314,12.29
105,2014,235,854,23.73,23.67,0,0,.315,12.29
105,2014,235,900,23.82,23.46,0,0,.316,12.29
105,2014,235,906,23.88,23.24,0,0,.316,12.29
105,2014,235,912,23.93,23.25,0,0,.316,12.29
105,2014,235,918,23.96,23.33,0,0,.316,12.29
105,2014,235,924,23.98,23.41,0,0,.316,12.29
105,2014,235,930,24,23.75,0,0,.316,12.29
105,2014,235,936,24.04,24.54,0,0,.316,12.29
105,2014,235,942,24.09,24.4,0,0,.316,12.29
105,2014,235,948,24.16,24.04,0,0,.315,12.29
105,2014,235,954,24.22,23.63,0,0,.316,12.29
105,2014,235,1000,24.27,23.81,0,0,.316,12.29
105,2014,235,1006,24.31,23.75,0,0,.316,12.29
105,2014,235,1012,24.35,23.82,0,0,.316,12.29
105,2014,235,1018,24.38,23.69,0,0,.315,12.29
105,2014,235,1024,24.41,23.87,0,0,.315,12.29
105,2014,235,1030,24.44,23.79,0,0,.315,12.29
105,2014,235,1036,24.47,24,0,0,.315,12.29
105,2014,235,1042,24.49,23.54,0,0,.315,12.29
105,2014,235,1048,24.51,23.37,0,0,.315,12.29
105,2014,235,1054,24.51,23.28,0,0,.315,12.29
105,2014,235,1100,24.51,23.69,0,0,.315,12.29
105,2014,235,1106,24.51,24.03,0,0,.315,12.29
105,2014,235,1112,24.53,24.05,0,0,.315,12.29
105,2014,235,1118,24.55,23.84,0,0,.315,12.29
105,2014,235,1124,24.57,24.29,0,0,.315,12.29
105,2014,235,1130,24.61,25.28,0,0,.315,12.29
105,2014,235,1136,24.67,25.96,0,0,.315,12.29
105,2014,235,1142,24.76,25.48,0,0,.315,12.29
105,2014,235,1148,24.87,25.35,0,0,.315,12.29
105,2014,235,1154,24.98,25.36,0,0,.315,12.29
105,2014,235,1200,25.07,25.2,0,0,.315,12.29
105,2014,235,1206,25.16,25.72,0,0,.315,12.29
105,2014,235,1212,25.25,26.21,0,0,.314,12.29
105,2014,235,1218,25.36,26.21,0,0,.315,12.29
105,2014,235,1224,25.46,26.38,0,0,.315,12.29
105,2014,235,1230,25.57,25.82,0,0,.314,12.29
105,2014,235,1236,25.65,25.27,0,0,.315,12.29
105,2014,235,1242,25.71,24.93,0,0,.315,12.29
105,2014,235,1248,25.75,24.77,0,0,.315,12.29
105,2014,235,1254,25.76,25.22,0,0,.315,12.29
105,2014,235,1300,25.77,25.42,0,0,.315,12.29
105,2014,235,1306,25.79,25.06,0,0,.315,12.29
105,2014,235,1312,25.81,25.02,0,0,.315,12.29
105,2014,235,1318,25.82,25.25,0,0,.315,12.29
105,2014,235,1324,25.84,25.01,0,0,.315,12.29
105,2014,235,1330,25.85,25.1,0,0,.315,12.29
105,2014,235,1336,25.85,24.72,0,0,.315,12.29
105,2014,235,1342,25.86,24.78,0,0,.315,12.29
105,2014,235,1348,25.85,24.68,0,0,.315,12.29
105,2014,235,1354,25.85,24.61,0,0,.315,12.29
105,2014,235,1400,25.84,24.59,0,0,.315,12.29
105,2014,235,1406,25.82,24.8,0,0,.315,12.29
105,2014,235,1412,25.82,24.71,0,0,.315,12.29
105,2014,235,1418,25.8,24.15,0,0,.314,12.29
105,2014,235,1424,25.79,24.15,0,0,.315,12.29
105,2014,235,1430,25.77,23.83,0,0,.315,12.29
105,2014,235,1436,25.73,23.68,0,0,.315,12.29
105,2014,235,1442,25.68,23.94,0,0,.315,12.29
105,2014,235,1448,25.63,23.92,0,0,.315,12.29
105,2014,235,1454,25.59,23.27,0,0,.315,12.29
105,2014,235,1500,25.53,23.01,0,0,.315,12.29
105,2014,235,1506,25.46,23.19,0,0,.315,12.29
105,2014,235,1512,25.39,23,0,0,.315,12.29
105,2014,235,1518,25.31,23.03,0,0,.315,12.29
105,2014,235,1524,25.23,22.68,0,0,.315,12.29
105,2014,235,1530,25.15,22.9,0,0,.314,12.29
105,2014,235,1536,25.07,23,0,0,.315,12.29
105,2014,235,1542,24.99,23.29,0,0,.315,12.29
105,2014,235,1548,24.93,23.16,0,0,.318,12.29
105,2014,235,1554,24.88,22.78,0,0,.327,12.29
105,2014,235,1600,24.82,22.55,0,0,.339,12.3
105,2014,235,1606,24.76,22.22,0,0,.356,12.3
105,2014,235,1612,24.68,22.08,0,0,.384,12.3
105,2014,235,1618,24.6,22.14,0,0,.412,12.3
105,2014,235,1624,24.51,22.04,0,0,.441,12.3
105,2014,235,1630,24.43,22.29,0,0,.477,12.3
105,2014,235,1636,24.34,22.19,0,0,.502,12.3
105,2014,235,1642,24.27,22.29,0,0,.534,12.29
105,2014,235,1648,24.21,22.16,0,0,.564,12.29
105,2014,235,1654,24.15,22.11,0,0,.595,12.29
105,2014,235,1700,24.1,22.01,0,0,.624,12.29
105,2014,235,1706,24.04,22.29,0,0,.654,12.29
105,2014,235,1712,23.99,21.93,0,0,.675,12.3
105,2014,235,1718,23.94,21.67,0,0,.693,12.3
105,2014,235,1724,23.88,21.79,0,0,.71,12.3
105,2014,235,1730,23.82,21.64,0,0,.723,12.3
105,2014,235,1736,23.76,21.49,0,0,.731,12.3
105,2014,235,1742,23.69,21.04,0,0,.735,12.3
105,2014,235,1748,23.61,20.97,0,0,.737,12.3
105,2014,235,1754,23.52,20.97,0,0,.738,12.3
105,2014,235,1800,23.43,20.96,0,0,.737,12.3
105,2014,235,1806,23.35,21.06,0,0,.739,12.3
105,2014,235,1812,23.28,21.37,0,0,.736,12.3
105,2014,235,1818,23.23,21.59,0,0,.727,12.3
105,2014,235,1824,23.19,21.61,0,0,.717,12.3
105,2014,235,1830,23.16,21.54,0,0,.708,12.3
105,2014,235,1836,23.13,21.45,0,0,.701,12.3
105,2014,235,1842,23.1,21.35,0,0,.69,12.3
105,2014,235,1848,23.08,21.14,0,0,.681,12.3
105,2014,235,1854,23.04,21.15,0,0,.672,12.3
105,2014,235,1900,23,21.03,0,0,.663,12.3
105,2014,235,1906,22.96,21.11,0,0,.653,12.3
105,2014,235,1912,22.92,21.12,0,0,.644,12.3
105,2014,235,1918,22.88,21.16,0,0,.635,12.3
105,2014,235,1924,22.84,21.08,0,0,.626,12.3
105,2014,235,1930,22.81,21.1,0,0,.617,12.3
105,2014,235,1936,22.78,21.18,0,0,.61,12.3
105,2014,235,1942,22.76,21.18,0,0,.602,12.3
105,2014,235,1948,22.73,21.08,0,0,.595,12.3
105,2014,235,1954,22.71,21.18,0,0,.588,12.3
105,2014,235,2000,22.69,21.18,0,0,.582,12.3
105,2014,235,2006,22.67,21.18,0,0,.576,12.3
105,2014,235,2012,22.65,21.14,0,0,.569,12.3
105,2014,235,2018,22.63,21.16,0,0,.564,12.3
105,2014,235,2024,22.62,21.15,0,0,.559,12.3
105,2014,235,2030,22.61,21.13,0,0,.553,12.3
105,2014,235,2036,22.6,21.23,0,0,.548,12.3
105,2014,235,2042,22.58,21.19,0,0,.542,12.3
105,2014,235,2048,22.58,21.19,0,0,.539,12.3
105,2014,235,2054,22.57,21.12,0,0,.535,12.3
105,2014,235,2100,22.56,21.13,0,0,.531,12.3
105,2014,235,2106,22.54,21.01,0,0,.526,12.3
105,2014,235,2112,22.52,21.14,0,0,.519,12.3
105,2014,235,2118,22.51,21.05,0,0,.517,12.3
105,2014,235,2124,22.49,21.07,0,0,.516,12.3
105,2014,235,2130,22.48,21.18,0,0,.511,12.3
105,2014,235,2136,22.47,21.06,0,0,.507,12.3
105,2014,235,2142,22.46,21.14,0,0,.503,12.3
105,2014,235,2148,22.45,21.07,0,0,.501,12.3
105,2014,235,2154,22.44,21,0,0,.497,12.3
105,2014,235,2200,22.43,21.18,0,0,.495,12.3
105,2014,235,2206,22.42,21.09,0,0,.49,12.3
105,2014,235,2212,22.41,21,0,0,.487,12.3
105,2014,235,2218,22.41,21.05,0,0,.485,12.3
105,2014,235,2224,22.4,21.03,0,0,.483,12.3
105,2014,235,2230,22.4,21.08,0,0,.48,12.3
105,2014,235,2236,22.4,21.08,0,0,.478,12.3
105,2014,235,2242,22.4,21.07,0,0,.475,12.3
105,2014,235,2248,22.4,21.05,0,0,.473,12.3
105,2014,235,2254,22.4,21.09,0,0,.47,12.3
105,2014,235,2300,22.39,21.02,0,0,.468,12.3
105,2014,235,2306,22.39,20.99,0,0,.466,12.3
105,2014,235,2312,22.39,21,0,0,.464,12.3
105,2014,235,2318,22.39,21.01,0,0,.462,12.3
105,2014,235,2324,22.39,21.01,0,0,.461,12.3
105,2014,235,2330,22.38,20.86,0,0,.458,12.3
105,2014,235,2336,22.37,20.79,0,0,.457,12.3
105,2014,235,2342,22.35,20.71,0,0,.455,12.3
105,2014,235,2348,22.34,20.79,0,0,.453,12.3
105,2014,235,2354,22.32,20.67,0,0,.452,12.3
105,2014,236,0,22.31,20.7,0,0,.45,12.3
105,2014,236,6,22.29,20.73,0,0,.449,12.3
105,2014,236,12,22.27,20.73,0,0,.448,12.3
105,2014,236,18,22.25,20.64,0,0,.446,12.3
105,2014,236,24,22.24,20.65,0,0,.444,12.3
105,2014,236,30,22.22,20.56,0,0,.443,12.3
105,2014,236,36,22.21,20.48,0,0,.441,12.3
105,2014,236,42,22.19,20.52,0,0,.44,12.3
105,2014,236,48,22.16,20.46,0,0,.438,12.3
105,2014,236,54,22.14,20.53,0,0,.436,12.3
105,2014,236,100,22.12,20.54,0,0,.435,12.3
105,2014,236,106,22.1,20.51,0,0,.435,12.3
105,2014,236,112,22.09,20.5,0,0,.432,12.3
105,2014,236,118,22.08,20.62,0,0,.432,12.3
105,2014,236,124,22.07,20.63,0,0,.431,12.3
105,2014,236,130,22.07,20.58,0,0,.43,12.3
105,2014,236,136,22.06,20.61,0,0,.429,12.3
105,2014,236,142,22.05,20.63,0,0,.428,12.3
105,2014,236,148,22.05,20.64,0,0,.426,12.3
105,2014,236,154,22.05,20.59,0,0,.425,12.3
105,2014,236,200,22.05,20.61,0,0,.425,12.3
105,2014,236,206,22.05,20.56,0,0,.425,12.3
105,2014,236,212,22.05,20.64,0,0,.425,12.3
105,2014,236,218,22.05,20.64,0,0,.425,12.3
105,2014,236,224,22.04,20.57,0,0,.425,12.3
105,2014,236,230,22.04,20.64,0,0,.425,12.3
105,2014,236,236,22.04,20.56,0,0,.426,12.3
105,2014,236,242,22.04,20.64,0,0,.431,12.3
105,2014,236,248,22.04,20.59,0,0,.438,12.3
105,2014,236,254,22.04,20.64,0,0,.448,12.3
105,2014,236,300,22.04,20.7,0,0,.462,12.3
105,2014,236,306,22.05,20.51,0,0,.48,12.3
105,2014,236,312,22.05,20.65,0,0,.505,12.3
105,2014,236,318,22.05,20.78,0,0,.538,12.3
105,2014,236,324,22.05,20.56,0,0,.568,12.3
105,2014,236,330,22.05,20.68,0,0,.605,12.3
105,2014,236,336,22.05,20.65,0,0,.649,12.3
105,2014,236,342,22.05,20.58,0,0,.691,12.3
105,2014,236,348,22.05,20.53,0,0,.738,12.3
105,2014,236,354,22.04,20.58,0,0,.785,12.3
105,2014,236,400,22.03,20.62,0,0,.832,12.3
105,2014,236,406,22.01,20.49,0,0,.879,12.3
105,2014,236,412,22,20.32,0,0,.921,12.3
105,2014,236,418,22.02,20.52,0,0,.958,12.3
105,2014,236,424,22.15,20.44,0,0,.985,12.3
105,2014,236,430,22.37,20.35,0,0,1.004,12.3
105,2014,236,436,22.65,20.4,0,0,1.016,12.3
105,2014,236,442,22.97,20.51,0,0,1.024,12.3
105,2014,236,448,23.31,20.54,0,0,1.031,12.3
105,2014,236,454,23.66,20.42,0,0,1.036,12.3
105,2014,236,500,24.01,20.51,0,0,1.042,12.3
105,2014,236,506,24.36,20.26,0,0,1.048,12.3
105,2014,236,512,24.7,20.32,0,0,1.054,12.3
105,2014,236,518,25.02,20.26,0,0,1.06,12.3
105,2014,236,524,25.32,20.21,0,0,1.068,12.3
105,2014,236,530,25.6,20.09,0,0,1.076,12.3
105,2014,236,536,25.86,19.5,0,0,1.077,12.29
105,2014,236,542,26.1,19.13,0,0,1.077,12.29
105,2014,236,548,26.31,19.03,0,0,1.076,12.29
105,2014,236,554,26.5,18.98,0,0,1.074,12.29
105,2014,236,600,26.67,19.07,0,0,1.064,12.29
105,2014,236,606,26.83,19.1,0,0,1.05,12.3
105,2014,236,612,26.95,19.01,0,0,1.034,12.3
105,2014,236,618,27.07,18.75,0,0,1.019,12.3
105,2014,236,624,27.19,18.82,0,0,1.002,12.3
105,2014,236,630,27.29,18.78,0,0,.985,12.29
105,2014,236,636,27.38,18.9,0,0,.971,12.29
105,2014,236,642,27.46,18.83,0,0,.956,12.29
105,2014,236,648,27.53,18.77,0,0,.944,12.29
105,2014,236,654,27.61,18.73,0,0,.931,12.3
105,2014,236,700,27.67,18.81,0,0,.919,12.3
105,2014,236,706,27.74,19.33,0,0,.908,12.3
105,2014,236,712,27.81,19.91,0,0,.894,12.29
105,2014,236,718,27.89,20.45,0,0,.881,12.29
105,2014,236,724,27.98,20.7,0,0,.868,12.29
105,2014,236,730,28.08,21.22,0,0,.856,12.29
105,2014,236,736,28.19,21.62,0,0,.845,12.29
105,2014,236,742,28.31,22.04,0,0,.832,12.29
105,2014,236,748,28.45,22.14,0,0,.82,12.29
105,2014,236,754,28.59,22.43,0,0,.809,12.29
105,2014,236,800,28.74,22.8,0,0,.797,12.29
105,2014,236,806,28.89,22.91,0,0,.785,12.29
105,2014,236,812,29.04,23.02,0,0,.773,12.29
105,2014,236,818,29.2,23.31,0,0,.763,12.29
105,2014,236,824,29.35,23.35,0,0,.752,12.29
105,2014,236,830,29.51,23.99,0,0,.742,12.29
105,2014,236,836,29.68,24.13,0,0,.733,12.29
105,2014,236,842,29.85,24.23,0,0,.722,12.29
105,2014,236,848,30.03,24.65,0,0,.712,12.29
105,2014,236,854,30.21,24.24,0,0,.702,12.29
105,2014,236,900,30.39,24.22,0,0,.692,12.29
105,2014,236,906,30.56,24.56,0,0,.683,12.29
105,2014,236,912,30.73,24.97,0,0,.674,12.29
105,2014,236,918,30.9,25.13,0,0,.665,12.29
105,2014,236,924,31.08,25.5,0,0,.657,12.29
105,2014,236,930,31.27,24.98,0,0,.648,12.29
105,2014,236,936,31.47,25.67,0,0,.639,12.29
105,2014,236,942,31.66,25.96,0,0,.631,12.29
105,2014,236,948,31.88,25.39,0,0,.622,12.29
105,2014,236,954,32.09,25.7,0,0,.615,12.29
105,2014,236,1000,32.28,26.3,0,0,.607,12.29
105,2014,236,1006,32.44,25.38,0,0,.601,12.29
105,2014,236,1012,32.63,26.87,0,0,.594,12.29
105,2014,236,1018,32.81,25.43,0,0,.588,12.29
105,2014,236,1024,32.98,25.7,0,0,.582,12.29
105,2014,236,1030,33.16,25.86,0,0,.575,12.29
105,2014,236,1036,33.33,26.19,0,0,.57,12.29
105,2014,236,1042,33.49,27.04,0,0,.565,12.29
105,2014,236,1048,33.64,27.9,0,0,.559,12.29
105,2014,236,1054,33.8,28.05,0,0,.554,12.29
105,2014,236,1100,33.99,28.25,0,0,.549,12.29
105,2014,236,1106,34.18,27.8,0,0,.544,12.29
105,2014,236,1112,34.4,28.26,0,0,.54,12.29
105,2014,236,1118,34.61,27.94,0,0,.536,12.29
105,2014,236,1124,34.79,28.59,0,0,.532,12.29
105,2014,236,1130,34.98,28.79,0,0,.528,12.29
105,2014,236,1136,35.16,28.19,0,0,.524,12.29
105,2014,236,1142,35.34,29.3,0,0,.519,12.29
105,2014,236,1148,35.53,29.57,0,0,.517,12.29
105,2014,236,1154,35.72,28.76,0,0,.513,12.29
105,2014,236,1200,35.9,29,0,0,.509,12.29
105,2014,236,1206,36.07,29.65,0,0,.506,12.29
105,2014,236,1212,36.25,29.29,0,0,.503,12.28
105,2014,236,1218,36.42,30,0,0,.5,12.28
105,2014,236,1224,36.57,29.01,0,0,.497,12.28
105,2014,236,1230,36.73,29.48,0,0,.494,12.28
105,2014,236,1236,36.88,29.52,0,0,.491,12.29
105,2014,236,1242,37.01,29.72,0,0,.486,12.29
105,2014,236,1248,37.13,29.3,0,0,.485,12.28
105,2014,236,1254,37.26,30.16,0,0,.482,12.28
105,2014,236,1300,37.38,29.83,0,0,.479,12.29
105,2014,236,1306,37.5,29.94,0,0,.476,12.28
105,2014,236,1312,37.62,30.05,0,0,.474,12.28
105,2014,236,1318,37.75,30.14,0,0,.473,12.28
105,2014,236,1324,37.88,30.09,0,0,.47,12.29
105,2014,236,1330,37.99,30.63,0,0,.468,12.29
105,2014,236,1336,38.11,31.13,0,0,.467,12.28
105,2014,236,1342,38.24,30.53,0,0,.466,12.28
105,2014,236,1348,38.38,29.31,0,0,.465,12.28
105,2014,236,1354,38.5,30.47,0,0,.463,12.28
105,2014,236,1400,38.58,30.28,0,0,.464,12.28
105,2014,236,1406,38.67,30.71,0,0,.465,12.28
105,2014,236,1412,38.75,29.92,0,0,.465,12.28
105,2014,236,1418,38.83,30.02,0,0,.464,12.28
105,2014,236,1424,38.87,29.69,0,0,.464,12.28
105,2014,236,1430,38.9,30.43,0,0,.464,12.28
105,2014,236,1436,38.91,30.23,0,0,.464,12.28
105,2014,236,1442,38.93,30.08,0,0,.465,12.28
105,2014,236,1448,38.95,30.64,0,0,.469,12.28
105,2014,236,1454,38.98,30.2,0,0,.474,12.28
105,2014,236,1500,39,30.04,0,0,.482,12.28
105,2014,236,1506,39.02,30.23,0,0,.49,12.28
105,2014,236,1512,39.03,29.75,0,0,.502,12.28
105,2014,236,1518,39.05,30.08,0,0,.516,12.28
105,2014,236,1524,39.06,30.18,0,0,.532,12.28
105,2014,236,1530,39.07,30.2,0,0,.55,12.28
105,2014,236,1536,39.09,29.88,0,0,.568,12.28
105,2014,236,1542,39.09,29.44,0,0,.586,12.28
105,2014,236,1548,39.09,29.35,0,0,.607,12.28
105,2014,236,1554,39.07,29.17,0,0,.629,12.28
105,2014,236,1600,39.05,29,0,0,.651,12.28
105,2014,236,1606,39.03,28.74,0,0,.669,12.28
105,2014,236,1612,39.03,28.01,0,0,.689,12.28
105,2014,236,1618,39,26.57,0,0,.707,12.29
105,2014,236,1624,38.95,26.52,0,0,.728,12.29
105,2014,236,1630,38.88,26.6,0,0,.746,12.29
105,2014,236,1636,38.81,25.71,0,0,.764,12.29
105,2014,236,1642,38.68,25.52,0,0,.78,12.29
105,2014,236,1648,38.54,25.59,0,0,.795,12.29
105,2014,236,1654,38.39,25.33,0,0,.807,12.29
105,2014,236,1700,38.21,25.43,0,0,.816,12.29
105,2014,236,1706,38.02,25.12,0,0,.818,12.29
105,2014,236,1712,37.83,25.22,0,0,.82,12.29
105,2014,236,1718,37.63,24.74,0,0,.819,12.29
105,2014,236,1724,37.4,24.85,0,0,.817,12.29
105,2014,236,1730,37.16,24.68,0,0,.813,12.29
105,2014,236,1736,36.94,24.55,0,0,.805,12.29
105,2014,236,1742,36.73,24.49,0,0,.797,12.29
105,2014,236,1748,36.54,24.43,0,0,.788,12.29
105,2014,236,1754,36.35,24.4,0,0,.78,12.29
105,2014,236,1800,36.17,24.32,0,0,.77,12.29
105,2014,236,1806,36.01,24.26,0,0,.762,12.29
105,2014,236,1812,35.86,24.15,0,0,.754,12.29
105,2014,236,1818,35.71,24.07,0,0,.746,12.29
105,2014,236,1824,35.57,23.97,0,0,.736,12.29
105,2014,236,1830,35.43,23.67,0,0,.729,12.29
105,2014,236,1836,35.3,23.3,0,0,.72,12.29
105,2014,236,1842,35.17,23.6,0,0,.711,12.29
105,2014,236,1848,35.03,23.19,0,0,.703,12.29
105,2014,236,1854,34.9,22.56,0,0,.695,12.29
105,2014,236,1900,34.78,22.11,0,0,.686,12.29
105,2014,236,1906,34.65,22.12,0,0,.677,12.29
105,2014,236,1912,34.52,22.28,0,0,.671,12.29
105,2014,236,1918,34.4,21.94,0,0,.662,12.29
105,2014,236,1924,34.27,21.88,0,0,.654,12.29
105,2014,236,1930,34.14,21.83,0,0,.646,12.29
105,2014,236,1936,34.02,21.66,0,0,.638,12.29
105,2014,236,1942,33.89,21.5,0,0,.631,12.29
105,2014,236,1948,33.78,21.25,0,0,.623,12.29
105,2014,236,1954,33.66,20.95,0,0,.614,12.29
105,2014,236,2000,33.53,20.54,0,0,.608,12.29
105,2014,236,2006,33.4,20.84,0,0,.602,12.29
105,2014,236,2012,33.28,20.86,0,0,.596,12.29
105,2014,236,2018,33.15,20.77,0,0,.59,12.29
105,2014,236,2024,33.01,20.35,0,0,.583,12.29
105,2014,236,2030,32.87,20.24,0,0,.577,12.29
105,2014,236,2036,32.72,20.02,0,0,.572,12.29
105,2014,236,2042,32.6,20.1,0,0,.567,12.29
105,2014,236,2048,32.46,20,0,0,.561,12.29
105,2014,236,2054,32.33,19.75,0,0,.556,12.29
105,2014,236,2100,32.2,19.73,0,0,.552,12.29
105,2014,236,2106,32.08,19.75,0,0,.548,12.29
105,2014,236,2112,31.96,19.83,0,0,.542,12.29
105,2014,236,2118,31.85,19.85,0,0,.539,12.29
105,2014,236,2124,31.74,19.67,0,0,.534,12.29
105,2014,236,2130,31.63,19.83,0,0,.53,12.29
105,2014,236,2136,31.54,20.03,0,0,.527,12.29
105,2014,236,2142,31.46,19.9,0,0,.523,12.29
105,2014,236,2148,31.38,19.49,0,0,.519,12.29
105,2014,236,2154,31.31,19.2,0,0,.516,12.29
105,2014,236,2200,31.24,19.07,0,0,.513,12.29
105,2014,236,2206,31.16,19.57,0,0,.509,12.29
105,2014,236,2212,31.08,19.12,0,0,.506,12.29
105,2014,236,2218,31.01,19.28,0,0,.503,12.29
105,2014,236,2224,30.92,20.04,0,0,.5,12.29
105,2014,236,2230,30.84,20.41,0,0,.497,12.29
105,2014,236,2236,30.76,20.52,0,0,.495,12.29
105,2014,236,2242,30.69,20.46,0,0,.491,12.29
105,2014,236,2248,30.63,20.72,0,0,.489,12.29
105,2014,236,2254,30.59,20.51,0,0,.486,12.29
105,2014,236,2300,30.55,20.36,0,0,.484,12.29
105,2014,236,2306,30.54,20.52,0,0,.482,12.29
105,2014,236,2312,30.53,20.49,0,0,.479,12.29
105,2014,236,2318,30.52,20.79,0,0,.477,12.29
105,2014,236,2324,30.53,20.85,0,0,.474,12.29
105,2014,236,2330,30.54,20.87,0,0,.472,12.29
105,2014,236,2336,30.56,20.67,0,0,.471,12.29
105,2014,236,2342,30.58,20.24,0,0,.468,12.29
105,2014,236,2348,30.61,20.3,0,0,.466,12.29
105,2014,236,2354,30.62,20.14,0,0,.464,12.29
105,2014,237,0,30.64,19.92,0,0,.463,12.29
105,2014,237,6,30.65,19.96,0,0,.461,12.29
105,2014,237,12,30.65,19.6,0,0,.46,12.29
105,2014,237,18,30.65,19.37,0,0,.458,12.29
105,2014,237,24,30.64,19.29,0,0,.456,12.29
105,2014,237,30,30.62,19.14,0,0,.455,12.29
105,2014,237,36,30.59,19.09,0,0,.454,12.29
105,2014,237,42,30.56,18.98,0,0,.452,12.29
105,2014,237,48,30.52,18.83,0,0,.45,12.29
105,2014,237,54,30.48,18.89,0,0,.449,12.29
105,2014,237,100,30.44,18.87,0,0,.449,12.29
105,2014,237,106,30.4,18.82,0,0,.446,12.29
105,2014,237,112,30.36,18.72,0,0,.446,12.29
105,2014,237,118,30.33,18.57,0,0,.444,12.29
105,2014,237,124,30.28,18.61,0,0,.442,12.29
105,2014,237,130,30.24,18.6,0,0,.44,12.29
105,2014,237,136,30.21,18.52,0,0,.44,12.29
105,2014,237,142,30.17,18.66,0,0,.438,12.29
105,2014,237,148,30.14,18.56,0,0,.437,12.29
105,2014,237,154,30.12,18.53,0,0,.435,12.29
105,2014,237,200,30.09,18.5,0,0,.435,12.29
105,2014,237,206,30.06,18.33,0,0,.434,12.29
105,2014,237,212,30.04,18.24,0,0,.433,12.29
105,2014,237,218,30.01,18.03,0,0,.433,12.3
105,2014,237,224,29.98,17.88,0,0,.431,12.3
105,2014,237,230,29.94,17.94,0,0,.43,12.3
105,2014,237,236,29.89,17.83,0,0,.43,12.3
105,2014,237,242,29.83,17.85,0,0,.431,12.29
105,2014,237,248,29.77,17.73,0,0,.431,12.29
105,2014,237,254,29.71,17.74,0,0,.43,12.29
105,2014,237,300,29.64,17.73,0,0,.43,12.29
105,2014,237,306,29.57,17.72,0,0,.43,12.29
105,2014,237,312,29.51,17.64,0,0,.43,12.29
105,2014,237,318,29.44,17.44,0,0,.436,12.29
105,2014,237,324,29.38,17.34,0,0,.447,12.3
105,2014,237,330,29.33,17.3,0,0,.461,12.3
105,2014,237,336,29.28,17.29,0,0,.483,12.3
105,2014,237,342,29.22,17.48,0,0,.509,12.3
105,2014,237,348,29.16,17.34,0,0,.539,12.3
105,2014,237,354,29.1,17.31,0,0,.57,12.29
105,2014,237,400,29.03,17.16,0,0,.604,12.29
105,2014,237,406,28.98,17.04,0,0,.64,12.3
105,2014,237,412,28.92,17.07,0,0,.677,12.29
105,2014,237,418,28.86,17.06,0,0,.715,12.3
105,2014,237,424,28.8,16.98,0,0,.756,12.3
105,2014,237,430,28.75,16.93,0,0,.799,12.3
105,2014,237,436,28.7,16.94,0,0,.842,12.3
105,2014,237,442,28.65,16.86,0,0,.887,12.3
105,2014,237,448,28.6,16.9,0,0,.928,12.3
105,2014,237,454,28.54,16.83,0,0,.967,12.3
105,2014,237,500,28.49,16.71,0,0,1.002,12.3
105,2014,237,506,28.44,16.67,0,0,1.03,12.3
105,2014,237,512,28.38,16.57,0,0,1.052,12.3
105,2014,237,518,28.32,16.57,0,0,1.059,12.3
105,2014,237,524,28.26,16.57,0,0,1.06,12.3
105,2014,237,530,28.2,16.58,0,0,1.059,12.3
105,2014,237,536,28.14,16.55,0,0,1.058,12.3
105,2014,237,542,28.09,16.54,0,0,1.058,12.3
105,2014,237,548,28.04,16.48,0,0,1.058,12.3
105,2014,237,554,27.99,16.43,0,0,1.059,12.3
105,2014,237,600,27.94,16.51,0,0,1.057,12.3
105,2014,237,606,27.88,16.46,0,0,1.049,12.3
105,2014,237,612,27.83,16.42,0,0,1.045,12.3
105,2014,237,618,27.78,16.4,0,0,1.039,12.3
105,2014,237,624,27.73,16.42,0,0,1.032,12.3
105,2014,237,630,27.68,16.4,0,0,1.024,12.3
105,2014,237,636,27.63,16.31,0,0,1.015,12.3
105,2014,237,642,27.59,16.16,0,0,1.003,12.3
105,2014,237,648,27.55,16.14,0,0,.993,12.3
105,2014,237,654,27.51,16.11,0,0,.982,12.3
105,2014,237,700,27.47,16.46,0,0,.969,12.3
105,2014,237,706,27.43,17.31,0,0,.957,12.3
105,2014,237,712,27.4,17.98,0,0,.944,12.3
105,2014,237,718,27.38,18.31,0,0,.93,12.3
105,2014,237,724,27.38,18.03,0,0,.917,12.3
105,2014,237,730,27.41,18.31,0,0,.901,12.3
105,2014,237,736,27.46,19,0,0,.884,12.3
105,2014,237,742,27.53,19.11,0,0,.867,12.3
105,2014,237,748,27.61,19.43,0,0,.852,12.3
105,2014,237,754,27.72,19.9,0,0,.837,12.3
105,2014,237,800,27.84,20.65,0,0,.821,12.3
105,2014,237,806,28,20.87,0,0,.807,12.29
105,2014,237,812,28.17,21.71,0,0,.793,12.29
105,2014,237,818,28.36,22.12,0,0,.78,12.29
105,2014,237,824,28.56,23.39,0,0,.768,12.29
105,2014,237,830,28.79,23.17,0,0,.755,12.29
105,2014,237,836,29.04,23.13,0,0,.743,12.29
105,2014,237,842,29.28,23.53,0,0,.731,12.29
105,2014,237,848,29.52,24.38,0,0,.721,12.29
105,2014,237,854,29.77,24.64,0,0,.709,12.29
105,2014,237,900,30.03,24.58,0,0,.699,12.29
105,2014,237,906,30.28,24.84,0,0,.689,12.29
105,2014,237,912,30.55,25.34,0,0,.68,12.29
105,2014,237,918,30.8,25.17,0,0,.672,12.29
105,2014,237,924,31.05,25.77,0,0,.663,12.29
105,2014,237,930,31.3,25.49,0,0,.654,12.29
105,2014,237,936,31.55,25.79,0,0,.645,12.29
105,2014,237,942,31.79,26.14,0,0,.637,12.29
105,2014,237,948,32.03,26.04,0,0,.629,12.29
105,2014,237,954,32.26,26.69,0,0,.621,12.29
105,2014,237,1000,32.5,26.67,0,0,.613,12.29
105,2014,237,1006,32.74,26.97,0,0,.605,12.29
105,2014,237,1012,32.99,27.52,0,0,.6,12.29
105,2014,237,1018,33.23,27.43,0,0,.593,12.29
105,2014,237,1024,33.48,28.05,0,0,.587,12.29
105,2014,237,1030,33.73,27.57,0,0,.579,12.29
105,2014,237,1036,33.97,27.41,0,0,.575,12.29
105,2014,237,1042,34.2,27.45,0,0,.569,12.29
105,2014,237,1048,34.38,27.51,0,0,.563,12.29
105,2014,237,1054,34.55,27.78,0,0,.557,12.29
105,2014,237,1100,34.7,27.6,0,0,.554,12.29
105,2014,237,1106,34.83,27.67,0,0,.549,12.29
105,2014,237,1112,34.93,27.69,0,0,.544,12.29
105,2014,237,1118,35.03,27.94,0,0,.54,12.29
105,2014,237,1124,35.11,28.03,0,0,.536,12.29
105,2014,237,1130,35.19,28.64,0,0,.532,12.29
105,2014,237,1136,35.27,28.77,0,0,.529,12.29
105,2014,237,1142,35.4,28.47,0,0,.525,12.29
105,2014,237,1148,35.51,28.68,0,0,.52,12.29
105,2014,237,1154,35.61,29.31,0,0,.517,12.29
105,2014,237,1200,35.73,29.6,0,0,.514,12.29
105,2014,237,1206,35.88,30.14,0,0,.51,12.29
105,2014,237,1212,36.07,30.03,0,0,.507,12.29
105,2014,237,1218,36.27,29.96,0,0,.504,12.28
105,2014,237,1224,36.46,29.99,0,0,.501,12.28
105,2014,237,1230,36.65,29.25,0,0,.498,12.28
105,2014,237,1236,36.84,29.82,0,0,.495,12.29
105,2014,237,1242,37,29.66,0,0,.491,12.28
105,2014,237,1248,37.15,30.28,0,0,.489,12.28
105,2014,237,1254,37.31,30.63,0,0,.486,12.28
105,2014,237,1300,37.48,30.88,0,0,.484,12.29
105,2014,237,1306,37.63,29.91,0,0,.481,12.28
105,2014,237,1312,37.79,30.01,0,0,.479,12.29
105,2014,237,1318,37.93,30.89,0,0,.476,12.29
105,2014,237,1324,38.07,30.71,0,0,.473,12.29
105,2014,237,1330,38.21,30.76,0,0,.471,12.28
105,2014,237,1336,38.36,29.92,0,0,.469,12.28
105,2014,237,1342,38.51,30.49,0,0,.468,12.28
105,2014,237,1348,38.62,30.21,0,0,.465,12.28
105,2014,237,1354,38.73,30.74,0,0,.463,12.28
105,2014,237,1400,38.85,30.55,0,0,.46,12.28
105,2014,237,1406,38.96,30.44,0,0,.46,12.28
105,2014,237,1412,39.04,29.98,0,0,.458,12.28
105,2014,237,1418,39.12,30.84,0,0,.455,12.28
105,2014,237,1424,39.21,31.39,0,0,.454,12.28
105,2014,237,1430,39.31,30.53,0,0,.451,12.28
105,2014,237,1436,39.39,30.95,0,0,.45,12.28
105,2014,237,1442,39.46,31.22,0,0,.449,12.28
105,2014,237,1448,39.52,30.84,0,0,.449,12.28
105,2014,237,1454,39.56,30.47,0,0,.448,12.28
105,2014,237,1500,39.59,31.58,0,0,.444,12.28
105,2014,237,1506,39.63,31.42,0,0,.442,12.28
105,2014,237,1512,39.68,31.27,0,0,.441,12.28
105,2014,237,1518,39.73,31.15,0,0,.439,12.28
105,2014,237,1524,39.78,30.8,0,0,.438,12.28
105,2014,237,1530,39.82,30.71,0,0,.438,12.28
105,2014,237,1536,39.85,30.53,0,0,.436,12.28
105,2014,237,1542,39.86,30.52,0,0,.435,12.28
105,2014,237,1548,39.86,30.14,0,0,.434,12.28
105,2014,237,1554,39.85,30.69,0,0,.434,12.28
105,2014,237,1600,39.85,30.17,0,0,.433,12.28
105,2014,237,1606,39.85,29.02,0,0,.433,12.29
105,2014,237,1612,39.85,29.02,0,0,.433,12.28
105,2014,237,1618,39.85,27.31,0,0,.434,12.29
105,2014,237,1624,39.85,27.86,0,0,.433,12.29
105,2014,237,1630,39.82,27.53,0,0,.433,12.29
105,2014,237,1636,39.76,27.41,0,0,.434,12.29
105,2014,237,1642,39.69,26.87,0,0,.434,12.29
105,2014,237,1648,39.57,26.77,0,0,.433,12.29
105,2014,237,1654,39.44,26.77,0,0,.435,12.29
105,2014,237,1700,39.3,26.68,0,0,.441,12.29
105,2014,237,1706,39.13,26.52,0,0,.448,12.29
105,2014,237,1712,38.95,26.23,0,0,.454,12.29
105,2014,237,1718,38.77,26.27,0,0,.462,12.29
105,2014,237,1724,38.59,26.03,0,0,.473,12.29
105,2014,237,1730,38.42,25.65,0,0,.484,12.29
105,2014,237,1736,38.26,25.85,0,0,.498,12.29
105,2014,237,1742,38.09,25.76,0,0,.513,12.29
105,2014,237,1748,37.92,25.53,0,0,.527,12.29
105,2014,237,1754,37.77,25.5,0,0,.542,12.29
105,2014,237,1800,37.6,25.42,0,0,.558,12.29
105,2014,237,1806,37.44,25.46,0,0,.57,12.29
105,2014,237,1812,37.29,25.37,0,0,.581,12.29
105,2014,237,1818,37.15,25.03,0,0,.592,12.29
105,2014,237,1824,37,23.99,0,0,.6,12.29
105,2014,237,1830,36.86,23.53,0,0,.605,12.29
105,2014,237,1836,36.72,23.56,0,0,.607,12.29
105,2014,237,1842,36.57,23.42,0,0,.607,12.29
105,2014,237,1848,36.42,23.02,0,0,.607,12.29
105,2014,237,1854,36.26,23.01,0,0,.607,12.29
105,2014,237,1900,36.11,22.92,0,0,.607,12.29
105,2014,237,1906,35.96,22.6,0,0,.607,12.29
105,2014,237,1912,35.79,22.68,0,0,.608,12.29
105,2014,237,1918,35.64,22.34,0,0,.605,12.29
105,2014,237,1924,35.49,22.24,0,0,.601,12.29
105,2014,237,1930,35.33,22.17,0,0,.597,12.29
105,2014,237,1936,35.17,21.83,0,0,.594,12.29
105,2014,237,1942,35.02,21.75,0,0,.59,12.29
105,2014,237,1948,34.87,21.86,0,0,.586,12.29
105,2014,237,1954,34.72,21.46,0,0,.58,12.29
105,2014,237,2000,34.56,21.16,0,0,.576,12.29
105,2014,237,2006,34.41,20.88,0,0,.573,12.29
105,2014,237,2012,34.24,20.79,0,0,.569,12.29
105,2014,237,2018,34.08,20.54,0,0,.565,12.29
105,2014,237,2024,33.91,20.55,0,0,.56,12.29
105,2014,237,2030,33.75,20.34,0,0,.557,12.29
105,2014,237,2036,33.58,20.21,0,0,.553,12.29
105,2014,237,2042,33.41,20.2,0,0,.549,12.29
105,2014,237,2048,33.26,20.21,0,0,.545,12.29
105,2014,237,2054,33.1,20.28,0,0,.541,12.29
105,2014,237,2100,32.95,20.25,0,0,.537,12.29
105,2014,237,2106,32.8,19.93,0,0,.534,12.29
105,2014,237,2112,32.67,19.86,0,0,.53,12.29
105,2014,237,2118,32.53,19.85,0,0,.526,12.29
105,2014,237,2124,32.39,19.98,0,0,.524,12.29
105,2014,237,2130,32.26,19.93,0,0,.52,12.29
105,2014,237,2136,32.14,19.42,0,0,.517,12.29
105,2014,237,2142,32.01,19.24,0,0,.515,12.29
105,2014,237,2148,31.89,19.56,0,0,.511,12.29
105,2014,237,2154,31.77,19.32,0,0,.508,12.29
105,2014,237,2200,31.65,19.18,0,0,.505,12.29
105,2014,237,2206,31.54,19.21,0,0,.502,12.29
105,2014,237,2212,31.44,19.05,0,0,.5,12.29
105,2014,237,2218,31.33,19.49,0,0,.497,12.29
105,2014,237,2224,31.23,19.09,0,0,.494,12.29
105,2014,237,2230,31.13,18.88,0,0,.492,12.29
105,2014,237,2236,31.04,18.86,0,0,.489,12.29
105,2014,237,2242,30.95,18.89,0,0,.487,12.29
105,2014,237,2248,30.85,18.81,0,0,.484,12.29
105,2014,237,2254,30.76,19.04,0,0,.483,12.29
105,2014,237,2300,30.66,18.62,0,0,.48,12.29
105,2014,237,2306,30.58,18.51,0,0,.478,12.29
105,2014,237,2312,30.5,18.48,0,0,.475,12.29
105,2014,237,2318,30.42,18.64,0,0,.474,12.29
105,2014,237,2324,30.36,18.87,0,0,.472,12.29
105,2014,237,2330,30.28,18.74,0,0,.47,12.29
105,2014,237,2336,30.22,18.6,0,0,.466,12.29
105,2014,237,2342,30.16,18.62,0,0,.466,12.29
105,2014,237,2348,30.1,18.7,0,0,.462,12.29
105,2014,237,2354,30.05,18.6,0,0,.463,12.29
105,2014,238,0,30.02,18.33,0,0,.46,12.29
105,2014,238,6,29.98,18.57,0,0,.459,12.29
105,2014,238,12,29.95,18.55,0,0,.458,12.29
105,2014,238,18,29.91,18.51,0,0,.456,12.29
105,2014,238,24,29.87,18.17,0,0,.454,12.29
105,2014,238,30,29.83,17.99,0,0,.452,12.29
105,2014,238,36,29.79,18.04,0,0,.452,12.29
105,2014,238,42,29.75,18.12,0,0,.45,12.29
105,2014,238,48,29.7,17.89,0,0,.449,12.29
105,2014,238,54,29.66,17.9,0,0,.448,12.29
105,2014,238,100,29.62,18.01,0,0,.446,12.29
105,2014,238,106,29.57,17.85,0,0,.444,12.29
105,2014,238,112,29.53,17.97,0,0,.443,12.3
105,2014,238,118,29.48,17.78,0,0,.443,12.3
105,2014,238,124,29.44,17.77,0,0,.441,12.3
105,2014,238,130,29.4,17.8,0,0,.44,12.3
105,2014,238,136,29.36,17.69,0,0,.439,12.3
105,2014,238,142,29.32,17.67,0,0,.437,12.3
105,2014,238,148,29.27,17.67,0,0,.435,12.3
105,2014,238,154,29.23,17.52,0,0,.435,12.3
105,2014,238,200,29.18,17.42,0,0,.433,12.29
105,2014,238,206,29.14,17.37,0,0,.433,12.29
105,2014,238,212,29.09,17.32,0,0,.433,12.29
105,2014,238,218,29.04,17.22,0,0,.431,12.3
105,2014,238,224,28.99,17.31,0,0,.43,12.3
105,2014,238,230,28.94,17.43,0,0,.429,12.3
105,2014,238,236,28.89,17.19,0,0,.427,12.3
105,2014,238,242,28.84,17.15,0,0,.426,12.3
105,2014,238,248,28.79,17.21,0,0,.426,12.3
105,2014,238,254,28.75,16.99,0,0,.425,12.3
105,2014,238,300,28.7,16.98,0,0,.424,12.3
105,2014,238,306,28.65,16.75,0,0,.422,12.3
105,2014,238,312,28.6,16.85,0,0,.422,12.3
105,2014,238,318,28.54,17.05,0,0,.422,12.3
105,2014,238,324,28.5,16.92,0,0,.419,12.3
105,2014,238,330,28.45,16.82,0,0,.42,12.3
105,2014,238,336,28.41,16.76,0,0,.419,12.3
105,2014,238,342,28.36,16.77,0,0,.419,12.3
105,2014,238,348,28.32,16.58,0,0,.417,12.29
105,2014,238,354,28.27,16.62,0,0,.416,12.3
105,2014,238,400,28.23,16.67,0,0,.416,12.3
105,2014,238,406,28.19,16.69,0,0,.416,12.29
105,2014,238,412,28.14,16.69,0,0,.416,12.3
105,2014,238,418,28.1,16.71,0,0,.416,12.3
105,2014,238,424,28.06,16.57,0,0,.416,12.29
105,2014,238,430,28.02,16.54,0,0,.416,12.3
105,2014,238,436,27.97,16.63,0,0,.417,12.3
105,2014,238,442,27.93,16.53,0,0,.416,12.3
105,2014,238,448,27.88,16.36,0,0,.417,12.3
105,2014,238,454,27.84,16.47,0,0,.416,12.3
105,2014,238,500,27.8,16.4,0,0,.417,12.3
105,2014,238,506,27.75,16.37,0,0,.423,12.3
105,2014,238,512,27.71,16.36,0,0,.431,12.3
105,2014,238,518,27.67,16.38,0,0,.441,12.3
105,2014,238,524,27.62,16.38,0,0,.456,12.3
105,2014,238,530,27.58,16.43,0,0,.473,12.3
105,2014,238,536,27.54,16.4,0,0,.494,12.3
105,2014,238,542,27.51,16.41,0,0,.515,12.3
105,2014,238,548,27.47,16.42,0,0,.542,12.3
105,2014,238,554,27.44,16.46,0,0,.566,12.3
105,2014,238,600,27.4,16.43,0,0,.591,12.3
105,2014,238,606,27.37,16.41,0,0,.616,12.3
105,2014,238,612,27.33,16.55,0,0,.639,12.3
105,2014,238,618,27.3,16.53,0,0,.66,12.3
105,2014,238,624,27.27,16.45,0,0,.676,12.3
105,2014,238,630,27.24,16.47,0,0,.69,12.3
105,2014,238,636,27.21,16.45,0,0,.704,12.3
105,2014,238,642,27.18,16.43,0,0,.712,12.3
105,2014,238,648,27.16,16.44,0,0,.719,12.3
105,2014,238,654,27.13,16.51,0,0,.72,12.3
105,2014,238,700,27.12,16.69,0,0,.72,12.3
105,2014,238,706,27.1,17.31,0,0,.719,12.3
105,2014,238,712,27.1,17.69,0,0,.72,12.3
105,2014,238,718,27.1,18.61,0,0,.719,12.3
105,2014,238,724,27.13,18.57,0,0,.714,12.3
105,2014,238,730,27.18,18.31,0,0,.707,12.3
105,2014,238,736,27.26,18.64,0,0,.7,12.29
105,2014,238,742,27.34,18.57,0,0,.692,12.29
105,2014,238,748,27.45,18.89,0,0,.684,12.29
105,2014,238,754,27.57,20.29,0,0,.676,12.29
105,2014,238,800,27.71,19.93,0,0,.668,12.29
105,2014,238,806,27.86,20.29,0,0,.66,12.29
105,2014,238,812,28.02,20.95,0,0,.653,12.29
105,2014,238,818,28.21,21.2,0,0,.645,12.29
105,2014,238,824,28.42,21.7,0,0,.637,12.29
105,2014,238,830,28.64,22.2,0,0,.629,12.29
105,2014,238,836,28.87,22.74,0,0,.621,12.29
105,2014,238,842,29.13,23.67,0,0,.614,12.29
105,2014,238,848,29.4,24.31,0,0,.607,12.29
105,2014,238,854,29.69,25.59,0,0,.601,12.29
105,2014,238,900,30,26.71,0,0,.593,12.29
105,2014,238,906,30.33,26.82,0,0,.588,12.29
105,2014,238,912,30.67,26.64,0,0,.582,12.29
105,2014,238,918,31.03,26.59,0,0,.576,12.29
105,2014,238,924,31.36,26.25,0,0,.57,12.29
105,2014,238,930,31.69,27.24,0,0,.566,12.29
105,2014,238,936,32.02,27.84,0,0,.56,12.29
105,2014,238,942,32.37,28.76,0,0,.556,12.29
105,2014,238,948,32.7,27.64,0,0,.551,12.29
105,2014,238,954,33.04,28.35,0,0,.547,12.29
105,2014,238,1000,33.36,28.89,0,0,.542,12.29
105,2014,238,1006,33.68,29.79,0,0,.538,12.29
105,2014,238,1012,34,29.75,0,0,.534,12.29
105,2014,238,1018,34.31,29.75,0,0,.531,12.28
105,2014,238,1024,34.61,30.1,0,0,.526,12.28
105,2014,238,1030,34.91,31.01,0,0,.523,12.28
105,2014,238,1036,35.22,31.71,0,0,.519,12.28
105,2014,238,1042,35.55,31.19,0,0,.515,12.28
105,2014,238,1048,35.86,31.29,0,0,.511,12.28
105,2014,238,1054,36.17,31.6,0,0,.508,12.28
105,2014,238,1100,36.47,31.79,0,0,.505,12.28
105,2014,238,1106,36.77,32,0,0,.503,12.28
105,2014,238,1112,37.06,32.24,0,0,.501,12.28
105,2014,238,1118,37.35,31.9,0,0,.497,12.28
105,2014,238,1124,37.62,32.06,0,0,.495,12.28
105,2014,238,1130,37.89,33.08,0,0,.492,12.28
105,2014,238,1136,38.15,32.99,0,0,.489,12.28
105,2014,238,1142,38.39,33.5,0,0,.486,12.28
105,2014,238,1148,38.64,33.19,0,0,.484,12.28
105,2014,238,1154,38.89,33.28,0,0,.482,12.28
105,2014,238,1200,39.13,33.5,0,0,.48,12.28
105,2014,238,1206,39.38,33.72,0,0,.476,12.28
105,2014,238,1212,39.61,33.64,0,0,.474,12.28
105,2014,238,1218,39.85,33.42,0,0,.471,12.28
105,2014,238,1224,40.05,32.52,0,0,.469,12.28
105,2014,238,1230,40.22,33.56,0,0,.468,12.28
105,2014,238,1236,40.39,34.39,0,0,.464,12.28
105,2014,238,1242,40.56,33.72,0,0,.464,12.28
105,2014,238,1248,40.73,33.05,0,0,.461,12.28
105,2014,238,1254,40.87,34.25,0,0,.46,12.28
105,2014,238,1300,41.02,34.29,0,0,.458,12.28
105,2014,238,1306,41.17,35.11,0,0,.455,12.28
105,2014,238,1312,41.32,35.19,0,0,.454,12.28
105,2014,238,1318,41.5,35,0,0,.452,12.28
105,2014,238,1324,41.67,34.87,0,0,.45,12.28
105,2014,238,1330,41.82,34.57,0,0,.448,12.28
105,2014,238,1336,41.96,34.83,0,0,.447,12.28
105,2014,238,1342,42.11,34.09,0,0,.446,12.28
105,2014,238,1348,42.23,34.4,0,0,.445,12.28
105,2014,238,1354,42.34,34.58,0,0,.443,12.28
105,2014,238,1400,42.44,34.15,0,0,.441,12.28
105,2014,238,1406,42.53,33.75,0,0,.44,12.28
105,2014,238,1412,42.61,33.96,0,0,.438,12.28
105,2014,238,1418,42.66,33.82,0,0,.437,12.28
105,2014,238,1424,42.71,34.11,0,0,.435,12.28
105,2014,238,1430,42.76,34.3,0,0,.434,12.28
105,2014,238,1436,42.82,33.78,0,0,.432,12.28
105,2014,238,1442,42.87,34.12,0,0,.431,12.28
105,2014,238,1448,42.92,33.77,0,0,.43,12.28
105,2014,238,1454,42.95,32.52,0,0,.429,12.28
105,2014,238,1500,42.97,33.52,0,0,.428,12.28
105,2014,238,1506,42.95,33.91,0,0,.427,12.28
105,2014,238,1512,42.94,33.37,0,0,.426,12.28
105,2014,238,1518,42.94,34.15,0,0,.423,12.28
105,2014,238,1524,42.94,34.15,0,0,.423,12.28
105,2014,238,1530,42.96,34.01,0,0,.422,12.28
105,2014,238,1536,42.96,33.05,0,0,.42,12.28
105,2014,238,1542,42.96,33.79,0,0,.42,12.28
105,2014,238,1548,42.98,33.24,0,0,.418,12.28
105,2014,238,1554,42.98,32.43,0,0,.417,12.28
105,2014,238,1600,42.98,32.14,0,0,.416,12.28
105,2014,238,1606,42.98,31.41,0,0,.415,12.28
105,2014,238,1612,42.98,30.54,0,0,.415,12.28
105,2014,238,1618,42.95,30.4,0,0,.413,12.28
105,2014,238,1624,42.91,29.34,0,0,.413,12.28
105,2014,238,1630,42.83,29.78,0,0,.413,12.28
105,2014,238,1636,42.74,29.31,0,0,.413,12.28
105,2014,238,1642,42.62,29.43,0,0,.412,12.28
105,2014,238,1648,42.48,29.28,0,0,.411,12.28
105,2014,238,1654,42.32,28.03,0,0,.411,12.28
105,2014,238,1700,42.16,28.16,0,0,.412,12.29
105,2014,238,1706,41.97,28.45,0,0,.41,12.28
105,2014,238,1712,41.75,28.31,0,0,.411,12.28
105,2014,238,1718,41.53,27.87,0,0,.41,12.28
105,2014,238,1724,41.33,27.76,0,0,.409,12.28
105,2014,238,1730,41.11,27.84,0,0,.407,12.29
105,2014,238,1736,40.92,28.01,0,0,.407,12.29
105,2014,238,1742,40.71,27.9,0,0,.408,12.29
105,2014,238,1748,40.51,27.56,0,0,.406,12.29
105,2014,238,1754,40.35,26.63,0,0,.407,12.29
105,2014,238,1800,40.17,26.08,0,0,.406,12.28
105,2014,238,1806,40.01,25.96,0,0,.406,12.29
105,2014,238,1812,39.85,26.07,0,0,.406,12.29
105,2014,238,1818,39.67,25.75,0,0,.404,12.29
105,2014,238,1824,39.48,25.63,0,0,.405,12.29
105,2014,238,1830,39.29,25.48,0,0,.405,12.29
105,2014,238,1836,39.12,25.18,0,0,.404,12.29
105,2014,238,1842,38.94,25.24,0,0,.404,12.29
105,2014,238,1848,38.76,25.04,0,0,.403,12.29
105,2014,238,1854,38.57,24.81,0,0,.403,12.29
105,2014,238,1900,38.39,25.03,0,0,.403,12.29
105,2014,238,1906,38.21,24.86,0,0,.403,12.29
105,2014,238,1912,38.03,24.75,0,0,.404,12.29
105,2014,238,1918,37.85,24.62,0,0,.403,12.29
105,2014,238,1924,37.69,24.06,0,0,.402,12.29
105,2014,238,1930,37.51,24.07,0,0,.403,12.29
105,2014,238,1936,37.34,23.84,0,0,.403,12.29
105,2014,238,1942,37.17,23.97,0,0,.403,12.29
105,2014,238,1948,36.99,23.66,0,0,.403,12.29
105,2014,238,1954,36.82,23.33,0,0,.402,12.29
105,2014,238,2000,36.64,23.15,0,0,.401,12.29
105,2014,238,2006,36.46,23.08,0,0,.401,12.29
105,2014,238,2012,36.27,22.94,0,0,.401,12.29
105,2014,238,2018,36.09,22.96,0,0,.401,12.29
105,2014,238,2024,35.91,22.8,0,0,.401,12.29
105,2014,238,2030,35.72,22.39,0,0,.399,12.29
105,2014,238,2036,35.55,22.27,0,0,.4,12.29
105,2014,238,2042,35.37,22.36,0,0,.399,12.29
105,2014,238,2048,35.19,22.2,0,0,.399,12.29
105,2014,238,2054,35.02,22.4,0,0,.399,12.29
105,2014,238,2100,34.86,22.15,0,0,.398,12.29
105,2014,238,2106,34.69,22.03,0,0,.398,12.29
105,2014,238,2112,34.53,21.76,0,0,.397,12.29
105,2014,238,2118,34.38,21.69,0,0,.397,12.29
105,2014,238,2124,34.22,21.85,0,0,.396,12.29
105,2014,238,2130,34.07,21.67,0,0,.396,12.29
105,2014,238,2136,33.93,21.24,0,0,.396,12.29
105,2014,238,2142,33.78,21.16,0,0,.395,12.29
105,2014,238,2148,33.63,21.07,0,0,.395,12.29
105,2014,238,2154,33.48,21.02,0,0,.394,12.29
105,2014,238,2200,33.35,21,0,0,.393,12.29
105,2014,238,2206,33.21,20.96,0,0,.393,12.29
105,2014,238,2212,33.07,20.98,0,0,.393,12.29
105,2014,238,2218,32.94,21.02,0,0,.393,12.29
105,2014,238,2224,32.81,21.08,0,0,.392,12.29
105,2014,238,2230,32.69,20.88,0,0,.391,12.29
105,2014,238,2236,32.57,20.63,0,0,.391,12.29
105,2014,238,2242,32.44,20.72,0,0,.391,12.29
105,2014,238,2248,32.33,20.38,0,0,.389,12.29
105,2014,238,2254,32.22,20.16,0,0,.388,12.29
105,2014,238,2300,32.11,20.08,0,0,.388,12.29
105,2014,238,2306,31.99,19.93,0,0,.388,12.29
105,2014,238,2312,31.88,19.97,0,0,.388,12.29
105,2014,238,2318,31.77,20.02,0,0,.387,12.29
105,2014,238,2324,31.67,20.11,0,0,.387,12.29
105,2014,238,2330,31.57,19.59,0,0,.386,12.29
105,2014,238,2336,31.47,20.19,0,0,.385,12.29
105,2014,238,2342,31.37,20.07,0,0,.385,12.29
105,2014,238,2348,31.27,19.36,0,0,.384,12.29
105,2014,238,2354,31.19,19.78,0,0,.383,12.29
105,2014,239,0,31.1,19.81,0,0,.384,12.29
105,2014,239,6,31.02,19.88,0,0,.383,12.29
105,2014,239,12,30.93,19.85,0,0,.382,12.29
105,2014,239,18,30.86,19.79,0,0,.382,12.29
105,2014,239,24,30.78,19.68,0,0,.382,12.29
105,2014,239,30,30.72,19.88,0,0,.382,12.29
105,2014,239,36,30.65,19.39,0,0,.38,12.29
105,2014,239,42,30.59,19.22,0,0,.38,12.29
105,2014,239,48,30.53,19.29,0,0,.38,12.29
105,2014,239,54,30.47,19.45,0,0,.38,12.29
105,2014,239,100,30.4,19.3,0,0,.378,12.29
105,2014,239,106,30.34,19.24,0,0,.378,12.29
105,2014,239,112,30.28,19.16,0,0,.379,12.29
105,2014,239,118,30.23,19.06,0,0,.377,12.29
105,2014,239,124,30.17,18.93,0,0,.377,12.29
105,2014,239,130,30.12,18.86,0,0,.377,12.29
105,2014,239,136,30.07,18.88,0,0,.376,12.29
105,2014,239,142,30.02,18.74,0,0,.375,12.29
105,2014,239,148,29.97,18.77,0,0,.374,12.29
105,2014,239,154,29.92,18.76,0,0,.375,12.29
105,2014,239,200,29.87,18.7,0,0,.374,12.29
105,2014,239,206,29.82,18.79,0,0,.374,12.29
105,2014,239,212,29.77,18.66,0,0,.373,12.29
105,2014,239,218,29.73,18.44,0,0,.373,12.29
105,2014,239,224,29.68,18.39,0,0,.372,12.29
105,2014,239,230,29.63,18.42,0,0,.372,12.29
105,2014,239,236,29.58,18.39,0,0,.371,12.29
105,2014,239,242,29.53,18.2,0,0,.372,12.3
105,2014,239,248,29.48,18.15,0,0,.371,12.3
105,2014,239,254,29.44,18.07,0,0,.37,12.3
105,2014,239,300,29.39,18.07,0,0,.369,12.3
105,2014,239,306,29.34,18,0,0,.37,12.29
105,2014,239,312,29.29,17.68,0,0,.369,12.29
105,2014,239,318,29.24,18.01,0,0,.368,12.29
105,2014,239,324,29.18,17.53,0,0,.368,12.29
105,2014,239,330,29.13,17.55,0,0,.367,12.29
105,2014,239,336,29.07,17.37,0,0,.367,12.29
105,2014,239,342,29.01,17.55,0,0,.366,12.3
105,2014,239,348,28.95,17.55,0,0,.366,12.3
105,2014,239,354,28.89,17.59,0,0,.365,12.3
105,2014,239,400,28.84,17.24,0,0,.365,12.3
105,2014,239,406,28.79,17.55,0,0,.366,12.3
105,2014,239,412,28.73,17.27,0,0,.365,12.3
105,2014,239,418,28.68,16.97,0,0,.364,12.3
105,2014,239,424,28.62,17.26,0,0,.364,12.3
105,2014,239,430,28.56,17.24,0,0,.364,12.3
105,2014,239,436,28.5,16.84,0,0,.363,12.3
105,2014,239,442,28.44,17.29,0,0,.363,12.3
105,2014,239,448,28.38,17.24,0,0,.363,12.3
105,2014,239,454,28.33,17.04,0,0,.363,12.3
105,2014,239,500,28.28,16.95,0,0,.363,12.3
105,2014,239,506,28.23,16.88,0,0,.362,12.3
105,2014,239,512,28.17,16.99,0,0,.361,12.3
105,2014,239,518,28.12,16.82,0,0,.361,12.3
105,2014,239,524,28.06,16.8,0,0,.36,12.3
105,2014,239,530,28.02,17.18,0,0,.359,12.29
105,2014,239,536,27.97,17.11,0,0,.359,12.3
105,2014,239,542,27.93,17.15,0,0,.36,12.3
105,2014,239,548,27.89,17.33,0,0,.359,12.3
105,2014,239,554,27.86,17.36,0,0,.359,12.3
105,2014,239,600,27.83,17.25,0,0,.357,12.3
105,2014,239,606,27.8,17.13,0,0,.358,12.3
105,2014,239,612,27.77,17.07,0,0,.357,12.3
105,2014,239,618,27.74,16.98,0,0,.358,12.3
105,2014,239,624,27.71,16.87,0,0,.358,12.3
105,2014,239,630,27.68,16.83,0,0,.358,12.3
105,2014,239,636,27.64,16.87,0,0,.357,12.3
105,2014,239,642,27.61,16.91,0,0,.358,12.3
105,2014,239,648,27.57,16.94,0,0,.358,12.3
105,2014,239,654,27.54,16.94,0,0,.357,12.3
105,2014,239,700,27.52,16.94,0,0,.358,12.3
105,2014,239,706,27.49,17.26,0,0,.358,12.3
105,2014,239,712,27.48,18.13,0,0,.358,12.3
105,2014,239,718,27.47,18.22,0,0,.358,12.3
105,2014,239,724,27.48,18.88,0,0,.358,12.3
105,2014,239,730,27.5,19.14,0,0,.357,12.3
105,2014,239,736,27.55,19.69,0,0,.357,12.3
105,2014,239,742,27.62,19.35,0,0,.357,12.3
105,2014,239,748,27.71,19.88,0,0,.358,12.3
105,2014,239,754,27.82,20.43,0,0,.357,12.3
105,2014,239,800,27.96,22.05,0,0,.357,12.29
105,2014,239,806,28.11,21.99,0,0,.358,12.29
105,2014,239,812,28.28,22.77,0,0,.358,12.29
105,2014,239,818,28.47,24.14,0,0,.358,12.29
105,2014,239,824,28.69,24.38,0,0,.358,12.29
105,2014,239,830,28.93,24.93,0,0,.358,12.29
105,2014,239,836,29.19,23.74,0,0,.357,12.29
105,2014,239,842,29.45,23.83,0,0,.358,12.29
105,2014,239,848,29.73,24.72,0,0,.358,12.29
105,2014,239,854,30.03,24.24,0,0,.357,12.29
105,2014,239,900,30.34,25.15,0,0,.358,12.29
105,2014,239,906,30.67,26.55,0,0,.358,12.29
105,2014,239,912,31,26.17,0,0,.358,12.29
105,2014,239,918,31.34,25.94,0,0,.359,12.29
105,2014,239,924,31.69,26.19,0,0,.359,12.29
105,2014,239,930,32.06,28,0,0,.358,12.29
105,2014,239,936,32.43,28.07,0,0,.358,12.29
105,2014,239,942,32.8,28.6,0,0,.359,12.29
105,2014,239,948,33.18,29.41,0,0,.358,12.29
105,2014,239,954,33.56,29.12,0,0,.357,12.29
105,2014,239,1000,33.94,29.19,0,0,.358,12.29
105,2014,239,1006,34.33,30.15,0,0,.358,12.28
105,2014,239,1012,34.72,30.38,0,0,.359,12.28
105,2014,239,1018,35.11,31.75,0,0,.358,12.28
105,2014,239,1024,35.5,32.45,0,0,.358,12.28
105,2014,239,1030,35.88,32.58,0,0,.359,12.28
105,2014,239,1036,36.26,32.91,0,0,.359,12.28
105,2014,239,1042,36.63,31.61,0,0,.359,12.28
105,2014,239,1048,37,32.88,0,0,.359,12.28
105,2014,239,1054,37.36,33.17,0,0,.358,12.28
105,2014,239,1100,37.71,33.6,0,0,.358,12.28
105,2014,239,1106,38.06,31.73,0,0,.358,12.28
105,2014,239,1112,38.39,31.91,0,0,.358,12.28
105,2014,239,1118,38.7,32.5,0,0,.358,12.28
105,2014,239,1124,38.99,33.5,0,0,.358,12.28
105,2014,239,1130,39.27,34.17,0,0,.358,12.28
105,2014,239,1136,39.56,32.74,0,0,.359,12.28
105,2014,239,1142,39.83,33.63,0,0,.358,12.28
105,2014,239,1148,40.09,33.85,0,0,.358,12.28
105,2014,239,1154,40.32,33.21,0,0,.357,12.28
105,2014,239,1200,40.56,33.34,0,0,.359,12.28
105,2014,239,1206,40.8,32.8,0,0,.357,12.28
105,2014,239,1212,41.02,34.95,0,0,.358,12.28
105,2014,239,1218,41.22,34.07,0,0,.357,12.28
105,2014,239,1224,41.41,33.36,0,0,.358,12.28
105,2014,239,1230,41.59,34.33,0,0,.356,12.28
105,2014,239,1236,41.78,33.89,0,0,.356,12.28
105,2014,239,1242,41.95,33.33,0,0,.356,12.28
105,2014,239,1248,42.09,34,0,0,.356,12.28
105,2014,239,1254,42.24,34.36,0,0,.356,12.28
105,2014,239,1300,42.37,34.41,0,0,.356,12.28
105,2014,239,1306,42.51,33.97,0,0,.356,12.28
105,2014,239,1312,42.64,34.89,0,0,.354,12.28
105,2014,239,1318,42.76,33.61,0,0,.353,12.28
105,2014,239,1324,42.88,34.72,0,0,.354,12.28
105,2014,239,1330,43.01,34.76,0,0,.352,12.28
105,2014,239,1336,43.15,36.38,0,0,.352,12.28
105,2014,239,1342,43.28,34.6,0,0,.352,12.28
105,2014,239,1348,43.39,34.75,0,0,.352,12.28
105,2014,239,1354,43.49,34.57,0,0,.35,12.28
105,2014,239,1400,43.58,34.53,0,0,.349,12.28
105,2014,239,1406,43.64,34.22,0,0,.348,12.28
105,2014,239,1412,43.68,33.95,0,0,.348,12.28
105,2014,239,1418,43.71,34.15,0,0,.348,12.28
105,2014,239,1424,43.73,33.86,0,0,.349,12.28
105,2014,239,1430,43.73,34.2,0,0,.349,12.28
105,2014,239,1436,43.73,34.11,0,0,.349,12.28
105,2014,239,1442,43.73,34.63,0,0,.347,12.28
105,2014,239,1448,43.75,34.68,0,0,.347,12.28
105,2014,239,1454,43.78,33.41,0,0,.346,12.28
105,2014,239,1500,43.78,34.49,0,0,.345,12.28
105,2014,239,1506,43.78,34.68,0,0,.345,12.28
105,2014,239,1512,43.78,34.51,0,0,.345,12.28
105,2014,239,1518,43.78,33.83,0,0,.344,12.28
105,2014,239,1524,43.78,33.78,0,0,.344,12.28
105,2014,239,1530,43.76,32.77,0,0,.343,12.28
105,2014,239,1536,43.76,32.18,0,0,.343,12.28
105,2014,239,1542,43.73,33.24,0,0,.343,12.28
105,2014,239,1548,43.71,33.29,0,0,.343,12.28
105,2014,239,1554,43.67,31.89,0,0,.343,12.28
105,2014,239,1600,43.62,31.64,0,0,.343,12.28
105,2014,239,1606,43.56,30.55,0,0,.343,12.28
105,2014,239,1612,43.49,30.68,0,0,.342,12.28
105,2014,239,1618,43.41,30.32,0,0,.341,12.28
105,2014,239,1624,43.31,29.82,0,0,.341,12.28
105,2014,239,1630,43.21,29.55,0,0,.34,12.28
105,2014,239,1636,43.09,29.24,0,0,.341,12.28
105,2014,239,1642,42.94,28.89,0,0,.342,12.28
105,2014,239,1648,42.78,28.59,0,0,.342,12.28
105,2014,239,1654,42.63,28.47,0,0,.341,12.29
105,2014,239,1700,42.44,28.54,0,0,.341,12.29
105,2014,239,1706,42.24,28.31,0,0,.341,12.29
105,2014,239,1712,42.04,28.43,0,0,.342,12.29
105,2014,239,1718,41.83,28.08,0,0,.342,12.29
105,2014,239,1724,41.62,27.84,0,0,.342,12.29
105,2014,239,1730,41.42,27.56,0,0,.342,12.28
105,2014,239,1736,41.22,27.64,0,0,.342,12.29
105,2014,239,1742,41.03,27.67,0,0,.341,12.28
105,2014,239,1748,40.84,27.51,0,0,.342,12.29
105,2014,239,1754,40.63,27.31,0,0,.342,12.29
105,2014,239,1800,40.46,26.98,0,0,.342,12.29
105,2014,239,1806,40.28,27.01,0,0,.342,12.29
105,2014,239,1812,40.1,26.51,0,0,.342,12.29
105,2014,239,1818,39.93,26.72,0,0,.342,12.29
105,2014,239,1824,39.76,26.65,0,0,.343,12.29
105,2014,239,1830,39.58,26.57,0,0,.342,12.29
105,2014,239,1836,39.41,26.01,0,0,.342,12.29
105,2014,239,1842,39.25,26.46,0,0,.342,12.29
105,2014,239,1848,39.1,26.18,0,0,.342,12.29
105,2014,239,1854,38.95,26.01,0,0,.342,12.29
105,2014,239,1900,38.79,26.15,0,0,.343,12.29
105,2014,239,1906,38.63,25.71,0,0,.342,12.29
105,2014,239,1912,38.48,25.38,0,0,.342,12.29
105,2014,239,1918,38.33,25.43,0,0,.343,12.29
105,2014,239,1924,38.17,25.09,0,0,.341,12.29
105,2014,239,1930,38.02,25.19,0,0,.342,12.28
105,2014,239,1936,37.87,24.68,0,0,.342,12.29
105,2014,239,1942,37.72,24.41,0,0,.342,12.29
105,2014,239,1948,37.56,24.43,0,0,.34,12.29
105,2014,239,1954,37.41,24.72,0,0,.341,12.29
105,2014,239,2000,37.25,24.45,0,0,.341,12.29
105,2014,239,2006,37.09,24.16,0,0,.339,12.29
105,2014,239,2012,36.94,23.92,0,0,.341,12.29
105,2014,239,2018,36.79,23.71,0,0,.341,12.29
105,2014,239,2024,36.63,23.7,0,0,.34,12.29
105,2014,239,2030,36.46,23.68,0,0,.34,12.29
105,2014,239,2036,36.31,23.6,0,0,.34,12.29
105,2014,239,2042,36.16,23.36,0,0,.34,12.29
105,2014,239,2048,36.01,23.32,0,0,.34,12.29
105,2014,239,2054,35.85,23.1,0,0,.34,12.29
105,2014,239,2100,35.72,23.07,0,0,.34,12.29
105,2014,239,2106,35.57,23.09,0,0,.34,12.29
105,2014,239,2112,35.43,22.89,0,0,.34,12.29
105,2014,239,2118,35.29,22.81,0,0,.34,12.29
105,2014,239,2124,35.17,22.74,0,0,.34,12.29
105,2014,239,2130,35.05,22.81,0,0,.341,12.29
105,2014,239,2136,34.93,22.93,0,0,.34,12.29
105,2014,239,2142,34.81,23.06,0,0,.34,12.29
105,2014,239,2148,34.71,22.76,0,0,.341,12.29
105,2014,239,2154,34.6,22.61,0,0,.341,12.29
105,2014,239,2200,34.49,22.65,0,0,.34,12.29
105,2014,239,2206,34.38,22.37,0,0,.34,12.29
105,2014,239,2212,34.28,22.33,0,0,.34,12.29
105,2014,239,2218,34.18,22.26,0,0,.341,12.29
105,2014,239,2224,34.09,22.15,0,0,.34,12.29
105,2014,239,2230,33.99,22.17,0,0,.339,12.29
105,2014,239,2236,33.9,22.37,0,0,.34,12.29
105,2014,239,2242,33.81,22.15,0,0,.339,12.29
105,2014,239,2248,33.72,22.02,0,0,.339,12.29
105,2014,239,2254,33.64,21.98,0,0,.34,12.29
105,2014,239,2300,33.56,22.02,0,0,.339,12.29
105,2014,239,2306,33.48,22.03,0,0,.339,12.29
105,2014,239,2312,33.41,21.97,0,0,.339,12.29
105,2014,239,2318,33.34,21.8,0,0,.339,12.29
105,2014,239,2324,33.27,21.74,0,0,.339,12.29
105,2014,239,2330,33.2,21.69,0,0,.339,12.29
105,2014,239,2336,33.13,21.66,0,0,.339,12.29
105,2014,239,2342,33.08,21.67,0,0,.338,12.29
105,2014,239,2348,33.02,21.66,0,0,.338,12.29
105,2014,239,2354,32.96,21.61,0,0,.338,12.29
105,2014,240,0,32.9,21.62,0,0,.338,12.29
105,2014,240,6,32.84,21.55,0,0,.337,12.29
105,2014,240,12,32.79,21.55,0,0,.337,12.29
105,2014,240,18,32.73,21.52,0,0,.336,12.29
105,2014,240,24,32.68,21.49,0,0,.336,12.29
105,2014,240,30,32.64,21.47,0,0,.336,12.29
105,2014,240,36,32.6,21.43,0,0,.336,12.29
105,2014,240,42,32.57,21.4,0,0,.336,12.29
105,2014,240,48,32.52,21.47,0,0,.336,12.29
105,2014,240,54,32.48,21.5,0,0,.336,12.29
105,2014,240,100,32.44,21.69,0,0,.336,12.29
105,2014,240,106,32.4,21.44,0,0,.336,12.29
105,2014,240,112,32.37,21.59,0,0,.336,12.29
105,2014,240,118,32.33,21.6,0,0,.335,12.29
105,2014,240,124,32.3,21.71,0,0,.335,12.29
105,2014,240,130,32.28,21.63,0,0,.335,12.29
105,2014,240,136,32.25,21.55,0,0,.335,12.29
105,2014,240,142,32.23,21.66,0,0,.335,12.29
105,2014,240,148,32.21,21.52,0,0,.335,12.29
105,2014,240,154,32.2,21.38,0,0,.335,12.29
105,2014,240,200,32.19,21.46,0,0,.335,12.29
105,2014,240,206,32.18,21.44,0,0,.335,12.29
105,2014,240,212,32.16,21.43,0,0,.334,12.29
105,2014,240,218,32.15,21.45,0,0,.333,12.29
105,2014,240,224,32.14,21.29,0,0,.333,12.29
105,2014,240,230,32.12,21.38,0,0,.333,12.29
105,2014,240,236,32.11,21.49,0,0,.333,12.29
105,2014,240,242,32.09,21.48,0,0,.333,12.29
105,2014,240,248,32.08,21.65,0,0,.333,12.29
105,2014,240,254,32.06,21.83,0,0,.333,12.29
105,2014,240,300,32.05,21.91,0,0,.333,12.29
105,2014,240,306,32.04,21.97,0,0,.333,12.29
105,2014,240,312,32.03,22.04,0,0,.333,12.29
105,2014,240,318,32.03,22.07,0,0,.333,12.29
105,2014,240,324,32.03,22.29,0,0,.332,12.29
105,2014,240,330,32.03,22.33,0,0,.332,12.29
105,2014,240,336,32.04,22.35,0,0,.331,12.29
105,2014,240,342,32.05,22.57,0,0,.331,12.29
105,2014,240,348,32.05,22.53,0,0,.331,12.29
105,2014,240,354,32.07,22.56,0,0,.331,12.29
105,2014,240,400,32.08,22.55,0,0,.331,12.29
105,2014,240,406,32.11,22.54,0,0,.331,12.29
105,2014,240,412,32.13,22.67,0,0,.331,12.29
105,2014,240,418,32.15,22.7,0,0,.331,12.29
105,2014,240,424,32.16,22.84,0,0,.331,12.29
105,2014,240,430,32.16,22.9,0,0,.33,12.29
105,2014,240,436,32.15,23.01,0,0,.331,12.29
105,2014,240,442,32.14,23,0,0,.33,12.29
105,2014,240,448,32.12,23.07,0,0,.33,12.29
105,2014,240,454,32.11,22.89,0,0,.33,12.29
105,2014,240,500,32.1,23.04,0,0,.33,12.29
105,2014,240,506,32.09,22.91,0,0,.33,12.29
105,2014,240,512,32.09,22.78,0,0,.33,12.29
105,2014,240,518,32.11,22.71,0,0,.33,12.29
105,2014,240,524,32.12,22.8,0,0,.33,12.29
105,2014,240,530,32.13,22.62,0,0,.33,12.29
105,2014,240,536,32.15,22.41,0,0,.329,12.29
105,2014,240,542,32.16,22.46,0,0,.328,12.29
105,2014,240,548,32.16,22.56,0,0,.328,12.29
105,2014,240,554,32.16,22.25,0,0,.328,12.29
105,2014,240,600,32.16,22.03,0,0,.328,12.29
105,2014,240,606,32.15,21.93,0,0,.328,12.29
105,2014,240,612,32.14,21.87,0,0,.328,12.29
105,2014,240,618,32.12,21.73,0,0,.328,12.29
105,2014,240,624,32.1,21.71,0,0,.328,12.29
105,2014,240,630,32.08,21.66,0,0,.328,12.29
105,2014,240,636,32.05,21.6,0,0,.328,12.29
105,2014,240,642,32.02,21.57,0,0,.327,12.29
105,2014,240,648,31.98,21.65,0,0,.327,12.29
105,2014,240,654,31.95,21.65,0,0,.327,12.29
105,2014,240,700,31.91,21.58,0,0,.327,12.29
105,2014,240,706,31.87,21.69,0,0,.327,12.29
105,2014,240,712,31.85,21.96,0,0,.327,12.29
105,2014,240,718,31.82,22.44,0,0,.326,12.29
105,2014,240,724,31.81,22.97,0,0,.326,12.29
105,2014,240,730,31.81,23.3,0,0,.325,12.29
105,2014,240,736,31.82,23.55,0,0,.324,12.29
105,2014,240,742,31.86,23.85,0,0,.325,12.29
105,2014,240,748,31.92,23.93,0,0,.324,12.29
105,2014,240,754,31.99,24.34,0,0,.323,12.29
105,2014,240,800,32.07,24.6,0,0,.323,12.29
105,2014,240,806,32.15,24.43,0,0,.323,12.29
105,2014,240,812,32.21,24.71,0,0,.323,12.29
105,2014,240,818,32.28,24.48,0,0,.322,12.29
105,2014,240,824,32.33,24.41,0,0,.322,12.29
105,2014,240,830,32.37,24.52,0,0,.323,12.29
105,2014,240,836,32.4,25.1,0,0,.322,12.29
105,2014,240,842,32.41,25.16,0,0,.323,12.29
105,2014,240,848,32.4,25.93,0,0,.323,12.29
105,2014,240,854,32.38,26.46,0,0,.323,12.29
105,2014,240,900,32.39,27.86,0,0,.322,12.29
105,2014,240,906,32.45,26.32,0,0,.321,12.29
105,2014,240,912,32.54,25.24,0,0,.321,12.29
105,2014,240,918,32.65,25.35,0,0,.322,12.29
105,2014,240,924,32.75,26.64,0,0,.321,12.29
105,2014,240,930,32.81,26.46,0,0,.322,12.29
105,2014,240,936,32.82,27.47,0,0,.322,12.29
105,2014,240,942,32.83,27.64,0,0,.321,12.29
105,2014,240,948,32.86,27.83,0,0,.322,12.29
105,2014,240,954,32.91,28.47,0,0,.322,12.29
105,2014,240,1000,32.99,28.43,0,0,.322,12.29
105,2014,240,1006,33.09,28.33,0,0,.321,12.29
105,2014,240,1012,33.19,28.86,0,0,.321,12.29
105,2014,240,1018,33.29,29.11,0,0,.321,12.29
105,2014,240,1024,33.42,28.23,0,0,.321,12.29
105,2014,240,1030,33.55,29.02,0,0,.321,12.29
105,2014,240,1036,33.69,29.55,0,0,.32,12.29
105,2014,240,1042,33.86,29.34,0,0,.32,12.29
105,2014,240,1048,34.06,28.94,0,0,.32,12.29
105,2014,240,1054,34.25,29.69,0,0,.32,12.29
105,2014,240,1100,34.46,29.8,0,0,.32,12.29
105,2014,240,1106,34.67,30.17,0,0,.32,12.29
105,2014,240,1112,34.88,30.49,0,0,.318,12.29
105,2014,240,1118,35.09,30.63,0,0,.318,12.29
105,2014,240,1124,35.32,30.88,0,0,.318,12.29
105,2014,240,1130,35.57,30.82,0,0,.318,12.29
105,2014,240,1136,35.75,30.6,0,0,.316,12.29
105,2014,240,1142,35.9,31.25,0,0,.316,12.29
105,2014,240,1148,36.09,30.59,0,0,.316,12.29
105,2014,240,1154,36.25,31,0,0,.316,12.28
105,2014,240,1200,36.4,30.67,0,0,.316,12.28
105,2014,240,1206,36.59,31.39,0,0,.315,12.28
105,2014,240,1212,36.78,30.74,0,0,.315,12.29
105,2014,240,1218,36.94,31.17,0,0,.315,12.29
105,2014,240,1224,37.11,31.73,0,0,.315,12.29
105,2014,240,1230,37.27,31.49,0,0,.315,12.29
105,2014,240,1236,37.42,31.24,0,0,.314,12.29
105,2014,240,1242,37.58,31.59,0,0,.314,12.29
105,2014,240,1248,37.77,31.54,0,0,.314,12.28
105,2014,240,1254,37.94,31.5,0,0,.312,12.28
105,2014,240,1300,38.11,32.45,0,0,.313,12.28
105,2014,240,1306,38.31,32.09,0,0,.313,12.28
105,2014,240,1312,38.49,31.93,0,0,.311,12.28
105,2014,240,1318,38.65,31.76,0,0,.312,12.28
105,2014,240,1324,38.76,31.95,0,0,.311,12.28
105,2014,240,1330,38.87,31.85,0,0,.31,12.28
105,2014,240,1336,38.98,32.03,0,0,.311,12.28
105,2014,240,1342,39.1,32.31,0,0,.312,12.28
105,2014,240,1348,39.24,31.92,0,0,.31,12.28
105,2014,240,1354,39.36,31.62,0,0,.309,12.28
105,2014,240,1400,39.47,32.3,0,0,.309,12.28
105,2014,240,1406,39.59,32.04,0,0,.309,12.28
105,2014,240,1412,39.69,32.23,0,0,.309,12.28
105,2014,240,1418,39.76,32.15,0,0,.307,12.28
105,2014,240,1424,39.81,32.02,0,0,.307,12.28
105,2014,240,1430,39.84,32.13,0,0,.307,12.28
105,2014,240,1436,39.89,32.49,0,0,.308,12.28
105,2014,240,1442,39.95,31.55,0,0,.308,12.28
105,2014,240,1448,39.97,31.15,0,0,.308,12.28
105,2014,240,1454,40,30.81,0,0,.308,12.28
105,2014,240,1500,39.98,30.35,0,0,.308,12.28
105,2014,240,1506,39.94,30.79,0,0,.307,12.28
105,2014,240,1512,39.94,30.92,0,0,.307,12.28
105,2014,240,1518,39.96,30.76,0,0,.307,12.28
105,2014,240,1524,40.01,30.35,0,0,.306,12.28
105,2014,240,1530,40.07,30.9,0,0,.304,12.28
105,2014,240,1536,40.12,30.5,0,0,.304,12.28
105,2014,240,1542,40.16,29.47,0,0,.303,12.28
105,2014,240,1548,40.2,29.05,0,0,.302,12.29
105,2014,240,1554,40.22,29,0,0,.302,12.29
105,2014,240,1600,40.19,28.19,0,0,.302,12.29
105,2014,240,1606,40.14,27.25,0,0,.302,12.29
105,2014,240,1612,40.07,26.81,0,0,.303,12.29
105,2014,240,1618,39.98,26.59,0,0,.304,12.29
105,2014,240,1624,39.86,26.57,0,0,.305,12.29
105,2014,240,1630,39.72,26.35,0,0,.304,12.29
105,2014,240,1636,39.57,26.29,0,0,.303,12.29
105,2014,240,1642,39.42,26.16,0,0,.303,12.29
105,2014,240,1648,39.25,26.32,0,0,.304,12.29
105,2014,240,1654,39.06,26.25,0,0,.304,12.29
105,2014,240,1700,38.87,25.93,0,0,.304,12.29
105,2014,240,1706,38.7,25.81,0,0,.305,12.29
105,2014,240,1712,38.5,25.86,0,0,.304,12.29
105,2014,240,1718,38.32,25.52,0,0,.304,12.29
105,2014,240,1724,38.16,25.46,0,0,.304,12.29
105,2014,240,1730,37.97,25.5,0,0,.303,12.29