,33.31,27.24,0,0,.44,12.29
105,2014,252,1506,33.44,26.97,0,0,.438,12.29
105,2014,252,1512,33.58,26.99,0,0,.438,12.29
105,2014,252,1518,33.72,27.89,0,0,.438,12.29
105,2014,252,1524,33.86,27.3,0,0,.438,12.29
105,2014,252,1530,34,26.36,0,0,.438,12.29
105,2014,252,1536,34.15,26.17,0,0,.438,12.29
105,2014,252,1542,34.28,27.27,0,0,.438,12.29
105,2014,252,1548,34.4,26.79,0,0,.44,12.29
105,2014,252,1554,34.51,26.6,0,0,.446,12.29
105,2014,252,1600,34.6,27.02,0,0,.455,12.29
105,2014,252,1606,34.69,26.78,0,0,.467,12.29
105,2014,252,1612,34.78,26.14,0,0,.483,12.29
105,2014,252,1618,34.85,25.9,0,0,.505,12.29
105,2014,252,1624,34.88,26.84,0,0,.532,12.29
105,2014,252,1630,34.89,26.62,0,0,.563,12.29
105,2014,252,1636,34.91,26.67,0,0,.596,12.29
105,2014,252,1642,34.91,26.02,0,0,.634,12.29
105,2014,252,1648,34.9,26.03,0,0,.671,12.29
105,2014,252,1654,34.91,26.32,0,0,.71,12.29
105,2014,252,1700,34.94,26.2,0,0,.749,12.29
105,2014,252,1706,34.97,25.77,0,0,.785,12.29
105,2014,252,1712,34.95,25.58,0,0,.819,12.29
105,2014,252,1718,34.85,25.5,0,0,.847,12.29
105,2014,252,1724,34.68,25.21,0,0,.874,12.29
105,2014,252,1730,34.45,25.1,0,0,.894,12.29
105,2014,252,1736,34.19,24.86,0,0,.91,12.29
105,2014,252,1742,33.91,24.64,0,0,.919,12.29
105,2014,252,1748,33.61,24.65,0,0,.922,12.29
105,2014,252,1754,33.27,24.55,0,0,.924,12.29
105,2014,252,1800,32.95,24.67,0,0,.922,12.29
105,2014,252,1806,32.61,24.42,0,0,.922,12.29
105,2014,252,1812,32.28,24.35,0,0,.922,12.29
105,2014,252,1818,31.95,24.25,0,0,.923,12.29
105,2014,252,1824,31.63,24.18,0,0,.921,12.29
105,2014,252,1830,31.3,24.29,0,0,.912,12.29
105,2014,252,1836,31,24.16,0,0,.903,12.29
105,2014,252,1842,30.68,24.15,0,0,.892,12.29
105,2014,252,1848,30.37,24.13,0,0,.883,12.29
105,2014,252,1854,30.08,23.99,0,0,.87,12.29
105,2014,252,1900,29.8,23.93,0,0,.859,12.29
105,2014,252,1906,29.52,23.82,0,0,.846,12.29
105,2014,252,1912,29.24,23.76,0,0,.833,12.29
105,2014,252,1918,28.99,23.69,0,0,.819,12.29
105,2014,252,1924,28.73,23.6,0,0,.805,12.29
105,2014,252,1930,28.49,23.53,0,0,.79,12.29
105,2014,252,1936,28.26,23.48,0,0,.777,12.29
105,2014,252,1942,28.03,23.43,0,0,.765,12.29
105,2014,252,1948,27.81,23.36,0,0,.752,12.29
105,2014,252,1954,27.61,23.29,0,0,.737,12.29
105,2014,252,2000,27.41,23.26,0,0,.726,12.29
105,2014,252,2006,27.21,23.21,0,0,.714,12.29
105,2014,252,2012,27.03,23.23,0,0,.701,12.29
105,2014,252,2018,26.85,23.13,0,0,.69,12.29
105,2014,252,2024,26.67,23.05,0,0,.679,12.29
105,2014,252,2030,26.5,22.93,0,0,.669,12.29
105,2014,252,2036,26.33,22.81,0,0,.66,12.3
105,2014,252,2042,26.18,22.78,0,0,.651,12.3
105,2014,252,2048,26.03,22.61,0,0,.641,12.29
105,2014,252,2054,25.88,22.5,0,0,.632,12.29
105,2014,252,2100,25.73,22.3,0,0,.623,12.29
105,2014,252,2106,25.58,22.18,0,0,.615,12.3
105,2014,252,2112,25.44,21.99,0,0,.607,12.3
105,2014,252,2118,25.3,21.97,0,0,.6,12.3
105,2014,252,2124,25.14,21.98,0,0,.593,12.3
105,2014,252,2130,24.99,22.09,0,0,.588,12.3
105,2014,252,2136,24.84,22.01,0,0,.581,12.29
105,2014,252,2142,24.7,22.14,0,0,.573,12.3
105,2014,252,2148,24.58,22.08,0,0,.567,12.3
105,2014,252,2154,24.46,22.08,0,0,.563,12.3
105,2014,252,2200,24.35,22.06,0,0,.557,12.29
105,2014,252,2206,24.24,22.03,0,0,.551,12.29
105,2014,252,2212,24.14,21.98,0,0,.547,12.3
105,2014,252,2218,24.05,21.88,0,0,.541,12.3
105,2014,252,2224,23.97,21.78,0,0,.539,12.3
105,2014,252,2230,23.88,21.61,0,0,.534,12.3
105,2014,252,2236,23.8,21.53,0,0,.53,12.3
105,2014,252,2242,23.71,21.6,0,0,.526,12.3
105,2014,252,2248,23.63,21.63,0,0,.52,12.3
105,2014,252,2254,23.54,21.47,0,0,.518,12.3
105,2014,252,2300,23.46,21.39,0,0,.515,12.3
105,2014,252,2306,23.38,21.32,0,0,.512,12.3
105,2014,252,2312,23.29,21.28,0,0,.508,12.3
105,2014,252,2318,23.21,21.3,0,0,.505,12.3
105,2014,252,2324,23.13,21.25,0,0,.5,12.3
105,2014,252,2330,23.06,21.19,0,0,.499,12.3
105,2014,252,2336,22.98,21.1,0,0,.496,12.3
105,2014,252,2342,22.9,20.99,0,0,.492,12.3
105,2014,252,2348,22.82,20.89,0,0,.489,12.3
105,2014,252,2354,22.75,20.81,0,0,.487,12.3
105,2014,253,0,22.67,20.73,0,0,.485,12.3
105,2014,253,6,22.59,20.86,0,0,.482,12.3
105,2014,253,12,22.52,20.67,0,0,.479,12.3
105,2014,253,18,22.44,20.63,0,0,.476,12.3
105,2014,253,24,22.37,20.62,0,0,.474,12.3
105,2014,253,30,22.3,20.63,0,0,.472,12.3
105,2014,253,36,22.23,20.65,0,0,.471,12.3
105,2014,253,42,22.16,20.68,0,0,.469,12.3
105,2014,253,48,22.09,20.62,0,0,.465,12.3
105,2014,253,54,22.02,20.6,0,0,.464,12.3
105,2014,253,100,21.96,20.53,0,0,.462,12.3
105,2014,253,106,21.9,20.53,0,0,.461,12.3
105,2014,253,112,21.84,20.72,0,0,.459,12.3
105,2014,253,118,21.78,20.8,0,0,.457,12.3
105,2014,253,124,21.74,20.87,0,0,.455,12.3
105,2014,253,130,21.7,20.86,0,0,.453,12.3
105,2014,253,136,21.66,20.84,0,0,.452,12.3
105,2014,253,142,21.64,20.8,0,0,.45,12.3
105,2014,253,148,21.61,20.72,0,0,.449,12.3
105,2014,253,154,21.59,20.64,0,0,.448,12.3
105,2014,253,200,21.57,20.62,0,0,.446,12.3
105,2014,253,206,21.56,20.64,0,0,.444,12.3
105,2014,253,212,21.54,20.69,0,0,.443,12.3
105,2014,253,218,21.53,20.73,0,0,.441,12.3
105,2014,253,224,21.52,20.78,0,0,.439,12.3
105,2014,253,230,21.5,20.81,0,0,.439,12.3
105,2014,253,236,21.49,20.91,0,0,.436,12.3
105,2014,253,242,21.48,20.86,0,0,.435,12.3
105,2014,253,248,21.48,20.88,0,0,.435,12.3
105,2014,253,254,21.47,20.88,0,0,.433,12.3
105,2014,253,300,21.47,20.89,0,0,.432,12.3
105,2014,253,306,21.47,20.9,0,0,.43,12.3
105,2014,253,312,21.47,20.91,0,0,.429,12.3
105,2014,253,318,21.46,20.98,0,0,.431,12.3
105,2014,253,324,21.45,20.92,0,0,.428,12.3
105,2014,253,330,21.45,20.85,0,0,.427,12.3
105,2014,253,336,21.45,20.84,0,0,.424,12.3
105,2014,253,342,21.45,20.77,0,0,.424,12.3
105,2014,253,348,21.45,20.78,0,0,.424,12.3
105,2014,253,354,21.44,20.79,0,0,.421,12.3
105,2014,253,400,21.44,20.72,0,0,.421,12.3
105,2014,253,406,21.43,20.71,0,0,.42,12.3
105,2014,253,412,21.43,20.62,0,0,.42,12.3
105,2014,253,418,21.42,20.66,0,0,.419,12.3
105,2014,253,424,21.41,20.56,0,0,.419,12.3
105,2014,253,430,21.39,20.56,0,0,.417,12.3
105,2014,253,436,21.38,20.56,0,0,.416,12.3
105,2014,253,442,21.36,20.58,0,0,.416,12.3
105,2014,253,448,21.35,20.58,0,0,.416,12.3
105,2014,253,454,21.33,20.6,0,0,.416,12.3
105,2014,253,500,21.32,20.59,0,0,.416,12.3
105,2014,253,506,21.3,20.56,0,0,.416,12.3
105,2014,253,512,21.29,20.48,0,0,.417,12.3
105,2014,253,518,21.27,20.44,0,0,.418,12.3
105,2014,253,524,21.26,20.42,0,0,.423,12.3
105,2014,253,530,21.24,20.38,0,0,.433,12.3
105,2014,253,536,21.23,20.36,0,0,.447,12.3
105,2014,253,542,21.21,20.34,0,0,.466,12.3
105,2014,253,548,21.18,20.32,0,0,.491,12.3
105,2014,253,554,21.16,20.32,0,0,.521,12.3
105,2014,253,600,21.14,20.33,0,0,.554,12.3
105,2014,253,606,21.12,20.35,0,0,.585,12.3
105,2014,253,612,21.09,20.32,0,0,.618,12.3
105,2014,253,618,21.07,20.33,0,0,.651,12.3
105,2014,253,624,21.05,20.29,0,0,.68,12.3
105,2014,253,630,21.03,20.29,0,0,.706,12.3
105,2014,253,636,21.01,20.35,0,0,.727,12.3
105,2014,253,642,20.98,20.34,0,0,.745,12.3
105,2014,253,648,20.97,20.35,0,0,.756,12.3
105,2014,253,654,20.95,20.44,0,0,.763,12.3
105,2014,253,700,20.93,20.34,0,0,.763,12.3
105,2014,253,706,20.91,20.41,0,0,.762,12.3
105,2014,253,712,20.9,20.52,0,0,.764,12.3
105,2014,253,718,20.89,20.73,0,0,.764,12.3
105,2014,253,724,20.88,20.9,0,0,.764,12.3
105,2014,253,730,20.88,21.09,0,0,.766,12.3
105,2014,253,736,20.88,20.89,0,0,.765,12.3
105,2014,253,742,20.89,21.36,0,0,.765,12.3
105,2014,253,748,20.9,21.56,0,0,.76,12.3
105,2014,253,754,20.92,21.3,0,0,.754,12.3
105,2014,253,800,20.95,21.31,0,0,.744,12.3
105,2014,253,806,20.98,21.28,0,0,.736,12.3
105,2014,253,812,21.01,21.21,0,0,.727,12.3
105,2014,253,818,21.04,21.32,0,0,.717,12.3
105,2014,253,824,21.07,21.47,0,0,.708,12.3
105,2014,253,830,21.1,22.08,0,0,.698,12.3
105,2014,253,836,21.13,22.13,0,0,.688,12.3
105,2014,253,842,21.16,22.81,0,0,.678,12.3
105,2014,253,848,21.2,23.7,0,0,.669,12.29
105,2014,253,854,21.26,24.64,0,0,.659,12.29
105,2014,253,900,21.34,24.4,0,0,.65,12.29
105,2014,253,906,21.45,25.2,0,0,.642,12.29
105,2014,253,912,21.59,24.52,0,0,.633,12.29
105,2014,253,918,21.75,24.63,0,0,.624,12.29
105,2014,253,924,21.91,24.89,0,0,.617,12.29
105,2014,253,930,22.08,24.22,0,0,.609,12.29
105,2014,253,936,22.24,24.43,0,0,.603,12.29
105,2014,253,942,22.41,24.67,0,0,.596,12.29
105,2014,253,948,22.59,24.76,0,0,.589,12.29
105,2014,253,954,22.75,24.94,0,0,.583,12.29
105,2014,253,1000,22.92,25.73,0,0,.576,12.29
105,2014,253,1006,23.08,25.4,0,0,.571,12.29
105,2014,253,1012,23.24,26.13,0,0,.565,12.29
105,2014,253,1018,23.42,26.79,0,0,.559,12.29
105,2014,253,1024,23.61,26.83,0,0,.555,12.29
105,2014,253,1030,23.81,26.69,0,0,.552,12.29
105,2014,253,1036,24.01,26.16,0,0,.544,12.29
105,2014,253,1042,24.22,27.51,0,0,.539,12.29
105,2014,253,1048,24.43,26.58,0,0,.534,12.29
105,2014,253,1054,24.63,26.7,0,0,.53,12.29
105,2014,253,1100,24.82,27.26,0,0,.526,12.29
105,2014,253,1106,25.02,26.71,0,0,.522,12.29
105,2014,253,1112,25.21,27.16,0,0,.517,12.29
105,2014,253,1118,25.4,27.29,0,0,.513,12.29
105,2014,253,1124,25.57,27.96,0,0,.508,12.29
105,2014,253,1130,25.75,27.42,0,0,.506,12.29
105,2014,253,1136,25.93,26.93,0,0,.502,12.29
105,2014,253,1142,26.11,28.63,0,0,.5,12.29
105,2014,253,1148,26.29,27.97,0,0,.496,12.29
105,2014,253,1154,26.46,28.47,0,0,.493,12.29
105,2014,253,1200,26.63,28.47,0,0,.49,12.29
105,2014,253,1206,26.8,28.61,0,0,.486,12.29
105,2014,253,1212,26.97,28.68,0,0,.485,12.29
105,2014,253,1218,27.13,28.5,0,0,.482,12.29
105,2014,253,1224,27.27,27.95,0,0,.478,12.29
105,2014,253,1230,27.42,28.48,0,0,.477,12.29
105,2014,253,1236,27.56,27.75,0,0,.474,12.29
105,2014,253,1242,27.69,28.4,0,0,.472,12.29
105,2014,253,1248,27.82,29,0,0,.469,12.29
105,2014,253,1254,27.93,29.59,0,0,.467,12.29
105,2014,253,1300,28.06,28.86,0,0,.465,12.29
105,2014,253,1306,28.18,29.61,0,0,.463,12.29
105,2014,253,1312,28.32,29.16,0,0,.461,12.29
105,2014,253,1318,28.46,30.05,0,0,.458,12.29
105,2014,253,1324,28.6,29.82,0,0,.457,12.29
105,2014,253,1330,28.74,30,0,0,.456,12.29
105,2014,253,1336,28.89,30.13,0,0,.453,12.29
105,2014,253,1342,29.04,30.81,0,0,.452,12.29
105,2014,253,1348,29.19,29.19,0,0,.449,12.29
105,2014,253,1354,29.32,30.12,0,0,.448,12.29
105,2014,253,1400,29.43,30.66,0,0,.446,12.29
105,2014,253,1406,29.56,30.25,0,0,.445,12.29
105,2014,253,1412,29.67,29.76,0,0,.443,12.29
105,2014,253,1418,29.79,30.06,0,0,.441,12.29
105,2014,253,1424,29.89,29.92,0,0,.439,12.29
105,2014,253,1430,29.98,30.69,0,0,.438,12.29
105,2014,253,1436,30.07,30.7,0,0,.436,12.29
105,2014,253,1442,30.15,29.23,0,0,.435,12.29
105,2014,253,1448,30.24,28.33,0,0,.434,12.29
105,2014,253,1454,30.29,28.92,0,0,.433,12.29
105,2014,253,1500,30.32,28.91,0,0,.432,12.29
105,2014,253,1506,30.33,30.05,0,0,.43,12.29
105,2014,253,1512,30.34,28.53,0,0,.429,12.29
105,2014,253,1518,30.35,27.88,0,0,.429,12.29
105,2014,253,1524,30.36,27.32,0,0,.428,12.29
105,2014,253,1530,30.34,27.11,0,0,.427,12.29
105,2014,253,1536,30.32,27.56,0,0,.426,12.29
105,2014,253,1542,30.28,27.4,0,0,.426,12.29
105,2014,253,1548,30.23,27.62,0,0,.424,12.29
105,2014,253,1554,30.18,27.35,0,0,.424,12.29
105,2014,253,1600,30.13,26.57,0,0,.424,12.29
105,2014,253,1606,30.06,26.17,0,0,.424,12.29
105,2014,253,1612,29.99,25.94,0,0,.424,12.29
105,2014,253,1618,29.89,25.84,0,0,.425,12.29
105,2014,253,1624,29.77,25.56,0,0,.43,12.29
105,2014,253,1630,29.63,25.41,0,0,.443,12.29
105,2014,253,1636,29.48,25.13,0,0,.46,12.29
105,2014,253,1642,29.28,25.21,0,0,.485,12.29
105,2014,253,1648,29.02,25.17,0,0,.521,12.29
105,2014,253,1654,28.76,25.09,0,0,.561,12.29
105,2014,253,1700,28.51,25,0,0,.608,12.29
105,2014,253,1706,28.27,24.83,0,0,.661,12.29
105,2014,253,1712,28.06,24.8,0,0,.716,12.29
105,2014,253,1718,27.87,24.74,0,0,.777,12.29
105,2014,253,1724,27.7,24.5,0,0,.841,12.29
105,2014,253,1730,27.53,24.54,0,0,.908,12.29
105,2014,253,1736,27.42,24.44,0,0,.972,12.29
105,2014,253,1742,27.43,24.19,0,0,1.029,12.29
105,2014,253,1748,27.54,24.18,0,0,1.079,12.29
105,2014,253,1754,27.7,23.72,0,0,1.124,12.29
105,2014,253,1800,27.92,23.73,0,0,1.164,12.29
105,2014,253,1806,28.16,23.74,0,0,1.2,12.29
105,2014,253,1812,28.43,23.57,0,0,1.226,12.29
105,2014,253,1818,28.69,23.39,0,0,1.242,12.29
105,2014,253,1824,28.95,23.53,0,0,1.253,12.29
105,2014,253,1830,29.21,23.19,0,0,1.255,12.29
105,2014,253,1836,29.46,23.39,0,0,1.255,12.29
105,2014,253,1842,29.69,23.01,0,0,1.255,12.29
105,2014,253,1848,29.91,22.83,0,0,1.254,12.29
105,2014,253,1854,30.12,22.59,0,0,1.253,12.29
105,2014,253,1900,30.3,22.57,0,0,1.247,12.29
105,2014,253,1906,30.47,22.27,0,0,1.244,12.29
105,2014,253,1912,30.62,22.01,0,0,1.24,12.29
105,2014,253,1918,30.75,22.07,0,0,1.238,12.29
105,2014,253,1924,30.85,21.82,0,0,1.23,12.29
105,2014,253,1930,30.95,21.7,0,0,1.221,12.29
105,2014,253,1936,31.02,21.61,0,0,1.209,12.29
105,2014,253,1942,31.08,21.36,0,0,1.197,12.29
105,2014,253,1948,31.13,21.3,0,0,1.181,12.29
105,2014,253,1954,31.17,21.18,0,0,1.163,12.29
105,2014,253,2000,31.19,21.21,0,0,1.147,12.29
105,2014,253,2006,31.2,21.06,0,0,1.128,12.29
105,2014,253,2012,31.21,20.92,0,0,1.11,12.29
105,2014,253,2018,31.21,20.88,0,0,1.089,12.29
105,2014,253,2024,31.21,20.78,0,0,1.069,12.29
105,2014,253,2030,31.2,20.47,0,0,1.049,12.29
105,2014,253,2036,31.18,20.38,0,0,1.029,12.29
105,2014,253,2042,31.16,20.36,0,0,1.01,12.29
105,2014,253,2048,31.14,20.42,0,0,.992,12.29
105,2014,253,2054,31.11,20.35,0,0,.973,12.29
105,2014,253,2100,31.08,20.38,0,0,.956,12.29
105,2014,253,2106,31.06,20.34,0,0,.94,12.29
105,2014,253,2112,31.03,20.28,0,0,.923,12.29
105,2014,253,2118,31,20.14,0,0,.906,12.29
105,2014,253,2124,30.98,20.07,0,0,.888,12.29
105,2014,253,2130,30.95,20.06,0,0,.87,12.29
105,2014,253,2136,30.91,19.92,0,0,.853,12.29
105,2014,253,2142,30.88,19.77,0,0,.838,12.29
105,2014,253,2148,30.85,19.6,0,0,.822,12.29
105,2014,253,2154,30.81,19.62,0,0,.807,12.29
105,2014,253,2200,30.77,19.4,0,0,.791,12.29
105,2014,253,2206,30.73,19.46,0,0,.777,12.29
105,2014,253,2212,30.68,19.41,0,0,.764,12.29
105,2014,253,2218,30.64,19.34,0,0,.75,12.29
105,2014,253,2224,30.59,19.49,0,0,.738,12.29
105,2014,253,2230,30.54,19.63,0,0,.725,12.29
105,2014,253,2236,30.5,19.67,0,0,.713,12.29
105,2014,253,2242,30.48,19.93,0,0,.7,12.29
105,2014,253,2248,30.46,19.68,0,0,.69,12.29
105,2014,253,2254,30.44,19.88,0,0,.679,12.29
105,2014,253,2300,30.44,19.87,0,0,.67,12.29
105,2014,253,2306,30.43,19.87,0,0,.661,12.29
105,2014,253,2312,30.43,19.57,0,0,.651,12.29
105,2014,253,2318,30.43,19.72,0,0,.642,12.29
105,2014,253,2324,30.41,19.67,0,0,.633,12.29
105,2014,253,2330,30.41,19.76,0,0,.624,12.29
105,2014,253,2336,30.41,19.87,0,0,.616,12.29
105,2014,253,2342,30.41,19.89,0,0,.609,12.29
105,2014,253,2348,30.41,19.98,0,0,.601,12.29
105,2014,253,2354,30.42,19.91,0,0,.595,12.29
105,2014,254,0,30.43,19.95,0,0,.589,12.29
105,2014,254,6,30.45,19.92,0,0,.583,12.29
105,2014,254,12,30.46,19.89,0,0,.577,12.29
105,2014,254,18,30.47,19.89,0,0,.571,12.29
105,2014,254,24,30.49,19.82,0,0,.566,12.29
105,2014,254,30,30.5,19.91,0,0,.56,12.29
105,2014,254,36,30.51,19.96,0,0,.557,12.29
105,2014,254,42,30.52,20.15,0,0,.552,12.29
105,2014,254,48,30.53,20.2,0,0,.547,12.29
105,2014,254,54,30.54,20.43,0,0,.541,12.29
105,2014,254,100,30.56,20.46,0,0,.538,12.29
105,2014,254,106,30.57,20.71,0,0,.534,12.29
105,2014,254,112,30.59,20.73,0,0,.531,12.29
105,2014,254,118,30.61,20.82,0,0,.526,12.29
105,2014,254,124,30.64,20.9,0,0,.522,12.29
105,2014,254,130,30.67,21.17,0,0,.519,12.29
105,2014,254,136,30.7,21.02,0,0,.515,12.29
105,2014,254,142,30.73,21,0,0,.512,12.29
105,2014,254,148,30.77,21.05,0,0,.507,12.29
105,2014,254,154,30.8,21.16,0,0,.504,12.29
105,2014,254,200,30.84,21.19,0,0,.502,12.29
105,2014,254,206,30.89,21.13,0,0,.501,12.29
105,2014,254,212,30.94,21.09,0,0,.497,12.29
105,2014,254,218,30.98,21.27,0,0,.494,12.29
105,2014,254,224,31.04,21.32,0,0,.491,12.29
105,2014,254,230,31.09,21.33,0,0,.489,12.29
105,2014,254,236,31.14,21.35,0,0,.487,12.29
105,2014,254,242,31.18,21.3,0,0,.484,12.29
105,2014,254,248,31.23,21.31,0,0,.482,12.29
105,2014,254,254,31.28,21.25,0,0,.479,12.29
105,2014,254,300,31.33,21.21,0,0,.477,12.29
105,2014,254,306,31.36,21.12,0,0,.476,12.29
105,2014,254,312,31.4,21.18,0,0,.472,12.29
105,2014,254,318,31.43,21.08,0,0,.471,12.29
105,2014,254,324,31.46,21.05,0,0,.472,12.29
105,2014,254,330,31.48,21.01,0,0,.471,12.29
105,2014,254,336,31.49,20.86,0,0,.471,12.29
105,2014,254,342,31.51,20.91,0,0,.471,12.29
105,2014,254,348,31.52,21.03,0,0,.471,12.29
105,2014,254,354,31.53,20.92,0,0,.47,12.29
105,2014,254,400,31.54,20.81,0,0,.474,12.29
105,2014,254,406,31.54,20.75,0,0,.484,12.29
105,2014,254,412,31.55,20.71,0,0,.499,12.29
105,2014,254,418,31.55,20.66,0,0,.52,12.29
105,2014,254,424,31.54,20.64,0,0,.549,12.29
105,2014,254,430,31.54,20.72,0,0,.58,12.29
105,2014,254,436,31.54,20.54,0,0,.618,12.29
105,2014,254,442,31.53,20.46,0,0,.66,12.29
105,2014,254,448,31.52,20.6,0,0,.701,12.29
105,2014,254,454,31.51,20.62,0,0,.747,12.29
105,2014,254,500,31.49,20.46,0,0,.794,12.29
105,2014,254,506,31.48,20.44,0,0,.843,12.29
105,2014,254,512,31.46,20.57,0,0,.897,12.29
105,2014,254,518,31.44,20.54,0,0,.952,12.29
105,2014,254,524,31.42,20.48,0,0,1.007,12.29
105,2014,254,530,31.4,20.41,0,0,1.06,12.29
105,2014,254,536,31.37,20.39,0,0,1.114,12.29
105,2014,254,542,31.35,20.38,0,0,1.17,12.29
105,2014,254,548,31.33,20.43,0,0,1.218,12.29
105,2014,254,554,31.3,20.41,0,0,1.259,12.29
105,2014,254,600,31.28,20.4,0,0,1.289,12.29
105,2014,254,606,31.26,20.32,0,0,1.308,12.29
105,2014,254,612,31.24,20.29,0,0,1.316,12.29
105,2014,254,618,31.22,20.31,0,0,1.315,12.29
105,2014,254,624,31.2,20.36,0,0,1.319,12.29
105,2014,254,630,31.19,20.28,0,0,1.316,12.29
105,2014,254,636,31.17,20.25,0,0,1.316,12.29
105,2014,254,642,31.15,20.27,0,0,1.316,12.29
105,2014,254,648,31.13,20.3,0,0,1.315,12.29
105,2014,254,654,31.12,20.21,0,0,1.319,12.29
105,2014,254,700,31.1,20.25,0,0,1.323,12.29
105,2014,254,706,31.09,20.32,0,0,1.326,12.29
105,2014,254,712,31.08,20.42,0,0,1.328,12.29
105,2014,254,718,31.07,20.65,0,0,1.33,12.29
105,2014,254,724,31.07,21,0,0,1.33,12.29
105,2014,254,730,31.08,21.62,0,0,1.326,12.29
105,2014,254,736,31.1,21.99,0,0,1.321,12.29
105,2014,254,742,31.14,22.77,0,0,1.311,12.29
105,2014,254,748,31.19,22.82,0,0,1.298,12.29
105,2014,254,754,31.27,22.97,0,0,1.284,12.29
105,2014,254,800,31.36,23.06,0,0,1.268,12.29
105,2014,254,806,31.47,23.19,0,0,1.249,12.29
105,2014,254,812,31.6,23.73,0,0,1.233,12.29
105,2014,254,818,31.73,24.06,0,0,1.21,12.29
105,2014,254,824,31.86,24.67,0,0,1.194,12.29
105,2014,254,830,32.01,24.57,0,0,1.173,12.29
105,2014,254,836,32.17,23.89,0,0,1.153,12.29
105,2014,254,842,32.32,24.07,0,0,1.135,12.29
105,2014,254,848,32.48,23.83,0,0,1.117,12.29
105,2014,254,854,32.63,23.89,0,0,1.097,12.29
105,2014,254,900,32.74,23.95,0,0,1.079,12.29
105,2014,254,906,32.84,25.93,0,0,1.06,12.29
105,2014,254,912,32.96,27.22,0,0,1.042,12.29
105,2014,254,918,33.11,25.96,0,0,1.023,12.29
105,2014,254,924,33.28,25.5,0,0,1.003,12.29
105,2014,254,930,33.45,25.34,0,0,.984,12.29
105,2014,254,936,33.59,25.62,0,0,.963,12.29
105,2014,254,942,33.74,25.64,0,0,.946,12.29
105,2014,254,948,33.89,25.65,0,0,.927,12.29
105,2014,254,954,34.02,26.04,0,0,.909,12.29
105,2014,254,1000,34.14,26.49,0,0,.888,12.29
105,2014,254,1006,34.27,25.69,0,0,.87,12.29
105,2014,254,1012,34.4,26.85,0,0,.852,12.29
105,2014,254,1018,34.53,27.97,0,0,.837,12.29
105,2014,254,1024,34.67,28.6,0,0,.82,12.29
105,2014,254,1030,34.83,29.64,0,0,.806,12.29
105,2014,254,1036,35.04,28.72,0,0,.791,12.29
105,2014,254,1042,35.29,28.93,0,0,.778,12.29
105,2014,254,1048,35.54,30.04,0,0,.766,12.29
105,2014,254,1054,35.82,28.41,0,0,.752,12.29
105,2014,254,1100,36.08,28.27,0,0,.74,12.29
105,2014,254,1106,36.32,27.98,0,0,.729,12.29
105,2014,254,1112,36.53,27.42,0,0,.717,12.29
105,2014,254,1118,36.69,28.86,0,0,.706,12.29
105,2014,254,1124,36.84,30.59,0,0,.696,12.29
105,2014,254,1130,37,31.45,0,0,.685,12.29
105,2014,254,1136,37.18,31.3,0,0,.676,12.28
105,2014,254,1142,37.39,30.82,0,0,.666,12.28
105,2014,254,1148,37.6,30.99,0,0,.657,12.29
105,2014,254,1154,37.79,30.86,0,0,.648,12.29
105,2014,254,1200,38,31.3,0,0,.639,12.29
105,2014,254,1206,38.22,31.94,0,0,.631,12.28
105,2014,254,1212,38.45,31.28,0,0,.621,12.28
105,2014,254,1218,38.69,32.19,0,0,.614,12.28
105,2014,254,1224,38.94,32.49,0,0,.606,12.28
105,2014,254,1230,39.17,32.09,0,0,.599,12.28
105,2014,254,1236,39.4,32.8,0,0,.592,12.28
105,2014,254,1242,39.62,32.69,0,0,.587,12.28
105,2014,254,1248,39.86,32.47,0,0,.578,12.28
105,2014,254,1254,40.06,32.25,0,0,.573,12.28
105,2014,254,1300,40.24,33.01,0,0,.567,12.28
105,2014,254,1306,40.45,33.67,0,0,.562,12.28
105,2014,254,1312,40.65,33.25,0,0,.558,12.28
105,2014,254,1318,40.85,33.13,0,0,.551,12.28
105,2014,254,1324,41.03,33.6,0,0,.546,12.28
105,2014,254,1330,41.22,33.53,0,0,.542,12.28
105,2014,254,1336,41.39,33.31,0,0,.539,12.28
105,2014,254,1342,41.55,33.51,0,0,.534,12.28
105,2014,254,1348,41.7,33.83,0,0,.529,12.28
105,2014,254,1354,41.85,33.42,0,0,.525,12.28
105,2014,254,1400,41.99,34.4,0,0,.521,12.28
105,2014,254,1406,42.14,33.42,0,0,.518,12.28
105,2014,254,1412,42.25,33.8,0,0,.516,12.28
105,2014,254,1418,42.37,33.43,0,0,.512,12.28
105,2014,254,1424,42.51,33.49,0,0,.508,12.28
105,2014,254,1430,42.63,33.89,0,0,.506,12.28
105,2014,254,1436,42.74,34.8,0,0,.504,12.28
105,2014,254,1442,42.85,33.81,0,0,.501,12.28
105,2014,254,1448,42.98,34.03,0,0,.498,12.28
105,2014,254,1454,43.1,33.9,0,0,.494,12.28
105,2014,254,1500,43.2,33.05,0,0,.491,12.28
105,2014,254,1506,43.31,33.54,0,0,.488,12.28
105,2014,254,1512,43.43,33.55,0,0,.485,12.28
105,2014,254,1518,43.54,33.18,0,0,.484,12.28
105,2014,254,1524,43.62,31.66,0,0,.482,12.28
105,2014,254,1530,43.68,31.7,0,0,.479,12.28
105,2014,254,1536,43.72,31.94,0,0,.478,12.28
105,2014,254,1542,43.74,31.89,0,0,.477,12.28
105,2014,254,1548,43.75,31.36,0,0,.477,12.28
105,2014,254,1554,43.73,31.66,0,0,.477,12.28
105,2014,254,1600,43.71,31.46,0,0,.477,12.28
105,2014,254,1606,43.67,30.72,0,0,.477,12.28
105,2014,254,1612,43.61,30.2,0,0,.48,12.28
105,2014,254,1618,43.53,30.32,0,0,.487,12.28
105,2014,254,1624,43.43,29.77,0,0,.499,12.28
105,2014,254,1630,43.33,29.55,0,0,.516,12.28
105,2014,254,1636,43.22,29.4,0,0,.538,12.28
105,2014,254,1642,43.1,29.73,0,0,.561,12.28
105,2014,254,1648,42.96,29.93,0,0,.591,12.28
105,2014,254,1654,42.83,29.96,0,0,.626,12.28
105,2014,254,1700,42.7,29.79,0,0,.662,12.28
105,2014,254,1706,42.59,29.86,0,0,.698,12.28
105,2014,254,1712,42.48,29.61,0,0,.741,12.28
105,2014,254,1718,42.37,28.81,0,0,.785,12.28
105,2014,254,1724,42.26,29.11,0,0,.83,12.28
105,2014,254,1730,42.15,28.7,0,0,.875,12.28
105,2014,254,1736,42.04,28.88,0,0,.921,12.28
105,2014,254,1742,41.9,28.44,0,0,.965,12.28
105,2014,254,1748,41.76,28.79,0,0,1.009,12.28
105,2014,254,1754,41.62,28.52,0,0,1.05,12.28
105,2014,254,1800,41.49,28.44,0,0,1.09,12.28
105,2014,254,1806,41.36,28.31,0,0,1.132,12.28
105,2014,254,1812,41.21,28.08,0,0,1.173,12.28
105,2014,254,1818,41.08,27.77,0,0,1.212,12.28
105,2014,254,1824,40.96,27.78,0,0,1.242,12.28
105,2014,254,1830,40.82,27.58,0,0,1.268,12.28
105,2014,254,1836,40.68,27.64,0,0,1.283,12.29
105,2014,254,1842,40.54,27.49,0,0,1.294,12.29
105,2014,254,1848,40.42,26.89,0,0,1.295,12.28
105,2014,254,1854,40.28,26.37,0,0,1.293,12.29
105,2014,254,1900,40.14,26,0,0,1.296,12.29
105,2014,254,1906,39.97,25.58,0,0,1.312,12.29
105,2014,254,1912,39.77,25.51,0,0,1.308,12.29
105,2014,254,1918,39.54,25.56,0,0,1.298,12.29
105,2014,254,1924,39.29,25.04,0,0,1.274,12.29
105,2014,254,1930,39.05,24.72,0,0,1.255,12.29
105,2014,254,1936,38.82,24.64,0,0,1.24,12.29
105,2014,254,1942,38.58,24.61,0,0,1.22,12.29
105,2014,254,1948,38.34,24.61,0,0,1.197,12.29
105,2014,254,1954,38.13,24.78,0,0,1.171,12.29
105,2014,254,2000,37.91,24.46,0,0,1.145,12.29
105,2014,254,2006,37.72,24.78,0,0,1.127,12.29
105,2014,254,2012,37.53,24.54,0,0,1.121,12.29
105,2014,254,2018,37.35,24.62,0,0,1.12,12.29
105,2014,254,2024,37.21,24.55,0,0,1.12,12.29
105,2014,254,2030,37.07,24.28,0,0,1.12,12.29
105,2014,254,2036,36.93,24.69,0,0,1.12,12.29
105,2014,254,2042,36.81,24.49,0,0,1.118,12.29
105,2014,254,2048,36.72,24.54,0,0,1.11,12.29
105,2014,254,2054,36.62,24.59,0,0,1.098,12.29
105,2014,254,2100,36.53,24.5,0,0,1.083,12.29
105,2014,254,2106,36.44,24.05,0,0,1.063,12.29
105,2014,254,2112,36.36,23.89,0,0,1.04,12.29
105,2014,254,2118,36.28,23.81,0,0,1.016,12.29
105,2014,254,2124,36.2,23.77,0,0,.991,12.29
105,2014,254,2130,36.12,23.71,0,0,.964,12.29
105,2014,254,2136,36.04,23.77,0,0,.938,12.29
105,2014,254,2142,35.95,23.77,0,0,.916,12.29
105,2014,254,2148,35.88,23.73,0,0,.891,12.29
105,2014,254,2154,35.8,23.65,0,0,.865,12.29
105,2014,254,2200,35.74,23.62,0,0,.845,12.29
105,2014,254,2206,35.66,23.59,0,0,.824,12.29
105,2014,254,2212,35.59,23.54,0,0,.805,12.29
105,2014,254,2218,35.51,23.49,0,0,.79,12.29
105,2014,254,2224,35.43,23.47,0,0,.775,12.29
105,2014,254,2230,35.35,23.4,0,0,.761,12.29
105,2014,254,2236,35.28,23.37,0,0,.748,12.29
105,2014,254,2242,35.21,23.31,0,0,.736,12.29
105,2014,254,2248,35.14,23.26,0,0,.723,12.29
105,2014,254,2254,35.08,23.25,0,0,.711,12.29
105,2014,254,2300,35.02,23.24,0,0,.699,12.29
105,2014,254,2306,34.96,23.2,0,0,.688,12.29
105,2014,254,2312,34.89,23.12,0,0,.679,12.29
105,2014,254,2318,34.84,23.03,0,0,.669,12.29
105,2014,254,2324,34.78,22.96,0,0,.66,12.29
105,2014,254,2330,34.73,22.87,0,0,.65,12.29
105,2014,254,2336,34.67,22.78,0,0,.641,12.29
105,2014,254,2342,34.61,22.69,0,0,.631,12.29
105,2014,254,2348,34.54,22.66,0,0,.622,12.29
105,2014,254,2354,34.48,22.6,0,0,.615,12.29
105,2014,255,0,34.41,22.46,0,0,.607,12.29
105,2014,255,6,34.35,22.41,0,0,.6,12.29
105,2014,255,12,34.28,22.35,0,0,.594,12.29
105,2014,255,18,34.22,22.24,0,0,.589,12.29
105,2014,255,24,34.16,22.13,0,0,.581,12.29
105,2014,255,30,34.11,22.11,0,0,.574,12.29
105,2014,255,36,34.04,22.23,0,0,.569,12.29
105,2014,255,42,33.95,22.32,0,0,.564,12.29
105,2014,255,48,33.84,22.17,0,0,.56,12.29
105,2014,255,54,33.73,21.79,0,0,.556,12.29
105,2014,255,100,33.62,21.73,0,0,.551,12.29
105,2014,255,106,33.53,21.73,0,0,.546,12.29
105,2014,255,112,33.46,21.71,0,0,.542,12.29
105,2014,255,118,33.38,21.74,0,0,.537,12.29
105,2014,255,124,33.28,21.48,0,0,.533,12.29
105,2014,255,130,33.19,21.33,0,0,.53,12.29
105,2014,255,136,33.1,21.24,0,0,.526,12.29
105,2014,255,142,33.02,21.19,0,0,.521,12.29
105,2014,255,148,32.94,21.27,0,0,.518,12.29
105,2014,255,154,32.85,20.83,0,0,.516,12.29
105,2014,255,200,32.77,20.5,0,0,.512,12.29
105,2014,255,206,32.69,20.53,0,0,.51,12.29
105,2014,255,212,32.61,20.55,0,0,.505,12.29
105,2014,255,218,32.53,20.35,0,0,.502,12.29
105,2014,255,224,32.44,20.48,0,0,.5,12.29
105,2014,255,230,32.32,20.46,0,0,.498,12.3
105,2014,255,236,32.19,20.22,0,0,.494,12.3
105,2014,255,242,32.07,19.99,0,0,.494,12.29
105,2014,255,248,31.97,19.81,0,0,.49,12.29
105,2014,255,254,31.88,19.8,0,0,.488,12.29
105,2014,255,300,31.8,19.63,0,0,.485,12.29
105,2014,255,306,31.73,19.71,0,0,.482,12.29
105,2014,255,312,31.64,19.72,0,0,.48,12.3
105,2014,255,318,31.54,19.85,0,0,.48,12.3
105,2014,255,324,31.43,19.83,0,0,.478,12.3
105,2014,255,330,31.32,19.87,0,0,.474,12.3
105,2014,255,336,31.2,19.72,0,0,.474,12.3
105,2014,255,342,31.1,19.8,0,0,.47,12.3
105,2014,255,348,31.02,19.69,0,0,.468,12.29
105,2014,255,354,30.95,19.67,0,0,.467,12.29
105,2014,255,400,30.9,19.45,0,0,.465,12.29
105,2014,255,406,30.85,19.32,0,0,.463,12.29
105,2014,255,412,30.82,19.28,0,0,.462,12.29
105,2014,255,418,30.78,19.14,0,0,.462,12.29
105,2014,255,424,30.74,19.08,0,0,.458,12.29
105,2014,255,430,30.69,18.99,0,0,.458,12.29
105,2014,255,436,30.63,18.95,0,0,.456,12.29
105,2014,255,442,30.57,18.75,0,0,.453,12.29
105,2014,255,448,30.51,18.66,0,0,.454,12.29
105,2014,255,454,30.45,18.58,0,0,.452,12.3
105,2014,255,500,30.38,18.41,0,0,.451,12.29
105,2014,255,506,30.3,18.56,0,0,.449,12.29
105,2014,255,512,30.22,18.42,0,0,.449,12.3
105,2014,255,518,30.14,18.32,0,0,.447,12.3
105,2014,255,524,30.07,18.3,0,0,.446,12.3
105,2014,255,530,30,18.39,0,0,.444,12.3
105,2014,255,536,29.91,18.49,0,0,.443,12.3
105,2014,255,542,29.79,18.45,0,0,.442,12.3
105,2014,255,548,29.67,18.38,0,0,.441,12.3
105,2014,255,554,29.56,18.38,0,0,.44,12.3
105,2014,255,600,29.47,18.35,0,0,.438,12.3
105,2014,255,606,29.39,18.52,0,0,.437,12.3
105,2014,255,612,29.28,18.6,0,0,.436,12.3
105,2014,255,618,29.16,18.5,0,0,.435,12.3
105,2014,255,624,29.02,18.48,0,0,.434,12.3
105,2014,255,630,28.87,18.36,0,0,.432,12.3
105,2014,255,636,28.71,18.4,0,0,.432,12.3
105,2014,255,642,28.53,18.29,0,0,.43,12.3
105,2014,255,648,28.36,18.29,0,0,.429,12.3
105,2014,255,654,28.17,18.09,0,0,.429,12.3
105,2014,255,700,27.99,18.04,0,0,.427,12.3
105,2014,255,706,27.83,18.05,0,0,.427,12.3
105,2014,255,712,27.65,18.09,0,0,.426,12.3
105,2014,255,718,27.47,17.99,0,0,.425,12.3
105,2014,255,724,27.3,18.06,0,0,.424,12.3
105,2014,255,730,27.14,18.39,0,0,.422,12.3
105,2014,255,736,26.99,18.69,0,0,.422,12.3
105,2014,255,742,26.87,19.19,0,0,.42,12.3
105,2014,255,748,26.81,19.58,0,0,.419,12.3
105,2014,255,754,26.79,19.43,0,0,.418,12.3
105,2014,255,800,26.76,19.54,0,0,.417,12.3
105,2014,255,806,26.71,19.61,0,0,.416,12.3
105,2014,255,812,26.65,19.44,0,0,.415,12.3
105,2014,255,818,26.55,19.96,0,0,.414,12.3
105,2014,255,824,26.44,20.86,0,0,.414,12.3
105,2014,255,830,26.36,20.71,0,0,.413,12.3
105,2014,255,836,26.34,20.49,0,0,.412,12.3
105,2014,255,842,26.38,20.72,0,0,.41,12.3
105,2014,255,848,26.46,20.26,0,0,.409,12.3
105,2014,255,854,26.56,20.29,0,0,.41,12.3
105,2014,255,900,26.66,21.36,0,0,.408,12.3
105,2014,255,906,26.75,21.58,0,0,.408,12.3
105,2014,255,912,26.85,20.69,0,0,.406,12.3
105,2014,255,918,26.94,21.65,0,0,.405,12.3
105,2014,255,924,27.02,22.34,0,0,.404,12.3
105,2014,255,930,27.12,22.52,0,0,.404,12.3
105,2014,255,936,27.24,23.27,0,0,.402,12.3
105,2014,255,942,27.4,23.11,0,0,.401,12.3
105,2014,255,948,27.59,22.61,0,0,.4,12.3
105,2014,255,954,27.74,23.71,0,0,.4,12.3
105,2014,255,1000,27.9,24.22,0,0,.399,12.29
105,2014,255,1006,28.11,24.62,0,0,.397,12.29
105,2014,255,1012,28.32,24.47,0,0,.397,12.29
105,2014,255,1018,28.54,24.62,0,0,.397,12.29
105,2014,255,1024,28.74,22.84,0,0,.394,12.29
105,2014,255,1030,28.92,23.83,0,0,.395,12.29
105,2014,255,1036,29.11,24.75,0,0,.393,12.29
105,2014,255,1042,29.28,24.69,0,0,.393,12.29
105,2014,255,1048,29.46,23.97,0,0,.391,12.29
105,2014,255,1054,29.62,24.79,0,0,.392,12.29
105,2014,255,1100,29.8,25.41,0,0,.391,12.29
105,2014,255,1106,30.01,25.9,0,0,.391,12.29
105,2014,255,1112,30.25,25.42,0,0,.39,12.29
105,2014,255,1118,30.47,24.93,0,0,.388,12.29
105,2014,255,1124,30.69,24.66,0,0,.389,12.29
105,2014,255,1130,30.9,24.46,0,0,.388,12.29
105,2014,255,1136,31.08,24.82,0,0,.388,12.29
105,2014,255,1142,31.24,25.51,0,0,.387,12.29
105,2014,255,1148,31.38,25.29,0,0,.386,12.29
105,2014,255,1154,31.53,25.34,0,0,.385,12.29
105,2014,255,1200,31.66,25.53,0,0,.385,12.29
105,2014,255,1206,31.79,27.02,0,0,.384,12.29
105,2014,255,1212,31.96,26.88,0,0,.383,12.29
105,2014,255,1218,32.15,25.82,0,0,.383,12.29
105,2014,255,1224,32.34,27.18,0,0,.382,12.29
105,2014,255,1230,32.55,26.72,0,0,.382,12.29
105,2014,255,1236,32.72,27.15,0,0,.381,12.29
105,2014,255,1242,32.88,27.54,0,0,.38,12.29
105,2014,255,1248,33.05,27.6,0,0,.379,12.29
105,2014,255,1254,33.26,27.69,0,0,.379,12.29
105,2014,255,1300,33.46,27.04,0,0,.378,12.29
105,2014,255,1306,33.66,27.85,0,0,.377,12.29
105,2014,255,1312,33.85,28.29,0,0,.377,12.29
105,2014,255,1318,34.04,27.03,0,0,.375,12.29
105,2014,255,1324,34.24,25.9,0,0,.375,12.29
105,2014,255,1330,34.4,24.86,0,0,.375,12.29
105,2014,255,1336,34.49,25.31,0,0,.375,12.29
105,2014,255,1342,34.53,25.74,0,0,.375,12.29
105,2014,255,1348,34.58,25.56,0,0,.374,12.29
105,2014,255,1354,34.63,26.04,0,0,.374,12.29
105,2014,255,1400,34.68,27.47,0,0,.372,12.29
105,2014,255,1406,34.75,27.97,0,0,.372,12.29
105,2014,255,1412,34.85,26.94,0,0,.372,12.29
105,2014,255,1418,34.98,27.88,0,0,.37,12.29
105,2014,255,1424,35.12,28.17,0,0,.37,12.29
105,2014,255,1430,35.26,27.05,0,0,.369,12.29
105,2014,255,1436,35.41,27.89,0,0,.368,12.29
105,2014,255,1442,35.54,27.11,0,0,.367,12.29
105,2014,255,1448,35.63,27.01,0,0,.366,12.29
105,2014,255,1454,35.68,26.24,0,0,.365,12.29
105,2014,255,1500,35.69,26.14,0,0,.366,12.29
105,2014,255,1506,35.7,26.16,0,0,.365,12.29
105,2014,255,1512,35.71,26.66,0,0,.365,12.29
105,2014,255,1518,35.72,26.73,0,0,.363,12.29
105,2014,255,1524,35.76,25.91,0,0,.363,12.29
105,2014,255,1530,35.8,25.48,0,0,.362,12.29
105,2014,255,1536,35.83,25.49,0,0,.363,12.29
105,2014,255,1542,35.84,25.34,0,0,.36,12.29
105,2014,255,1548,35.86,24.81,0,0,.359,12.29
105,2014,255,1554,35.85,24.41,0,0,.36,12.29
105,2014,255,1600,35.83,23.91,0,0,.359,12.29
105,2014,255,1606,35.8,23.62,0,0,.36,12.29
105,2014,255,1612,35.73,23.56,0,0,.359,12.29
105,2014,255,1618,35.64,23.39,0,0,.36,12.29
105,2014,255,1624,35.52,23.25,0,0,.36,12.29
105,2014,255,1630,35.4,23.14,0,0,.36,12.29
105,2014,255,1636,35.27,23.23,0,0,.36,12.29
105,2014,255,1642,35.13,22.99,0,0,.36,12.29
105,2014,255,1648,34.97,22.89,0,0,.36,12.29
105,2014,255,1654,34.82,22.87,0,0,.36,12.29
105,2014,255,1700,34.66,22.83,0,0,.359,12.29
105,2014,255,1706,34.53,22.8,0,0,.358,12.29
105,2014,255,1712,34.39,22.62,0,0,.358,12.29
105,2014,255,1718,34.26,22.57,0,0,.358,12.29
105,2014,255,1724,34.12,22.46,0,0,.358,12.29
105,2014,255,1730,34,22.34,0,0,.358,12.29
105,2014,255,1736,33.87,22.38,0,0,.358,12.29
105,2014,255,1742,33.74,22.35,0,0,.358,12.29
105,2014,255,1748,33.6,22.29,0,0,.357,12.29
105,2014,255,1754,33.48,22.11,0,0,.357,12.29
105,2014,255,1800,33.37,22.11,0,0,.356,12.29
105,2014,255,1806,33.28,21.94,0,0,.356,12.29
105,2014,255,1812,33.18,21.89,0,0,.356,12.29
105,2014,255,1818,33.09,21.74,0,0,.356,12.29
105,2014,255,1824,32.99,21.81,0,0,.356,12.29
105,2014,255,1830,32.9,21.64,0,0,.355,12.29
105,2014,255,1836,32.81,21.77,0,0,.355,12.29
105,2014,255,1842,32.74,21.66,0,0,.355,12.29
105,2014,255,1848,32.65,21.56,0,0,.355,12.29
105,2014,255,1854,32.56,21.49,0,0,.355,12.29
105,2014,255,1900,32.46,21.37,0,0,.354,12.29
105,2014,255,1906,32.36,21.15,0,0,.354,12.29
105,2014,255,1912,32.26,20.94,0,0,.353,12.29
105,2014,255,1918,32.13,20.77,0,0,.353,12.3
105,2014,255,1924,32,20.63,0,0,.352,12.3
105,2014,255,1930,31.86,20.28,0,0,.352,12.3
105,2014,255,1936,31.73,19.71,0,0,.352,12.3
105,2014,255,1942,31.62,19.23,0,0,.352,12.29
105,2014,255,1948,31.51,19.17,0,0,.352,12.29
105,2014,255,1954,31.42,19.32,0,0,.352,12.29
105,2014,255,2000,31.32,19.06,0,0,.35,12.29
105,2014,255,2006,31.21,19.08,0,0,.351,12.29
105,2014,255,2012,31.1,18.98,0,0,.351,12.29
105,2014,255,2018,31,18.73,0,0,.351,12.29
105,2014,255,2024,30.89,18.33,0,0,.349,12.29
105,2014,255,2030,30.78,18.17,0,0,.35,12.29
105,2014,255,2036,30.67,18.12,0,0,.35,12.29
105,2014,255,2042,30.58,18.1,0,0,.349,12.29
105,2014,255,2048,30.47,18.02,0,0,.35,12.3
105,2014,255,2054,30.37,18.01,0,0,.349,12.3
105,2014,255,2100,30.28,18.06,0,0,.35,12.3
105,2014,255,2106,30.19,18.32,0,0,.347,12.3
105,2014,255,2112,30.12,18.24,0,0,.347,12.3
105,2014,255,2118,30.06,18.21,0,0,.347,12.29
105,2014,255,2124,30,18.19,0,0,.347,12.29
105,2014,255,2130,29.94,18.3,0,0,.347,12.29
105,2014,255,2136,29.89,18.33,0,0,.347,12.29
105,2014,255,2142,29.85,18.23,0,0,.346,12.29
105,2014,255,2148,29.81,18.41,0,0,.347,12.29
105,2014,255,2154,29.78,18.17,0,0,.345,12.29
105,2014,255,2200,29.75,18.19,0,0,.345,12.29
105,2014,255,2206,29.73,18.11,0,0,.345,12.29
105,2014,255,2212,29.71,18.01,0,0,.345,12.29
105,2014,255,2218,29.68,17.97,0,0,.345,12.3
105,2014,255,2224,29.65,17.92,0,0,.345,12.3
105,2014,255,2230,29.62,18.07,0,0,.345,12.3
105,2014,255,2236,29.59,18.08,0,0,.345,12.3
105,2014,255,2242,29.56,17.96,0,0,.345,12.3
105,2014,255,2248,29.53,17.9,0,0,.344,12.3
105,2014,255,2254,29.5,17.9,0,0,.344,12.3
105,2014,255,2300,29.47,17.88,0,0,.344,12.3
105,2014,255,2306,29.44,17.85,0,0,.344,12.3
105,2014,255,2312,29.41,17.89,0,0,.344,12.3
105,2014,255,2318,29.39,18.01,0,0,.344,12.3
105,2014,255,2324,29.37,17.9,0,0,.344,12.3
105,2014,255,2330,29.35,17.79,0,0,.344,12.3
105,2014,255,2336,29.33,18.08,0,0,.343,12.3
105,2014,255,2342,29.31,17.91,0,0,.342,12.3
105,2014,255,2348,29.29,17.79,0,0,.342,12.3
105,2014,255,2354,29.27,17.72,0,0,.341,12.3
105,2014,256,0,29.25,17.67,0,0,.342,12.3
105,2014,256,6,29.22,17.69,0,0,.342,12.3
105,2014,256,12,29.2,17.66,0,0,.342,12.3
105,2014,256,18,29.18,17.62,0,0,.341,12.29
105,2014,256,24,29.15,17.53,0,0,.342,12.29
105,2014,256,30,29.11,17.55,0,0,.341,12.29
105,2014,256,36,29.08,17.62,0,0,.341,12.3
105,2014,256,42,29.03,17.58,0,0,.34,12.29
105,2014,256,48,29,17.52,0,0,.34,12.3
105,2014,256,54,28.96,17.32,0,0,.34,12.3
105,2014,256,100,28.93,17.37,0,0,.339,12.3
105,2014,256,106,28.9,17.41,0,0,.34,12.3
105,2014,256,112,28.87,17.3,0,0,.34,12.3
105,2014,256,118,28.85,17.25,0,0,.34,12.3
105,2014,256,124,28.82,17.37,0,0,.339,12.3
105,2014,256,130,28.79,17.4,0,0,.339,12.3
105,2014,256,136,28.77,17.74,0,0,.34,12.3
105,2014,256,142,28.75,17.53,0,0,.339,12.3
105,2014,256,148,28.74,17.38,0,0,.339,12.3
105,2014,256,154,28.73,17.48,0,0,.338,12.3
105,2014,256,200,28.73,17.59,0,0,.339,12.3
105,2014,256,206,28.73,17.45,0,0,.338,12.3
105,2014,256,212,28.73,17.27,0,0,.338,12.3
105,2014,256,218,28.73,17.27,0,0,.338,12.3
105,2014,256,224,28.73,17.24,0,0,.339,12.3
105,2014,256,230,28.73,17.24,0,0,.339,12.3
105,2014,256,236,28.71,17.24,0,0,.338,12.3
105,2014,256,242,28.71,17.21,0,0,.336,12.3
105,2014,256,248,28.71,17.54,0,0,.337,12.3
105,2014,256,254,28.7,17.6,0,0,.336,12.3
105,2014,256,300,28.69,17.37,0,0,.336,12.3
105,2014,256,306,28.68,17.05,0,0,.336,12.3
105,2014,256,312,28.67,16.92,0,0,.337,12.3
105,2014,256,318,28.65,16.86,0,0,.336,12.3
105,2014,256,324,28.63,16.89,0,0,.336,12.3
105,2014,256,330,28.61,16.95,0,0,.336,12.3
105,2014,256,336,28.58,16.94,0,0,.336,12.3
105,2014,256,342,28.56,17.3,0,0,.336,12.3
105,2014,256,348,28.55,17.49,0,0,.335,12.3
105,2014,256,354,28.54,17.34,0,0,.336,12.3
105,2014,256,400,28.52,17.04,0,0,.335,12.3
105,2014,256,406,28.52,16.86,0,0,.335,12.3
105,2014,256,412,28.52,16.95,0,0,.335,12.3
105,2014,256,418,28.51,17.2,0,0,.335,12.3
105,2014,256,424,28.49,16.92,0,0,.334,12.3
105,2014,256,430,28.47,16.76,0,0,.335,12.3
105,2014,256,436,28.46,16.68,0,0,.335,12.3
105,2014,256,442,28.43,16.93,0,0,.333,12.3
105,2014,256,448,28.4,17.03,0,0,.333,12.3
105,2014,256,454,28.38,16.87,0,0,.333,12.3
105,2014,256,500,28.35,16.95,0,0,.334,12.3
105,2014,256,506,28.33,16.92,0,0,.333,12.3
105,2014,256,512,28.32,16.98,0,0,.333,12.3
105,2014,256,518,28.32,16.92,0,0,.333,12.3
105,2014,256,524,28.32,16.93,0,0,.333,12.3
105,2014,256,530,28.32,16.97,0,0,.333,12.3
105,2014,256,536,28.31,17.1,0,0,.333,12.3
105,2014,256,542,28.31,17.06,0,0,.333,12.3
105,2014,256,548,28.32,17.03,0,0,.332,12.3
105,2014,256,554,28.32,16.97,0,0,.331,12.3
105,2014,256,600,28.33,16.96,0,0,.331,12.3
105,2014,256,606,28.34,16.95,0,0,.331,12.3
105,2014,256,612,28.35,17.09,0,0,.331,12.3
105,2014,256,618,28.35,17.25,0,0,.331,12.3
105,2014,256,624,28.36,17.32,0,0,.331,12.3
105,2014,256,630,28.36,17.25,0,0,.331,12.3
105,2014,256,636,28.37,17.35,0,0,.331,12.3
105,2014,256,642,28.38,17.42,0,0,.331,12.3
105,2014,256,648,28.39,17.26,0,0,.33,12.3
105,2014,256,654,28.41,17.33,0,0,.33,12.3
105,2014,256,700,28.42,17.56,0,0,.33,12.3
105,2014,256,706,28.44,17.49,0,0,.33,12.3
105,2014,256,712,28.46,17.54,0,0,.33,12.3
105,2014,256,718,28.48,17.65,0,0,.33,12.3
105,2014,256,724,28.49,17.75,0,0,.33,12.3
105,2014,256,730,28.52,18.37,0,0,.33,12.3
105,2014,256,736,28.54,18.19,0,0,.33,12.3
105,2014,256,742,28.58,17.99,0,0,.33,12.3
105,2014,256,748,28.62,18.72,0,0,.328,12.3
105,2014,256,754,28.66,19.33,0,0,.328,12.3
105,2014,256,800,28.71,18.65,0,0,.328,12.3
105,2014,256,806,28.76,18.86,0,0,.328,12.3
105,2014,256,812,28.82,18.64,0,0,.328,12.3
105,2014,256,818,28.89,19.2,0,0,.328,12.3
105,2014,256,824,28.95,19.61,0,0,.329,12.3
105,2014,256,830,29.02,19.68,0,0,.338,12.3
105,2014,256,836,29.08,19.88,0,0,.349,12.3
105,2014,256,842,29.14,19.93,0,0,.363,12.3
105,2014,256,848,29.21,20.11,0,0,.382,12.29
105,2014,256,854,29.28,20.34,0,0,.407,12.29
105,2014,256,900,29.36,20.38,0,0,.433,12.29
105,2014,256,906,29.45,20.64,0,0,.456,12.29
105,2014,256,912,29.54,21.02,0,0,.478,12.29
105,2014,256,918,29.65,21.15,0,0,.497,12.29
105,2014,256,924,29.77,21.23,0,0,.517,12.29
105,2014,256,930,29.89,21.43,0,0,.537,12.29
105,2014,256,936,30,21.84,0,0,.556,12.29
105,2014,256,942,30.14,22.16,0,0,.569,12.29
105,2014,256,948,30.28,22.14,0,0,.578,12.29
105,2014,256,954,30.43,21.78,0,0,.585,12.29
105,2014,256,1000,30.57,21.68,0,0,.586,12.29
105,2014,256,1006,30.71,21.84,0,0,.586,12.29
105,2014,256,1012,30.82,22.2,0,0,.587,12.29
105,2014,256,1018,30.94,23.24,0,0,.587,12.29
105,2014,256,1024,31.07,23.68,0,0,.586,12.29
105,2014,256,1030,31.21,23.39,0,0,.586,12.29
105,2014,256,1036,31.36,22.94,0,0,.582,12.29
105,2014,256,1042,31.52,22.68,0,0,.579,12.29
105,2014,256,1048,31.68,22.28,0,0,.575,12.29
105,2014,256,1054,31.83,22.45,0,0,.571,12.29
105,2014,256,1100,31.95,22.46,0,0,.566,12.29
105,2014,256,1106,32.06,22.54,0,0,.561,12.29
105,2014,256,1112,32.14,22.36,0,0,.558,12.29
105,2014,256,1118,32.23,22.26,0,0,.553,12.29
105,2014,256,1124,32.3,22.42,0,0,.55,12.29
105,2014,256,1130,32.36,22.28,0,0,.547,12.29
105,2014,256,1136,32.41,22.43,0,0,.541,12.29
105,2014,256,1142,32.47,22.79,0,0,.538,12.29
105,2014,256,1148,32.52,22.52,0,0,.534,12.29
105,2014,256,1154,32.57,22.01,0,0,.529,12.29
105,2014,256,1200,32.62,22.37,0,0,.525,12.29
105,2014,256,1206,32.65,22.28,0,0,.522,12.29
105,2014,256,1212,32.69,21.75,0,0,.519,12.29
105,2014,256,1218,32.72,21.87,0,0,.515,12.29
105,2014,256,1224,32.75,21.42,0,0,.511,12.29
105,2014,256,1230,32.76,21.27,0,0,.508,12.29
105,2014,256,1236,32.77,20.87,0,0,.506,12.29
105,2014,256,1242,32.75,20.82,0,0,.503,12.29
105,2014,256,1248,32.74,21.02,0,0,.501,12.29
105,2014,256,1254,32.71,21.29,0,0,.498,12.29
105,2014,256,1300,32.67,21.33,0,0,.495,12.29
105,2014,256,1306,32.63,21.64,0,0,.491,12.29
105,2014,256,1312,32.59,21.35,0,0,.488,12.29
105,2014,256,1318,32.55,21.85,0,0,.485,12.29
105,2014,256,1324,32.52,21.16,0,0,.484,12.29
105,2014,256,1330,32.49,21.31,0,0,.481,12.29
105,2014,256,1336,32.47,21.36,0,0,.48,12.29
105,2014,256,1342,32.47,21.5,0,0,.476,12.29
105,2014,256,1348,32.47,21.52,0,0,.474,12.29
105,2014,256,1354,32.46,21.64,0,0,.473,12.29
105,2014,256,1400,32.46,21.41,0,0,.47,12.29
105,2014,256,1406,32.45,21.2,0,0,.468,12.29
105,2014,256,1412,32.45,21.26,0,0,.466,12.29
105,2014,256,1418,32.44,21.04,0,0,.465,12.29
105,2014,256,1424,32.41,21.19,0,0,.463,12.29
105,2014,256,1430,32.39,21.01,0,0,.464,12.29
105,2014,256,1436,32.35,20.98,0,0,.462,12.29
105,2014,256,1442,32.32,21.18,0,0,.46,12.29
105,2014,256,1448,32.28,21.53,0,0,.457,12.29
105,2014,256,1454,32.24,21.72,0,0,.451,12.29
105,2014,256,1500,32.21,21.39,0,0,.455,12.29
105,2014,256,1506,32.18,21.05,0,0,.458,12.29
105,2014,256,1512,32.16,20.93,0,0,.455,12.29
105,2014,256,1518,32.13,20.93,0,0,.455,12.29
105,2014,256,1524,32.1,20.83,0,0,.455,12.29
105,2014,256,1530,32.06,20.8,0,0,.455,12.29
105,2014,256,1536,32.01,21.01,0,0,.457,12.29
105,2014,256,1542,31.95,20.92,0,0,.455,12.29
105,2014,256,1548,31.9,21.54,0,0,.453,12.29
105,2014,256,1554,31.86,21.37,0,0,.453,12.29
105,2014,256,1600,31.84,21.45,0,0,.45,12.29
105,2014,256,1606,31.82,21.24,0,0,.449,12.29
105,2014,256,1612,31.8,21.42,0,0,.453,12.29
105,2014,256,1618,31.79,21.19,0,0,.446,12.29
105,2014,256,1624,31.79,20.83,0,0,.445,12.29
105,2014,256,1630,31.8,20.67,0,0,.444,12.29
105,2014,256,1636,31.8,20.67,0,0,.446,12.29
105,2014,256,1642,31.79,20.51,0,0,.441,12.29
105,2014,256,1648,31.78,20.19,0,0,.438,12.29
105,2014,256,1654,31.76,20.26,0,0,.439,12.29
105,2014,256,1700,31.73,20.51,0,0,.435,12.29
105,2014,256,1706,31.71,20.44,0,0,.435,12.29
105,2014,256,1712,31.68,20.19,0,0,.434,12.29
105,2014,256,1718,31.65,19.81,0,0,.434,12.3
105,2014,256,1724,31.61,19.69,0,0,.43,12.29
105,2014,256,1730,31.58,19.58,0,0,.43,12.29
105,2014,256,1736,31.53,19.92,0,0,.43,12.3
105,2014,256,1742,31.48,19.75,0,0,.428,12.3
105,2014,256,1748,31.42,19.88,0,0,.427,12.3
105,2014,256,1754,31.37,19.7,0,0,.426,12.29
105,2014,256,1800,31.32,19.58,0,0,.427,12.29
105,2014,256,1806,31.28,19.52,0,0,.422,12.3
105,2014,256,1812,31.21,19.48,0,0,.421,12.3
105,2014,256,1818,31.12,19.43,0,0,.42,12.3
105,2014,256,1824,30.99,19.37,0,0,.42,12.3
105,2014,256,1830,30.81,19.16,0,0,.42,12.3
105,2014,256,1836,30.61,18.97,0,0,.418,12.3
105,2014,256,1842,30.38,18.8,0,0,.418,12.3
105,2014,256,1848,30.14,18.58,0,0,.418,12.3
105,2014,256,1854,29.91,18.34,0,0,.418,12.3
105,2014,256,1900,29.7,18.26,0,0,.416,12.3
105,2014,256,1906,29.53,18.1,0,0,.416,12.3
105,2014,256,1912,29.41,17.79,0,0,.415,12.3
105,2014,256,1918,29.31,17.56,0,0,.414,12.3
105,2014,256,1924,29.21,17.37,0,0,.414,12.3
105,2014,256,1930,29.12,17.42,0,0,.415,12.3
105,2014,256,1936,29.04,17.12,0,0,.413,12.3
105,2014,256,1942,28.96,17.16,0,0,.411,12.3
105,2014,256,1948,28.88,16.97,0,0,.413,12.3
105,2014,256,1954,28.81,16.88,0,0,.413,12.3
105,2014,256,2000,28.73,16.87,0,0,.412,12.3
105,2014,256,2006,28.65,16.76,0,0,.414,12.3
105,2014,256,2012,28.57,16.72,0,0,.413,12.3
105,2014,256,2018,28.49,16.81,0,0,.412,12.3
105,2014,256,2024,28.41,16.68,0,0,.408,12.3
105,2014,256,2030,28.34,16.7,0,0,.418,12.3
105,2014,256,2036,28.26,16.66,0,0,.42,12.3
105,2014,256,2042,28.19,16.32,0,0,.43,12.3
105,2014,256,2048,28.11,16.4,0,0,.44,12.3
105,2014,256,2054,28.04,16.35,0,0,.452,12.3
105,2014,256,2100,27.97,16.35,0,0,.466,12.3
105,2014,256,2106,27.89,16.19,0,0,.482,12.3
105,2014,256,2112,27.82,16.01,0,0,.497,12.3
105,2014,256,2118,27.74,16.02,0,0,.512,12.3
105,2014,256,2124,27.66,16.14,0,0,.527,12.3
105,2014,256,2130,27.57,15.88,0,0,.542,12.3
105,2014,256,2136,27.49,15.72,0,0,.552,12.3
105,2014,256,2142,27.41,15.6,0,0,.564,12.3
105,2014,256,2148,27.33,15.67,0,0,.574,12.3
105,2014,256,2154,27.25,15.67,0,0,.585,12.3
105,2014,256,2200,27.18,15.68,0,0,.593,12.3
105,2014,256,2206,27.11,15.57,0,0,.597,12.3
105,2014,256,2212,27.04,15.48,0,0,.6,12.3
105,2014,256,2218,26.97,15.43,0,0,.6,12.3
105,2014,256,2224,26.9,15.42,0,0,.6,12.3
105,2014,256,2230,26.83,15.29,0,0,.6,12.3
105,2014,256,2236,26.77,15.32,0,0,.6,12.3
105,2014,256,2242,26.7,15.23,0,0,.599,12.3
105,2014,256,2248,26.63,15.29,0,0,.594,12.3
105,2014,256,2254,26.57,15.21,0,0,.59,12.3
105,2014,256,2300,26.5,15.09,0,0,.584,12.3
105,2014,256,2306,26.44,15.03,0,0,.579,12.3
105,2014,256,2312,26.38,15.1,0,0,.575,12.3
105,2014,256,2318,26.33,15.02,0,0,.57,12.3
105,2014,256,2324,26.27,14.99,0,0,.567,12.3
105,2014,256,2330,26.21,14.89,0,0,.561,12.3
105,2014,256,2336,26.16,14.93,0,0,.556,12.3
105,2014,256,2342,26.1,14.92,0,0,.552,12.3
105,2014,256,2348,26.05,14.89,0,0,.548,12.3
105,2014,256,2354,26,14.9,0,0,.544,12.3
105,2014,257,0,25.94,14.83,0,0,.54,12.3
105,2014,257,6,25.89,14.74,0,0,.536,12.3
105,2014,257,12,25.85,14.67,0,0,.531,12.3
105,2014,257,18,25.8,14.7,0,0,.527,12.3
105,2014,257,24,25.75,14.7,0,0,.524,12.3
105,2014,257,30,25.71,14.57,0,0,.521,12.3
105,2014,257,36,25.67,14.57,0,0,.516,12.3
105,2014,257,42,25.63,14.6,0,0,.513,12.3
105,2014,257,48,25.59,14.44,0,0,.509,12.3
105,2014,257,54,25.55,14.4,0,0,.507,12.3
105,2014,257,100,25.51,14.32,0,0,.505,12.3
105,2014,257,106,25.47,14.34,0,0,.503,12.3
105,2014,257,112,25.42,14.21,0,0,.5,12.3
105,2014,257,118,25.38,14.23,0,0,.495,12.3
105,2014,257,124,25.33,14.24,0,0,.493,12.3
105,2014,257,130,25.28,14.23,0,0,.49,12.3
105,2014,257,136,25.23,14.22,0,0,.487,12.3
105,2014,257,142,25.17,14.16,0,0,.487,12.3
105,2014,257,148,25.12,14.11,0,0,.483,12.3
105,2014,257,154,25.06,13.94,0,0,.48,12.3
105,2014,257,200,25.01,13.91,0,0,.481,12.3
105,2014,257,206,24.95,13.87,0,0,.475,12.3
105,2014,257,212,24.9,13.82,0,0,.461,12.3
105,2014,257,218,24.85,13.72,0,0,.473,12.3
105,2014,257,224,24.8,13.74,0,0,.467,12.3
105,2014,257,230,24.75,13.77,0,0,.469,12.3
105,2014,257,236,24.7,13.59,0,0,.466,12.3
105,2014,257,242,24.65,13.51,0,0,.464,12.3
105,2014,257,248,24.6,13.43,0,0,.463,12.3
105,2014,257,254,24.55,13.34,0,0,.464,12.3
105,2014,257,300,24.5,13.19,0,0,.465,12.3
105,2014,257,306,24.44,13.16,0,0,.458,12.3
105,2014,257,312,24.39,13.09,0,0,.453,12.3
105,2014,257,318,24.33,13.07,0,0,.453,12.3
105,2014,257,324,24.28,13.03,0,0,.46,12.3
105,2014,257,330,24.22,12.96,0,0,.456,12.3
105,2014,257,336,24.16,12.98,0,0,.452,12.3
105,2014,257,342,24.1,12.85,0,0,.451,12.3
105,2014,257,348,24.04,12.94,0,0,.449,12.3
105,2014,257,354,23.98,12.82,0,0,.448,12.3
105,2014,257,400,23.92,12.81,0,0,.449,12.3
105,2014,257,406,23.86,12.72,0,0,.448,12.3
105,2014,257,412,23.8,12.58,0,0,.445,12.3
105,2014,257,418,23.74,12.62,0,0,.445,12.3
105,2014,257,424,23.67,12.54,0,0,.443,12.3
105,2014,257,430,23.61,12.44,0,0,.442,12.3
105,2014,257,436,23.55,12.38,0,0,.44,12.3
105,2014,257,442,23.49,12.27,0,0,.441,12.3
105,2014,257,448,23.44,12.2,0,0,.438,12.3
105,2014,257,454,23.38,12.17,0,0,.437,12.3
105,2014,257,500,23.32,12.11,0,0,.435,12.3
105,2014,257,506,23.26,12.1,0,0,.435,12.3
105,2014,257,512,23.21,12.02,0,0,.427,12.3
105,2014,257,518,23.15,12.02,0,0,.433,12.3
105,2014,257,524,23.1,11.95,0,0,.431,12.3
105,2014,257,530,23.04,11.96,0,0,.43,12.3
105,2014,257,536,22.98,11.85,0,0,.43,12.3
105,2014,257,542,22.93,11.71,0,0,.431,12.3
105,2014,257,548,22.87,11.66,0,0,.425,12.3
105,2014,257,554,22.82,11.6,0,0,.425,12.3
105,2014,257,600,22.76,11.58,0,0,.421,12.3
105,2014,257,606,22.71,11.48,0,0,.424,12.3
105,2014,257,612,22.66,11.41,0,0,.422,12.3
105,2014,257,618,22.6,11.41,0,0,.422,12.3
105,2014,257,624,22.55,11.37,0,0,.422,12.3
105,2014,257,630,22.5,11.22,0,0,.421,12.3
105,2014,257,636,22.45,11.22,0,0,.42,12.3
105,2014,257,642,22.4,11.11,0,0,.418,12.3
105,2014,257,648,22.35,11.12,0,0,.418,12.3
105,2014,257,654,22.3,11.14,0,0,.417,12.3
105,2014,257,700,22.25,11.22,0,0,.413,12.3
105,2014,257,706,22.2,11.23,0,0,.416,12.3
105,2014,257,712,22.15,11.21,0,0,.426,12.3
105,2014,257,718,22.11,11.31,0,0,.413,12.3
105,2014,257,724,22.07,11.3,0,0,.413,12.3
105,2014,257,730,22.04,11.47,0,0,.412,12.3
105,2014,257,736,22.01,11.99,0,0,.412,12.3
105,2014,257,742,22,12.67,0,0,.411,12.3
105,2014,257,748,22.01,13.03,0,0,.411,12.3
105,2014,257,754,22.05,13.45,0,0,.408,12.3
105,2014,257,800,22.11,14,0,0,.408,12.3
105,2014,257,806,22.21,14.4,0,0,.409,12.3
105,2014,257,812,22.34,15.37,0,0,.405,12.3
105,2014,257,818,22.49,15.66,0,0,.405,12.3
105,2014,257,824,22.67,16.28,0,0,.403,12.3
105,2014,257,830,22.87,16.62,0,0,.398,12.3
105,2014,257,836,23.08,16.23,0,0,.401,12.3
105,2014,257,842,23.3,16.95,0,0,.401,12.3
105,2014,257,848,23.53,17.1,0,0,.4,12.3
105,2014,257,854,23.74,17.13,0,0,.399,12.3
105,2014,257,900,23.93,17.45,0,0,.398,12.3
105,2014,257,906,24.14,17.82,0,0,.397,12.3
105,2014,257,912,24.34,18.47,0,0,.397,12.3
105,2014,257,918,24.5,18.18,0,0,.395,12.3
105,2014,257,924,24.66,19.38,0,0,.393,12.3
105,2014,257,930,24.82,19.36,0,0,.392,12.3
105,2014,257,936,24.99,19.88,0,0,.392,12.3
105,2014,257,942,25.19,19.24,0,0,.39,12.3
105,2014,257,948,25.39,18.34,0,0,.39,12.3
105,2014,257,954,25.55,19.12,0,0,.39,12.3
105,2014,257,1000,25.69,19.57,0,0,.389,12.3
105,2014,257,1006,25.81,19.69,0,0,.388,12.3
105,2014,257,1012,25.98,19.46,0,0,.388,12.3
105,2014,257,1018,26.12,18.73,0,0,.386,12.3
105,2014,257,1024,26.21,20.28,0,0,.386,12.3
105,2014,257,1030,26.32,19.29,0,0,.386,12.3
105,2014,257,1036,26.44,19.68,0,0,.385,12.3
105,2014,257,1042,26.54,18.67,0,0,.386,12.3
105,2014,257,1048,26.63,20.15,0,0,.385,12.3
105,2014,257,1054,26.7,20.23,0,0,.383,12.3
105,2014,257,1100,26.76,19.7,0,0,.382,12.3
105,2014,257,1106,26.8,20.85,0,0,.382,12.3
105,2014,257,1112,26.86,21.34,0,0,.379,12.3
105,2014,257,1118,26.95,22.06,0,0,.38,12.3
105,2014,257,1124,27.09,21.91,0,0,.379,12.3
105,2014,257,1130,27.26,22.35,0,0,.378,12.3
105,2014,257,1136,27.46,22.14,0,0,.378,12.29
105,2014,257,1142,27.66,22.62,0,0,.378,12.29
105,2014,257,1148,27.88,23.34,0,0,.377,12.29
105,2014,257,1154,28.13,22.8,0,0,.376,12.29
105,2014,257,1200,28.37,22.47,0,0,.376,12.29
105,2014,257,1206,28.61,23.51,0,0,.375,12.29
105,2014,257,1212,28.84,23.56,0,0,.374,12.29
105,2014,257,1218,29.09,24.19,0,0,.373,12.29
105,2014,257,1224,29.37,23.55,0,0,.373,12.29
105,2014,257,1230,29.66,23.75,0,0,.372,12.29
105,2014,257,1236,29.96,21.76,0,0,.373,12.29
105,2014,257,1242,30.25,21.64,0,0,.372,12.29
105,2014,257,1248,30.46,22.54,0,0,.371,12.29
105,2014,257,1254,30.62,23.95,0,0,.37,12.29
105,2014,257,1300,30.8,22.32,0,0,.37,12.29
105,2014,257,1306,30.98,20.74,0,0,.368,12.29
105,2014,257,1312,31.11,21.93,0,0,.368,12.29
105,2014,257,1318,31.22,22.06,0,0,.368,12.29
105,2014,257,1324,31.32,21.47,0,0,.368,12.29
105,2014,257,1330,31.4,21.09,0,0,.367,12.3
105,2014,257,1336,31.46,21.7,0,0,.366,12.29
105,2014,257,1342,31.52,22.5,0,0,.366,12.29
105,2014,257,1348,31.58,21.27,0,0,.366,12.29
105,2014,257,1354,31.63,20.68,0,0,.366,12.3
105,2014,257,1400,31.65,22.48,0,0,.364,12.3
105,2014,257,1406,31.65,22.53,0,0,.363,12.29
105,2014,257,1412,31.69,23.09,0,0,.363,12.29
105,2014,257,1418,31.76,22.51,0,0,.364,12.29
105,2014,257,1424,31.85,22.34,0,0,.363,12.29
105,2014,257,1430,31.95,22.87,0,0,.361,12.29
105,2014,257,1436,32.05,23.07,0,0,.361,12.29
105,2014,257,1442,32.15,23.22,0,0,.361,12.29
105,2014,257,1448,32.26,24.93,0,0,.359,12.29
105,2014,257,1454,32.38,23.62,0,0,.359,12.29
105,2014,257,1500,32.51,21.85,0,0,.359,12.29
105,2014,257,1506,32.62,22.42,0,0,.358,12.29
105,2014,257,1512,32.68,21.27,0,0,.36,12.29
105,2014,257,1518,32.72,20.61,0,0,.358,12.29
105,2014,257,1524,32.74,19.84,0,0,.358,12.29
105,2014,257,1530,32.73,21.17,0,0,.358,12.29
105,2014,257,1536,32.72,20.36,0,0,.356,12.29
105,2014,257,1542,32.69,20.12,0,0,.355,12.3
105,2014,257,1548,32.63,19.86,0,0,.355,12.3
105,2014,257,1554,32.56,19.84,0,0,.355,12.3
105,2014,257,1600,32.49,19.66,0,0,.355,12.3
105,2014,257,1606,32.39,19.98,0,0,.356,12.3
105,2014,257,1612,32.28,19.76,0,0,.355,12.3
105,2014,257,1618,32.18,19.86,0,0,.356,12.3
105,2014,257,1624,32.08,19.95,0,0,.355,12.3
105,2014,257,1630,31.96,19.66,0,0,.355,12.3
105,2014,257,1636,31.86,20.08,0,0,.355,12.3
105,2014,257,1642,31.76,19.97,0,0,.355,12.3
105,2014,257,1648,31.68,19.86,0,0,.355,12.3
105,2014,257,1654,31.59,19.41,0,0,.354,12.3
105,2014,257,1700,31.52,19.72,0,0,.354,12.3
105,2014,257,1706,31.44,19.46,0,0,.354,12.3
105,2014,257,1712,31.37,19.46,0,0,.354,12.3
105,2014,257,1718,31.29,19.32,0,0,.352,12.3
105,2014,257,1724,31.21,19.3,0,0,.352,12.3
105,2014,257,1730,31.13,19.11,0,0,.353,12.3
105,2014,257,1736,31.05,18.88,0,0,.352,12.29
105,2014,257,1742,30.97,18.97,0,0,.352,12.29
105,2014,257,1748,30.89,18.33,0,0,.352,12.3
105,2014,257,1754,30.8,17.78,0,0,.352,12.3
105,2014,257,1800,30.7,17.45,0,0,.352,12.3
105,2014,257,1806,30.58,17.75,0,0,.352,12.3
105,2014,257,1812,30.47,17.37,0,0,.352,12.3
105,2014,257,1818,30.36,17.91,0,0,.351,12.3
105,2014,257,1824,30.26,17.56,0,0,.35,12.3
105,2014,257,1830,30.16,17.45,0,0,.349,12.3
105,2014,257,1836,30.05,17.42,0,0,.35,12.3
105,2014,257,1842,29.95,17.8,0,0,.35,12.3
105,2014,257,1848,29.85,17.34,0,0,.349,12.3
105,2014,257,1854,29.75,17.35,0,0,.353,12.3
105,2014,257,1900,29.66,17.34,0,0,.343,12.3
105,2014,257,1906,29.57,17.17,0,0,.35,12.3
105,2014,257,1912,29.47,16.68,0,0,.349,12.3
105,2014,257,1918,29.37,16.89,0,0,.349,12.3
105,2014,257,1924,29.26,16.38,0,0,.349,12.3
105,2014,257,1930,29.15,16.05,0,0,.348,12.3
105,2014,257,1936,29.04,15.57,0,0,.349,12.3
105,2014,257,1942,28.92,15.47,0,0,.347,12.3
105,2014,257,1948,28.79,15.73,0,0,.348,12.3
105,2014,257,1954,28.64,15.27,0,0,.348,12.3
105,2014,257,2000,28.49,15.04,0,0,.348,12.3
105,2014,257,2006,28.34,15.03,0,0,.348,12.3
105,2014,257,2012,28.18,14.6,0,0,.347,12.3
105,2014,257,2018,28.03,14.72,0,0,.347,12.3
105,2014,257,2024,27.88,14.59,0,0,.347,12.3
105,2014,257,2030,27.72,14.48,0,0,.347,12.3
105,2014,257,2036,27.55,14.52,0,0,.346,12.3
105,2014,257,2042,27.4,14.55,0,0,.345,12.3
105,2014,257,2048,27.25,14.48,0,0,.345,12.3
105,2014,257,2054,27.1,14.32,0,0,.345,12.3
105,2014,257,2100,26.95,14.37,0,0,.345,12.3
105,2014,257,2106,26.8,14.13,0,0,.345,12.3
105,2014,257,2112,26.65,14.05,0,0,.345,12.3
105,2014,257,2118,26.51,13.86,0,0,.345,12.3
105,2014,257,2124,26.37,13.7,0,0,.345,12.3
105,2014,257,2130,26.24,13.58,0,0,.345,12.3
105,2014,257,2136,26.12,13.72,0,0,.345,12.3
105,2014,257,2142,25.99,13.68,0,0,.345,12.3
105,2014,257,2148,25.87,13.5,0,0,.345,12.3
105,2014,257,2154,25.76,13.41,0,0,.35,12.3
105,2014,257,2200,25.65,13.37,0,0,.361,12.3
105,2014,257,2206,25.55,13.31,0,0,.375,12.3
105,2014,257,2212,25.45,13.23,0,0,.393,12.3
105,2014,257,2218,25.35,13.49,0,0,.417,12.3
105,2014,257,2224,25.25,13.17,0,0,.446,12.3
105,2014,257,2230,25.16,13.09,0,0,.475,12.3
105,2014,257,2236,25.07,13.23,0,0,.503,12.3
105,2014,257,2242,24.98,13.3,0,0,.532,12.3
105,2014,257,2248,24.9,13.26,0,0,.557,12.3
105,2014,257,2254,24.82,13.29,0,0,.584,12.3
105,2014,257,2300,24.75,13,0,0,.614,12.3
105,2014,257,2306,24.69,12.92,0,0,.644,12.3
105,2014,257,2312,24.63,12.99,0,0,.669,12.3
105,2014,257,2318,24.57,13.04,0,0,.69,12.3
105,2014,257,2324,24.51,12.92,0,0,.71,12.3
105,2014,257,2330,24.45,12.76,0,0,.724,12.3
105,2014,257,2336,24.4,12.82,0,0,.733,12.3
105,2014,257,2342,24.34,12.84,0,0,.736,12.3
105,2014,257,2348,24.29,12.72,0,0,.737,12.3
105,2014,257,2354,24.24,12.5,0,0,.737,12.3
105,2014,258,0,24.19,12.52,0,0,.738,12.3
105,2014,258,6,24.14,12.53,0,0,.737,12.3
105,2014,258,12,24.1,12.38,0,0,.733,12.3
105,2014,258,18,24.06,12.46,0,0,.726,12.3
105,2014,258,24,24.02,12.32,0,0,.719,12.3
105,2014,258,30,23.98,12.23,0,0,.713,12.3
105,2014,258,36,23.93,12.13,0,0,.705,12.3
105,2014,258,42,23.89,12.06,0,0,.696,12.3
105,2014,258,48,23.84,12.02,0,0,.69,12.3
105,2014,258,54,23.79,11.93,0,0,.681,12.3
105,2014,258,100,23.74,11.91,0,0,.673,12.3
105,2014,258,106,23.69,12.01,0,0,.666,12.3
105,2014,258,112,23.64,12.12,0,0,.659,12.3
105,2014,258,118,23.59,12.06,0,0,.65,12.3
105,2014,258,124,23.55,11.93,0,0,.643,12.3
105,2014,258,130,23.5,11.86,0,0,.635,12.3
105,2014,258,136,23.47,11.99,0,0,.628,12.3
105,2014,258,142,23.43,12.12,0,0,.621,12.3
105,2014,258,148,23.4,12.14,0,0,.615,12.3
105,2014,258,154,23.37,12.21,0,0,.608,12.3
105,2014,258,200,23.36,12.25,0,0,.601,12.3
105,2014,258,206,23.35,12.36,0,0,.596,12.3
105,2014,258,212,23.35,12.3,0,0,.592,12.3
105,2014,258,218,23.35,12.14,0,0,.585,12.3
105,2014,258,224,23.34,12.05,0,0,.579,12.3
105,2014,258,230,23.34,12.14,0,0,.574,12.3
105,2014,258,236,23.33,12.27,0,0,.569,12.3
105,2014,258,242,23.32,12.16,0,0,.564,12.3
105,2014,258,248,23.3,12.28,0,0,.561,12.3
105,2014,258,254,23.29,11.99,0,0,.555,12.3
105,2014,258,300,23.27,11.95,0,0,.55,12.3
105,2014,258,306,23.25,11.9,0,0,.548,12.3
105,2014,258,312,23.23,11.85,0,0,.54,12.3
105,2014,258,318,23.21,11.81,0,0,.539,12.3
105,2014,258,324,23.19,11.92,0,0,.534,12.3
105,2014,258,330,23.16,11.78,0,0,.532,12.3
105,2014,258,336,23.14,11.78,0,0,.526,12.3
105,2014,258,342,23.12,11.93,0,0,.523,12.3
105,2014,258,348,23.1,11.79,0,0,.519,12.3
105,2014,258,354,23.07,11.81,0,0,.516,12.3
105,2014,258,400,23.05,11.76,0,0,.514,12.3
105,2014,258,406,23.02,11.68,0,0,.509,12.3
105,2014,258,412,23,11.79,0,0,.508,12.3
105,2014,258,418,22.98,11.83,0,0,.507,12.3
105,2014,258,424,22.95,11.77,0,0,.5,12.3
105,2014,258,430,22.93,11.73,0,0,.499,12.3
105,2014,258,436,22.91,11.65,0,0,.496,12.3
105,2014,258,442,22.9,11.76,0,0,.493,12.3
105,2014,258,448,22.89,11.81,0,0,.49,12.3
105,2014,258,454,22.88,11.93,0,0,.487,12.3
105,2014,258,500,22.88,12.01,0,0,.487,12.3
105,2014,258,506,22.89,12.06,0,0,.484,12.3
105,2014,258,512,22.89,12.13,0,0,.482,12.3
105,2014,258,518,22.91,12.26,0,0,.48,12.3
105,2014,258,524,22.92,12.27,0,0,.476,12.3
105,2014,258,530,22.94,12.42,0,0,.476,12.3
105,2014,258,536,22.96,12.27,0,0,.473,12.3
105,2014,258,542,22.99,12.29,0,0,.471,12.3
105,2014,258,548,23.01,12.39,0,0,.469,12.3
105,2014,258,554,23.03,12.32,0,0,.467,12.3
105,2014,258,600,23.05,12.23,0,0,.465,12.3
105,2014,258,606,23.07,12.25,0,0,.464,12.3
105,2014,258,612,23.07,12.17,0,0,.464,12.3
105,2014,258,618,23.07,12.15,0,0,.46,12.3
105,2014,258,624,23.07,12.08,0,0,.461,12.3
105,2014,258,630,23.06,12.12,0,0,.461,12.3
105,2014,258,636,23.05,12.12,0,0,.456,12.3
105,2014,258,642,23.04,12.07,0,0,.456,12.3
105,2014,258,648,23.02,12.15,0,0,.454,12.3
105,2014,258,654,23,11.96,0,0,.453,12.3
105,2014,258,700,22.98,11.94,0,0,.45,12.3
105,2014,258,706,22.97,12.05,0,0,.452,12.3
105,2014,258,712,22.96,12.11,0,0,.449,12.3
105,2014,258,718,22.95,12.3,0,0,.447,12.3
105,2014,258,724,22.95,12.33,0,0,.446,12.3
105,2014,258,730,22.95,12.46,0,0,.445,12.3
105,2014,258,736,22.97,12.62,0,0,.444,12.3
105,2014,258,742,22.99,12.93,0,0,.442,12.3
105,2014,258,748,23.02,13.03,0,0,.441,12.3
105,2014,258,754,23.05,13.28,0,0,.44,12.3
105,2014,258,800,23.1,13.32,0,0,.438,12.3
105,2014,258,806,23.15,13.93,0,0,.437,12.3
105,2014,258,812,23.22,13.73,0,0,.436,12.3
105,2014,258,818,23.29,13.74,0,0,.435,12.3
105,2014,258,824,23.37,14.27,0,0,.435,12.3
105,2014,258,830,23.47,14.53,0,0,.435,12.3
105,2014,258,836,23.57,14.53,0,0,.433,12.3
105,2014,258,842,23.69,15.66,0,0,.433,12.3
105,2014,258,848,23.81,16.8,0,0,.432,12.3
105,2014,258,854,23.96,16.69,0,0,.431,12.3
105,2014,258,900,24.13,15.79,0,0,.431,12.3
105,2014,258,906,24.32,16.25,0,0,.43,12.3
105,2014,258,912,24.52,16.43,0,0,.43,12.3
105,2014,258,918,24.71,17.17,0,0,.43,12.3
105,2014,258,924,24.91,17.68,0,0,.429,12.3
105,2014,258,930,25.12,18.19,0,0,.43,12.3
105,2014,258,936,25.34,18.16,0,0,.429,12.3
105,2014,258,942,25.56,18.68,0,0,.43,12.3
105,2014,258,948,25.79,18.51,0,0,.43,12.3
105,2014,258,954,26.03,19.59,0,0,.429,12.3
105,2014,258,1000,26.27,19.46,0,0,.429,12.3
105,2014,258,1006,26.51,19.95,0,0,.43,12.3
105,2014,258,1012,26.77,21.07,0,0,.431,12.3
105,2014,258,1018,27.06,20.7,0,0,.432,12.3
105,2014,258,1024,27.33,21.91,0,0,.437,12.3
105,2014,258,1030,27.61,21.08,0,0,.439,12.29
105,2014,258,1036,27.89,22.88,0,0,.443,12.29
105,2014,258,1042,28.18,22.67,0,0,.448,12.29
105,2014,258,1048,28.47,21.95,0,0,.451,12.29
105,2014,258,1054,28.76,22,0,0,.454,12.29
105,2014,258,1100,29.03,22.46,0,0,.458,12.29
105,2014,258,1106,29.29,21.68,0,0,.461,12.29
105,2014,258,1112,29.53,22.15,0,0,.464,12.29
105,2014,258,1118,29.73,24.11,0,0,.468,12.29
105,2014,258,1124,29.93,23.84,0,0,.47,12.29
105,2014,258,1130,30.15,24.52,0,0,.471,12.29
105,2014,258,1136,30.37,24.39,0,0,.473,12.29
105,2014,258,1142,30.6,23.53,0,0,.474,12.29
105,2014,258,1148,30.84,24.11,0,0,.475,12.29
105,2014,258,1154,31.08,25.12,0,0,.474,12.29
105,2014,258,1200,31.31,25.51,0,0,.474,12.29
105,2014,258,1206,31.56,25.15,0,0,.474,12.29
105,2014,258,1212,31.78,25.79,0,0,.473,12.29
105,2014,258,1218,32.02,25.32,0,0,.474,12.29
105,2014,258,1224,32.26,25.92,0,0,.474,12.29
105,2014,258,1230,32.5,25.89,0,0,.474,12.29
105,2014,258,1236,32.72,25.8,0,0,.473,12.29
105,2014,258,1242,32.95,24.24,0,0,.473,12.29
105,2014,258,1248,33.14,25.35,0,0,.472,12.29
105,2014,258,1254,33.34,25.41,0,0,.47,12.29
105,2014,258,1300,33.53,25.34,0,0,.469,12.29
105,2014,258,1306,33.7,26.04,0,0,.467,12.29
105,2014,258,1312,33.86,25.11,0,0,.466,12.29
105,2014,258,1318,34.01,26.05,0,0,.465,12.29
105,2014,258,1324,34.16,26.26,0,0,.462,12.29
105,2014,258,1330,34.29,26.81,0,0,.461,12.29
105,2014,258,1336,34.45,27.15,0,0,.46,12.29
105,2014,258,1342,34.6,26.48,0,0,.458,12.29
105,2014,258,1348,34.75,26.97,0,0,.456,12.29
105,2014,258,1354,34.89,26.44,0,0,.454,12.29
105,2014,258,1400,35.02,26.53,0,0,.453,12.29
105,2014,258,1406,35.14,25.89,0,0,.452,12.29
105,2014,258,1412,35.24,25.84,0,0,.45,12.29
105,2014,258,1418,35.31,25.22,0,0,.448,12.29
105,2014,258,1424,35.35,25.7,0,0,.446,12.29
105,2014,258,1430,35.39,25.17,0,0,.445,12.29
105,2014,258,1436,35.42,25.96,0,0,.443,12.29
105,2014,258,1442,35.44,25.21,0,0,.444,12.29
105,2014,258,1448,35.47,26.54,0,0,.442,12.29
105,2014,258,1454,35.52,26.52,0,0,.439,12.29
105,2014,258,1500,35.55,25.66,0,0,.437,12.29
105,2014,258,1506,35.56,24.82,0,0,.437,12.29
105,2014,258,1512,35.58,25.01,0,0,.435,12.29
105,2014,258,1518,35.6,23.53,0,0,.435,12.29
105,2014,258,1524,35.62,23.3,0,0,.434,12.29
105,2014,258,1530,35.59,22.39,0,0,.433,12.29
105,2014,258,1536,35.53,22.4,0,0,.432,12.29
105,2014,258,1542,35.44,22.08,0,0,.431,12.29
105,2014,258,1548,35.33,21.96,0,0,.431,12.29
105,2014,258,1554,35.22,21.74,0,0,.429,12.29
105,2014,258,1600,35.09,21.41,0,0,.429,12.29
105,2014,258,1606,34.95,21.59,0,0,.43,12.29
105,2014,258,1612,34.81,21.14,0,0,.428,12.29
105,2014,258,1618,34.65,21.09,0,0,.428,12.29
105,2014,258,1624,34.47,21.1,0,0,.427,12.29
105,2014,258,1630,34.28,20.86,0,0,.426,12.29
105,2014,258,1636,34.09,21.03,0,0,.425,12.29
105,2014,258,1642,33.91,20.89,0,0,.424,12.29
105,2014,258,1648,33.72,20.71,0,0,.423,12.29
105,2014,258,1654,33.55,20.95,0,0,.423,12.29
105,2014,258,1700,33.39,20.81,0,0,.421,12.29
105,2014,258,1706,33.24,20.84,0,0,.421,12.29
105,2014,258,1712,33.09,20.99,0,0,.419,12.29
105,2014,258,1718,32.95,20.91,0,0,.418,12.29
105,2014,258,1724,32.83,20.84,0,0,.417,12.29
105,2014,258,1730,32.72,20.62,0,0,.416,12.29
105,2014,258,1736,32.6,20.28,0,0,.416,12.29
105,2014,258,1742,32.49,20.46,0,0,.416,12.29
105,2014,258,1748,32.38,19.84,0,0,.415,12.29
105,2014,258,1754,32.28,19.65,0,0,.413,12.29
105,2014,258,1800,32.19,20.05,0,0,.412,12.29
105,2014,258,1806,32.09,19.69,0,0,.412,12.29
105,2014,258,1812,32,19.46,0,0,.412,12.29
105,2014,258,1818,31.9,18.92,0,0,.41,12.29
105,2014,258,1824,31.8,19.11,0,0,.409,12.29
105,2014,258,1830,31.69,18.77,0,0,.409,12.29
105,2014,258,1836,31.59,19.04,0,0,.408,12.29
105,2014,258,1842,31.48,19.16,0,0,.408,12.29
105,2014,258,1848,31.36,19.14,0,0,.407,12.29
105,2014,258,1854,31.24,18.45,0,0,.407,12.29
105,2014,258,1900,31.11,18.12,0,0,.406,12.29
105,2014,258,1906,30.99,18.6,0,0,.404,12.29
105,2014,258,1912,30.86,18.33,0,0,.405,12.29
105,2014,258,1918,30.73,17.97,0,0,.403,12.29
105,2014,258,1924,30.6,17.75,0,0,.402,12.3
105,2014,258,1930,30.46,17.6,0,0,.402,12.3
105,2014,258,1936,30.31,17.47,0,0,.402,12.3
105,2014,258,1942,30.18,17.38,0,0,.401,12.3
105,2014,258,1948,30.03,17.18,0,0,.4,12.3
105,2014,258,1954,29.88,17.02,0,0,.399,12.3
105,2014,258,2000,29.73,17.24,0,0,.399,12.3
105,2014,258,2006,29.58,16.86,0,0,.397,12.3
105,2014,258,2012,29.45,16.93,0,0,.397,12.3
105,2014,258,2018,29.32,16.7,0,0,.397,12.3
105,2014,258,2024,29.18,16.62,0,0,.396,12.3
105,2014,258,2030,29.05,16.53,0,0,.396,12.3
105,2014,258,2036,28.93,16.48,0,0,.394,12.3
105,2014,258,2042,28.81,16.37,0,0,.394,12.3
105,2014,258,2048,28.7,16.28,0,0,.394,12.3
105,2014,258,2054,28.58,16.25,0,0,.393,12.3
105,2014,258,2100,28.47,15.96,0,0,.392,12.3
105,2014,258,2106,28.37,15.95,0,0,.392,12.3
105,2014,258,2112,28.27,15.76,0,0,.392,12.3
105,2014,258,2118,28.17,15.74,0,0,.391,12.3
105,2014,258,2124,28.07,15.83,0,0,.391,12.3
105,2014,258,2130,27.98,15.88,0,0,.391,12.3
105,2014,258,2136,27.89,15.91,0,0,.39,12.3
105,2014,258,2142,27.79,15.78,0,0,.389,12.3
105,2014,258,2148,27.7,15.78,0,0,.388,12.3
105,2014,258,2154,27.62,15.85,0,0,.388,12.3
105,2014,258,2200,27.53,15.76,0,0,.389,12.3
105,2014,258,2206,27.44,15.75,0,0,.388,12.3
105,2014,258,2212,27.37,15.72,0,0,.389,12.3
105,2014,258,2218,27.3,15.72,0,0,.388,12.3
105,2014,258,2224,27.23,15.69,0,0,.389,12.3
105,2014,258,2230,27.16,15.68,0,0,.389,12.3
105,2014,258,2236,27.1,15.63,0,0,.388,12.3
105,2014,258,2242,27.04,15.52,0,0,.39,12.3
105,2014,258,2248,26.99,15.52,0,0,.395,12.3
105,2014,258,2254,26.94,15.51,0,0,.404,12.3
105,2014,258,2300,26.88,15.67,0,0,.417,12.3
105,2014,258,2306,26.84,15.73,0,0,.435,12.3
105,2014,258,2312,26.79,15.77,0,0,.455,12.3
105,2014,258,2318,26.76,15.78,0,0,.48,12.3
105,2014,258,2324,26.72,15.75,0,0,.506,12.3
105,2014,258,2330,26.69,15.85,0,0,.532,12.3
105,2014,258,2336,26.67,15.9,0,0,.557,12.3
105,2014,258,2342,26.65,15.87,0,0,.581,12.3
105,2014,258,2348,26.64,15.93,0,0,.603,12.3
105,2014,258,2354,26.63,16,0,0,.623,12.3
105,2014,259,0,26.63,15.98,0,0,.642,12.3
105,2014,259,6,26.63,16.03,0,0,.657,12.3
105,2014,259,12,26.63,16.06,0,0,.669,12.3
105,2014,259,18,26.64,16.03,0,0,.683,12.3
105,2014,259,24,26.65,16.02,0,0,.695,12.3
105,2014,259,30,26.66,16.11,0,0,.708,12.3
105,2014,259,36,26.67,16.05,0,0,.718,12.3
105,2014,259,42,26.69,16.04,0,0,.727,12.3
105,2014,259,48,26.7,15.98,0,0,.733,12.3
105,2014,259,54,26.71,15.98,0,0,.736,12.3
105,2014,259,100,26.71,16.06,0,0,.736,12.3
105,2014,259,106,26.72,16.02,0,0,.737,12.3
105,2014,259,112,26.72,16.09,0,0,.736,12.3
105,2014,259,118,26.72,16.14,0,0,.735,12.3
105,2014,259,124,26.72,16.19,0,0,.726,12.3
105,2014,259,130,26.72,16.15,0,0,.718,12.3
105,2014,259,136,26.72,16.12,0,0,.711,12.3
105,2014,259,142,26.72,16.06,0,0,.702,12.3
105,2014,259,148,26.73,16.05,0,0,.694,12.3
105,2014,259,154,26.74,16.1,0,0,.685,12.3
105,2014,259,200,26.74,16.07,0,0,.677,12.3
105,2014,259,206,26.75,16.09,0,0,.668,12.3
105,2014,259,212,26.75,16.1,0,0,.661,12.3
105,2014,259,218,26.77,16.19,0,0,.653,12.3
105,2014,259,224,26.77,16.25,0,0,.646,12.3
105,2014,259,230,26.79,16.29,0,0,.638,12.3
105,2014,259,236,26.81,16.36,0,0,.63,12.3
105,2014,259,242,26.84,16.38,0,0,.625,12.3
105,2014,259,248,26.88,16.44,0,0,.618,12.3
105,2014,259,254,26.92,16.46,0,0,.614,12.3
105,2014,259,300,26.95,16.36,0,0,.605,12.3
105,2014,259,306,26.99,16.24,0,0,.601,12.3
105,2014,259,312,27.01,16.18,0,0,.595,12.3
105,2014,259,318,27.03,16.2,0,0,.591,12.3
105,2014,259,324,27.05,16.25,0,0,.586,12.3
105,2014,259,330,27.06,16.27,0,0,.581,12.3
105,2014,259,336,27.08,16.25,0,0,.576,12.3
105,2014,259,342,27.1,16.27,0,0,.572,12.3
105,2014,259,348,27.11,16.48,0,0,.568,12.3
105,2014,259,354,27.13,16.54,0,0,.563,12.3
105,2014,259,400,27.16,16.67,0,0,.558,12.3
105,2014,259,406,27.19,16.72,0,0,.554,12.3
105,2014,259,412,27.23,16.66,0,0,.548,12.3
105,2014,259,418,27.27,16.66,0,0,.547,12.3
105,2014,259,424,27.31,16.86,0,0,.545,12.3
105,2014,259,430,27.36,16.85,0,0,.539,12.3
105,2014,259,436,27.4,16.77,0,0,.534,12.3
105,2014,259,442,27.45,16.81,0,0,.53,12.3
105,2014,259,448,27.49,16.79,0,0,.525,12.3
105,2014,259,454,27.53,16.86,0,0,.523,12.3
105,2014,259,500,27.56,16.95,0,0,.52,12.3
105,2014,259,506,27.58,16.96,0,0,.517,12.3
105,2014,259,512,27.6,16.9,0,0,.512,12.3
105,2014,259,518,27.62,16.8,0,0,.512,12.3
105,2014,259,524,27.64,16.74,0,0,.507,12.3
105,2014,259,530,27.65,16.46,0,0,.505,12.3
105,2014,259,536,27.65,16.46,0,0,.502,12.3
105,2014,259,542,27.64,16.25,0,0,.5,12.3
105,2014,259,548,27.62,16.39,0,0,.496,12.3
105,2014,259,554,27.6,16.41,0,0,.495,12.3
105,2014,259,600,27.58,16.14,0,0,.493,12.3
105,2014,259,606,27.55,15.99,0,0,.491,12.3
105,2014,259,612,27.52,15.96,0,0,.488,12.3
105,2014,259,618,27.49,15.92,0,0,.485,12.3
105,2014,259,624,27.45,16.05,0,0,.484,12.3
105,2014,259,630,27.41,16.01,0,0,.482,12.3
105,2014,259,636,27.36,16.18,0,0,.48,12.3
105,2014,259,642,27.31,16.11,0,0,.477,12.3
105,2014,259,648,27.26,15.94,0,0,.475,12.3
105,2014,259,654,27.21,15.84,0,0,.473,12.3
105,2014,259,700,27.15,15.99,0,0,.472,12.3
105,2014,259,706,27.1,16.25,0,0,.47,12.3
105,2014,259,712,27.06,16.44,0,0,.467,12.3
105,2014,259,718,27.03,16.65,0,0,.467,12.3
105,2014,259,724,27.02,17.34,0,0,.464,12.3
105,2014,259,730,27.03,18,0,0,.463,12.3
105,2014,259,736,27.06,17.76,0,0,.462,12.3
105,2014,259,742,27.1,18.01,0,0,.461,12.3
105,2014,259,748,27.16,18.45,0,0,.458,12.3
105,2014,259,754,27.23,18.5,0,0,.458,12.3
105,2014,259,800,27.31,18.14,0,0,.455,12.3
105,2014,259,806,27.39,19.01,0,0,.454,12.3
105,2014,259,812,27.49,19.32,0,0,.453,12.3
105,2014,259,818,27.6,19.26,0,0,.451,12.3
105,2014,259,824,27.73,19.17,0,0,.45,12.3
105,2014,259,830,27.86,18.91,0,0,.449,12.3
105,2014,259,836,27.98,19.54,0,0,.448,12.3
105,2014,259,842,28.1,20.58,0,0,.445,12.3
105,2014,259,848,28.23,21.46,0,0,.446,12.3
105,2014,259,854,28.37,21.99,0,0,.446,12.29
105,2014,259,900,28.55,22.57,0,0,.445,12.29
105,2014,259,906,28.75,22.5,0,0,.445,12.29
105,2014,259,912,28.99,22.83,0,0,.446,12.29
105,2014,259,918,29.25,23.16,0,0,.445,12.29
105,2014,259,924,29.53,24.05,0,0,.445,12.29
105,2014,259,930,29.8,23.55,0,0,.445,12.29
105,2014,259,936,30.1,23.93,0,0,.445,12.29
105,2014,259,942,30.4,24.33,0,0,.446,12.29
105,2014,259,948,30.69,23.6,0,0,.446,12.29
105,2014,259,954,31,24.35,0,0,.446,12.29
105,2014,259,1000,31.28,24.56,0,0,.448,12.29
105,2014,259,1006,31.56,24.42,0,0,.452,12.29
105,2014,259,1012,31.8,25.23,0,0,.456,12.29
105,2014,259,1018,32.05,25.19,0,0,.46,12.29
105,2014,259,1024,32.29,25.63,0,0,.467,12.29
105,2014,259,1030,32.53,25.61,0,0,.473,12.29
105,2014,259,1036,32.78,26.07,0,0,.48,12.29
105,2014,259,1042,33.03,26.58,0,0,.489,12.29
105,2014,259,1048,33.27,26.51,0,0,.496,12.29
105,2014,259,1054,33.44,25.09,0,0,.507,12.29
105,2014,259,1100,33.55,25.96,0,0,.516,12.29
105,2014,259,1106,33.67,25.99,0,0,.524,12.29
105,2014,259,1112,33.8,25.71,0,0,.532,12.29
105,2014,259,1118,33.93,26.6,0,0,.536,12.29
105,2014,259,1124,34.08,26.46,0,0,.538,12.29
105,2014,259,1130,34.23,25.93,0,0,.54,12.29
105,2014,259,1136,34.35,27.03,0,0,.54,12.29
105,2014,259,1142,34.46,27.17,0,0,.54,12.29
105,2014,259,1148,34.56,27.03,0,0,.539,12.29
105,2014,259,1154,34.65,27.07,0,0,.54,12.29
105,2014,259,1200,34.75,27.34,0,0,.54,12.29
105,2014,259,1206,34.83,27.57,0,0,.54,12.29
105,2014,259,1212,34.95,28.14,0,0,.539,12.29
105,2014,259,1218,35.11,28.48,0,0,.537,12.29
105,2014,259,1224,35.3,26.12,0,0,.535,12.29
105,2014,259,1230,35.44,26.66,0,0,.532,12.29
105,2014,259,1236,35.53,25.06,0,0,.53,12.29
105,2014,259,1242,35.6,25.17,0,0,.527,12.29
105,2014,259,1248,35.66,26.03,0,0,.525,12.29
105,2014,259,1254,35.74,26.81,0,0,.521,12.29
105,2014,259,1300,35.82,26.36,0,0,.52,12.29
105,2014,259,1306,35.91,26.15,0,0,.517,12.29
105,2014,259,1312,35.98,25.96,0,0,.514,12.29
105,2014,259,1318,36.04,25.41,0,0,.512,12.29
105,2014,259,1324,36.08,25.06,0,0,.509,12.29
105,2014,259,1330,36.12,25.72,0,0,.505,12.29
105,2014,259,1336,36.09,26.33,0,0,.503,12.29
105,2014,259,1342,35.99,26.56,0,0,.5,12.29
105,2014,259,1348,35.88,24.98,0,0,.498,12.29
105,2014,259,1354,35.83,24.93,0,0,.495,12.29
105,2014,259,1400,35.8,25.22,0,0,.493,12.29
105,2014,259,1406,35.71,26.53,0,0,.49,12.29
105,2014,259,1412,35.56,26.42,0,0,.49,12.29
105,2014,259,1418,35.38,26.71,0,0,.487,12.29
105,2014,259,1424,35.21,26.79,0,0,.483,12.29
105,2014,259,1430,35.09,26.65,0,0,.481,12.29
105,2014,259,1436,35.03,26.73,0,0,.479,12.29
105,2014,259,1442,35.04,27.86,0,0,.476,12.29
105,2014,259,1448,35.11,27.13,0,0,.474,12.29
105,2014,259,1454,35.19,25.78,0,0,.472,12.29
105,2014,259,1500,35.26,24.85,0,0,.471,12.29
105,2014,259,1506,35.32,25.05,0,0,.469,12.29
105,2014,259,1512,35.37,25.21,0,0,.466,12.29
105,2014,259,1518,35.42,25.31,0,0,.464,12.29
105,2014,259,1524,35.46,24.05,0,0,.464,12.29
105,2014,259,1530,35.48,24.33,0,0,.463,12.29
105,2014,259,1536,35.49,24.44,0,0,.46,12.29
105,2014,259,1542,35.44,23.68,0,0,.459,12.29
105,2014,259,1548,35.36,23.26,0,0,.456,12.29
105,2014,259,1554,35.29,22.8,0,0,.456,12.29
105,2014,259,1600,35.2,22.75,0,0,.455,12.29
105,2014,259,1606,35.12,22.25,0,0,.455,12.29
105,2014,259,1612,35.03,22.17,0,0,.454,12.29
105,2014,259,1618,34.94,21.98,0,0,.452,12.29
105,2014,259,1624,34.84,21.82,0,0,.451,12.29
105,2014,259,1630,34.72,22.09,0,0,.451,12.29
105,2014,259,1636,34.58,22.01,0,0,.45,12.29
105,2014,259,1642,34.44,21.87,0,0,.447,12.29
105,2014,259,1648,34.31,22.07,0,0,.446,12.29
105,2014,259,1654,34.17,22.34,0,0,.446,12.29
105,2014,259,1700,33.99,22.94,0,0,.445,12.29
105,2014,259,1706,33.75,22.08,0,0,.443,12.29
105,2014,259,1712,33.53,21.87,0,0,.442,12.29
105,2014,259,1718,33.36,21.59,0,0,.441,12.29
105,2014,259,1724,33.21,21.42,0,0,.442,12.29
105,2014,259,1730,33.07,21.42,0,0,.438,12.29
105,2014,259,1736,32.95,22.19,0,0,.438,12.29
105,2014,259,1742,32.8,22.3,0,0,.436,12.29
105,2014,259,1748,32.6,22.03,0,0,.436,12.3
105,2014,259,1754,32.38,21.69,0,0,.435,12.3
105,2014,259,1800,32.16,20.78,0,0,.432,12.29
105,2014,259,1806,32.01,20.58,0,0,.433,12.29
105,2014,259,1812,31.89,20.45,0,0,.43,12.29
105,2014,259,1818,31.78,20.55,0,0,.43,12.29
105,2014,259,1824,31.68,20.8,0,0,.429,12.29
105,2014,259,1830,31.58,20.29,0,0,.428,12.29
105,2014,259,1836,31.48,20.23,0,0,.427,12.29
105,2014,259,1842,31.39,20.01,0,0,.426,12.29
105,2014,259,1848,31.3,19.88,0,0,.425,12.29
105,2014,259,1854,31.2,19.65,0,0,.424,12.29
105,2014,259,1900,31.11,19.54,0,0,.424,12.29
105,2014,259,1906,31.02,19.08,0,0,.422,12.29
105,2014,259,1912,30.92,19.13,0,0,.421,12.29
105,2014,259,1918,30.82,18.93,0,0,.421,12.29
105,2014,259,1924,30.72,18.4,0,0,.421,12.29
105,2014,259,1930,30.61,18.11,0,0,.42,12.29
105,2014,259,1936,30.49,18.22,0,0,.419,12.3
105,2014,259,1942,30.36,18.02,0,0,.418,12.3
105,2014,259,1948,30.24,17.8,0,0,.416,12.29
105,2014,259,1954,30.11,17.54,0,0,.416,12.29
105,2014,259,2000,29.97,17.25,0,0,.415,12.29
105,2014,259,2006,29.83,17.24,0,0,.415,12.29
105,2014,259,2012,29.68,17.19,0,0,.415,12.3
105,2014,259,2018,29.54,17.12,0,0,.413,12.3
105,2014,259,2024,29.4,17.04,0,0,.413,12.3
105,2014,259,2030,29.26,16.89,0,0,.411,12.3
105,2014,259,2036,29.11,16.64,0,0,.412,12.3
105,2014,259,2042,28.97,16.55,0,0,.411,12.3
105,2014,259,2048,28.83,16.68,0,0,.41,12.3
105,2014,259,2054,28.7,16.35,0,0,.409,12.3
105,2014,259,2100,28.56,15.9,0,0,.408,12.3
105,2014,259,2106,28.42,15.89,0,0,.408,12.3
105,2014,259,2112,28.29,16.05,0,0,.407,12.3
105,2014,259,2118,28.15,16.01,0,0,.406,12.3
105,2014,259,2124,28.02,16,0,0,.406,12.3
105,2014,259,2130,27.9,15.83,0,0,.404,12.3
105,2014,259,2136,27.78,15.75,0,0,.405,12.3
105,2014,259,2142,27.66,15.65,0,0,.404,12.3
105,2014,259,2148,27.54,15.52,0,0,.402,12.3
105,2014,259,2154,27.43,15.27,0,0,.402,12.3
105,2014,259,2200,27.32,15.35,0,0,.401,12.3
105,2014,259,2206,27.22,15.04,0,0,.401,12.3
105,2014,259,2212,27.12,15.26,0,0,.4,12.3
105,2014,259,2218,27.01,15.21,0,0,.399,12.3
105,2014,259,2224,26.91,15.12,0,0,.399,12.3
105,2014,259,2230,26.8,15.03,0,0,.397,12.3
105,2014,259,2236,26.71,14.84,0,0,.397,12.3
105,2014,259,2242,26.61,14.97,0,0,.397,12.3
105,2014,259,2248,26.52,14.93,0,0,.396,12.3
105,2014,259,2254,26.43,14.94,0,0,.396,12.3
105,2014,259,2300,26.35,14.87,0,0,.394,12.3
105,2014,259,2306,26.27,14.82,0,0,.394,12.3
105,2014,259,2312,26.19,14.65,0,0,.394,12.3
105,2014,259,2318,26.11,14.61,0,0,.394,12.3
105,2014,259,2324,26.04,14.69,0,0,.392,12.3
105,2014,259,2330,25.96,14.65,0,0,.392,12.3
105,2014,259,2336,25.89,14.7,0,0,.392,12.3
105,2014,259,2342,25.82,14.7,0,0,.391,12.3
105,2014,259,2348,25.75,14.62,0,0,.391,12.3
105,2014,259,2354,25.69,14.69,0,0,.391,12.3
105,2014,260,0,25.64,14.27,0,0,.391,12.3
105,2014,260,6,25.59,14.28,0,0,.389,12.3
105,2014,260,12,25.54,14.47,0,0,.389,12.3
105,2014,260,18,25.49,14.07,0,0,.389,12.3
105,2014,260,24,25.44,13.91,0,0,.386,12.3
105,2014,260,30,25.39,14.24,0,0,.386,12.3
105,2014,260,36,25.34,14.06,0,0,.386,12.3
105,2014,260,42,25.29,13.7,0,0,.386,12.3
105,2014,260,48,25.23,14.01,0,0,.385,12.3
105,2014,260,54,25.18,13.88,0,0,.385,12.3
105,2014,260,100,25.13,13.98,0,0,.385,12.3
105,2014,260,106,25.08,13.93,0,0,.384,12.3
105,2014,260,112,25.03,13.54,0,0,.383,12.3
105,2014,260,118,24.98,13.34,0,0,.384,12.3
105,2014,260,124,24.93,13.45,0,0,.383,12.3
105,2014,260,130,24.87,13.17,0,0,.382,12.3
105,2014,260,136,24.82,13.06,0,0,.381,12.3
105,2014,260,142,24.77,13.41,0,0,.381,12.3
105,2014,260,148,24.71,13.51,0,0,.381,12.3
105,2014,260,154,24.65,13.77,0,0,.38,12.3
105,2014,260,200,24.59,13.75,0,0,.38,12.3
105,2014,260,206,24.54,13.67,0,0,.38,12.3
105,2014,260,212,24.49,13.65,0,0,.38,12.3
105,2014,260,218,24.45,13.48,0,0,.378,12.3
105,2014,260,224,24.41,13.36,0,0,.378,12.3
105,2014,260,230,24.37,13.36,0,0,.378,12.3
105,2014,260,236,24.33,12.88,0,0,.378,12.3
105,2014,260,242,24.29,13.28,0,0,.378,12.3
105,2014,260,248,24.25,13.4,0,0,.376,12.3
105,2014,260,254,24.21,13.28,0,0,.376,12.3
105,2014,260,300,24.17,12.94,0,0,.376,12.3
105,2014,260,306,24.13,12.99,0,0,.375,12.3
105,2014,260,312,24.09,13.12,0,0,.376,12.3
105,2014,260,318,24.06,13,0,0,.376,12.3
105,2014,260,324,24.02,12.63,0,0,.376,12.3
105,2014,260,330,23.98,12.63,0,0,.376,12.3
105,2014,260,336,23.94,12.49,0,0,.375,12.3
105,2014,260,342,23.89,12.16,0,0,.374,12.3
105,2014,260,348,23.85,12.58,0,0,.373,12.3
105,2014,260,354,23.81,12.68,0,0,.375,12.3
105,2014,260,400,23.77,12.72,0,0,.375,12.3
105,2014,260,406,23.72,12.39,0,0,.374,12.3
105,2014,260,412,23.68,12.25,0,0,.373,12.3
105,2014,260,418,23.64,12.34,0,0,.372,12.3
105,2014,260,424,23.6,12.25,0,0,.372,12.3
105,2014,260,430,23.56,12.35,0,0,.372,12.3
105,2014,260,436,23.52,12.21,0,0,.371,12.3
105,2014,260,442,23.48,11.94,0,0,.371,12.3
105,2014,260,448,23.44,12.35,0,0,.372,12.3
105,2014,260,454,23.4,12.45,0,0,.37,12.3
105,2014,260,500,23.36,11.88,0,0,.369,12.3
105,2014,260,506,23.32,11.88,0,0,.369,12.3
105,2014,260,512,23.28,11.99,0,0,.369,12.3
105,2014,260,518,23.24,11.88,0,0,.369,12.3
105,2014,260,524,23.19,11.8,0,0,.369,12.3
105,2014,260,530,23.14,11.54,0,0,.369,12.3
105,2014,260,536,23.1,11.83,0,0,.368,12.3
105,2014,260,542,23.05,11.95,0,0,.367,12.3
105,2014,260,548,23,12,0,0,.368,12.3
105,2014,260,554,22.95,11.66,0,0,.368,12.3
105,2014,260,600,22.9,11.59,0,0,.367,12.3
105,2014,260,606,22.85,11.49,0,0,.367,12.3
105,2014,260,612,22.8,11.76,0,0,.366,12.3
105,2014,260,618,22.75,11.77,0,0,.366,12.3
105,2014,260,624,22.7,11.99,0,0,.366,12.3
105,2014,260,630,22.66,11.61,0,0,.366,12.3
105,2014,260,636,22.61,11.63,0,0,.366,12.3
105,2014,260,642,22.57,11.86,0,0,.365,12.3
105,2014,260,648,22.52,11.83,0,0,.364,12.3
105,2014,260,654,22.49,11.71,0,0,.364,12.3
105,2014,260,700,22.45,11.71,0,0,.364,12.3
105,2014,260,706,22.42,11.67,0,0,.364,12.3
105,2014,260,712,22.38,11.76,0,0,.364,12.3
105,2014,260,718,22.34,11.76,0,0,.362,12.3
105,2014,260,724,22.31,12.39,0,0,.361,12.3
105,2014,260,730,22.28,13,0,0,.362,12.3
105,2014,260,736,22.27,13.95,0,0,.361,12.3
105,2014,260,742,22.28,14.84,0,0,.361,12.3
105,2014,260,748,22.32,15.27,0,0,.36,12.3
105,2014,260,754,22.39,16.01,0,0,.359,12.3
105,2014,260,800,22.49,15.09,0,0,.36,12.3
105,2014,260,806,22.63,15.73,0,0,.358,12.3
105,2014,260,812,22.78,15.86,0,0,.358,12.3
105,2014,260,818,22.96,16.09,0,0,.358,12.3
105,2014,260,824,23.16,17.22,0,0,.358,12.3
105,2014,260,830,23.38,17.7,0,0,.359,12.3
105,2014,260,836,23.63,18.39,0,0,.358,12.3
105,2014,260,842,23.88,18.81,0,0,.357,12.3
105,2014,260,848,24.15,19.45,0,0,.355,12.3
105,2014,260,854,24.44,20.47,0,0,.354,12.3
105,2014,260,900,24.74,21.11,0,0,.353,12.3
105,2014,260,906,25.05,21.44,0,0,.352,12.3
105,2014,260,912,25.38,22.05,0,0,.351,12.3
105,2014,260,918,25.72,21.87,0,0,.351,12.3
105,2014,260,924,26.08,20.47,0,0,.352,12.29
105,2014,260,930,26.45,21.34,0,0,.351,12.29
105,2014,260,936,26.82,23.27,0,0,.351,12.29
105,2014,260,942,27.2,23.65,0,0,.35,12.29
105,2014,260,948,27.58,24.02,0,0,.35,12.29
105,2014,260,954,27.96,24.69,0,0,.349,12.29
105,2014,260,1000,28.33,24.59,0,0,.348,12.29
105,2014,260,1006,28.7,24.89,0,0,.347,12.29
105,2014,260,1012,29.08,25.19,0,0,.348,12.29
105,2014,260,1018,29.43,25.51,0,0,.347,12.29
105,2014,260,1024,29.79,25.62,0,0,.346,12.29
105,2014,260,1030,30.13,25.76,0,0,.346,12.29
105,2014,260,1036,30.47,25.66,0,0,.345,12.29
105,2014,260,1042,30.77,26.13,0,0,.345,12.29
105,2014,260,1048,31.08,26.42,0,0,.345,12.29
105,2014,260,1054,31.36,26.49,0,0,.344,12.29
105,2014,260,1100,31.65,26.82,0,0,.344,12.29
105,2014,260,1106,31.95,27.11,0,0,.344,12.29
105,2014,260,1112,32.25,26.6,0,0,.344,12.29
105,2014,260,1118,32.54,26.44,0,0,.345,12.29
105,2014,260,1124,32.8,27.08,0,0,.344,12.29
105,2014,260,1130,33.05,27.61,0,0,.344,12.29
105,2014,260,1136,33.29,27.8,0,0,.344,12.29
105,2014,260,1142,33.52,27.5,0,0,.344,12.29
105,2014,260,1148,33.74,26.82,0,0,.343,12.29
105,2014,260,1154,33.93,26.62,0,0,.343,12.29
105,2014,260,1200,34.11,27.51,0,0,.342,12.29
105,2014,260,1206,34.29,27.57,0,0,.342,12.29
105,2014,260,1212,34.47,27.53,0,0,.342,12.29
105,2014,260,1218,34.65,28.3,0,0,.342,12.29
105,2014,260,1224,34.84,28.6,0,0,.342,12.29
105,2014,260,1230,35.03,27.84,0,0,.342,12.29
105,2014,260,1236,35.2,28.11,0,0,.341,12.29
105,2014,260,1242,35.37,28.74,0,0,.342,12.29
105,2014,260,1248,35.53,28.38,0,0,.342,12.29
105,2014,260,1254,35.67,28.06,0,0,.341,12.29
105,2014,260,1300,35.83,28.18,0,0,.341,12.29
105,2014,260,1306,35.99,28.39,0,0,.341,12.29
105,2014,260,1312,36.15,27.41,0,0,.341,12.29
105,2014,260,1318,36.27,28.24,0,0,.341,12.29
105,2014,260,1324,36.4,27.93,0,0,.342,12.29
105,2014,260,1330,36.51,28.31,0,0,.341,12.29
105,2014,260,1336,36.6,26.74,0,0,.342,12.29
105,2014,260,1342,36.67,27.29,0,0,.342,12.29
105,2014,260,1348,36.74,27.39,0,0,.343,12.29
105,2014,260,1354,36.77,27.84,0,0,.344,12.29
105,2014,260,1400,36.81,28.03,0,0,.345,12.29
105,2014,260,1406,36.84,27.81,0,0,.348,12.29
105,2014,260,1412,36.87,28.54,0,0,.351,12.29
105,2014,260,1418,36.9,27.65,0,0,.354,12.29
105,2014,260,1424,36.93,27.38,0,0,.358,12.29
105,2014,260,1430,36.95,26.52,0,0,.362,12.29
105,2014,260,1436,36.93,27.02,0,0,.368,12.29
105,2014,260,1442,36.9,27.88,0,0,.369,12.29
105,2014,260,1448,36.88,26.72,0,0,.371,12.29
105,2014,260,1454,36.84,26.75,0,0,.372,12.29
105,2014,260,1500,36.81,26.66,0,0,.377,12.29
105,2014,260,1506,36.75,25.78,0,0,.377,12.29
105,2014,260,1512,36.68,25.2,0,0,.379,12.29
105,2014,260,1518,36.63,23.78,0,0,.378,12.29
105,2014,260,1524,36.58,22.66,0,0,.385,12.29
105,2014,260,1530,36.51,22.97,0,0,.385,12.29
105,2014,260,1536,36.41,23.24,0,0,.385,12.29
105,2014,260,1542,36.28,22.26,0,0,.387,12.29
105,2014,260,1548,36.13,22.82,0,0,.389,12.29
105,2014,260,1554,35.96,22.48,0,0,.387,12.29