,23.77,28.9,0,0,.358,12.29
105,2014,271,1112,24.05,29.67,0,0,.356,12.29
105,2014,271,1118,24.31,28.18,0,0,.355,12.29
105,2014,271,1124,24.54,28.47,0,0,.354,12.29
105,2014,271,1130,24.75,30.16,0,0,.353,12.29
105,2014,271,1136,24.98,30.34,0,0,.352,12.29
105,2014,271,1142,25.21,30.47,0,0,.351,12.29
105,2014,271,1148,25.44,30.15,0,0,.351,12.29
105,2014,271,1154,25.68,30.61,0,0,.349,12.29
105,2014,271,1200,25.91,30.35,0,0,.351,12.29
105,2014,271,1206,26.13,29.68,0,0,.35,12.29
105,2014,271,1212,26.36,29.77,0,0,.348,12.29
105,2014,271,1218,26.56,30.43,0,0,.348,12.29
105,2014,271,1224,26.75,30.66,0,0,.348,12.29
105,2014,271,1230,26.94,30.39,0,0,.347,12.29
105,2014,271,1236,27.12,30.59,0,0,.347,12.29
105,2014,271,1242,27.28,30.11,0,0,.347,12.29
105,2014,271,1248,27.43,30.15,0,0,.346,12.29
105,2014,271,1254,27.57,29.7,0,0,.347,12.29
105,2014,271,1300,27.71,29.31,0,0,.345,12.29
105,2014,271,1306,27.83,29.39,0,0,.345,12.29
105,2014,271,1312,27.93,28.98,0,0,.345,12.29
105,2014,271,1318,28.01,28.66,0,0,.344,12.29
105,2014,271,1324,28.06,28.78,0,0,.345,12.29
105,2014,271,1330,28.08,28.79,0,0,.345,12.29
105,2014,271,1336,28.1,29.17,0,0,.344,12.29
105,2014,271,1342,28.13,28.33,0,0,.344,12.29
105,2014,271,1348,28.13,28.19,0,0,.344,12.29
105,2014,271,1354,28.13,28.13,0,0,.344,12.29
105,2014,271,1400,28.11,29.04,0,0,.343,12.29
105,2014,271,1406,28.12,28.98,0,0,.343,12.29
105,2014,271,1412,28.14,27.63,0,0,.342,12.29
105,2014,271,1418,28.16,29.21,0,0,.342,12.29
105,2014,271,1424,28.18,29.2,0,0,.341,12.29
105,2014,271,1430,28.21,29.39,0,0,.342,12.29
105,2014,271,1436,28.24,29.36,0,0,.34,12.29
105,2014,271,1442,28.27,28.66,0,0,.34,12.29
105,2014,271,1448,28.31,28.13,0,0,.34,12.29
105,2014,271,1454,28.35,28.03,0,0,.339,12.29
105,2014,271,1500,28.38,27.78,0,0,.339,12.29
105,2014,271,1506,28.39,26.95,0,0,.339,12.29
105,2014,271,1512,28.38,26.02,0,0,.338,12.29
105,2014,271,1518,28.33,26.47,0,0,.339,12.29
105,2014,271,1524,28.25,26,0,0,.339,12.29
105,2014,271,1530,28.17,25.5,0,0,.339,12.29
105,2014,271,1536,28.06,25.11,0,0,.339,12.29
105,2014,271,1542,27.94,24.66,0,0,.339,12.29
105,2014,271,1548,27.79,24.73,0,0,.339,12.29
105,2014,271,1554,27.65,24.34,0,0,.338,12.29
105,2014,271,1600,27.5,24.21,0,0,.339,12.29
105,2014,271,1606,27.33,24.2,0,0,.339,12.29
105,2014,271,1612,27.17,24.21,0,0,.339,12.29
105,2014,271,1618,27.01,24.05,0,0,.339,12.29
105,2014,271,1624,26.86,23.71,0,0,.339,12.29
105,2014,271,1630,26.71,23.54,0,0,.339,12.29
105,2014,271,1636,26.56,23.34,0,0,.338,12.29
105,2014,271,1642,26.41,23.54,0,0,.338,12.29
105,2014,271,1648,26.26,22.82,0,0,.338,12.29
105,2014,271,1654,26.12,23.03,0,0,.338,12.29
105,2014,271,1700,25.98,22.62,0,0,.338,12.29
105,2014,271,1706,25.84,22.54,0,0,.338,12.29
105,2014,271,1712,25.7,22.11,0,0,.338,12.29
105,2014,271,1718,25.56,22.01,0,0,.338,12.29
105,2014,271,1724,25.42,21.78,0,0,.337,12.29
105,2014,271,1730,25.28,22,0,0,.338,12.29
105,2014,271,1736,25.14,22.06,0,0,.337,12.29
105,2014,271,1742,25,22.06,0,0,.337,12.29
105,2014,271,1748,24.87,21.92,0,0,.337,12.29
105,2014,271,1754,24.74,21.92,0,0,.336,12.29
105,2014,271,1800,24.63,21.93,0,0,.336,12.29
105,2014,271,1806,24.52,21.64,0,0,.336,12.29
105,2014,271,1812,24.41,21.56,0,0,.336,12.29
105,2014,271,1818,24.3,21.2,0,0,.336,12.29
105,2014,271,1824,24.2,21.63,0,0,.336,12.29
105,2014,271,1830,24.09,21.09,0,0,.336,12.29
105,2014,271,1836,23.97,20.99,0,0,.336,12.29
105,2014,271,1842,23.85,20.85,0,0,.335,12.29
105,2014,271,1848,23.73,20.38,0,0,.336,12.29
105,2014,271,1854,23.59,20.4,0,0,.337,12.29
105,2014,271,1900,23.45,20.1,0,0,.336,12.3
105,2014,271,1906,23.29,19.76,0,0,.336,12.3
105,2014,271,1912,23.11,19.86,0,0,.336,12.3
105,2014,271,1918,22.94,19.58,0,0,.337,12.3
105,2014,271,1924,22.75,19.44,0,0,.337,12.3
105,2014,271,1930,22.58,19.16,0,0,.336,12.3
105,2014,271,1936,22.44,18.94,0,0,.337,12.3
105,2014,271,1942,22.28,18.52,0,0,.337,12.3
105,2014,271,1948,22.12,18.45,0,0,.337,12.3
105,2014,271,1954,21.95,18.84,0,0,.336,12.3
105,2014,271,2000,21.78,18.52,0,0,.336,12.3
105,2014,271,2006,21.64,18.69,0,0,.336,12.3
105,2014,271,2012,21.51,18.36,0,0,.336,12.3
105,2014,271,2018,21.39,18.27,0,0,.336,12.3
105,2014,271,2024,21.28,18.11,0,0,.336,12.3
105,2014,271,2030,21.16,18.34,0,0,.336,12.3
105,2014,271,2036,21.04,18.14,0,0,.336,12.3
105,2014,271,2042,20.92,18.15,0,0,.335,12.3
105,2014,271,2048,20.81,18.23,0,0,.335,12.3
105,2014,271,2054,20.69,18.08,0,0,.335,12.3
105,2014,271,2100,20.58,17.94,0,0,.334,12.3
105,2014,271,2106,20.49,17.84,0,0,.335,12.3
105,2014,271,2112,20.41,17.73,0,0,.335,12.3
105,2014,271,2118,20.32,17.7,0,0,.335,12.3
105,2014,271,2124,20.24,17.36,0,0,.334,12.3
105,2014,271,2130,20.15,17.58,0,0,.333,12.3
105,2014,271,2136,20.06,17.69,0,0,.333,12.3
105,2014,271,2142,19.99,17.63,0,0,.333,12.3
105,2014,271,2148,19.94,17.6,0,0,.332,12.3
105,2014,271,2154,19.89,17.62,0,0,.333,12.3
105,2014,271,2200,19.84,17.65,0,0,.333,12.3
105,2014,271,2206,19.79,17.14,0,0,.332,12.3
105,2014,271,2212,19.73,17.38,0,0,.332,12.3
105,2014,271,2218,19.66,17.59,0,0,.332,12.3
105,2014,271,2224,19.59,17.45,0,0,.332,12.3
105,2014,271,2230,19.54,17.4,0,0,.332,12.3
105,2014,271,2236,19.48,17.4,0,0,.331,12.3
105,2014,271,2242,19.43,17.31,0,0,.331,12.3
105,2014,271,2248,19.38,17.18,0,0,.332,12.3
105,2014,271,2254,19.32,17.35,0,0,.332,12.3
105,2014,271,2300,19.26,17.26,0,0,.33,12.3
105,2014,271,2306,19.21,17.21,0,0,.33,12.3
105,2014,271,2312,19.16,17.13,0,0,.33,12.3
105,2014,271,2318,19.11,16.83,0,0,.329,12.3
105,2014,271,2324,19.05,17.28,0,0,.329,12.3
105,2014,271,2330,18.99,17.17,0,0,.329,12.3
105,2014,271,2336,18.92,16.99,0,0,.329,12.3
105,2014,271,2342,18.86,16.97,0,0,.329,12.3
105,2014,271,2348,18.79,17.08,0,0,.328,12.3
105,2014,271,2354,18.73,16.89,0,0,.329,12.3
105,2014,272,0,18.68,16.89,0,0,.329,12.3
105,2014,272,6,18.65,16.87,0,0,.328,12.3
105,2014,272,12,18.63,16.84,0,0,.329,12.3
105,2014,272,18,18.61,16.67,0,0,.329,12.3
105,2014,272,24,18.59,16.54,0,0,.328,12.3
105,2014,272,30,18.56,16.39,0,0,.328,12.3
105,2014,272,36,18.51,16.31,0,0,.328,12.3
105,2014,272,42,18.45,16.12,0,0,.328,12.3
105,2014,272,48,18.38,15.98,0,0,.327,12.3
105,2014,272,54,18.3,16.2,0,0,.328,12.3
105,2014,272,100,18.21,15.93,0,0,.327,12.3
105,2014,272,106,18.12,15.51,0,0,.328,12.3
105,2014,272,112,18.03,15.81,0,0,.327,12.3
105,2014,272,118,17.94,15.47,0,0,.327,12.3
105,2014,272,124,17.86,15.65,0,0,.327,12.3
105,2014,272,130,17.78,15.64,0,0,.327,12.3
105,2014,272,136,17.69,15.32,0,0,.327,12.3
105,2014,272,142,17.61,15.13,0,0,.326,12.3
105,2014,272,148,17.52,15.34,0,0,.326,12.3
105,2014,272,154,17.43,15.22,0,0,.326,12.3
105,2014,272,200,17.34,15.03,0,0,.326,12.3
105,2014,272,206,17.25,14.74,0,0,.326,12.3
105,2014,272,212,17.16,14.75,0,0,.326,12.3
105,2014,272,218,17.07,14.84,0,0,.325,12.3
105,2014,272,224,17.01,15.48,0,0,.326,12.3
105,2014,272,230,16.97,15.81,0,0,.325,12.3
105,2014,272,236,16.96,15.69,0,0,.326,12.3
105,2014,272,242,16.97,15.38,0,0,.326,12.3
105,2014,272,248,16.97,15.2,0,0,.325,12.3
105,2014,272,254,16.96,15.27,0,0,.325,12.3
105,2014,272,300,16.95,15.25,0,0,.325,12.3
105,2014,272,306,16.93,15.32,0,0,.325,12.3
105,2014,272,312,16.91,15.54,0,0,.325,12.3
105,2014,272,318,16.9,15.66,0,0,.323,12.3
105,2014,272,324,16.89,15.34,0,0,.324,12.3
105,2014,272,330,16.89,15.62,0,0,.324,12.3
105,2014,272,336,16.89,15.82,0,0,.323,12.3
105,2014,272,342,16.9,15.45,0,0,.323,12.3
105,2014,272,348,16.9,15.97,0,0,.323,12.3
105,2014,272,354,16.91,15.53,0,0,.323,12.3
105,2014,272,400,16.92,15.85,0,0,.323,12.3
105,2014,272,406,16.94,16,0,0,.323,12.3
105,2014,272,412,16.97,15.9,0,0,.324,12.3
105,2014,272,418,17,15.9,0,0,.322,12.3
105,2014,272,424,17.02,16.13,0,0,.323,12.3
105,2014,272,430,17.04,15.82,0,0,.324,12.3
105,2014,272,436,17.07,15.54,0,0,.322,12.3
105,2014,272,442,17.08,15.7,0,0,.323,12.3
105,2014,272,448,17.07,15.89,0,0,.322,12.3
105,2014,272,454,17.07,15.55,0,0,.323,12.3
105,2014,272,500,17.06,15.67,0,0,.323,12.3
105,2014,272,506,17.05,15.85,0,0,.322,12.3
105,2014,272,512,17.04,15.57,0,0,.322,12.3
105,2014,272,518,17.03,15.83,0,0,.322,12.3
105,2014,272,524,17.01,15.5,0,0,.322,12.3
105,2014,272,530,16.98,15.51,0,0,.321,12.3
105,2014,272,536,16.96,15.62,0,0,.321,12.3
105,2014,272,542,16.93,15.48,0,0,.32,12.3
105,2014,272,548,16.91,15.93,0,0,.32,12.3
105,2014,272,554,16.91,16.04,0,0,.321,12.3
105,2014,272,600,16.93,15.69,0,0,.32,12.3
105,2014,272,606,16.95,15.73,0,0,.32,12.3
105,2014,272,612,16.96,15.68,0,0,.32,12.3
105,2014,272,618,16.97,16.05,0,0,.32,12.3
105,2014,272,624,16.98,15.88,0,0,.32,12.3
105,2014,272,630,16.99,15.82,0,0,.32,12.3
105,2014,272,636,17,15.61,0,0,.32,12.3
105,2014,272,642,17,15.51,0,0,.32,12.3
105,2014,272,648,16.99,15.71,0,0,.32,12.3
105,2014,272,654,16.98,16,0,0,.32,12.3
105,2014,272,700,16.98,16.02,0,0,.319,12.3
105,2014,272,706,16.99,15.99,0,0,.318,12.3
105,2014,272,712,17,15.95,0,0,.319,12.3
105,2014,272,718,17.02,16.03,0,0,.319,12.3
105,2014,272,724,17.04,15.81,0,0,.319,12.3
105,2014,272,730,17.04,15.39,0,0,.32,12.3
105,2014,272,736,17.04,15.5,0,0,.32,12.3
105,2014,272,742,17.03,15.85,0,0,.32,12.3
105,2014,272,748,17.02,16.16,0,0,.318,12.3
105,2014,272,754,17.03,16.28,0,0,.317,12.3
105,2014,272,800,17.04,16.35,0,0,.318,12.3
105,2014,272,806,17.06,16.58,0,0,.317,12.3
105,2014,272,812,17.1,17.29,0,0,.317,12.3
105,2014,272,818,17.16,17.62,0,0,.317,12.3
105,2014,272,824,17.25,17.86,0,0,.317,12.3
105,2014,272,830,17.34,18.06,0,0,.317,12.3
105,2014,272,836,17.45,17.99,0,0,.317,12.3
105,2014,272,842,17.56,17.94,0,0,.316,12.3
105,2014,272,848,17.68,17.92,0,0,.316,12.3
105,2014,272,854,17.81,17.82,0,0,.316,12.3
105,2014,272,900,17.93,18.09,0,0,.316,12.3
105,2014,272,906,18.04,18.06,0,0,.316,12.3
105,2014,272,912,18.15,18.14,0,0,.315,12.3
105,2014,272,918,18.26,18.48,0,0,.315,12.3
105,2014,272,924,18.36,18.56,0,0,.315,12.3
105,2014,272,930,18.47,18.79,0,0,.314,12.3
105,2014,272,936,18.58,18.6,0,0,.314,12.3
105,2014,272,942,18.69,19.2,0,0,.314,12.3
105,2014,272,948,18.81,19.86,0,0,.314,12.3
105,2014,272,954,18.94,20.32,0,0,.313,12.3
105,2014,272,1000,19.07,20.85,0,0,.313,12.3
105,2014,272,1006,19.23,20.73,0,0,.313,12.3
105,2014,272,1012,19.39,20.69,0,0,.312,12.3
105,2014,272,1018,19.56,20.78,0,0,.312,12.3
105,2014,272,1024,19.72,21.42,0,0,.312,12.3
105,2014,272,1030,19.88,20.57,0,0,.313,12.3
105,2014,272,1036,20.03,20.87,0,0,.312,12.3
105,2014,272,1042,20.18,21.14,0,0,.311,12.3
105,2014,272,1048,20.32,21.69,0,0,.311,12.3
105,2014,272,1054,20.47,21.7,0,0,.312,12.3
105,2014,272,1100,20.61,21.88,0,0,.312,12.3
105,2014,272,1106,20.77,21.57,0,0,.312,12.3
105,2014,272,1112,20.92,21.79,0,0,.312,12.29
105,2014,272,1118,21.07,21.38,0,0,.312,12.29
105,2014,272,1124,21.21,21.19,0,0,.312,12.29
105,2014,272,1130,21.35,21.79,0,0,.312,12.29
105,2014,272,1136,21.48,21.67,0,0,.312,12.29
105,2014,272,1142,21.61,22.14,0,0,.311,12.3
105,2014,272,1148,21.73,22.07,0,0,.311,12.3
105,2014,272,1154,21.85,22.23,0,0,.311,12.3
105,2014,272,1200,21.97,22.26,0,0,.311,12.29
105,2014,272,1206,22.08,22.35,0,0,.311,12.29
105,2014,272,1212,22.19,22.8,0,0,.311,12.29
105,2014,272,1218,22.3,23.56,0,0,.31,12.29
105,2014,272,1224,22.41,23.47,0,0,.309,12.29
105,2014,272,1230,22.52,23.16,0,0,.309,12.29
105,2014,272,1236,22.65,22.99,0,0,.309,12.29
105,2014,272,1242,22.79,22.9,0,0,.309,12.29
105,2014,272,1248,22.92,23.23,0,0,.309,12.29
105,2014,272,1254,23.04,22.86,0,0,.309,12.29
105,2014,272,1300,23.15,22.97,0,0,.309,12.29
105,2014,272,1306,23.25,22.86,0,0,.309,12.29
105,2014,272,1312,23.33,22.84,0,0,.309,12.29
105,2014,272,1318,23.41,22.69,0,0,.309,12.29
105,2014,272,1324,23.48,22.63,0,0,.308,12.29
105,2014,272,1330,23.54,22.54,0,0,.308,12.29
105,2014,272,1336,23.58,22.83,0,0,.308,12.29
105,2014,272,1342,23.62,23.18,0,0,.306,12.29
105,2014,272,1348,23.64,23.33,0,0,.307,12.29
105,2014,272,1354,23.68,23.09,0,0,.306,12.29
105,2014,272,1400,23.72,22.51,0,0,.307,12.29
105,2014,272,1406,23.75,22.54,0,0,.306,12.29
105,2014,272,1412,23.77,22.37,0,0,.307,12.29
105,2014,272,1418,23.79,22.92,0,0,.306,12.29
105,2014,272,1424,23.81,23.23,0,0,.306,12.29
105,2014,272,1430,23.82,22.93,0,0,.305,12.29
105,2014,272,1436,23.83,23.02,0,0,.305,12.29
105,2014,272,1442,23.83,22.38,0,0,.305,12.29
105,2014,272,1448,23.83,22.62,0,0,.305,12.29
105,2014,272,1454,23.82,22.6,0,0,.305,12.29
105,2014,272,1500,23.81,22.16,0,0,.304,12.29
105,2014,272,1506,23.79,22.39,0,0,.305,12.29
105,2014,272,1512,23.76,21.84,0,0,.304,12.29
105,2014,272,1518,23.74,22.13,0,0,.304,12.29
105,2014,272,1524,23.71,21.91,0,0,.304,12.29
105,2014,272,1530,23.68,22.12,0,0,.304,12.29
105,2014,272,1536,23.66,21.9,0,0,.305,12.29
105,2014,272,1542,23.64,21.93,0,0,.304,12.29
105,2014,272,1548,23.62,22.34,0,0,.305,12.29
105,2014,272,1554,23.59,22.04,0,0,.305,12.29
105,2014,272,1600,23.57,21.74,0,0,.304,12.29
105,2014,272,1606,23.54,21.86,0,0,.305,12.29
105,2014,272,1612,23.52,21.66,0,0,.304,12.29
105,2014,272,1618,23.5,22.15,0,0,.305,12.29
105,2014,272,1624,23.47,21.76,0,0,.305,12.29
105,2014,272,1630,23.46,22.02,0,0,.305,12.29
105,2014,272,1636,23.44,22.11,0,0,.305,12.29
105,2014,272,1642,23.43,22.16,0,0,.305,12.29
105,2014,272,1648,23.41,22.32,0,0,.304,12.29
105,2014,272,1654,23.39,21.7,0,0,.303,12.29
105,2014,272,1700,23.38,21.77,0,0,.303,12.29
105,2014,272,1706,23.36,21.84,0,0,.303,12.29
105,2014,272,1712,23.34,21.85,0,0,.303,12.29
105,2014,272,1718,23.32,21.71,0,0,.304,12.29
105,2014,272,1724,23.29,21.44,0,0,.303,12.29
105,2014,272,1730,23.25,21.66,0,0,.303,12.29
105,2014,272,1736,23.21,21.25,0,0,.303,12.29
105,2014,272,1742,23.16,21.34,0,0,.303,12.29
105,2014,272,1748,23.11,21.11,0,0,.303,12.3
105,2014,272,1754,23.06,21.26,0,0,.304,12.29
105,2014,272,1800,23.01,20.6,0,0,.304,12.3
105,2014,272,1806,22.96,20.58,0,0,.304,12.3
105,2014,272,1812,22.9,20.44,0,0,.303,12.3
105,2014,272,1818,22.85,20.51,0,0,.304,12.3
105,2014,272,1824,22.79,20.41,0,0,.304,12.3
105,2014,272,1830,22.72,20.5,0,0,.304,12.3
105,2014,272,1836,22.65,20.67,0,0,.303,12.29
105,2014,272,1842,22.57,20.37,0,0,.303,12.3
105,2014,272,1848,22.49,20.06,0,0,.304,12.29
105,2014,272,1854,22.41,19.93,0,0,.303,12.3
105,2014,272,1900,22.32,19.77,0,0,.304,12.3
105,2014,272,1906,22.24,19.58,0,0,.303,12.3
105,2014,272,1912,22.16,19.77,0,0,.304,12.3
105,2014,272,1918,22.07,19.6,0,0,.303,12.3
105,2014,272,1924,21.99,19.53,0,0,.304,12.3
105,2014,272,1930,21.91,19.56,0,0,.304,12.3
105,2014,272,1936,21.82,19.19,0,0,.304,12.3
105,2014,272,1942,21.74,19.5,0,0,.304,12.3
105,2014,272,1948,21.64,19.44,0,0,.303,12.3
105,2014,272,1954,21.55,19.22,0,0,.304,12.3
105,2014,272,2000,21.48,19.23,0,0,.304,12.3
105,2014,272,2006,21.4,18.93,0,0,.304,12.3
105,2014,272,2012,21.33,18.83,0,0,.304,12.3
105,2014,272,2018,21.27,18.79,0,0,.303,12.3
105,2014,272,2024,21.21,18.79,0,0,.303,12.3
105,2014,272,2030,21.15,18.77,0,0,.303,12.3
105,2014,272,2036,21.08,18.98,0,0,.304,12.3
105,2014,272,2042,21,18.85,0,0,.303,12.3
105,2014,272,2048,20.92,18.74,0,0,.303,12.3
105,2014,272,2054,20.85,18.81,0,0,.303,12.3
105,2014,272,2100,20.78,18.71,0,0,.303,12.3
105,2014,272,2106,20.71,18.78,0,0,.303,12.3
105,2014,272,2112,20.64,18.77,0,0,.303,12.3
105,2014,272,2118,20.58,18.35,0,0,.303,12.3
105,2014,272,2124,20.51,18.49,0,0,.303,12.3
105,2014,272,2130,20.45,18.45,0,0,.302,12.3
105,2014,272,2136,20.39,18.62,0,0,.303,12.3
105,2014,272,2142,20.34,18.44,0,0,.303,12.3
105,2014,272,2148,20.28,18.53,0,0,.303,12.3
105,2014,272,2154,20.22,18.39,0,0,.303,12.3
105,2014,272,2200,20.17,18.41,0,0,.301,12.3
105,2014,272,2206,20.13,18.49,0,0,.301,12.3
105,2014,272,2212,20.1,18.57,0,0,.301,12.3
105,2014,272,2218,20.07,18.7,0,0,.3,12.3
105,2014,272,2224,20.04,18.29,0,0,.301,12.3
105,2014,272,2230,20.01,18.36,0,0,.301,12.3
105,2014,272,2236,19.99,18.36,0,0,.3,12.3
105,2014,272,2242,19.97,18.4,0,0,.299,12.3
105,2014,272,2248,19.96,18.38,0,0,.299,12.3
105,2014,272,2254,19.97,18.37,0,0,.299,12.3
105,2014,272,2300,19.97,18.36,0,0,.299,12.3
105,2014,272,2306,19.97,18.28,0,0,.299,12.3
105,2014,272,2312,19.98,18.16,0,0,.3,12.3
105,2014,272,2318,19.97,18.28,0,0,.3,12.3
105,2014,272,2324,19.96,18.2,0,0,.299,12.3
105,2014,272,2330,19.95,18.34,0,0,.299,12.3
105,2014,272,2336,19.93,18.24,0,0,.299,12.3
105,2014,272,2342,19.91,18.12,0,0,.299,12.3
105,2014,272,2348,19.88,18.14,0,0,.299,12.3
105,2014,272,2354,19.85,18.18,0,0,.299,12.3
105,2014,273,0,19.81,18.2,0,0,.298,12.3
105,2014,273,6,19.77,17.99,0,0,.298,12.3
105,2014,273,12,19.73,17.91,0,0,.297,12.3
105,2014,273,18,19.7,17.83,0,0,.297,12.3
105,2014,273,24,19.67,17.89,0,0,.297,12.3
105,2014,273,30,19.63,17.85,0,0,.297,12.3
105,2014,273,36,19.6,17.93,0,0,.297,12.3
105,2014,273,42,19.56,17.9,0,0,.296,12.3
105,2014,273,48,19.53,17.96,0,0,.297,12.3
105,2014,273,54,19.49,17.82,0,0,.296,12.3
105,2014,273,100,19.45,17.9,0,0,.298,12.3
105,2014,273,106,19.41,18.01,0,0,.298,12.3
105,2014,273,112,19.37,18.04,0,0,.298,12.3
105,2014,273,118,19.33,17.71,0,0,.297,12.3
105,2014,273,124,19.3,17.49,0,0,.296,12.3
105,2014,273,130,19.27,17.7,0,0,.295,12.3
105,2014,273,136,19.25,17.58,0,0,.296,12.3
105,2014,273,142,19.23,17.76,0,0,.296,12.3
105,2014,273,148,19.22,17.83,0,0,.295,12.3
105,2014,273,154,19.2,17.77,0,0,.295,12.3
105,2014,273,200,19.19,18.02,0,0,.295,12.3
105,2014,273,206,19.17,17.9,0,0,.295,12.3
105,2014,273,212,19.16,17.91,0,0,.295,12.3
105,2014,273,218,19.15,17.91,0,0,.294,12.3
105,2014,273,224,19.14,17.91,0,0,.295,12.3
105,2014,273,230,19.13,17.86,0,0,.295,12.3
105,2014,273,236,19.13,17.96,0,0,.295,12.3
105,2014,273,242,19.13,18.07,0,0,.295,12.3
105,2014,273,248,19.13,17.9,0,0,.296,12.3
105,2014,273,254,19.13,17.77,0,0,.295,12.3
105,2014,273,300,19.13,17.84,0,0,.295,12.3
105,2014,273,306,19.14,17.74,0,0,.295,12.3
105,2014,273,312,19.15,17.71,0,0,.295,12.3
105,2014,273,318,19.15,17.79,0,0,.295,12.3
105,2014,273,324,19.16,17.78,0,0,.295,12.3
105,2014,273,330,19.17,17.86,0,0,.294,12.3
105,2014,273,336,19.18,17.99,0,0,.294,12.3
105,2014,273,342,19.2,18.01,0,0,.294,12.3
105,2014,273,348,19.23,18.1,0,0,.294,12.3
105,2014,273,354,19.26,18.16,0,0,.295,12.3
105,2014,273,400,19.3,18.19,0,0,.294,12.3
105,2014,273,406,19.34,18.22,0,0,.294,12.3
105,2014,273,412,19.38,18.34,0,0,.293,12.3
105,2014,273,418,19.42,18.44,0,0,.294,12.3
105,2014,273,424,19.46,18.39,0,0,.293,12.3
105,2014,273,430,19.5,18.49,0,0,.294,12.3
105,2014,273,436,19.53,18.39,0,0,.294,12.3
105,2014,273,442,19.57,18.54,0,0,.294,12.3
105,2014,273,448,19.59,18.45,0,0,.294,12.3
105,2014,273,454,19.62,18.52,0,0,.294,12.3
105,2014,273,500,19.63,18.46,0,0,.293,12.3
105,2014,273,506,19.65,18.31,0,0,.294,12.3
105,2014,273,512,19.66,18.42,0,0,.294,12.3
105,2014,273,518,19.66,18.46,0,0,.294,12.3
105,2014,273,524,19.66,18.3,0,0,.293,12.3
105,2014,273,530,19.66,18.2,0,0,.293,12.3
105,2014,273,536,19.65,18.13,0,0,.294,12.3
105,2014,273,542,19.65,18.13,0,0,.293,12.3
105,2014,273,548,19.66,18.1,0,0,.293,12.3
105,2014,273,554,19.66,18.29,0,0,.293,12.3
105,2014,273,600,19.66,18.32,0,0,.293,12.3
105,2014,273,606,19.67,18.41,0,0,.294,12.3
105,2014,273,612,19.67,18.48,0,0,.292,12.3
105,2014,273,618,19.67,18.75,0,0,.293,12.3
105,2014,273,624,19.67,18.56,0,0,.293,12.3
105,2014,273,630,19.67,18.53,0,0,.293,12.3
105,2014,273,636,19.67,18.47,0,0,.293,12.3
105,2014,273,642,19.67,18.48,0,0,.293,12.3
105,2014,273,648,19.67,18.26,0,0,.293,12.3
105,2014,273,654,19.67,18.08,0,0,.293,12.3
105,2014,273,700,19.67,18.21,0,0,.293,12.3
105,2014,273,706,19.66,18.44,0,0,.292,12.3
105,2014,273,712,19.66,18.39,0,0,.292,12.3
105,2014,273,718,19.65,18.23,0,0,.291,12.3
105,2014,273,724,19.65,18.17,0,0,.292,12.3
105,2014,273,730,19.65,18.23,0,0,.291,12.3
105,2014,273,736,19.64,17.99,0,0,.291,12.3
105,2014,273,742,19.62,18.03,0,0,.292,12.3
105,2014,273,748,19.6,18.12,0,0,.291,12.3
105,2014,273,754,19.59,18.09,0,0,.291,12.3
105,2014,273,800,19.58,18.32,0,0,.291,12.3
105,2014,273,806,19.57,18.59,0,0,.291,12.3
105,2014,273,812,19.58,18.54,0,0,.291,12.3
105,2014,273,818,19.59,18.98,0,0,.291,12.3
105,2014,273,824,19.62,19.77,0,0,.291,12.3
105,2014,273,830,19.68,20.35,0,0,.291,12.3
105,2014,273,836,19.76,21.18,0,0,.29,12.3
105,2014,273,842,19.87,20.58,0,0,.29,12.3
105,2014,273,848,19.98,21.42,0,0,.29,12.3
105,2014,273,854,20.1,21.16,0,0,.291,12.3
105,2014,273,900,20.23,21.2,0,0,.291,12.3
105,2014,273,906,20.35,21.28,0,0,.291,12.3
105,2014,273,912,20.45,21.44,0,0,.29,12.3
105,2014,273,918,20.56,21.12,0,0,.29,12.3
105,2014,273,924,20.66,21.23,0,0,.29,12.3
105,2014,273,930,20.75,20.71,0,0,.289,12.3
105,2014,273,936,20.83,21.13,0,0,.29,12.3
105,2014,273,942,20.9,21.13,0,0,.29,12.3
105,2014,273,948,20.97,21.52,0,0,.289,12.3
105,2014,273,954,21.04,21.47,0,0,.289,12.3
105,2014,273,1000,21.11,21.87,0,0,.289,12.3
105,2014,273,1006,21.18,22.74,0,0,.289,12.3
105,2014,273,1012,21.27,23.88,0,0,.289,12.29
105,2014,273,1018,21.38,25.1,0,0,.288,12.29
105,2014,273,1024,21.55,26.14,0,0,.287,12.3
105,2014,273,1030,21.74,25.23,0,0,.287,12.29
105,2014,273,1036,21.94,24.44,0,0,.287,12.29
105,2014,273,1042,22.12,25.51,0,0,.287,12.29
105,2014,273,1048,22.29,25.57,0,0,.287,12.29
105,2014,273,1054,22.47,25.58,0,0,.286,12.29
105,2014,273,1100,22.65,25.68,0,0,.286,12.29
105,2014,273,1106,22.85,26.12,0,0,.286,12.29
105,2014,273,1112,23.05,27.12,0,0,.286,12.29
105,2014,273,1118,23.23,27.48,0,0,.285,12.29
105,2014,273,1124,23.42,27.05,0,0,.284,12.29
105,2014,273,1130,23.6,26.35,0,0,.284,12.29
105,2014,273,1136,23.76,25.41,0,0,.284,12.29
105,2014,273,1142,23.92,28.06,0,0,.284,12.29
105,2014,273,1148,24.09,28.11,0,0,.283,12.29
105,2014,273,1154,24.28,27.72,0,0,.282,12.29
105,2014,273,1200,24.47,27.63,0,0,.282,12.29
105,2014,273,1206,24.66,28.5,0,0,.281,12.29
105,2014,273,1212,24.86,28.2,0,0,.281,12.29
105,2014,273,1218,25.04,27.41,0,0,.281,12.29
105,2014,273,1224,25.21,28.22,0,0,.281,12.29
105,2014,273,1230,25.38,28.8,0,0,.281,12.29
105,2014,273,1236,25.55,28.56,0,0,.279,12.29
105,2014,273,1242,25.7,28.56,0,0,.279,12.29
105,2014,273,1248,25.84,28.76,0,0,.278,12.29
105,2014,273,1254,25.97,27.9,0,0,.279,12.29
105,2014,273,1300,26.09,27.41,0,0,.278,12.29
105,2014,273,1306,26.18,27.48,0,0,.278,12.29
105,2014,273,1312,26.26,27.98,0,0,.278,12.29
105,2014,273,1318,26.33,28.05,0,0,.278,12.29
105,2014,273,1324,26.39,27.42,0,0,.278,12.29
105,2014,273,1330,26.45,27.97,0,0,.278,12.29
105,2014,273,1336,26.51,28.62,0,0,.277,12.29
105,2014,273,1342,26.58,29.05,0,0,.276,12.29
105,2014,273,1348,26.66,29.05,0,0,.276,12.29
105,2014,273,1354,26.74,28.42,0,0,.276,12.29
105,2014,273,1400,26.8,29.12,0,0,.276,12.29
105,2014,273,1406,26.86,29.05,0,0,.276,12.29
105,2014,273,1412,26.92,29.38,0,0,.276,12.29
105,2014,273,1418,26.99,28.19,0,0,.275,12.29
105,2014,273,1424,27.04,27.3,0,0,.275,12.29
105,2014,273,1430,27.09,27.75,0,0,.275,12.29
105,2014,273,1436,27.14,27.07,0,0,.275,12.29
105,2014,273,1442,27.17,26.57,0,0,.275,12.29
105,2014,273,1448,27.2,27.82,0,0,.273,12.29
105,2014,273,1454,27.22,25.73,0,0,.273,12.29
105,2014,273,1500,27.23,24.83,0,0,.273,12.29
105,2014,273,1506,27.21,25.87,0,0,.273,12.29
105,2014,273,1512,27.18,24.9,0,0,.273,12.29
105,2014,273,1518,27.11,24.05,0,0,.273,12.29
105,2014,273,1524,27,24.11,0,0,.273,12.29
105,2014,273,1530,26.88,23.78,0,0,.273,12.29
105,2014,273,1536,26.73,23.47,0,0,.273,12.29
105,2014,273,1542,26.58,23.59,0,0,.273,12.29
105,2014,273,1548,26.43,23.59,0,0,.273,12.29
105,2014,273,1554,26.28,23.22,0,0,.273,12.29
105,2014,273,1600,26.14,22.91,0,0,.273,12.29
105,2014,273,1606,25.99,22.92,0,0,.273,12.29
105,2014,273,1612,25.84,22.95,0,0,.273,12.29
105,2014,273,1618,25.69,23.01,0,0,.273,12.29
105,2014,273,1624,25.56,22.29,0,0,.273,12.29
105,2014,273,1630,25.41,22.45,0,0,.273,12.29
105,2014,273,1636,25.27,22.22,0,0,.273,12.29
105,2014,273,1642,25.13,21.97,0,0,.273,12.29
105,2014,273,1648,24.99,21.77,0,0,.273,12.29
105,2014,273,1654,24.84,21.69,0,0,.273,12.29
105,2014,273,1700,24.69,21.8,0,0,.273,12.3
105,2014,273,1706,24.55,21.58,0,0,.273,12.3
105,2014,273,1712,24.42,21.38,0,0,.273,12.29
105,2014,273,1718,24.3,21.48,0,0,.273,12.29
105,2014,273,1724,24.17,21.24,0,0,.273,12.29
105,2014,273,1730,24.05,21.05,0,0,.274,12.29
105,2014,273,1736,23.92,21.03,0,0,.273,12.29
105,2014,273,1742,23.81,21.05,0,0,.274,12.29
105,2014,273,1748,23.7,21.05,0,0,.274,12.3
105,2014,273,1754,23.6,20.83,0,0,.274,12.3
105,2014,273,1800,23.51,20.7,0,0,.275,12.3
105,2014,273,1806,23.4,20.52,0,0,.275,12.3
105,2014,273,1812,23.3,20.6,0,0,.275,12.3
105,2014,273,1818,23.18,20.61,0,0,.275,12.29
105,2014,273,1824,23.07,20.56,0,0,.276,12.29
105,2014,273,1830,22.95,20.21,0,0,.276,12.3
105,2014,273,1836,22.84,20.02,0,0,.276,12.3
105,2014,273,1842,22.75,19.86,0,0,.276,12.3
105,2014,273,1848,22.66,19.9,0,0,.276,12.3
105,2014,273,1854,22.57,19.98,0,0,.276,12.3
105,2014,273,1900,22.46,19.42,0,0,.276,12.3
105,2014,273,1906,22.34,19.27,0,0,.276,12.3
105,2014,273,1912,22.22,19.57,0,0,.276,12.3
105,2014,273,1918,22.1,19.33,0,0,.276,12.3
105,2014,273,1924,21.99,18.96,0,0,.276,12.3
105,2014,273,1930,21.86,18.42,0,0,.276,12.3
105,2014,273,1936,21.7,18.31,0,0,.276,12.3
105,2014,273,1942,21.54,18.47,0,0,.276,12.3
105,2014,273,1948,21.38,18.35,0,0,.275,12.3
105,2014,273,1954,21.24,18.32,0,0,.276,12.3
105,2014,273,2000,21.1,17.85,0,0,.276,12.3
105,2014,273,2006,20.96,17.69,0,0,.276,12.3
105,2014,273,2012,20.82,17.77,0,0,.276,12.3
105,2014,273,2018,20.67,17.99,0,0,.276,12.3
105,2014,273,2024,20.54,17.86,0,0,.276,12.3
105,2014,273,2030,20.42,18.04,0,0,.276,12.3
105,2014,273,2036,20.33,18.13,0,0,.276,12.3
105,2014,273,2042,20.25,18.01,0,0,.276,12.3
105,2014,273,2048,20.16,17.97,0,0,.276,12.3
105,2014,273,2054,20.06,17.18,0,0,.275,12.3
105,2014,273,2100,19.96,17.4,0,0,.275,12.3
105,2014,273,2106,19.87,17.71,0,0,.275,12.3
105,2014,273,2112,19.81,17.82,0,0,.274,12.3
105,2014,273,2118,19.76,18.1,0,0,.274,12.3
105,2014,273,2124,19.74,19.05,0,0,.273,12.3
105,2014,273,2130,19.76,19.24,0,0,.273,12.3
105,2014,273,2136,19.81,19.43,0,0,.273,12.3
105,2014,273,2142,19.87,18.89,0,0,.274,12.3
105,2014,273,2148,19.92,18.69,0,0,.274,12.3
105,2014,273,2154,19.96,19.2,0,0,.274,12.3
105,2014,273,2200,20.01,19.35,0,0,.274,12.3
105,2014,273,2206,20.05,19.33,0,0,.274,12.3
105,2014,273,2212,20.1,19.24,0,0,.274,12.3
105,2014,273,2218,20.14,19.4,0,0,.275,12.3
105,2014,273,2224,20.19,19.45,0,0,.274,12.3
105,2014,273,2230,20.24,19.47,0,0,.274,12.3
105,2014,273,2236,20.29,19.6,0,0,.275,12.3
105,2014,273,2242,20.33,19.6,0,0,.275,12.3
105,2014,273,2248,20.38,19.54,0,0,.275,12.3
105,2014,273,2254,20.43,19.6,0,0,.275,12.3
105,2014,273,2300,20.47,19.68,0,0,.275,12.3
105,2014,273,2306,20.52,19.64,0,0,.275,12.3
105,2014,273,2312,20.56,19.65,0,0,.275,12.3
105,2014,273,2318,20.59,19.64,0,0,.275,12.3
105,2014,273,2324,20.62,19.59,0,0,.275,12.3
105,2014,273,2330,20.65,19.6,0,0,.275,12.3
105,2014,273,2336,20.67,19.57,0,0,.275,12.3
105,2014,273,2342,20.69,19.57,0,0,.275,12.3
105,2014,273,2348,20.7,19.39,0,0,.275,12.3
105,2014,273,2354,20.7,19.33,0,0,.275,12.3
105,2014,274,0,20.68,19.39,0,0,.275,12.3
105,2014,274,6,20.68,19.46,0,0,.275,12.3
105,2014,274,12,20.69,19.5,0,0,.275,12.3
105,2014,274,18,20.7,19.51,0,0,.275,12.3
105,2014,274,24,20.71,19.58,0,0,.275,12.3
105,2014,274,30,20.73,19.58,0,0,.275,12.3
105,2014,274,36,20.74,19.67,0,0,.276,12.3
105,2014,274,42,20.76,19.6,0,0,.276,12.3
105,2014,274,48,20.78,19.56,0,0,.275,12.3
105,2014,274,54,20.79,19.56,0,0,.275,12.3
105,2014,274,100,20.81,19.57,0,0,.276,12.3
105,2014,274,106,20.82,19.59,0,0,.276,12.3
105,2014,274,112,20.84,19.54,0,0,.276,12.3
105,2014,274,118,20.85,19.43,0,0,.276,12.3
105,2014,274,124,20.85,19.38,0,0,.276,12.3
105,2014,274,130,20.85,19.5,0,0,.276,12.3
105,2014,274,136,20.85,19.42,0,0,.276,12.3
105,2014,274,142,20.85,19.5,0,0,.276,12.3
105,2014,274,148,20.85,19.26,0,0,.275,12.3
105,2014,274,154,20.84,19.19,0,0,.275,12.3
105,2014,274,200,20.82,19.06,0,0,.275,12.3
105,2014,274,206,20.8,19.03,0,0,.276,12.3
105,2014,274,212,20.78,18.98,0,0,.275,12.3
105,2014,274,218,20.75,18.84,0,0,.276,12.3
105,2014,274,224,20.72,18.87,0,0,.275,12.3
105,2014,274,230,20.69,18.95,0,0,.275,12.3
105,2014,274,236,20.66,18.93,0,0,.275,12.3
105,2014,274,242,20.63,18.87,0,0,.275,12.3
105,2014,274,248,20.6,18.8,0,0,.275,12.3
105,2014,274,254,20.57,18.97,0,0,.276,12.3
105,2014,274,300,20.55,18.91,0,0,.277,12.3
105,2014,274,306,20.53,18.99,0,0,.276,12.3
105,2014,274,312,20.51,18.92,0,0,.277,12.3
105,2014,274,318,20.5,18.93,0,0,.278,12.3
105,2014,274,324,20.49,18.92,0,0,.279,12.3
105,2014,274,330,20.48,18.88,0,0,.28,12.3
105,2014,274,336,20.48,18.93,0,0,.281,12.3
105,2014,274,342,20.47,18.87,0,0,.281,12.3
105,2014,274,348,20.46,18.81,0,0,.281,12.3
105,2014,274,354,20.45,18.81,0,0,.281,12.3
105,2014,274,400,20.44,18.75,0,0,.282,12.3
105,2014,274,406,20.42,18.85,0,0,.282,12.3
105,2014,274,412,20.41,18.77,0,0,.282,12.3
105,2014,274,418,20.39,18.68,0,0,.283,12.3
105,2014,274,424,20.37,18.63,0,0,.283,12.3
105,2014,274,430,20.35,18.62,0,0,.284,12.3
105,2014,274,436,20.33,18.54,0,0,.284,12.3
105,2014,274,442,20.3,18.56,0,0,.284,12.3
105,2014,274,448,20.28,18.47,0,0,.284,12.3
105,2014,274,454,20.25,18.41,0,0,.284,12.3
105,2014,274,500,20.22,18.41,0,0,.283,12.3
105,2014,274,506,20.2,18.47,0,0,.284,12.3
105,2014,274,512,20.17,18.41,0,0,.284,12.3
105,2014,274,518,20.15,18.31,0,0,.284,12.3
105,2014,274,524,20.12,18.22,0,0,.284,12.3
105,2014,274,530,20.09,18.33,0,0,.284,12.3
105,2014,274,536,20.06,18.23,0,0,.284,12.3
105,2014,274,542,20.02,18.16,0,0,.284,12.3
105,2014,274,548,19.99,18.15,0,0,.284,12.3
105,2014,274,554,19.96,18.13,0,0,.284,12.3
105,2014,274,600,19.93,18.11,0,0,.284,12.3
105,2014,274,606,19.9,18.12,0,0,.283,12.3
105,2014,274,612,19.87,18.14,0,0,.283,12.3
105,2014,274,618,19.85,18.12,0,0,.282,12.3
105,2014,274,624,19.82,18.24,0,0,.283,12.3
105,2014,274,630,19.81,18.3,0,0,.283,12.3
105,2014,274,636,19.8,18.29,0,0,.283,12.3
105,2014,274,642,19.79,18.26,0,0,.283,12.3
105,2014,274,648,19.78,18.29,0,0,.282,12.3
105,2014,274,654,19.78,18.3,0,0,.283,12.3
105,2014,274,700,19.77,18.17,0,0,.282,12.3
105,2014,274,706,19.76,18.19,0,0,.283,12.3
105,2014,274,712,19.75,18.3,0,0,.283,12.3
105,2014,274,718,19.74,18.34,0,0,.283,12.3
105,2014,274,724,19.72,18.14,0,0,.282,12.3
105,2014,274,730,19.7,18.25,0,0,.282,12.3
105,2014,274,736,19.69,18.31,0,0,.282,12.3
105,2014,274,742,19.68,18.34,0,0,.282,12.3
105,2014,274,748,19.67,18.27,0,0,.282,12.3
105,2014,274,754,19.67,18.35,0,0,.282,12.3
105,2014,274,800,19.67,18.31,0,0,.282,12.3
105,2014,274,806,19.67,18.37,0,0,.282,12.3
105,2014,274,812,19.67,18.45,0,0,.282,12.3
105,2014,274,818,19.67,18.41,0,0,.282,12.3
105,2014,274,824,19.67,18.44,0,0,.282,12.3
105,2014,274,830,19.68,18.53,0,0,.282,12.3
105,2014,274,836,19.69,18.66,0,0,.283,12.3
105,2014,274,842,19.7,18.66,0,0,.282,12.3
105,2014,274,848,19.72,18.76,0,0,.282,12.3
105,2014,274,854,19.74,18.91,0,0,.283,12.3
105,2014,274,900,19.76,19.01,0,0,.282,12.3
105,2014,274,906,19.79,19.11,0,0,.283,12.3
105,2014,274,912,19.82,19.14,0,0,.283,12.3
105,2014,274,918,19.86,19.28,0,0,.282,12.3
105,2014,274,924,19.91,19.46,0,0,.283,12.3
105,2014,274,930,19.95,19.75,0,0,.283,12.3
105,2014,274,936,20.01,19.86,0,0,.283,12.3
105,2014,274,942,20.08,19.97,0,0,.283,12.3
105,2014,274,948,20.14,20.09,0,0,.283,12.3
105,2014,274,954,20.21,20.43,0,0,.283,12.3
105,2014,274,1000,20.29,20.59,0,0,.283,12.3
105,2014,274,1006,20.38,20.64,0,0,.284,12.3
105,2014,274,1012,20.46,20.61,0,0,.284,12.3
105,2014,274,1018,20.55,21.23,0,0,.284,12.3
105,2014,274,1024,20.64,21.3,0,0,.285,12.3
105,2014,274,1030,20.73,21.28,0,0,.289,12.3
105,2014,274,1036,20.82,21.32,0,0,.308,12.3
105,2014,274,1042,20.92,20.97,0,0,.332,12.3
105,2014,274,1048,21,20.87,0,0,.36,12.3
105,2014,274,1054,21.07,20.77,0,0,.393,12.3
105,2014,274,1100,21.13,22.17,0,0,.419,12.3
105,2014,274,1106,21.2,23.5,0,0,.44,12.3
105,2014,274,1112,21.31,23.01,0,0,.457,12.3
105,2014,274,1118,21.44,23.39,0,0,.474,12.3
105,2014,274,1124,21.58,23.43,0,0,.49,12.3
105,2014,274,1130,21.72,24.71,0,0,.509,12.3
105,2014,274,1136,21.89,24.69,0,0,.525,12.29
105,2014,274,1142,22.08,25.26,0,0,.536,12.29
105,2014,274,1148,22.27,26.24,0,0,.543,12.29
105,2014,274,1154,22.48,26.63,0,0,.549,12.29
105,2014,274,1200,22.7,24.53,0,0,.55,12.29
105,2014,274,1206,22.89,22.87,0,0,.55,12.29
105,2014,274,1212,23.01,23.34,0,0,.55,12.29
105,2014,274,1218,23.1,23.58,0,0,.55,12.29
105,2014,274,1224,23.16,24.1,0,0,.55,12.29
105,2014,274,1230,23.22,24.83,0,0,.55,12.29
105,2014,274,1236,23.29,25.32,0,0,.55,12.29
105,2014,274,1242,23.38,26.52,0,0,.549,12.29
105,2014,274,1248,23.51,26.39,0,0,.546,12.29
105,2014,274,1254,23.66,26.66,0,0,.544,12.29
105,2014,274,1300,23.83,27.2,0,0,.54,12.29
105,2014,274,1306,24.02,28.28,0,0,.536,12.29
105,2014,274,1312,24.22,28.56,0,0,.532,12.29
105,2014,274,1318,24.44,27.63,0,0,.527,12.29
105,2014,274,1324,24.64,25.9,0,0,.522,12.29
105,2014,274,1330,24.81,26.05,0,0,.52,12.29
105,2014,274,1336,24.93,25.3,0,0,.516,12.29
105,2014,274,1342,25,25.24,0,0,.513,12.29
105,2014,274,1348,25.06,25.23,0,0,.51,12.29
105,2014,274,1354,25.1,25.01,0,0,.507,12.29
105,2014,274,1400,25.12,24.73,0,0,.504,12.29
105,2014,274,1406,25.14,25.73,0,0,.501,12.29
105,2014,274,1412,25.16,25.71,0,0,.497,12.29
105,2014,274,1418,25.2,25.16,0,0,.496,12.29
105,2014,274,1424,25.22,25.47,0,0,.492,12.29
105,2014,274,1430,25.25,25.44,0,0,.489,12.29
105,2014,274,1436,25.28,24.7,0,0,.486,12.29
105,2014,274,1442,25.29,24.52,0,0,.484,12.29
105,2014,274,1448,25.29,25.14,0,0,.482,12.29
105,2014,274,1454,25.28,24.97,0,0,.478,12.29
105,2014,274,1500,25.3,24.72,0,0,.476,12.29
105,2014,274,1506,25.31,24.38,0,0,.474,12.29
105,2014,274,1512,25.31,23.77,0,0,.472,12.29
105,2014,274,1518,25.29,23.87,0,0,.47,12.29
105,2014,274,1524,25.25,23.62,0,0,.466,12.29
105,2014,274,1530,25.19,24.1,0,0,.466,12.29
105,2014,274,1536,25.13,23.18,0,0,.464,12.29
105,2014,274,1542,25.06,23.77,0,0,.462,12.29
105,2014,274,1548,24.99,23.77,0,0,.461,12.29
105,2014,274,1554,24.93,23.49,0,0,.459,12.29
105,2014,274,1600,24.87,23.78,0,0,.457,12.29
105,2014,274,1606,24.81,23.59,0,0,.456,12.29
105,2014,274,1612,24.76,23.87,0,0,.454,12.29
105,2014,274,1618,24.73,23.8,0,0,.452,12.29
105,2014,274,1624,24.69,23.72,0,0,.45,12.29
105,2014,274,1630,24.66,23.39,0,0,.448,12.29
105,2014,274,1636,24.64,22.97,0,0,.447,12.29
105,2014,274,1642,24.59,22.58,0,0,.445,12.29
105,2014,274,1648,24.53,22.5,0,0,.444,12.29
105,2014,274,1654,24.46,22.12,0,0,.444,12.29
105,2014,274,1700,24.37,21.38,0,0,.442,12.29
105,2014,274,1706,24.28,21.45,0,0,.441,12.29
105,2014,274,1712,24.17,21.02,0,0,.44,12.29
105,2014,274,1718,24.06,21.14,0,0,.438,12.29
105,2014,274,1724,23.95,21.37,0,0,.435,12.29
105,2014,274,1730,23.85,21.23,0,0,.434,12.3
105,2014,274,1736,23.75,21.31,0,0,.435,12.3
105,2014,274,1742,23.66,21.3,0,0,.432,12.3
105,2014,274,1748,23.57,20.88,0,0,.43,12.3
105,2014,274,1754,23.48,20.92,0,0,.434,12.3
105,2014,274,1800,23.38,20.96,0,0,.431,12.3
105,2014,274,1806,23.28,20.28,0,0,.431,12.3
105,2014,274,1812,23.19,19.88,0,0,.43,12.3
105,2014,274,1818,23.09,19.84,0,0,.429,12.3
105,2014,274,1824,22.98,19.78,0,0,.428,12.3
105,2014,274,1830,22.89,19.62,0,0,.426,12.3
105,2014,274,1836,22.78,19.96,0,0,.424,12.3
105,2014,274,1842,22.67,19.75,0,0,.424,12.3
105,2014,274,1848,22.55,19.6,0,0,.424,12.3
105,2014,274,1854,22.43,19.4,0,0,.422,12.3
105,2014,274,1900,22.31,19.27,0,0,.422,12.3
105,2014,274,1906,22.18,19.06,0,0,.42,12.3
105,2014,274,1912,22.04,18.63,0,0,.419,12.3
105,2014,274,1918,21.89,18.71,0,0,.417,12.3
105,2014,274,1924,21.74,18.47,0,0,.417,12.3
105,2014,274,1930,21.6,18.41,0,0,.417,12.3
105,2014,274,1936,21.46,18.22,0,0,.416,12.3
105,2014,274,1942,21.32,18.11,0,0,.416,12.3
105,2014,274,1948,21.18,18.1,0,0,.414,12.3
105,2014,274,1954,21.04,18.09,0,0,.414,12.3
105,2014,274,2000,20.91,17.84,0,0,.411,12.3
105,2014,274,2006,20.79,17.76,0,0,.411,12.3
105,2014,274,2012,20.67,17.87,0,0,.411,12.3
105,2014,274,2018,20.55,17.64,0,0,.412,12.3
105,2014,274,2024,20.43,17.42,0,0,.411,12.3
105,2014,274,2030,20.31,17.47,0,0,.41,12.3
105,2014,274,2036,20.2,17.24,0,0,.411,12.3
105,2014,274,2042,20.09,17.12,0,0,.41,12.3
105,2014,274,2048,19.99,17.17,0,0,.411,12.3
105,2014,274,2054,19.88,17.34,0,0,.41,12.3
105,2014,274,2100,19.77,17.26,0,0,.419,12.3
105,2014,274,2106,19.67,16.97,0,0,.423,12.3
105,2014,274,2112,19.57,17.03,0,0,.433,12.3
105,2014,274,2118,19.48,16.87,0,0,.449,12.3
105,2014,274,2124,19.39,16.91,0,0,.47,12.3
105,2014,274,2130,19.31,16.92,0,0,.499,12.3
105,2014,274,2136,19.23,16.9,0,0,.532,12.3
105,2014,274,2142,19.15,16.67,0,0,.571,12.3
105,2014,274,2148,19.07,16.69,0,0,.612,12.3
105,2014,274,2154,19,16.59,0,0,.659,12.3
105,2014,274,2200,18.94,16.6,0,0,.707,12.3
105,2014,274,2206,18.88,16.68,0,0,.758,12.3
105,2014,274,2212,18.83,16.51,0,0,.808,12.3
105,2014,274,2218,18.79,16.51,0,0,.86,12.3
105,2014,274,2224,18.75,16.59,0,0,.908,12.3
105,2014,274,2230,18.7,16.69,0,0,.953,12.3
105,2014,274,2236,18.66,16.52,0,0,.989,12.3
105,2014,274,2242,18.66,16.37,0,0,1.02,12.3
105,2014,274,2248,18.76,16.26,0,0,1.043,12.3
105,2014,274,2254,18.95,16.14,0,0,1.063,12.3
105,2014,274,2300,19.18,16.15,0,0,1.081,12.3
105,2014,274,2306,19.44,16.3,0,0,1.099,12.3
105,2014,274,2312,19.72,16.52,0,0,1.116,12.3
105,2014,274,2318,20.01,16.35,0,0,1.132,12.3
105,2014,274,2324,20.3,16.37,0,0,1.142,12.3
105,2014,274,2330,20.59,16.51,0,0,1.147,12.3
105,2014,274,2336,20.87,16.53,0,0,1.147,12.3
105,2014,274,2342,21.13,16.53,0,0,1.148,12.3
105,2014,274,2348,21.38,16.41,0,0,1.147,12.3
105,2014,274,2354,21.62,16.25,0,0,1.147,12.3
105,2014,275,0,21.85,16.41,0,0,1.14,12.3
105,2014,275,6,22.06,16.35,0,0,1.131,12.3
105,2014,275,12,22.26,16.17,0,0,1.121,12.3
105,2014,275,18,22.46,16.09,0,0,1.111,12.3
105,2014,275,24,22.63,15.95,0,0,1.101,12.3
105,2014,275,30,22.79,16.02,0,0,1.089,12.3
105,2014,275,36,22.94,16.23,0,0,1.077,12.3
105,2014,275,42,23.09,16.1,0,0,1.065,12.3
105,2014,275,48,23.23,15.93,0,0,1.058,12.3
105,2014,275,54,23.35,16.11,0,0,1.055,12.3
105,2014,275,100,23.47,16.1,0,0,1.049,12.3
105,2014,275,106,23.57,16.24,0,0,1.041,12.3
105,2014,275,112,23.68,15.97,0,0,1.029,12.3
105,2014,275,118,23.78,15.87,0,0,1.018,12.3
105,2014,275,124,23.87,15.91,0,0,1.004,12.3
105,2014,275,130,23.95,16.12,0,0,.991,12.3
105,2014,275,136,24.03,16.08,0,0,.975,12.3
105,2014,275,142,24.1,15.81,0,0,.959,12.3
105,2014,275,148,24.17,15.73,0,0,.944,12.3
105,2014,275,154,24.22,15.81,0,0,.928,12.3
105,2014,275,200,24.28,15.77,0,0,.914,12.3
105,2014,275,206,24.33,15.67,0,0,.897,12.3
105,2014,275,212,24.37,15.75,0,0,.883,12.3
105,2014,275,218,24.41,15.69,0,0,.867,12.3
105,2014,275,224,24.44,15.65,0,0,.852,12.3
105,2014,275,230,24.47,15.59,0,0,.838,12.3
105,2014,275,236,24.5,15.52,0,0,.823,12.3
105,2014,275,242,24.52,15.38,0,0,.808,12.3
105,2014,275,248,24.54,15.34,0,0,.795,12.3
105,2014,275,254,24.55,15.19,0,0,.782,12.3
105,2014,275,300,24.57,15.08,0,0,.771,12.3
105,2014,275,306,24.58,15.13,0,0,.759,12.3
105,2014,275,312,24.58,15.15,0,0,.747,12.3
105,2014,275,318,24.58,15.18,0,0,.736,12.3
105,2014,275,324,24.58,15.07,0,0,.723,12.3
105,2014,275,330,24.58,15.01,0,0,.713,12.3
105,2014,275,336,24.58,14.9,0,0,.702,12.3
105,2014,275,342,24.57,14.79,0,0,.691,12.3
105,2014,275,348,24.57,14.73,0,0,.682,12.3
105,2014,275,354,24.56,14.68,0,0,.673,12.3
105,2014,275,400,24.54,14.64,0,0,.664,12.3
105,2014,275,406,24.53,14.55,0,0,.655,12.3
105,2014,275,412,24.51,14.6,0,0,.648,12.3
105,2014,275,418,24.49,14.61,0,0,.639,12.3
105,2014,275,424,24.47,14.55,0,0,.629,12.3
105,2014,275,430,24.45,14.46,0,0,.622,12.3
105,2014,275,436,24.43,14.55,0,0,.615,12.3
105,2014,275,442,24.41,14.54,0,0,.608,12.3
105,2014,275,448,24.38,14.52,0,0,.602,12.3
105,2014,275,454,24.36,14.47,0,0,.596,12.3
105,2014,275,500,24.34,14.42,0,0,.59,12.3
105,2014,275,506,24.32,14.31,0,0,.584,12.3
105,2014,275,512,24.3,14.3,0,0,.578,12.3
105,2014,275,518,24.28,14.28,0,0,.572,12.3
105,2014,275,524,24.26,14.29,0,0,.567,12.3
105,2014,275,530,24.23,14.21,0,0,.562,12.3
105,2014,275,536,24.21,14.19,0,0,.557,12.3
105,2014,275,542,24.19,14.21,0,0,.553,12.3
105,2014,275,548,24.16,14.22,0,0,.549,12.3
105,2014,275,554,24.13,14.14,0,0,.544,12.3
105,2014,275,600,24.11,14.09,0,0,.542,12.3
105,2014,275,606,24.08,13.98,0,0,.537,12.3
105,2014,275,612,24.05,13.89,0,0,.532,12.3
105,2014,275,618,24.02,13.76,0,0,.529,12.3
105,2014,275,624,23.99,13.7,0,0,.526,12.3
105,2014,275,630,23.96,13.62,0,0,.521,12.3
105,2014,275,636,23.92,13.71,0,0,.518,12.3
105,2014,275,642,23.88,13.74,0,0,.515,12.3
105,2014,275,648,23.85,13.7,0,0,.512,12.3
105,2014,275,654,23.81,13.76,0,0,.509,12.3
105,2014,275,700,23.77,13.67,0,0,.506,12.3
105,2014,275,706,23.73,13.63,0,0,.504,12.3
105,2014,275,712,23.69,13.59,0,0,.502,12.3
105,2014,275,718,23.66,13.65,0,0,.5,12.3
105,2014,275,724,23.63,13.75,0,0,.498,12.3
105,2014,275,730,23.6,13.88,0,0,.495,12.3
105,2014,275,736,23.58,14.11,0,0,.493,12.3
105,2014,275,742,23.56,14.34,0,0,.491,12.3
105,2014,275,748,23.56,14.42,0,0,.488,12.3
105,2014,275,754,23.58,14.58,0,0,.486,12.3
105,2014,275,800,23.6,14.53,0,0,.485,12.3
105,2014,275,806,23.64,14.74,0,0,.483,12.3
105,2014,275,812,23.68,14.69,0,0,.481,12.3
105,2014,275,818,23.72,15.06,0,0,.482,12.3
105,2014,275,824,23.77,15.45,0,0,.481,12.3
105,2014,275,830,23.83,15.42,0,0,.481,12.3
105,2014,275,836,23.89,15.6,0,0,.482,12.3
105,2014,275,842,23.96,15.86,0,0,.481,12.3
105,2014,275,848,24.05,16.29,0,0,.48,12.3
105,2014,275,854,24.14,16.8,0,0,.48,12.3
105,2014,275,900,24.24,17.55,0,0,.481,12.3
105,2014,275,906,24.38,18.49,0,0,.481,12.3
105,2014,275,912,24.54,19.23,0,0,.486,12.3
105,2014,275,918,24.73,19.47,0,0,.49,12.3
105,2014,275,924,24.94,20.99,0,0,.498,12.3
105,2014,275,930,25.17,21.52,0,0,.506,12.3
105,2014,275,936,25.43,22.8,0,0,.517,12.3
105,2014,275,942,25.73,21.97,0,0,.532,12.29
105,2014,275,948,26.04,23.28,0,0,.547,12.29
105,2014,275,954,26.37,24.13,0,0,.561,12.29
105,2014,275,1000,26.71,23.9,0,0,.578,12.29
105,2014,275,1006,27.07,24.35,0,0,.595,12.29
105,2014,275,1012,27.41,24.04,0,0,.614,12.29
105,2014,275,1018,27.76,25.08,0,0,.634,12.29
105,2014,275,1024,28.09,24.88,0,0,.654,12.29
105,2014,275,1030,28.42,24.64,0,0,.672,12.29
105,2014,275,1036,28.74,24.3,0,0,.691,12.29
105,2014,275,1042,29.04,23.82,0,0,.709,12.29
105,2014,275,1048,29.3,25.33,0,0,.727,12.29
105,2014,275,1054,29.55,24.44,0,0,.744,12.29
105,2014,275,1100,29.81,23.87,0,0,.757,12.29
105,2014,275,1106,30.04,23.48,0,0,.773,12.29
105,2014,275,1112,30.26,23.21,0,0,.787,12.29
105,2014,275,1118,30.46,23.73,0,0,.798,12.29
105,2014,275,1124,30.62,24.3,0,0,.805,12.29
105,2014,275,1130,30.78,23.93,0,0,.811,12.29
105,2014,275,1136,30.93,24.64,0,0,.812,12.29
105,2014,275,1142,31.08,24.3,0,0,.815,12.29
105,2014,275,1148,31.22,23.36,0,0,.815,12.29
105,2014,275,1154,31.36,22.45,0,0,.814,12.29
105,2014,275,1200,31.47,22.67,0,0,.815,12.29
105,2014,275,1206,31.55,22.42,0,0,.813,12.29
105,2014,275,1212,31.6,22.54,0,0,.807,12.29
105,2014,275,1218,31.63,22.23,0,0,.8,12.29
105,2014,275,1224,31.66,22.57,0,0,.791,12.29
105,2014,275,1230,31.68,23.1,0,0,.783,12.29
105,2014,275,1236,31.7,23.96,0,0,.775,12.29
105,2014,275,1242,31.71,24.3,0,0,.764,12.29
105,2014,275,1248,31.74,25.01,0,0,.756,12.29
105,2014,275,1254,31.8,25.51,0,0,.746,12.29
105,2014,275,1300,31.89,24.14,0,0,.736,12.29
105,2014,275,1306,32,23.44,0,0,.728,12.29
105,2014,275,1312,32.11,23.03,0,0,.717,12.29
105,2014,275,1318,32.18,23.07,0,0,.708,12.29
105,2014,275,1324,32.24,22.63,0,0,.698,12.29
105,2014,275,1330,32.27,22.87,0,0,.689,12.29
105,2014,275,1336,32.28,23.01,0,0,.681,12.29
105,2014,275,1342,32.28,23.22,0,0,.673,12.29
105,2014,275,1348,32.28,23.52,0,0,.664,12.29
105,2014,275,1354,32.28,23.37,0,0,.655,12.29
105,2014,275,1400,32.28,23.79,0,0,.647,12.29
105,2014,275,1406,32.29,24.69,0,0,.639,12.29
105,2014,275,1412,32.31,25.27,0,0,.631,12.29
105,2014,275,1418,32.35,25.81,0,0,.623,12.29
105,2014,275,1424,32.42,25.41,0,0,.615,12.29
105,2014,275,1430,32.52,25.88,0,0,.609,12.29
105,2014,275,1436,32.61,26.18,0,0,.602,12.29
105,2014,275,1442,32.71,26.01,0,0,.595,12.29
105,2014,275,1448,32.81,25.1,0,0,.59,12.29
105,2014,275,1454,32.91,24.84,0,0,.584,12.29
105,2014,275,1500,33,24.03,0,0,.578,12.29
105,2014,275,1506,33.07,23.72,0,0,.573,12.29
105,2014,275,1512,33.12,23.59,0,0,.568,12.29
105,2014,275,1518,33.14,23.31,0,0,.563,12.29
105,2014,275,1524,33.13,23.06,0,0,.558,12.29
105,2014,275,1530,33.09,22.67,0,0,.554,12.29
105,2014,275,1536,33.01,22.46,0,0,.55,12.29
105,2014,275,1542,32.92,22.45,0,0,.545,12.29
105,2014,275,1548,32.82,22.19,0,0,.542,12.29
105,2014,275,1554,32.7,22.06,0,0,.537,12.29
105,2014,275,1600,32.58,22.05,0,0,.533,12.29
105,2014,275,1606,32.46,21.86,0,0,.53,12.29
105,2014,275,1612,32.34,21.82,0,0,.526,12.29
105,2014,275,1618,32.21,21.66,0,0,.522,12.29
105,2014,275,1624,32.08,21.62,0,0,.518,12.29
105,2014,275,1630,31.96,21.74,0,0,.516,12.29
105,2014,275,1636,31.84,21.52,0,0,.511,12.29
105,2014,275,1642,31.72,21.41,0,0,.508,12.29
105,2014,275,1648,31.59,21.34,0,0,.506,12.29
105,2014,275,1654,31.47,21.16,0,0,.502,12.29
105,2014,275,1700,31.26,21.34,0,0,.501,12.29
105,2014,275,1706,30.79,21.22,0,0,.498,12.29
105,2014,275,1712,30.16,21.14,0,0,.496,12.29
105,2014,275,1718,29.51,21.08,0,0,.492,12.29
105,2014,275,1724,28.88,21.06,0,0,.49,12.29
105,2014,275,1730,28.28,20.43,0,0,.487,12.29
105,2014,275,1736,27.68,20.44,0,0,.485,12.29
105,2014,275,1742,27.11,20.7,0,0,.482,12.3
105,2014,275,1748,26.63,20.65,0,0,.482,12.3
105,2014,275,1754,26.22,20.53,0,0,.478,12.3
105,2014,275,1800,25.86,20.32,0,0,.476,12.3
105,2014,275,1806,25.51,19.99,0,0,.475,12.3
105,2014,275,1812,25.2,19.53,0,0,.473,12.3
105,2014,275,1818,24.88,19.13,0,0,.471,12.3
105,2014,275,1824,24.59,18.98,0,0,.469,12.3
105,2014,275,1830,24.3,18.83,0,0,.468,12.3
105,2014,275,1836,24.02,18.89,0,0,.466,12.3
105,2014,275,1842,23.75,18.88,0,0,.466,12.3
105,2014,275,1848,23.5,18.6,0,0,.464,12.3
105,2014,275,1854,23.24,18.49,0,0,.464,12.3
105,2014,275,1900,22.98,18.22,0,0,.463,12.3
105,2014,275,1906,22.73,18.05,0,0,.461,12.3
105,2014,275,1912,22.48,17.8,0,0,.459,12.3
105,2014,275,1918,22.24,17.77,0,0,.459,12.3
105,2014,275,1924,21.99,17.59,0,0,.456,12.3
105,2014,275,1930,21.74,17.4,0,0,.455,12.3
105,2014,275,1936,21.51,17.32,0,0,.454,12.3
105,2014,275,1942,21.3,17.52,0,0,.453,12.3
105,2014,275,1948,21.13,18.12,0,0,.451,12.3
105,2014,275,1954,20.99,18.08,0,0,.45,12.3
105,2014,275,2000,20.87,18.16,0,0,.448,12.3
105,2014,275,2006,20.78,17.97,0,0,.447,12.3
105,2014,275,2012,20.69,18.12,0,0,.447,12.3
105,2014,275,2018,20.61,18.44,0,0,.444,12.3
105,2014,275,2024,20.55,18.3,0,0,.444,12.3
105,2014,275,2030,20.49,18.01,0,0,.442,12.3
105,2014,275,2036,20.43,17.79,0,0,.441,12.3
105,2014,275,2042,20.35,17.62,0,0,.439,12.3
105,2014,275,2048,20.26,17.35,0,0,.439,12.3
105,2014,275,2054,20.17,17.18,0,0,.437,12.3
105,2014,275,2100,20.07,17.17,0,0,.436,12.3
105,2014,275,2106,19.97,17.24,0,0,.436,12.3
105,2014,275,2112,19.87,16.98,0,0,.433,12.3
105,2014,275,2118,19.77,16.93,0,0,.433,12.3
105,2014,275,2124,19.67,16.98,0,0,.433,12.3
105,2014,275,2130,19.57,17.21,0,0,.432,12.3
105,2014,275,2136,19.48,17.53,0,0,.433,12.3
105,2014,275,2142,19.42,17.27,0,0,.433,12.3
105,2014,275,2148,19.37,17.36,0,0,.433,12.3
105,2014,275,2154,19.34,17.34,0,0,.432,12.3
105,2014,275,2200,19.3,17.39,0,0,.432,12.3
105,2014,275,2206,19.27,17.36,0,0,.433,12.3
105,2014,275,2212,19.24,17.09,0,0,.441,12.3
105,2014,275,2218,19.19,17.02,0,0,.454,12.3
105,2014,275,2224,19.15,17.31,0,0,.472,12.3
105,2014,275,2230,19.11,17.11,0,0,.498,12.3
105,2014,275,2236,19.07,17.22,0,0,.531,12.3
105,2014,275,2242,19.03,17.08,0,0,.568,12.3
105,2014,275,2248,19,17.03,0,0,.61,12.3
105,2014,275,2254,18.97,17.36,0,0,.657,12.3
105,2014,275,2300,18.94,17.06,0,0,.706,12.3
105,2014,275,2306,18.91,17.03,0,0,.759,12.3
105,2014,275,2312,18.86,16.83,0,0,.814,12.3
105,2014,275,2318,18.78,16.59,0,0,.87,12.3
105,2014,275,2324,18.68,16.43,0,0,.927,12.3
105,2014,275,2330,18.57,16.33,0,0,.979,12.3
105,2014,275,2336,18.45,16.19,0,0,1.029,12.3
105,2014,275,2342,18.35,16.07,0,0,1.075,12.3
105,2014,275,2348,18.27,15.87,0,0,1.116,12.3
105,2014,275,2354,18.18,15.71,0,0,1.151,12.3
105,2014,276,0,18.1,15.68,0,0,1.178,12.3
105,2014,276,6,18.02,15.57,0,0,1.197,12.3
105,2014,276,12,17.93,15.55,0,0,1.204,12.3
105,2014,276,18,17.85,15.52,0,0,1.205,12.3
105,2014,276,24,17.76,15.65,0,0,1.205,12.3
105,2014,276,30,17.67,15.78,0,0,1.206,12.3
105,2014,276,36,17.59,15.47,0,0,1.206,12.3
105,2014,276,42,17.5,15.34,0,0,1.204,12.3
105,2014,276,48,17.42,15.32,0,0,1.205,12.3
105,2014,276,54,17.33,15.19,0,0,1.206,12.3
105,2014,276,100,17.25,15.2,0,0,1.209,12.3
105,2014,276,106,17.16,15,0,0,1.212,12.3
105,2014,276,112,17.07,14.94,0,0,1.213,12.3
105,2014,276,118,16.98,14.88,0,0,1.214,12.3
105,2014,276,124,16.89,14.85,0,0,1.215,12.3
105,2014,276,130,16.79,14.9,0,0,1.215,12.3
105,2014,276,136,16.69,14.8,0,0,1.214,12.3
105,2014,276,142,16.6,14.84,0,0,1.216,12.3
105,2014,276,148,16.51,14.83,0,0,1.217,12.3
105,2014,276,154,16.41,14.81,0,0,1.215,12.3
105,2014,276,200,16.33,14.78,0,0,1.208,12.3
105,2014,276,206,16.25,14.75,0,0,1.197,12.3
105,2014,276,212,16.18,14.71,0,0,1.186,12.3
105,2014,276,218,16.11,14.69,0,0,1.176,12.3
105,2014,276,224,16.04,14.92,0,0,1.166,12.3
105,2014,276,230,15.97,15.05,0,0,1.152,12.3
105,2014,276,236,15.91,14.91,0,0,1.139,12.3
105,2014,276,242,15.85,14.87,0,0,1.128,12.3
105,2014,276,248,15.8,14.82,0,0,1.12,12.3
105,2014,276,254,15.75,14.72,0,0,1.114,12.3
105,2014,276,300,15.69,14.59,0,0,1.106,12.3
105,2014,276,306,15.64,14.4,0,0,1.097,12.3
105,2014,276,312,15.59,14.36,0,0,1.084,12.3
105,2014,276,318,15.53,14.47,0,0,1.073,12.3
105,2014,276,324,15.48,14.37,0,0,1.064,12.3
105,2014,276,330,15.42,14.39,0,0,1.055,12.3
105,2014,276,336,15.36,14.35,0,0,1.042,12.3
105,2014,276,342,15.31,14.34,0,0,1.032,12.3
105,2014,276,348,15.25,14.3,0,0,1.02,12.3
105,2014,276,354,15.2,14.27,0,0,1.005,12.3
105,2014,276,400,15.16,14.25,0,0,.985,12.3
105,2014,276,406,15.11,14.1,0,0,.968,12.3
105,2014,276,412,15.06,14.14,0,0,.952,12.3
105,2014,276,418,15.01,14.18,0,0,.936,12.3
105,2014,276,424,14.96,14.17,0,0,.923,12.3
105,2014,276,430,14.91,14.08,0,0,.908,12.3
105,2014,276,436,14.86,14.1,0,0,.892,12.3
105,2014,276,442,14.82,14.23,0,0,.876,12.3
105,2014,276,448,14.78,14.3,0,0,.863,12.3
105,2014,276,454,14.74,14.27,0,0,.849,12.3
105,2014,276,500,14.7,14.23,0,0,.839,12.3
105,2014,276,506,14.66,14.19,0,0,.828,12.3
105,2014,276,512,14.62,14.13,0,0,.817,12.3
105,2014,276,518,14.59,14.13,0,0,.806,12.3
105,2014,276,524,14.55,14.17,0,0,.797,12.3
105,2014,276,530,14.52,14.14,0,0,.784,12.3
105,2014,276,536,14.48,14.12,0,0,.776,12.3
105,2014,276,542,14.45,14.22,0,0,.768,12.3
105,2014,276,548,14.41,14.2,0,0,.758,12.3
105,2014,276,554,14.38,14.35,0,0,.749,12.3
105,2014,276,600,14.35,14.31,0,0,.742,12.3
105,2014,276,606,14.33,14.3,0,0,.734,12.3
105,2014,276,612,14.32,14.48,0,0,.726,12.3
105,2014,276,618,14.31,14.65,0,0,.719,12.3
105,2014,276,624,14.3,14.56,0,0,.713,12.3
105,2014,276,630,14.3,14.65,0,0,.708,12.3
105,2014,276,636,14.31,14.64,0,0,.705,12.3
105,2014,276,642,14.31,14.65,0,0,.702,12.3
105,2014,276,648,14.33,14.77,0,0,.702,12.3
105,2014,276,654,14.34,15,0,0,.701,12.3
105,2014,276,700,14.36,14.95,0,0,.701,12.3
105,2014,276,706,14.38,15.08,0,0,.702,12.3
105,2014,276,712,14.4,15.02,0,0,.702,12.3
105,2014,276,718,14.43,15.11,0,0,.705,12.3
105,2014,276,724,14.46,15.1,0,0,.71,12.3
105,2014,276,730,14.49,15.32,0,0,.718,12.3
105,2014,276,736,14.52,15.47,0,0,.725,12.3
105,2014,276,742,14.56,15.62,0,0,.736,12.3
105,2014,276,748,14.59,15.56,0,0,.744,12.3
105,2014,276,754,14.63,15.66,0,0,.754,12.3
105,2014,276,800,14.67,15.77,0,0,.769,12.3
105,2014,276,806,14.71,16.1,0,0,.779,12.3
105,2014,276,812,14.76,16.68,0,0,.795,12.3
105,2014,276,818,14.81,17.82,0,0,.813,12.3
105,2014,276,824,14.89,18.79,0,0,.832,12.3
105,2014,276,830,14.99,19.26,0,0,.851,12.3
105,2014,276,836,15.12,19.99,0,0,.873,12.3
105,2014,276,842,15.3,21.37,0,0,.903,12.3
105,2014,276,848,15.52,21.13,0,0,.932,12.3
105,2014,276,854,15.77,21,0,0,.96,12.3
105,2014,276,900,16.03,20.93,0,0,.991,12.3
105,2014,276,906,16.29,21.16,0,0,1.021,12.3
105,2014,276,912,16.55,20.52,0,0,1.049,12.3
105,2014,276,918,16.81,20.78,0,0,1.078,12.3
105,2014,276,924,17.05,20.8,0,0,1.105,12.3
105,2014,276,930,17.29,20.92,0,0,1.134,12.3
105,2014,276,936,17.52,20.92,0,0,1.159,12.3
105,2014,276,942,17.74,21.94,0,0,1.181,12.3
105,2014,276,948,17.95,21.32,0,0,1.209,12.3
105,2014,276,954,18.17,21.89,0,0,1.23,12.3
105,2014,276,1000,18.38,21.56,0,0,1.254,12.3
105,2014,276,1006,18.59,21.58,0,0,1.273,12.3
105,2014,276,1012,18.79,22.2,0,0,1.294,12.3
105,2014,276,1018,18.99,22.54,0,0,1.316,12.3
105,2014,276,1024,19.19,21.72,0,0,1.338,12.3
105,2014,276,1030,19.38,21.33,0,0,1.354,12.3
105,2014,276,1036,19.57,21.95,0,0,1.374,12.3
105,2014,276,1042,19.75,23.11,0,0,1.397,12.3
105,2014,276,1048,19.94,22.4,0,0,1.421,12.3
105,2014,276,1054,20.11,23.71,0,0,1.441,12.3
105,2014,276,1100,20.3,23.35,0,0,1.451,12.3
105,2014,276,1106,20.5,23.74,0,0,1.454,12.3
105,2014,276,1112,20.7,22.85,0,0,1.458,12.3
105,2014,276,1118,20.9,23.21,0,0,1.461,12.3
105,2014,276,1124,21.09,23.91,0,0,1.468,12.3
105,2014,276,1130,21.29,25.01,0,0,1.478,12.3
105,2014,276,1136,21.49,25.27,0,0,1.492,12.29
105,2014,276,1142,21.69,24.52,0,0,1.502,11.68
105,2014,276,1148,21.89,23.85,0,0,1.503,10.87
105,2014,276,1154,22.09,23.59,0,0,1.508,10.81
105,2014,276,1200,22.27,22.94,0,0,1.51,10.77
105,2014,276,1206,22.45,22.76,0,0,1.51,10.73
105,2014,276,1212,22.6,22.61,0,0,1.511,10.7
105,2014,276,1218,22.72,21.9,0,0,1.513,10.67
105,2014,276,1224,22.82,22.43,0,0,1.515,10.65
105,2014,276,1230,22.91,22.24,0,0,1.516,10.63
105,2014,276,1236,22.98,21.9,0,0,1.516,10.61
105,2014,276,1242,23.03,21.63,0,0,1.512,10.58
105,2014,276,1248,23.07,23.03,0,0,1.504,10.56
105,2014,276,1254,23.1,24.68,0,0,1.494,10.54
105,2014,276,1300,23.15,24.33,0,0,1.485,10.52
105,2014,276,1306,23.23,24.96,0,0,1.478,10.51
105,2014,276,1312,23.33,25.15,0,0,1.471,10.49
105,2014,276,1318,23.45,24.65,0,0,1.462,10.47
105,2014,276,1324,23.58,23.93,0,0,1.455,10.46
105,2014,276,1330,23.72,24.43,0,0,1.448,10.44
105,2014,276,1336,23.86,24.22,0,0,1.441,10.42
105,2014,276,1342,23.99,24.06,0,0,1.432,10.4
105,2014,276,1348,24.11,23.85,0,0,1.419,10.39
105,2014,276,1354,24.21,23.03,0,0,1.402,10.37
105,2014,276,1400,24.29,22.64,0,0,1.387,10.35
105,2014,276,1406,24.36,22.47,0,0,1.369,10.34
105,2014,276,1412,24.4,22.18,0,0,1.35,10.33
105,2014,276,1418,24.42,21.99,0,0,1.332,10.32
105,2014,276,1424,24.42,21.82,0,0,1.314,10.31
105,2014,276,1430,24.4,21.55,0,0,1.294,10.3
105,2014,276,1436,24.37,21.4,0,0,1.275,10.29
105,2014,276,1442,24.32,21.86,0,0,1.253,10.28
105,2014,276,1448,24.27,22.11,0,0,1.233,10.28
105,2014,276,1454,24.22,21.74,0,0,1.21,10.27
105,2014,276,1500,24.17,22.03,0,0,1.188,10.26
105,2014,276,1506,24.12,22.25,0,0,1.168,10.25
105,2014,276,1512,24.08,21.87,0,0,1.147,10.25
105,2014,276,1518,24.05,21.68,0,0,1.127,10.24
105,2014,276,1524,24.01,21.47,0,0,1.109,10.23
105,2014,276,1530,23.97,21.27,0,0,1.093,10.23
105,2014,276,1536,23.92,21.15,0,0,1.079,10.22
105,2014,276,1542,23.87,21.26,0,0,1.065,10.22
105,2014,276,1548,23.8,21.25,0,0,1.052,10.21
105,2014,276,1554,23.74,21.17,0,0,1.039,10.2
105,2014,276,1600,23.67,21.06,0,0,1.025,10.2
105,2014,276,1606,23.6,21.08,0,0,1.01,10.19
105,2014,276,1612,23.53,21.61,0,0,.994,10.19
105,2014,276,1618,23.45,21.77,0,0,.977,10.18
105,2014,276,1624,23.39,21.91,0,0,.962,10.17
105,2014,276,1630,23.33,21.74,0,0,.945,10.17
105,2014,276,1636,23.28,21.72,0,0,.927,10.16
105,2014,276,1642,23.23,21.69,0,0,.915,10.16
105,2014,276,1648,23.19,21.72,0,0,.899,10.15
105,2014,276,1654,23.15,21.65,0,0,.884,10.15
105,2014,276,1700,23.12,21.61,0,0,.872,11.37
105,2014,276,1706,23.09,21.56,0,0,.861,12.3
105,2014,276,1712,23.07,21.42,0,0,.848,12.3
105,2014,276,1718,23.04,21.21,0,0,.838,12.3
105,2014,276,1724,23.02,21.32,0,0,.824,12.3
105,2014,276,1730,22.99,21.64,0,0,.814,12.3
105,2014,276,1736,22.95,21.42,0,0,.8,12.3
105,2014,276,1742,22.92,21.31,0,0,.789,12.3
105,2014,276,1748,22.88,21.13,0,0,.778,12.3
105,2014,276,1754,22.84,21.17,0,0,.768,12.3
105,2014,276,1800,22.79,21.13,0,0,.758,12.3
105,2014,276,1806,22.75,21.16,0,0,.748,12.3
105,2014,276,1812,22.7,21.19,0,0,.74,12.3
105,2014,276,1818,22.65,21.25,0,0,.731,12.3
105,2014,276,1824,22.6,21.23,0,0,.724,12.3
105,2014,276,1830,22.55,21.27,0,0,.717,12.3
105,2014,276,1836,22.5,21.24,0,0,.713,12.3
105,2014,276,1842,22.46,21.15,0,0,.709,12.3
105,2014,276,1848,22.41,21.07,0,0,.709,12.3
105,2014,276,1854,22.36,21.1,0,0,.709,12.3
105,2014,276,1900,22.32,21.07,0,0,.71,12.3
105,2014,276,1906,22.27,21,0,0,.71,12.3
105,2014,276,1912,22.23,20.97,0,0,.717,12.3
105,2014,276,1918,22.19,20.88,0,0,.726,12.3
105,2014,276,1924,22.15,20.88,0,0,.738,12.3
105,2014,276,1930,22.1,20.82,0,0,.752,12.3
105,2014,276,1936,22.06,20.79,0,0,.767,12.3
105,2014,276,1942,22.02,20.75,0,0,.782,12.3
105,2014,276,1948,21.98,20.75,0,0,.799,12.3
105,2014,276,1954,21.93,20.62,0,0,.815,12.3
105,2014,276,2000,21.89,20.63,0,0,.83,12.3
105,2014,276,2006,21.84,20.6,0,0,.845,12.3
105,2014,276,2012,21.79,20.57,0,0,.862,12.3
105,2014,276,2018,21.75,20.49,0,0,.881,12.3
105,2014,276,2024,21.7,20.13,0,0,.906,12.3
105,2014,276,2030,21.65,20.08,0,0,.934,12.3
105,2014,276,2036,21.6,19.99,0,0,.965,12.3
105,2014,276,2042,21.54,20.01,0,0,1,12.3
105,2014,276,2048,21.48,19.96,0,0,1.036,12.3
105,2014,276,2054,21.42,19.88,0,0,1.074,12.3
105,2014,276,2100,21.36,19.81,0,0,1.121,12.3
105,2014,276,2106,21.3,19.81,0,0,1.17,12.3
105,2014,276,2112,21.24,19.77,0,0,1.224,12.3
105,2014,276,2118,21.18,19.81,0,0,1.277,12.3
105,2014,276,2124,21.12,19.82,0,0,1.334,12.3
105,2014,276,2130,21.06,19.68,0,0,1.385,12.3
105,2014,276,2136,21,19.31,0,0,1.434,12.3
105,2014,276,2142,20.94,19.2,0,0,1.472,12.3
105,2014,276,2148,20.88,19.14,0,0,1.509,12.3
105,2014,276,2154,20.82,19,0,0,1.539,12.3
105,2014,276,2200,20.76,18.91,0,0,1.563,12.3
105,2014,276,2206,20.7,18.99,0,0,1.585,12.3
105,2014,276,2212,20.64,18.9,0,0,1.611,12.3
105,2014,276,2218,20.58,18.86,0,0,1.638,12.3
105,2014,276,2224,20.52,18.84,0,0,1.667,12.3
105,2014,276,2230,20.47,18.91,0,0,1.698,12.3
105,2014,276,2236,20.42,18.98,0,0,1.736,12.3
105,2014,276,2242,20.37,19,0,0,1.769,12.3
105,2014,276,2248,20.32,19.1,0,0,1.805,12.3
105,2014,276,2254,20.28,19.11,0,0,1.844,12.3
105,2014,276,2300,20.24,19.19,0,0,1.885,12.3
105,2014,276,2306,20.21,19.25,0,0,1.928,12.3
105,2014,276,2312,20.18,19.32,0,0,1.972,12.3
105,2014,276,2318,20.15,19.44,0,0,2.008,12.3
105,2014,276,2324,20.13,19.45,0,0,2.039,12.3
105,2014,276,2330,20.11,19.51,0,0,2.069,12.3
105,2014,276,2336,20.1,19.64,0,0,2.096,12.3
105,2014,276,2342,20.09,19.72,0,0,2.119,12.3
105,2014,276,2348,20.09,19.76,0,0,2.134,12.3
105,2014,276,2354,20.09,19.88,0,0,2.163,12.3
105,2014,277,0,20.11,19.94,0,0,2.189,12.3
105,2014,277,6,20.12,19.95,0,0,2.217,12.3
105,2014,277,12,20.14,20.01,0,0,2.247,12.3
105,2014,277,18,20.16,20.05,0,0,2.27,12.3
105,2014,277,24,20.19,20.08,0,0,2.28,12.3
105,2014,277,30,20.22,20.17,0,0,2.296,12.3
105,2014,277,36,20.24,20.2,0,0,2.313,12.3
105,2014,277,42,20.27,20.23,0,0,2.335,12.3
105,2014,277,48,20.3,20.26,0,0,2.365,12.3
105,2014,277,54,20.33,20.29,0,0,2.382,12.3
105,2014,277,100,20.36,20.33,0,0,2.403,12.3
105,2014,277,106,20.39,20.35,0,0,2.421,12.3
105,2014,277,112,20.42,20.36,0,0,2.435,12.3
105,2014,277,118,20.45,20.41,0,0,2.439,12.3
105,2014,277,124,20.48,20.43,0,0,2.441,12.3
105,2014,277,130,20.51,20.49,0,0,2.446,12.3
105,2014,277,136,20.54,20.55,0,0,2.443,12.3
105,2014,277,142,20.57,20.75,0,0,2.436,12.3
105,2014,277,148,20.6,20.87,0,0,2.432,12.3
105,2014,277,154,20.63,20.9,0,0,2.431,12.3
105,2014,277,200,20.67,20.9,0,0,2.424,12.3
105,2014,277,206,20.71,20.86,0,0,2.417,12.3
105,2014,277,212,20.75,20.9,0,0,2.414,12.3
105,2014,277,218,20.79,20.85,0,0,2.414,12.3
105,2014,277,224,20.82,20.83,0,0,2.408,12.3
105,2014,277,230,20.86,20.76,0,0,2.399,12.3
105,2014,277,236,20.89,20.74,0,0,2.39,12.3
105,2014,277,242,20.92,20.64,0,0,2.381,12.3
105,2014,277,248,20.94,20.62,0,0,2.364,12.3
105,2014,277,254,20.96,20.62,0,0,2.335,12.3
105,2014,277,300,20.98,20.68,0,0,2.315,12.3
105,2014,277,306,21,20.72,0,0,2.302,12.3
105,2014,277,312,21.01,20.62,0,0,2.284,12.3
105,2014,277,318,21.03,20.37,0,0,2.261,12.3
105,2014,277,324,21.04,20.01,0,0,2.234,12.3
105,2014,277,330,21.04,19.84,0,0,2.197,12.3
105,2014,277,336,21.04,19.76,0,0,2.16,12.3
105,2014,277,342,21.02,19.58,0,0,2.127,12.3
105,2014,277,348,21,19.4,0,0,2.092,12.3
105,2014,277,354,20.97,19.49,0,0,2.057,12.3
105,2014,277,400,20.93,19.43,0,0,2.046,12.3
105,2014,277,406,20.88,19.18,0,0,2.043,12.3
105,2014,277,412,20.83,19.2,0,0,2.043,12.3
105,2014,277,418,20.78,19.16,0,0,2.041,12.3
105,2014,277,424,20.72,19.4,0,0,2.048,12.3
105,2014,277,430,20.66,19.15,0,0,2.077,12.3
105,2014,277,436,20.6,18.84,0,0,2.088,12.3
105,2014,277,442,20.54,18.85,0,0,2.091,12.3
105,2014,277,448,20.47,18.76,0,0,2.082,12.3
105,2014,277,454,20.4,18.73,0,0,2.057,12.3
105,2014,277,500,20.33,18.82,0,0,2.017,12.3
105,2014,277,506,20.26,19.09,0,0,1.985,12.3
105,2014,277,512,20.19,19.05,0,0,1.954,12.3
105,2014,277,518,20.13,18.9,0,0,1.938,12.3
105,2014,277,524,20.08,18.79,0,0,1.925,12.3
105,2014,277,530,20.03,18.81,0,0,1.909,12.3
105,2014,277,536,19.98,18.74,0,0,1.884,12.3
105,2014,277,542,19.94,18.86,0,0,1.854,12.3
105,2014,277,548,19.9,19.08,0,0,1.826,12.3
105,2014,277,554,19.86,19.05,0,0,1.803,12.3
105,2014,277,600,19.82,18.93,0,0,1.795,12.3
105,2014,277,606,19.79,18.96,0,0,1.796,12.3
105,2014,277,612,19.76,18.91,0,0,1.796,12.3
105,2014,277,618,19.73,18.82,0,0,1.801,12.3
105,2014,277,624,19.7,18.81,0,0,1.804,12.3
105,2014,277,630,19.67,18.81,0,0,1.813,12.3
105,2014,277,636,19.64,18.73,0,0,1.806,12.3
105,2014,277,642,19.62,18.79,0,0,1.806,12.3
105,2014,277,648,19.59,18.81,0,0,1.787,12.3
105,2014,277,654,19.57,18.88,0,0,1.763,12.3
105,2014,277,700,19.55,18.73,0,0,1.733,12.3
105,2014,277,706,19.53,18.67,0,0,1.698,12.3
105,2014,277,712,19.5,18.66,0,0,1.666,12.3
105,2014,277,718,19.47,18.65,0,0,1.638,12.3
105,2014,277,724,19.44,18.67,0,0,1.616,12.3
105,2014,277,730,19.41,18.78,0,0,1.595,12.3
105,2014,277,736,19.38,18.81,0,0,1.572,12.3
105,2014,277,742,19.36,18.94,0,0,1.557,12.3
105,2014,277,748,19.33,18.91,0,0,1.554,12.3
105,2014,277,754,19.32,19.05,0,0,1.556,12.3
105,2014,277,800,19.3,19.24,0,0,1.569,12.3
105,2014,277,806,19.28,19.55,0,0,1.575,12.3
105,2014,277,812,19.28,19.54,0,0,1.591,12.3
105,2014,277,818,19.28,19.49,0,0,1.606,12.3
105,2014,277,824,19.28,19.53,0,0,1.612,12.3
105,2014,277,830,19.3,19.61,0,0,1.612,12.3
105,2014,277,836,19.32,19.54,0,0,1.614,12.3
105,2014,277,842,19.35,18.74,0,0,1.613,12.3
105,2014,277,848,19.38,18.34,0,0,1.61,12.3
105,2014,277,854,19.4,18.12,0,0,1.597,12.3
105,2014,277,900,19.41,17.93,0,0,1.592,12.3
105,2014,277,906,19.41,17.73,0,0,1.58,12.3
105,2014,277,912,19.41,18.7,0,0,1.573,12.3
105,2014,277,918,19.4,18.76,0,0,1.566,12.3
105,2014,277,924,19.39,18.46,0,0,1.569,12.3
105,2014,277,930,19.39,18.44,0,0,1.576,12.3
105,2014,277,936,19.4,18.02,0,0,1.585,12.3
105,2014,277,942,19.41,18.71,0,0,1.608,12.3
105,2014,277,948,19.43,19.33,0,0,1.635,12.3
105,2014,277,954,19.45,19.47,0,0,1.661,12.3
105,2014,277,1000,19.48,20.44,0,0,1.691,12.3
105,2014,277,1006,19.53,21.34,0,0,1.722,12.3
105,2014,277,1012,19.6,21.29,0,0,1.748,12.3
105,2014,277,1018,19.7,21.55,0,0,1.767,12.3
105,2014,277,1024,19.83,22.18,0,0,1.785,12.3
105,2014,277,1030,19.96,21.86,0,0,1.804,12.3
105,2014,277,1036,20.1,22.35,0,0,1.807,12.3
105,2014,277,1042,20.25,22.16,0,0,1.801,12.3
105,2014,277,1048,20.41,22.75,0,0,1.781,12.3
105,2014,277,1054,20.57,22.55,0,0,1.766,12.3
105,2014,277,1100,20.74,22.67,0,0,1.761,12.3
105,2014,277,1106,20.91,23.47,0,0,1.762,12.3
105,2014,277,1112,21.09,23.26,0,0,1.777,12.3
105,2014,277,1118,21.28,23.6,0,0,1.794,12.3
105,2014,277,1124,21.47,22.64,0,0,1.811,12.3
105,2014,277,1130,21.67,22.67,0,0,1.832,12.3
105,2014,277,1136,21.84,22.02,0,0,1.861,12.3
105,2014,277,1142,22,20.72,0,0,1.891,12.3
105,2014,277,1148,22.13,19.94,0,0,1.91,12.3
105,2014,277,1154,22.22,20.45,0,0,1.917,12.3
105,2014,277,1200,22.28,20.8,0,0,1.918,12.3
105,2014,277,1206,22.32,21.13,0,0,1.911,12.3
105,2014,277,1212,22.35,21.13,0,0,1.911,12.3
105,2014,277,1218,22.36,20.75,0,0,1.912,12.3
105,2014,277,1224,22.38,20.46,0,0,1.905,12.3
105,2014,277,1230,22.37,21.35,0,0,1.884,12.3
105,2014,277,1236,22.37,21.4,0,0,1.854,12.3
105,2014,277,1242,22.38,21.62,0,0,1.822,12.3
105,2014,277,1248,22.4,21.16,0,0,1.79,12.3
105,2014,277,1254,22.41,20.55,0,0,1.771,12.3
105,2014,277,1300,22.43,20.29,0,0,1.758,12.3
105,2014,277,1306,22.43,20.37,0,0,1.751,12.3
105,2014,277,1312,22.42,20.43,0,0,1.747,10.72
105,2014,277,1318,22.41,21.5,0,0,1.742,10.21
105,2014,277,1324,22.4,22.54,0,0,1.737,10.17
105,2014,277,1330,22.38,22.69,0,0,1.731,10.14
105,2014,277,1336,22.4,21.59,0,0,1.73,10.11
105,2014,277,1342,22.42,24.45,0,0,1.727,10.07
105,2014,277,1348,22.48,23.22,0,0,1.72,10.05
105,2014,277,1354,22.56,22.83,0,0,1.717,10.03
105,2014,277,1400,22.65,22.22,0,0,1.705,10.01
105,2014,277,1406,22.74,22.95,0,0,1.679,10
105,2014,277,1412,22.83,22.9,0,0,1.651,9.98
105,2014,277,1418,22.92,22.39,0,0,1.624,9.97
105,2014,277,1424,23.01,22.37,0,0,1.595,9.96
105,2014,277,1430,23.09,22.98,0,0,1.563,9.95
105,2014,277,1436,23.17,22.83,0,0,1.528,9.94
105,2014,277,1442,23.25,22.75,0,0,1.494,9.94
105,2014,277,1448,23.32,21.65,0,0,1.459,9.93
105,2014,277,1454,23.39,20.57,0,0,1.425,9.92
105,2014,277,1500,23.43,19.9,0,0,1.392,9.92
105,2014,277,1506,23.43,19.63,0,0,1.364,9.91
105,2014,277,1512,23.4,19.05,0,0,1.341,9.91
105,2014,277,1518,23.33,18.96,0,0,1.326,9.9
105,2014,277,1524,23.24,18.95,0,0,1.318,9.9
105,2014,277,1530,23.15,18.76,0,0,1.31,9.89
105,2014,277,1536,23.04,18.73,0,0,1.299,9.89
105,2014,277,1542,22.92,18.68,0,0,1.285,9.88
105,2014,277,1548,22.8,18.52,0,0,1.268,9.88
105,2014,277,1554,22.67,18.57,0,0,1.247,9.87
105,2014,277,1600,22.54,18.27,0,0,1.221,9.87
105,2014,277,1606,22.4,18.16,0,0,1.191,9.86
105,2014,277,1612,22.27,17.92,0,0,1.161,9.85
105,2014,277,1618,22.14,17.78,0,0,1.132,9.85
105,2014,277,1624,22,17.83,0,0,1.103,9.84
105,2014,277,1630,21.85,17.97,0,0,1.074,9.84
105,2014,277,1636,21.69,17.79,0,0,1.046,9.83
105,2014,277,1642,21.52,17.56,0,0,1.02,9.83
105,2014,277,1648,21.34,17.02,0,0,.993,9.82
105,2014,277,1654,21.16,16.95,0,0,.969,9.82
105,2014,277,1700,20.96,16.62,0,0,.945,9.81
105,2014,277,1706,20.75,16.3,0,0,.923,9.8
105,2014,277,1712,20.54,16.35,0,0,.9,9.8
105,2014,277,1718,20.33,16.15,0,0,.877,9.79
105,2014,277,1724,20.11,16.04,0,0,.857,9.79
105,2014,277,1730,19.89,15.9,0,0,.838,9.78
105,2014,277,1736,19.66,15.63,0,0,.82,9.77
105,2014,277,1742,19.45,15.4,0,0,.803,9.77
105,2014,277,1748,19.23,15.24,0,0,.788,9.76
105,2014,277,1754,19.02,15.01,0,0,.773,9.75
105,2014,277,1800,18.8,15.12,0,0,.76,9.75
105,2014,277,1806,18.6,14.72,0,0,.747,9.74
105,2014,277,1812,18.39,14.5,0,0,.734,9.72
105,2014,277,1818,18.18,14.28,0,0,.721,9.71
105,2014,277,1824,17.97,14.14,0,0,.709,9.74
105,2014,277,1830,17.77,13.93,0,0,.699,9.73
105,2014,277,1836,17.56,13.93,0,0,.688,9.73
105,2014,277,1842,17.35,13.72,0,0,.679,9.72
105,2014,277,1848,17.14,13.58,0,0,.67,9.72
105,2014,277,1854,16.94,13.33,0,0,.662,9.73
105,2014,277,1900,16.73,13.14,0,0,.653,9.72
105,2014,277,1906,16.52,12.91,0,0,.645,9.72
105,2014,277,1912,16.32,12.98,0,0,.637,9.73
105,2014,277,1918,16.11,12.81,0,0,.63,9.73
105,2014,277,1924,15.9,12.7,0,0,.623,9.73
105,2014,277,1930,15.69,12.7,0,0,.615,9.73
105,2014,277,1936,15.49,12.52,0,0,.61,9.73
105,2014,277,1942,15.29,12.4,0,0,.604,9.72
105,2014,277,1948,15.09,12.31,0,0,.598,9.74
105,2014,277,1954,14.89,12.19,0,0,.593,9.76
105,2014,277,2000,14.71,12.13,0,0,.588,9.77
105,2014,277,2006,14.52,11.81,0,0,.582,9.78
105,2014,277,2012,14.34,11.62,0,0,.576,9.77
105,2014,277,2018,14.16,11.62,0,0,.571,9.76
105,2014,277,2024,13.99,11.41,0,0,.568,9.76
105,2014,277,2030,13.82,11.29,0,0,.563,9.76
105,2014,277,2036,13.65,10.94,0,0,.56,9.75
105,2014,277,2042,13.48,10.85,0,0,.555,9.75
105,2014,277,2048,13.32,10.97,0,0,.552,9.74
105,2014,277,2054,13.16,10.89,0,0,.548,9.74
105,2014,277,2100,12.99,10.53,0,0,.545,9.75
105,2014,277,2106,12.83,10.56,0,0,.541,9.76
105,2014,277,2112,12.66,10.54,0,0,.538,9.77
105,2014,277,2118,12.5,10.48,0,0,.535,9.78
105,2014,277,2124,12.35,10.2,0,0,.531,9.79
105,2014,277,2130,12.2,10.34,0,0,.528,9.81
105,2014,277,2136,12.04,10.38,0,0,.526,9.82
105,2014,277,2142,11.89,10.16,0,0,.522,9.83
105,2014,277,2148,11.74,10.11,0,0,.52,9.84
105,2014,277,2154,11.6,10.09,0,0,.517,9.84
105,2014,277,2200,11.46,9.76,0,0,.515,9.84
105,2014,277,2206,11.32,9.8,0,0,.511,9.85
105,2014,277,2212,11.18,9.73,0,0,.508,9.85
105,2014,277,2218,11.04,9.8,0,0,.507,9.84
105,2014,277,2224,10.92,9.65,0,0,.505,9.84
105,2014,277,2230,10.79,9.17,0,0,.503,9.84
105,2014,277,2236,10.66,9.21,0,0,.501,9.84
105,2014,277,2242,10.54,9.15,0,0,.499,9.83
105,2014,277,2248,10.41,8.81,0,0,.497,9.83
105,2014,277,2254,10.29,8.94,0,0,.495,9.83
105,2014,277,2300,10.17,8.69,0,0,.492,9.82
105,2014,277,2306,10.05,8.58,0,0,.491,9.82
105,2014,277,2312,9.92,8.58,0,0,.489,9.81
105,2014,277,2318,9.8,8.44,0,0,.487,9.81
105,2014,277,2324,9.67,8.08,0,0,.486,9.81
105,2014,277,2330,9.54,7.92,0,0,.484,9.8
105,2014,277,2336,9.42,8.05,0,0,.483,9.8
105,2014,277,2342,9.3,7.99,0,0,.48,9.79
105,2014,277,2348,9.17,7.95,0,0,.478,9.79
105,2014,277,2354,9.04,7.53,0,0,.477,9.78
105,2014,278,0,8.92,7.66,0,0,.475,9.78
105,2014,278,6,8.79,7.6,0,0,.473,9.77
105,2014,278,12,8.67,7.33,0,0,.473,9.77
105,2014,278,18,8.55,7.06,0,0,.471,9.76
105,2014,278,24,8.42,6.635,0,0,.47,9.76
105,2014,278,30,8.31,6.487,0,0,.468,9.75
105,2014,278,36,8.19,6.659,0,0,.467,9.75
105,2014,278,42,8.08,6.395,0,0,.466,9.74
105,2014,278,48,7.96,6.138,0,0,.465,9.74
105,2014,278,54,7.85,6.197,0,0,.464,9.73
105,2014,278,100,7.73,5.972,0,0,.462,9.73
105,2014,278,106,7.61,6.128,0,0,.462,9.72
105,2014,278,112,7.5,5.797,0,0,.459,9.72
105,2014,278,118,7.38,5.725,0,0,.459,9.71
105,2014,278,124,7.27,5.614,0,0,.459,9.71
105,2014,278,130,7.17,5.863,0,0,.459,9.7
105,2014,278,136,7.06,5.889,0,0,.457,9.7
105,2014,278,142,6.95,5.572,0,0,.457,9.69
105,2014,278,148,6.843,5.362,0,0,.456,9.69
105,2014,278,154,6.738,5.407,0,0,.456,9.68
105,2014,278,200,6.633,5.395,0,0,.454,9.68
105,2014,278,206,6.531,5.246,0,0,.454,9.67
105,2014,278,212,6.435,5.408,0,0,.454,9.67
105,2014,278,218,6.341,5.233,0,0,.454,9.66
105,2014,278,224,6.25,5.422,0,0,.454,9.66
105,2014,278,230,6.161,5.151,0,0,.452,9.65
105,2014,278,236,6.075,5.346,0,0,.451,9.65
105,2014,278,242,5.993,5.031,0,0,.451,9.64
105,2014,278,248,5.912,5.046,0,0,.45,9.64
105,2014,278,254,5.835,4.889,0,0,.448,9.64
105,2014,278,300,5.763,4.925,0,0,.448,9.63
105,2014,278,306,5.694,4.949,0,0,.448,9.63
105,2014,278,312,5.623,4.969,0,0,.448,9.62
105,2014,278,318,5.552,4.931,0,0,.448,9.62
105,2014,278,324,5.482,4.776,0,0,.448,9.61
105,2014,278,330,5.414,4.555,0,0,.445,9.61
105,2014,278,336,5.348,4.571,0,0,.445,9.6
105,2014,278,342,5.283,4.519,0,0,.444,9.6
105,2014,278,348,5.22,4.338,0,0,.443,9.6
105,2014,278,354,5.155,4.381,0,0,.443,9.59
105,2014,278,400,5.09,4.389,0,0,.443,9.59
105,2014,278,406,5.026,4.262,0,0,.441,9.58
105,2014,278,412,4.958,4.312,0,0,.44,9.58
105,2014,278,418,4.89,4.562,0,0,.44,9.58
105,2014,278,424,4.822,4.488,0,0,.44,9.57
105,2014,278,430,4.755,4.49,0,0,.439,9.57
105,2014,278,436,4.691,4.249,0,0,.438,9.56
105,2014,278,442,4.63,4.057,0,0,.437,9.56
105,2014,278,448,4.571,4.176,0,0,.436,9.56
105,2014,278,454,4.514,3.747,0,0,.434,9.55
105,2014,278,500,4.457,3.971,0,0,.434,9.55
105,2014,278,506,4.402,4.143,0,0,.434,9.54
105,2014,278,512,4.349,4.107,0,0,.434,9.54
105,2014,278,518,4.297,3.684,0,0,.433,9.54
105,2014,278,524,4.247,3.718,0,0,.432,9.53
105,2014,278,530,4.201,3.763,0,0,.432,9.53
105,2014,278,536,4.155,3.961,0,0,.43,9.53
105,2014,278,542,4.108,3.603,0,0,.429,9.52
105,2014,278,548,4.062,3.535,0,0,.429,9.52
105,2014,278,554,4.015,3.436,0,0,.429,9.52
105,2014,278,600,3.967,3.795,0,0,.427,9.51
105,2014,278,606,3.918,3.916,0,0,.427,9.51
105,2014,278,612,3.871,3.939,0,0,.426,9.5
105,2014,278,618,3.826,3.834,0,0,.425,9.5
105,2014,278,624,3.784,3.796,0,0,.423,9.5
105,2014,278,630,3.746,3.915,0,0,.423,9.49
105,2014,278,636,3.71,3.913,0,0,.423,9.49
105,2014,278,642,3.678,3.707,0,0,.423,9.49
105,2014,278,648,3.649,3.649,0,0,.423,9.48
105,2014,278,654,3.622,3.746,0,0,.422,9.48
105,2014,278,700,3.597,3.593,0,0,.421,9.48
105,2014,278,706,3.573,3.571,0,0,.42,9.47
105,2014,278,712,3.547,3.403,0,0,.419,9.47
105,2014,278,718,3.521,3.391,0,0,.419,9.47
105,2014,278,724,3.494,3.363,0,0,.418,9.47
105,2014,278,730,3.468,3.495,0,0,.418,9.46
105,2014,278,736,3.443,3.639,0,0,.417,9.46
105,2014,278,742,3.419,4.217,0,0,.415,9.46
105,2014,278,748,3.4,5.06,0,0,.415,9.45
105,2014,278,754,3.386,6.072,0,0,.415,9.45
105,2014,278,800,3.394,6.701,0,0,.414,9.45
105,2014,278,806,3.428,6.479,0,0,.413,9.45
105,2014,278,812,3.494,7.16,0,0,.412,9.44
105,2014,278,818,3.596,7.4,0,0,.411,9.44
105,2014,278,824,3.736,7.96,0,0,.409,9.44
105,2014,278,830,3.907,8.31,0,0,.409,9.44
105,2014,278,836,4.11,9.15,0,0,.409,9.44
105,2014,278,842,4.348,10.29,0,0,.408,9.44
105,2014,278,848,4.614,11.58,0,0,.407,9.44
105,2014,278,854,4.908,12.9,0,0,.407,9.44
105,2014,278,900,5.232,13.5,0,0,.406,9.44
105,2014,278,906,5.584,13.19,0,0,.404,9.45
105,2014,278,912,5.953,14.32,0,0,.404,9.45
105,2014,278,918,6.352,14.96,0,0,.404,9.46
105,2014,278,924,6.767,15.2,0,0,.402,9.46
105,2014,278,930,7.2,15.21,0,0,.401,9.47
105,2014,278,936,7.63,16.13,0,0,.401,9.47
105,2014,278,942,8.08,16.01,0,0,.401,9.48
105,2014,278,948,8.53,16.08,0,0,.399,11.87
105,2014,278,954,8.99,16.37,0,0,.398,12.31
105,2014,278,1000,9.53,16.61,0,0,.399,12.31
105,2014,278,1006,10.15,17.11,0,0,.398,12.31
105,2014,278,1012,10.86,16.84,0,0,.396,12.31
105,2014,278,1018,11.64,16.74,0,0,.395,12.3
105,2014,278,1024,12.45,17.49,0,0,.395,12.3
105,2014,278,1030,13.26,17.48,0,0,.394,12.3
105,2014,278,1036,14.07,17.9,0,0,.391,12.3
105,2014,278,1042,14.88,17.49,0,0,.391,12.3
105,2014,278,1048,15.65,17.74,0,0,.391,12.3
105,2014,278,1054,16.4,18.95,0,0,.391,12.3
105,2014,278,1100,17.13,18.08,0,0,.389,12.3
105,2014,278,1106,17.82,18.38,0,0,.389,12.3
105,2014,278,1112,18.48,18.23,0,0,.389,12.3
105,2014,278,1118,19.1,18.83,0,0,.388,12.3
105,2014,278,1124,19.68,19,0,0,.387,12.3
105,2014,278,1130,20.23,19.49,0,0,.388,12.3
105,2014,278,1136,20.76,18.94,0,0,.387,12.3
105,2014,278,1142,21.27,18.8,0,0,.388,12.3
105,2014,278,1148,21.76,19,0,0,.388,12.3
105,2014,278,1154,22.22,19.76,0,0,.388,12.3
105,2014,278,1200,22.66,18.52,0,0,.386,12.3
105,2014,278,1206,23.08,19.19,0,0,.386,12.3
105,2014,278,1212,23.48,19.91,0,0,.386,12.3
105,2014,278,1218,23.88,19.14,0,0,.386,12.3
105,2014,278,1224,24.26,19.31,0,0,.386,12.3
105,2014,278,1230,24.61,19.17,0,0,.384,12.3
105,2014,278,1236,24.95,20.46,0,0,.382,12.3
105,2014,278,1242,25.27,20.22,0,0,.381,12.3
105,2014,278,1248,25.59,19.74,0,0,.379,12.3
105,2014,278,1254,25.89,19.96,0,0,.38,12.3
105,2014,278,1300,26.19,20.09,0,0,.379,12.3
105,2014,278,1306,26.48,19.79,0,0,.378,12.3
105,2014,278,1312,26.74,20.31,0,0,.378,12.3
105,2014,278,1318,26.98,21.14,0,0,.378,12.3
105,2014,278,1324,27.22,20.03,0,0,.378,12.3
105,2014,278,1330,27.43,19.65,0,0,.376,12.3
105,2014,278,1336,27.59,20.1,0,0,.376,12.3
105,2014,278,1342,27.75,20.28,0,0,.376,12.3
105,2014,278,1348,27.9,20.48,0,0,.375,12.3
105,2014,278,1354,28.06,19.56,0,0,.374,12.3
105,2014,278,1400,28.21,19.43,0,0,.374,12.3
105,2014,278,1406,28.33,20.19,0,0,.374,12.3
105,2014,278,1412,28.45,20.92,0,0,.372,12.3
105,2014,278,1418,28.58,21.11,0,0,.372,12.3
105,2014,278,1424,28.73,19.59,0,0,.372,12.3
105,2014,278,1430,28.89,20.2,0,0,.372,12.29
105,2014,278,1436,29.02,19.89,0,0,.372,12.29
105,2014,278,1442,29.1,19.01,0,0,.372,12.29
105,2014,278,1448,29.18,18.18,0,0,.372,12.29
105,2014,278,1454,29.24,18.2,0,0,.372,12.3
105,2014,278,1500,29.28,18.18,0,0,.372,12.3
105,2014,278,1506,29.31,17.74,0,0,.373,12.3
105,2014,278,1512,29.32,17.57,0,0,.371,12.3
105,2014,278,1518,29.32,17.13,0,0,.377,12.3
105,2014,278,1524,29.3,16.91,0,0,.385,12.3
105,2014,278,1530,29.25,16.8,0,0,.394,12.3
105,2014,278,1536,29.18,16.77,0,0,.406,12.3
105,2014,278,1542,29.07,16.6,0,0,.42,12.3
105,2014,278,1548,28.94,16.2,0,0,.436,12.3
105,2014,278,1554,28.8,15.93,0,0,.451,12.3
105,2014,278,1600,28.66,15.48,0,0,.467,12.3
105,2014,278,1606,28.53,15.23,0,0,.484,12.3
105,2014,278,1612,28.4,15.41,0,0,.502,12.3
105,2014,278,1618,28.26,15.17,0,0,.52,12.3
105,2014,278,1624,28.12,15.32,0,0,.536,12.3
105,2014,278,1630,27.97,14.99,0,0,.549,12.3
105,2014,278,1636,27.82,14.9,0,0,.558,12.3
105,2014,278,1642,27.69,14.52,0,0,.564,12.3
105,2014,278,1648,27.55,14.74,0,0,.566,12.3
105,2014,278,1654,27.42,14.52,0,0,.567,12.3
105,2014,278,1700,27.29,14.21,0,0,.567,12.3
105,2014,278,1706,27.17,14.15,0,0,.567,12.3
105,2014,278,1712,27.04,13.89,0,0,.567,12.3
105,2014,278,1718,26.92,13.93,0,0,.567,12.3
105,2014,278,1724,26.79,13.86,0,0,.566,12.3
105,2014,278,1730,26.66,13.63,0,0,.565,12.3
105,2014,278,1736,26.54,13.73,0,0,.563,12.3
105,2014,278,1742,26.41,13.53,0,0,.559,12.3
105,2014,278,1748,26.29,13.52,0,0,.556,12.3
105,2014,278,1754,26.17,13.5,0,0,.553,12.3
105,2014,278,1800,26.05,13.29,0,0,.549,12.3
105,2014,278,1806,25.93,13.12,0,0,.547,12.3
105,2014,278,1812,25.82,13.05,0,0,.544,12.3
105,2014,278,1818,25.7,12.82,0,0,.54,12.3
105,2014,278,1824,25.59,12.46,0,0,.536,12.3
105,2014,278,1830,25.47,12.28,0,0,.533,12.3
105,2014,278,1836,25.36,12.32,0,0,.531,12.3
105,2014,278,1842,25.25,12.29,0,0,.527,12.3
105,2014,278,1848,25.13,12.12,0,0,.524,12.3
105,2014,278,1854,25,11.65,0,0,.52,12.3
105,2014,278,1900,24.87,11.3,0,0,.518,12.3
105,2014,278,1906,24.74,11.18,0,0,.515,12.3
105,2014,278,1912,24.61,11.3,0,0,.513,12.3
105,2014,278,1918,24.47,11.06,0,0,.509,12.3
105,2014,278,1924,24.33,10.86,0,0,.508,12.3
105,2014,278,1930,24.18,10.5,0,0,.505,12.3
105,2014,278,1936,24.02,10.36,0,0,.504,12.3
105,2014,278,1942,23.87,10.17,0,0,.502,12.3
105,2014,278,1948,23.71,10.08,0,0,.501,12.3
105,2014,278,1954,23.57,9.93,0,0,.499,12.3
105,2014,278,2000,23.41,9.81,0,0,.496,12.3
105,2014,278,2006,23.26,9.75,0,0,.495,12.3
105,2014,278,2012,23.11,9.51,0,0,.492,12.3
105,2014,278,2018,22.97,9.5,0,0,.49,12.3
105,2014,278,2024,22.83,9.32,0,0,.488,12.3
105,2014,278,2030,22.69,9.44,0,0,.487,12.3
105,2014,278,2036,22.55,9.25,0,0,.485,12.3
105,2014,278,2042,22.4,9.17,0,0,.483,12.3
105,2014,278,2048,22.26,9.07,0,0,.481,12.3
105,2014,278,2054,22.13,9.13,0,0,.479,12.3
105,2014,278,2100,22,8.99,0,0,.477,12.3
105,2014,278,2106,21.88,8.93,0,0,.476,12.3
105,2014,278,2112,21.76,8.94,0,0,.474,12.3
105,2014,278,2118,21.65,8.76,0,0,.472,12.3
105,2014,278,2124,21.54,8.69,0,0,.472,12.3
105,2014,278,2130,21.43,8.63,0,0,.47,12.3
105,2014,278,2136,21.33,8.48,0,0,.468,12.3
105,2014,278,2142,21.23,8.48,0,0,.467,12.31
105,2014,278,2148,21.14,8.25,0,0,.465,12.31
105,2014,278,2154,21.05,8.26,0,0,.463,12.31
105,2014,278,2200,20.95,8.34,0,0,.463,12.3
105,2014,278,2206,20.86,8.13,0,0,.461,12.3
105,2014,278,2212,20.77,8.12,0,0,.46,12.31
105,2014,278,2218,20.68,8.05,0,0,.459,12.31
105,2014,278,2224,20.6,8,0,0,.456,12.31
105,2014,278,2230,20.52,7.99,0,0,.455,12.3
105,2014,278,2236,20.45,7.9,0,0,.454,12.31
105,2014,278,2242,20.37,7.93,0,0,.453,12.31
105,2014,278,2248,20.3,7.89,0,0,.451,12.31
105,2014,278,2254,20.22,7.9,0,0,.451,12.31
105,2014,278,2300,20.14,7.84,0,0,.449,12.31
105,2014,278,2306,20.07,7.64,0,0,.448,12.31
105,2014,278,2312,20,7.52,0,0,.446,12.31
105,2014,278,2318,19.93,7.54,0,0,.445,12.31
105,2014,278,2324,19.86,7.66,0,0,.444,12.31
105,2014,278,2330,19.8,7.64,0,0,.442,12.31
105,2014,278,2336,19.74,7.52,0,0,.442,12.31
105,2014,278,2342,19.69,7.53,0,0,.441,12.31
105,2014,278,2348,19.63,7.53,0,0,.44,12.31
105,2014,278,2354,19.57,7.51,0,0,.438,12.31
105,2014,279,0,19.52,7.49,0,0,.437,12.31
105,2014,279,6,19.46,7.42,0,0,.436,12.31
105,2014,279,12,19.41,7.42,0,0,.434,12.31
105,2014,279,18,19.36,7.31,0,0,.434,12.31
105,2014,279,24,19.32,7.3,0,0,.433,12.31
105,2014,279,30,19.27,7.31,0,0,.432,12.31
105,2014,279,36,19.22,7.44,0,0,.432,12.31
105,2014,279,42,19.18,7.28,0,0,.432,12.31
105,2014,279,48,19.14,7.45,0,0,.432,12.31
105,2014,279,54,19.1,7.37,0,0,.43,12.31
105,2014,279,100,19.06,7.36,0,0,.432,12.31
105,2014,279,106,19.02,7.38,0,0,.43,12.31
105,2014,279,112,18.98,7.29,0,0,.43,12.31
105,2014,279,118,18.95,7.34,0,0,.43,12.31
105,2014,279,124,18.92,7.24,0,0,.431,12.31
105,2014,279,130,18.89,7.17,0,0,.431,12.31
105,2014,279,136,18.86,7.23,0,0,.434,12.31
105,2014,279,142,18.83,7.19,0,0,.442,12.31
105,2014,279,148,18.8,7.09,0,0,.452,12.31
105,2014,279,154,18.77,7.15,0,0,.466,12.31
105,2014,279,200,18.75,7.14,0,0,.484,12.31
105,2014,279,206,18.72,7.19,0,0,.505,12.31
105,2014,279,212,18.7,7.21,0,0,.534,12.31
105,2014,279,218,18.67,7.19,0,0,.564,12.31
105,2014,279,224,18.65,7.34,0,0,.597,12.31
105,2014,279,230,18.64,7.34,0,0,.636,12.31
105,2014,279,236,18.62,7.52,0,0,.675,12.31
105,2014,279,242,18.61,7.91,0,0,.718,12.31
105,2014,279,248,18.6,8.1,0,0,.76,12.31
105,2014,279,254,18.55,8.14,0,0,.8,12.31
105,2014,279,300,18.42,8.25,0,0,.837,12.31
105,2014,279,306,18.22,8.28,0,0,.873,12.31
105,2014,279,312,17.97,8.21,0,0,.895,12.31
105,2014,279,318,17.68,8.21,0,0,.914,12.31
105,2014,279,324,17.36,8.2,0,0,.916,12.31
105,2014,279,330,17.03,8.08,0,0,.918,12.31
105,2014,279,336,16.7,8.04,0,0,.916,12.31
105,2014,279,342,16.36,8.08,0,0,.916,12.31
105,2014,279,348,16.02,7.91,0,0,.917,12.31
105,2014,279,354,15.67,7.86,0,0,.916,12.31
105,2014,279,400,15.33,7.98,0,0,.915,12.31
105,2014,279,406,14.99,8.03,0,0,.916,12.31
105,2014,279,412,14.66,7.82,0,0,.916,12.31
105,2014,279,418,14.34,7.71,0,0,.916,12.31
105,2014,279,424,14.02,7.78,0,0,.914,12.31
105,2014,279,430,13.72,7.75,0,0,.909,12.31
105,2014,279,436,13.42,7.72,0,0,.901,12.31
105,2014,279,442,13.12,7.64,0,0,.893,12.31
105,2014,279,448,12.84,7.61,0,0,.885,12.31
105,2014,279,454,12.56,7.78,0,0,.875,12.31
105,2014,279,500,12.29,7.91,0,0,.863,12.31
105,2014,279,506,12.03,8.09,0,0,.851,12.31
105,2014,279,512,11.78,7.73,0,0,.838,12.31
105,2014,279,518,11.54,8.11,0,0,.823,12.31
105,2014,279,524,11.31,8.17,0,0,.81,12.31
105,2014,279,530,11.09,8.21,0,0,.797,12.31
105,2014,279,536,10.88,8.18,0,0,.784,12.31
105,2014,279,542,10.69,8.15,0,0,.775,12.31
105,2014,279,548,10.51,7.82,0,0,.76,12.31
105,2014,279,554,10.34,7.76,0,0,.748,12.31
105,2014,279,600,10.18,7.69,0,0,.737,12.31
105,2014,279,606,10.03,7.68,0,0,.728,12.31
105,2014,279,612,9.87,7.67,0,0,.716,12.31
105,2014,279,618,9.72,7.82,0,0,.707,12.31
105,2014,279,624,9.57,7.68,0,0,.698,12.31
105,2014,279,630,9.43,7.41,0,0,.688,12.31
105,2014,279,636,9.3,7.33,0,0,.68,12.31
105,2014,279,642,9.17,7.5,0,0,.673,12.31
105,2014,279,648,9.05,7.38,0,0,.664,12.31
105,2014,279,654,8.92,7.4,0,0,.657,12.31
105,2014,279,700,8.8,7.42,0,0,.649,12.31
105,2014,279,706,8.69,7.23,0,0,.642,12.31
105,2014,279,712,8.58,7.39,0,0,.635,12.31
105,2014,279,718,8.47,7.4,0,0,.628,12.31
105,2014,279,724,8.37,7.24,0,0,.621,12.31
105,2014,279,730,8.27,7.24,0,0,.614,12.31
105,2014,279,736,8.17,7.46,0,0,.606,12.31
105,2014,279,742,8.08,8.03,0,0,.604,12.31
105,2014,279,748,7.99,9.07,0,0,.597,12.31
105,2014,279,754,7.92,9.98,0,0,.592,12.31
105,2014,279,800,7.88,11.05,0,0,.586,12.31
105,2014,279,806,7.86,11.45,0,0,.581,12.31
105,2014,279,812,7.87,12.16,0,0,.575,12.31
105,2014,279,818,7.92,12.73,0,0,.571,12.31
105,2014,279,824,8,13.27,0,0,.566,12.31
105,2014,279,830,8.13,13.79,0,0,.562,12.31
105,2014,279,836,8.29,14.42,0,0,.557,12.31
105,2014,279,842,8.49,15.13,0,0,.555,12.31
105,2014,279,848,8.73,16.03,0,0,.55,12.31
105,2014,279,854,9,16.03,0,0,.546,12.3
105,2014,279,900,9.29,16.75,0,0,.542,12.3
105,2014,279,906,9.61,16.59,0,0,.539,12.3
105,2014,279,912,9.95,17.29,0,0,.535,12.3
105,2014,279,918,10.3,17.78,0,0,.53,12.3
105,2014,279,924,10.67,18.07,0,0,.527,12.3
105,2014,279,930,11.04,18.26,0,0,.525,12.3
105,2014,279,936,11.43,18.53,0,0,.521,12.3
105,2014,279,942,11.82,19.31,0,0,.518,12.3
105,2014,279,948,12.22,19.38,0,0,.515,12.3
105,2014,279,954,12.62,20.07,0,0,.51,12.3
105,2014,279,1000,13.02,19.48,0,0,.507,12.3
105,2014,279,1006,13.42,19.54,0,0,.505,12.3
105,2014,279,1012,13.83,20.55,0,0,.502,12.3
105,2014,279,1018,14.23,20.64,0,0,.5,12.3
105,2014,279,1024,14.64,20.93,0,0,.497,12.3
105,2014,279,1030,15.04,21.33,0,0,.496,12.3
105,2014,279,1036,15.44,21.9,0,0,.493,12.3
105,2014,279,1042,15.83,22.49,0,0,.49,12.3
105,2014,279,1048,16.23,22.06,0,0,.489,12.3
105,2014,279,1054,16.63,22.05,0,0,.487,12.3
105,2014,279,1100,17.02,23.17,0,0,.484,12.3
105,2014,279,1106,17.41,22.13,0,0,.482,12.3
105,2014,279,1112,17.79,21.88,0,0,.48,12.3
105,2014,279,1118,18.15,22.68,0,0,.479,12.3
105,2014,279,1124,18.47,23.1,0,0,.477,12.3
105,2014,279,1130,18.8,22.96,0,0,.475,12.3
105,2014,279,1136,19.11,23.31,0,0,.473,12.3
105,2014,279,1142,19.41,22.92,0,0,.471,12.3
105,2014,279,1148,19.71,24.11,0,0,.47,12.3
105,2014,279,1154,20,24.82,0,0,.468,12.3
105,2014,279,1200,20.34,24.11,0,0,.467,12.3