,23.49,19.52,0,0,1.016,12.3
105,2014,279,1754,23.26,19.44,0,0,1.002,12.3
105,2014,279,1800,23.06,19.25,0,0,.985,12.3
105,2014,279,1806,22.85,19.21,0,0,.969,12.3
105,2014,279,1812,22.65,19.17,0,0,.953,12.3
105,2014,279,1818,22.46,19.08,0,0,.939,12.3
105,2014,279,1824,22.27,19.06,0,0,.924,12.3
105,2014,279,1830,22.09,19.09,0,0,.914,12.3
105,2014,279,1836,21.92,18.88,0,0,.903,12.3
105,2014,279,1842,21.75,18.85,0,0,.891,12.3
105,2014,279,1848,21.59,18.59,0,0,.881,12.3
105,2014,279,1854,21.43,18.45,0,0,.87,12.3
105,2014,279,1900,21.27,17.87,0,0,.858,12.3
105,2014,279,1906,21.11,17.99,0,0,.846,12.3
105,2014,279,1912,20.96,17.69,0,0,.835,12.3
105,2014,279,1918,20.8,17.93,0,0,.821,12.3
105,2014,279,1924,20.64,17.39,0,0,.809,12.3
105,2014,279,1930,20.47,17.66,0,0,.797,12.3
105,2014,279,1936,20.31,17.29,0,0,.784,12.3
105,2014,279,1942,20.15,17.72,0,0,.772,12.3
105,2014,279,1948,19.99,17.14,0,0,.76,12.3
105,2014,279,1954,19.83,17.39,0,0,.748,12.3
105,2014,279,2000,19.68,17.91,0,0,.736,12.3
105,2014,279,2006,19.53,17.01,0,0,.725,12.3
105,2014,279,2012,19.4,17.32,0,0,.713,12.3
105,2014,279,2018,19.27,17.34,0,0,.702,12.3
105,2014,279,2024,19.14,17.44,0,0,.692,12.3
105,2014,279,2030,19.02,16.89,0,0,.682,12.3
105,2014,279,2036,18.9,17.47,0,0,.673,12.3
105,2014,279,2042,18.78,17.73,0,0,.665,12.3
105,2014,279,2048,18.68,17.69,0,0,.657,12.3
105,2014,279,2054,18.58,17.36,0,0,.649,12.3
105,2014,279,2100,18.5,17.7,0,0,.64,12.3
105,2014,279,2106,18.43,17.89,0,0,.633,12.3
105,2014,279,2112,18.37,17.98,0,0,.624,12.3
105,2014,279,2118,18.31,18.01,0,0,.618,12.3
105,2014,279,2124,18.26,17.74,0,0,.612,12.3
105,2014,279,2130,18.22,17.49,0,0,.606,12.3
105,2014,279,2136,18.18,17.9,0,0,.6,12.3
105,2014,279,2142,18.14,17.88,0,0,.594,12.3
105,2014,279,2148,18.11,17.51,0,0,.589,12.3
105,2014,279,2154,18.08,17.86,0,0,.583,12.3
105,2014,279,2200,18.06,17.75,0,0,.579,12.3
105,2014,279,2206,18.03,17.89,0,0,.573,12.3
105,2014,279,2212,18.01,17.43,0,0,.569,12.3
105,2014,279,2218,17.98,17.62,0,0,.565,12.3
105,2014,279,2224,17.96,17.39,0,0,.561,12.3
105,2014,279,2230,17.93,17.28,0,0,.556,12.3
105,2014,279,2236,17.9,16.98,0,0,.553,12.3
105,2014,279,2242,17.87,17.22,0,0,.549,12.3
105,2014,279,2248,17.83,17.03,0,0,.545,12.3
105,2014,279,2254,17.79,16.82,0,0,.542,12.3
105,2014,279,2300,17.74,16.89,0,0,.538,12.3
105,2014,279,2306,17.68,16.64,0,0,.535,12.3
105,2014,279,2312,17.63,16.5,0,0,.532,12.3
105,2014,279,2318,17.58,16.65,0,0,.528,12.3
105,2014,279,2324,17.52,16.91,0,0,.526,12.3
105,2014,279,2330,17.47,16.72,0,0,.523,12.3
105,2014,279,2336,17.42,16.79,0,0,.521,12.3
105,2014,279,2342,17.38,16.87,0,0,.518,12.3
105,2014,279,2348,17.34,17.01,0,0,.516,12.3
105,2014,279,2354,17.3,16.71,0,0,.513,12.3
105,2014,280,0,17.26,16.73,0,0,.511,12.3
105,2014,280,6,17.23,16.6,0,0,.509,12.3
105,2014,280,12,17.2,16.67,0,0,.507,12.3
105,2014,280,18,17.17,16.59,0,0,.505,12.3
105,2014,280,24,17.14,16.84,0,0,.503,12.3
105,2014,280,30,17.11,16.73,0,0,.502,12.3
105,2014,280,36,17.08,16.72,0,0,.503,12.3
105,2014,280,42,17.05,16.7,0,0,.503,12.3
105,2014,280,48,17.03,16.54,0,0,.502,12.3
105,2014,280,54,17,16.53,0,0,.502,12.3
105,2014,280,100,16.98,16.67,0,0,.502,12.3
105,2014,280,106,16.95,16.78,0,0,.506,12.3
105,2014,280,112,16.93,16.54,0,0,.518,12.3
105,2014,280,118,16.91,16.46,0,0,.534,12.3
105,2014,280,124,16.88,16.18,0,0,.555,12.3
105,2014,280,130,16.86,16.13,0,0,.584,12.3
105,2014,280,136,16.84,15.85,0,0,.619,12.3
105,2014,280,142,16.81,15.51,0,0,.661,12.3
105,2014,280,148,16.78,15.18,0,0,.705,12.3
105,2014,280,154,16.74,14.93,0,0,.755,12.3
105,2014,280,200,16.7,14.75,0,0,.805,12.3
105,2014,280,206,16.66,14.56,0,0,.858,12.3
105,2014,280,212,16.61,14.91,0,0,.909,12.3
105,2014,280,218,16.57,14.73,0,0,.955,12.3
105,2014,280,224,16.52,14.57,0,0,.996,12.3
105,2014,280,230,16.47,14.99,0,0,1.028,12.3
105,2014,280,236,16.42,14.86,0,0,1.062,12.3
105,2014,280,242,16.37,14.79,0,0,1.095,12.3
105,2014,280,248,16.31,14.62,0,0,1.125,12.3
105,2014,280,254,16.26,14.72,0,0,1.151,12.3
105,2014,280,300,16.21,14.82,0,0,1.172,12.3
105,2014,280,306,16.16,14.95,0,0,1.192,12.3
105,2014,280,312,16.11,15,0,0,1.209,12.3
105,2014,280,318,16.06,14.55,0,0,1.232,12.3
105,2014,280,324,16.02,14.57,0,0,1.255,12.3
105,2014,280,330,15.97,14.62,0,0,1.276,12.3
105,2014,280,336,15.92,14.34,0,0,1.291,12.3
105,2014,280,342,15.88,14.34,0,0,1.307,12.3
105,2014,280,348,15.83,14.39,0,0,1.319,12.3
105,2014,280,354,15.78,14.2,0,0,1.323,12.3
105,2014,280,400,15.74,14.23,0,0,1.323,12.3
105,2014,280,406,15.69,14.24,0,0,1.325,12.3
105,2014,280,412,15.65,14.27,0,0,1.319,12.3
105,2014,280,418,15.61,14.23,0,0,1.308,12.3
105,2014,280,424,15.57,14.33,0,0,1.3,12.3
105,2014,280,430,15.53,14.48,0,0,1.3,12.3
105,2014,280,436,15.49,14.47,0,0,1.297,12.3
105,2014,280,442,15.46,14.42,0,0,1.288,12.3
105,2014,280,448,15.42,14.44,0,0,1.274,12.3
105,2014,280,454,15.4,14.41,0,0,1.256,12.3
105,2014,280,500,15.37,14.46,0,0,1.238,12.3
105,2014,280,506,15.34,14.61,0,0,1.219,12.3
105,2014,280,512,15.32,14.5,0,0,1.2,12.3
105,2014,280,518,15.29,14.43,0,0,1.181,12.3
105,2014,280,524,15.26,14.39,0,0,1.163,12.3
105,2014,280,530,15.24,14.29,0,0,1.143,12.3
105,2014,280,536,15.2,14.17,0,0,1.12,12.3
105,2014,280,542,15.16,14.04,0,0,1.102,12.3
105,2014,280,548,15.12,13.97,0,0,1.08,12.3
105,2014,280,554,15.08,13.93,0,0,1.059,12.3
105,2014,280,600,15.03,14.05,0,0,1.039,12.3
105,2014,280,606,14.99,14.09,0,0,1.018,12.3
105,2014,280,612,14.94,14,0,0,.999,12.3
105,2014,280,618,14.9,13.97,0,0,.978,12.3
105,2014,280,624,14.87,14.08,0,0,.958,12.3
105,2014,280,630,14.83,14.13,0,0,.939,12.3
105,2014,280,636,14.79,14.03,0,0,.922,12.3
105,2014,280,642,14.76,14.05,0,0,.905,12.3
105,2014,280,648,14.73,14.03,0,0,.886,12.3
105,2014,280,654,14.7,14.18,0,0,.87,12.3
105,2014,280,700,14.67,14.23,0,0,.853,12.3
105,2014,280,706,14.65,14.21,0,0,.838,12.3
105,2014,280,712,14.63,14.25,0,0,.823,12.3
105,2014,280,718,14.61,14.18,0,0,.81,12.3
105,2014,280,724,14.6,14.31,0,0,.795,12.3
105,2014,280,730,14.58,14.27,0,0,.783,12.3
105,2014,280,736,14.57,14.26,0,0,.769,12.3
105,2014,280,742,14.56,14.26,0,0,.758,12.3
105,2014,280,748,14.55,14.14,0,0,.745,12.3
105,2014,280,754,14.54,14.13,0,0,.733,12.3
105,2014,280,800,14.52,14.17,0,0,.723,12.3
105,2014,280,806,14.5,14.17,0,0,.711,12.3
105,2014,280,812,14.48,14.11,0,0,.7,12.3
105,2014,280,818,14.46,14.32,0,0,.691,12.3
105,2014,280,824,14.43,14.36,0,0,.68,12.3
105,2014,280,830,14.41,14.23,0,0,.671,12.3
105,2014,280,836,14.39,14.49,0,0,.663,12.3
105,2014,280,842,14.37,14.71,0,0,.656,12.3
105,2014,280,848,14.35,14.76,0,0,.648,12.3
105,2014,280,854,14.34,14.71,0,0,.638,12.3
105,2014,280,900,14.33,14.97,0,0,.631,12.3
105,2014,280,906,14.33,15.35,0,0,.623,12.3
105,2014,280,912,14.34,15.75,0,0,.615,12.3
105,2014,280,918,14.37,16.04,0,0,.61,12.3
105,2014,280,924,14.41,16.45,0,0,.603,12.3
105,2014,280,930,14.46,16.59,0,0,.597,12.3
105,2014,280,936,14.53,16.61,0,0,.592,12.3
105,2014,280,942,14.62,17.26,0,0,.588,12.3
105,2014,280,948,14.71,18.37,0,0,.581,12.3
105,2014,280,954,14.83,18.59,0,0,.575,12.3
105,2014,280,1000,14.97,19.27,0,0,.57,12.3
105,2014,280,1006,15.14,20.32,0,0,.566,12.3
105,2014,280,1012,15.33,20.81,0,0,.561,12.3
105,2014,280,1018,15.57,20.75,0,0,.557,12.3
105,2014,280,1024,15.83,20.27,0,0,.552,12.3
105,2014,280,1030,16.11,20.59,0,0,.548,12.3
105,2014,280,1036,16.39,20.78,0,0,.545,12.3
105,2014,280,1042,16.67,21.39,0,0,.539,12.3
105,2014,280,1048,16.95,21.08,0,0,.537,12.3
105,2014,280,1054,17.22,20.97,0,0,.534,12.3
105,2014,280,1100,17.5,20.69,0,0,.531,12.3
105,2014,280,1106,17.77,20.37,0,0,.527,12.3
105,2014,280,1112,18.01,20.4,0,0,.524,12.3
105,2014,280,1118,18.25,19.89,0,0,.521,12.3
105,2014,280,1124,18.46,20.09,0,0,.518,12.3
105,2014,280,1130,18.65,19.51,0,0,.515,12.3
105,2014,280,1136,18.82,19.54,0,0,.512,12.3
105,2014,280,1142,18.98,19.84,0,0,.51,12.3
105,2014,280,1148,19.12,20.05,0,0,.507,12.3
105,2014,280,1154,19.23,19.96,0,0,.505,12.3
105,2014,280,1200,19.37,20.4,0,0,.503,12.3
105,2014,280,1206,19.57,20.33,0,0,.501,12.3
105,2014,280,1212,19.86,20.38,0,0,.5,12.3
105,2014,280,1218,20.24,20.2,0,0,.498,12.3
105,2014,280,1224,20.68,20.18,0,0,.496,12.3
105,2014,280,1230,21.17,20.44,0,0,.495,12.3
105,2014,280,1236,21.67,19.8,0,0,.493,12.3
105,2014,280,1242,22.19,19.89,0,0,.49,12.3
105,2014,280,1248,22.7,19.55,0,0,.489,12.3
105,2014,280,1254,23.21,19.13,0,0,.488,12.3
105,2014,280,1300,23.68,18.97,0,0,.485,12.3
105,2014,280,1306,24.12,19.25,0,0,.483,12.3
105,2014,280,1312,24.53,19.19,0,0,.481,12.3
105,2014,280,1318,24.9,19.09,0,0,.478,12.3
105,2014,280,1324,25.25,18.63,0,0,.475,12.3
105,2014,280,1330,25.58,18.07,0,0,.474,12.3
105,2014,280,1336,25.88,18.28,0,0,.473,12.3
105,2014,280,1342,26.16,18.18,0,0,.471,12.3
105,2014,280,1348,26.42,18.73,0,0,.47,12.3
105,2014,280,1354,26.67,18.25,0,0,.468,12.3
105,2014,280,1400,26.91,18.66,0,0,.467,12.3
105,2014,280,1406,27.13,18.92,0,0,.466,12.3
105,2014,280,1412,27.34,19.22,0,0,.465,12.3
105,2014,280,1418,27.55,19.55,0,0,.463,12.29
105,2014,280,1424,27.75,20.3,0,0,.461,12.3
105,2014,280,1430,27.94,20.15,0,0,.46,12.3
105,2014,280,1436,28.16,20.31,0,0,.459,12.29
105,2014,280,1442,28.37,20.24,0,0,.458,12.29
105,2014,280,1448,28.57,19.95,0,0,.456,12.29
105,2014,280,1454,28.77,20.16,0,0,.456,12.29
105,2014,280,1500,28.95,21,0,0,.455,12.29
105,2014,280,1506,29.13,21.78,0,0,.454,12.29
105,2014,280,1512,29.32,21.19,0,0,.454,12.29
105,2014,280,1518,29.52,21.53,0,0,.454,12.29
105,2014,280,1524,29.71,21.7,0,0,.454,12.29
105,2014,280,1530,29.91,21.59,0,0,.455,12.29
105,2014,280,1536,30.1,21.63,0,0,.454,12.29
105,2014,280,1542,30.27,21.24,0,0,.456,12.29
105,2014,280,1548,30.41,21.23,0,0,.461,12.29
105,2014,280,1554,30.49,21.36,0,0,.471,12.29
105,2014,280,1600,30.56,21.42,0,0,.486,12.29
105,2014,280,1606,30.63,21.39,0,0,.504,12.29
105,2014,280,1612,30.68,21.25,0,0,.527,12.29
105,2014,280,1618,30.73,21.31,0,0,.553,12.29
105,2014,280,1624,30.78,21.27,0,0,.579,12.29
105,2014,280,1630,30.81,21.21,0,0,.608,12.29
105,2014,280,1636,30.82,21.15,0,0,.64,12.29
105,2014,280,1642,30.81,21.16,0,0,.67,12.29
105,2014,280,1648,30.79,21.12,0,0,.699,12.29
105,2014,280,1654,30.79,20.96,0,0,.729,12.29
105,2014,280,1700,30.77,20.97,0,0,.756,12.29
105,2014,280,1706,30.65,21.01,0,0,.781,12.29
105,2014,280,1712,30.46,20.77,0,0,.803,12.29
105,2014,280,1718,30.2,20.51,0,0,.821,12.29
105,2014,280,1724,29.91,20.6,0,0,.836,12.3
105,2014,280,1730,29.59,20.64,0,0,.842,12.29
105,2014,280,1736,29.25,20.68,0,0,.843,12.29
105,2014,280,1742,28.91,20.31,0,0,.844,12.3
105,2014,280,1748,28.57,20.44,0,0,.842,12.29
105,2014,280,1754,28.23,20.37,0,0,.835,12.29
105,2014,280,1800,27.9,20.38,0,0,.826,12.29
105,2014,280,1806,27.58,20.33,0,0,.819,12.3
105,2014,280,1812,27.26,20.28,0,0,.811,12.29
105,2014,280,1818,26.95,19.97,0,0,.802,12.29
105,2014,280,1824,26.65,19.71,0,0,.794,12.3
105,2014,280,1830,26.36,19.84,0,0,.785,12.3
105,2014,280,1836,26.07,19.96,0,0,.775,12.3
105,2014,280,1842,25.79,19.88,0,0,.766,12.3
105,2014,280,1848,25.52,19.59,0,0,.757,12.3
105,2014,280,1854,25.25,19.27,0,0,.747,12.3
105,2014,280,1900,25,19.47,0,0,.736,12.3
105,2014,280,1906,24.75,19.22,0,0,.728,12.3
105,2014,280,1912,24.52,19.21,0,0,.715,12.3
105,2014,280,1918,24.29,19.31,0,0,.707,12.3
105,2014,280,1924,24.07,19,0,0,.697,12.3
105,2014,280,1930,23.87,18.83,0,0,.688,12.3
105,2014,280,1936,23.66,18.79,0,0,.679,12.3
105,2014,280,1942,23.46,18.63,0,0,.671,12.3
105,2014,280,1948,23.28,18.68,0,0,.665,12.3
105,2014,280,1954,23.09,18.6,0,0,.655,12.3
105,2014,280,2000,22.9,18.55,0,0,.648,12.3
105,2014,280,2006,22.72,18.23,0,0,.64,12.3
105,2014,280,2012,22.55,17.83,0,0,.633,12.3
105,2014,280,2018,22.37,17.77,0,0,.626,12.3
105,2014,280,2024,22.2,17.77,0,0,.621,12.3
105,2014,280,2030,22.02,17.63,0,0,.614,12.3
105,2014,280,2036,21.85,17.49,0,0,.609,12.3
105,2014,280,2042,21.69,17.32,0,0,.605,12.3
105,2014,280,2048,21.52,17.15,0,0,.601,12.3
105,2014,280,2054,21.35,17.04,0,0,.594,12.3
105,2014,280,2100,21.18,16.78,0,0,.592,12.3
105,2014,280,2106,21.01,16.64,0,0,.588,12.3
105,2014,280,2112,20.85,16.54,0,0,.582,12.3
105,2014,280,2118,20.67,16.45,0,0,.579,12.3
105,2014,280,2124,20.5,16.44,0,0,.574,12.3
105,2014,280,2130,20.33,16.36,0,0,.569,12.3
105,2014,280,2136,20.17,16.23,0,0,.565,12.3
105,2014,280,2142,20.01,16.3,0,0,.56,12.3
105,2014,280,2148,19.86,16.31,0,0,.556,12.3
105,2014,280,2154,19.7,16.24,0,0,.552,12.3
105,2014,280,2200,19.56,16.23,0,0,.547,12.3
105,2014,280,2206,19.42,16.21,0,0,.544,12.3
105,2014,280,2212,19.29,16.24,0,0,.541,12.3
105,2014,280,2218,19.16,16.21,0,0,.537,12.3
105,2014,280,2224,19.04,16.2,0,0,.534,12.3
105,2014,280,2230,18.92,16.23,0,0,.531,12.3
105,2014,280,2236,18.81,16.24,0,0,.527,12.3
105,2014,280,2242,18.7,16.29,0,0,.524,12.3
105,2014,280,2248,18.61,16.31,0,0,.521,12.3
105,2014,280,2254,18.52,16.34,0,0,.519,12.3
105,2014,280,2300,18.44,16.38,0,0,.518,12.3
105,2014,280,2306,18.37,16.4,0,0,.515,12.3
105,2014,280,2312,18.3,16.37,0,0,.514,12.3
105,2014,280,2318,18.23,16.35,0,0,.511,12.3
105,2014,280,2324,18.17,16.51,0,0,.51,12.3
105,2014,280,2330,18.11,16.56,0,0,.507,12.3
105,2014,280,2336,18.06,16.48,0,0,.505,12.3
105,2014,280,2342,18.01,16.53,0,0,.502,12.3
105,2014,280,2348,17.97,16.57,0,0,.501,12.3
105,2014,280,2354,17.92,16.53,0,0,.499,12.3
105,2014,281,0,17.88,16.47,0,0,.497,12.3
105,2014,281,6,17.84,16.42,0,0,.494,12.3
105,2014,281,12,17.79,16.2,0,0,.492,12.3
105,2014,281,18,17.75,16.08,0,0,.491,12.3
105,2014,281,24,17.7,16.09,0,0,.489,12.3
105,2014,281,30,17.65,15.93,0,0,.486,12.3
105,2014,281,36,17.59,15.83,0,0,.485,12.3
105,2014,281,42,17.53,15.69,0,0,.484,12.3
105,2014,281,48,17.47,15.63,0,0,.482,12.3
105,2014,281,54,17.4,15.5,0,0,.479,12.3
105,2014,281,100,17.33,15.44,0,0,.479,12.3
105,2014,281,106,17.26,15.38,0,0,.477,12.3
105,2014,281,112,17.19,15.41,0,0,.476,12.3
105,2014,281,118,17.12,15.59,0,0,.473,12.3
105,2014,281,124,17.05,15.63,0,0,.472,12.3
105,2014,281,130,16.99,15.76,0,0,.472,12.3
105,2014,281,136,16.92,15.82,0,0,.467,12.3
105,2014,281,142,16.87,15.76,0,0,.468,12.3
105,2014,281,148,16.82,15.79,0,0,.466,12.3
105,2014,281,154,16.77,16.02,0,0,.465,12.3
105,2014,281,200,16.74,16.17,0,0,.464,12.3
105,2014,281,206,16.71,16.29,0,0,.464,12.3
105,2014,281,212,16.69,16.51,0,0,.461,12.3
105,2014,281,218,16.68,16.54,0,0,.461,12.3
105,2014,281,224,16.68,16.54,0,0,.459,12.3
105,2014,281,230,16.68,16.59,0,0,.458,12.3
105,2014,281,236,16.69,16.65,0,0,.457,12.3
105,2014,281,242,16.71,16.63,0,0,.454,12.3
105,2014,281,248,16.72,16.6,0,0,.456,12.3
105,2014,281,254,16.74,16.82,0,0,.453,12.3
105,2014,281,300,16.76,16.88,0,0,.454,12.3
105,2014,281,306,16.78,16.88,0,0,.453,12.3
105,2014,281,312,16.8,16.78,0,0,.454,12.3
105,2014,281,318,16.82,16.7,0,0,.454,12.3
105,2014,281,324,16.85,16.72,0,0,.452,12.3
105,2014,281,330,16.86,16.5,0,0,.452,12.3
105,2014,281,336,16.88,16.52,0,0,.453,12.3
105,2014,281,342,16.89,16.43,0,0,.455,12.3
105,2014,281,348,16.89,16.29,0,0,.456,12.3
105,2014,281,354,16.89,16.34,0,0,.459,12.3
105,2014,281,400,16.88,16.25,0,0,.463,12.3
105,2014,281,406,16.86,16.02,0,0,.47,12.3
105,2014,281,412,16.84,16.03,0,0,.481,12.3
105,2014,281,418,16.82,15.92,0,0,.497,12.3
105,2014,281,424,16.78,15.87,0,0,.516,12.3
105,2014,281,430,16.75,15.72,0,0,.546,12.3
105,2014,281,436,16.7,15.69,0,0,.581,12.3
105,2014,281,442,16.66,15.59,0,0,.623,12.3
105,2014,281,448,16.61,15.6,0,0,.668,12.3
105,2014,281,454,16.56,15.62,0,0,.713,12.3
105,2014,281,500,16.5,15.52,0,0,.76,12.3
105,2014,281,506,16.45,15.46,0,0,.8,12.3
105,2014,281,512,16.39,15.36,0,0,.835,12.3
105,2014,281,518,16.32,15.25,0,0,.861,12.3
105,2014,281,524,16.25,15.12,0,0,.876,12.3
105,2014,281,530,16.19,15.08,0,0,.878,12.3
105,2014,281,536,16.11,15.1,0,0,.877,12.3
105,2014,281,542,16.04,15.09,0,0,.877,12.3
105,2014,281,548,15.97,15.01,0,0,.875,12.3
105,2014,281,554,15.9,14.99,0,0,.87,12.3
105,2014,281,600,15.83,15,0,0,.861,12.3
105,2014,281,606,15.77,14.94,0,0,.854,12.3
105,2014,281,612,15.71,15.11,0,0,.849,12.3
105,2014,281,618,15.65,14.93,0,0,.844,12.3
105,2014,281,624,15.59,14.68,0,0,.837,12.3
105,2014,281,630,15.54,14.62,0,0,.832,12.3
105,2014,281,636,15.47,14.53,0,0,.823,12.3
105,2014,281,642,15.41,14.42,0,0,.816,12.3
105,2014,281,648,15.35,14.5,0,0,.806,12.3
105,2014,281,654,15.28,14.43,0,0,.797,12.3
105,2014,281,700,15.21,14.26,0,0,.786,12.3
105,2014,281,706,15.14,14.24,0,0,.776,12.3
105,2014,281,712,15.07,14.21,0,0,.765,12.3
105,2014,281,718,15,14.18,0,0,.755,12.3
105,2014,281,724,14.93,14.29,0,0,.744,12.3
105,2014,281,730,14.87,14.16,0,0,.736,12.3
105,2014,281,736,14.81,14.31,0,0,.723,12.3
105,2014,281,742,14.75,14.25,0,0,.712,12.3
105,2014,281,748,14.68,14.82,0,0,.702,12.3
105,2014,281,754,14.63,15.66,0,0,.691,12.3
105,2014,281,800,14.59,16.26,0,0,.684,12.3
105,2014,281,806,14.58,17.25,0,0,.672,12.3
105,2014,281,812,14.59,17.16,0,0,.665,12.3
105,2014,281,818,14.63,17.37,0,0,.659,12.3
105,2014,281,824,14.69,18.11,0,0,.65,12.3
105,2014,281,830,14.79,18.64,0,0,.641,12.3
105,2014,281,836,14.91,19.07,0,0,.635,12.3
105,2014,281,842,15.05,19.44,0,0,.626,12.3
105,2014,281,848,15.22,19.92,0,0,.618,12.3
105,2014,281,854,15.4,19.02,0,0,.611,12.3
105,2014,281,900,15.61,19.5,0,0,.605,12.3
105,2014,281,906,15.83,20.7,0,0,.601,12.3
105,2014,281,912,16.06,20.69,0,0,.594,12.3
105,2014,281,918,16.3,21.33,0,0,.589,12.3
105,2014,281,924,16.56,21.42,0,0,.584,12.3
105,2014,281,930,16.82,20.91,0,0,.579,12.3
105,2014,281,936,17.09,21.86,0,0,.573,12.3
105,2014,281,942,17.36,22.28,0,0,.567,12.3
105,2014,281,948,17.65,22.85,0,0,.564,12.3
105,2014,281,954,17.94,23.29,0,0,.559,12.3
105,2014,281,1000,18.23,22.97,0,0,.555,12.3
105,2014,281,1006,18.53,23.26,0,0,.551,12.3
105,2014,281,1012,18.83,23.41,0,0,.548,12.3
105,2014,281,1018,19.13,24.02,0,0,.543,12.3
105,2014,281,1024,19.44,24.49,0,0,.54,12.29
105,2014,281,1030,19.74,25.53,0,0,.538,12.29
105,2014,281,1036,20.06,24.32,0,0,.533,12.3
105,2014,281,1042,20.37,24.77,0,0,.53,12.29
105,2014,281,1048,20.67,24.86,0,0,.53,12.29
105,2014,281,1054,20.96,24.39,0,0,.525,12.29
105,2014,281,1100,21.25,25.18,0,0,.523,12.29
105,2014,281,1106,21.52,25.1,0,0,.521,12.29
105,2014,281,1112,21.79,26.26,0,0,.517,12.29
105,2014,281,1118,22.05,25.62,0,0,.515,12.29
105,2014,281,1124,22.3,25.48,0,0,.512,12.29
105,2014,281,1130,22.55,25.85,0,0,.51,12.29
105,2014,281,1136,22.88,25.84,0,0,.507,12.29
105,2014,281,1142,23.26,26.22,0,0,.506,12.29
105,2014,281,1148,23.66,26.32,0,0,.503,12.29
105,2014,281,1154,24.11,25.91,0,0,.501,12.29
105,2014,281,1200,24.63,26.74,0,0,.498,12.29
105,2014,281,1206,25.2,26.29,0,0,.495,12.29
105,2014,281,1212,25.81,26.24,0,0,.492,12.29
105,2014,281,1218,26.41,26.63,0,0,.489,12.29
105,2014,281,1224,27.01,27.91,0,0,.488,12.29
105,2014,281,1230,27.63,27.02,0,0,.486,12.29
105,2014,281,1236,28.24,26.55,0,0,.484,12.29
105,2014,281,1242,28.81,26.51,0,0,.483,12.29
105,2014,281,1248,29.34,26.39,0,0,.482,12.29
105,2014,281,1254,29.84,25.54,0,0,.479,12.29
105,2014,281,1300,30.31,25.53,0,0,.476,12.29
105,2014,281,1306,30.73,25.84,0,0,.475,12.29
105,2014,281,1312,31.09,26.63,0,0,.473,12.29
105,2014,281,1318,31.42,26.09,0,0,.473,12.29
105,2014,281,1324,31.71,25.88,0,0,.471,12.29
105,2014,281,1330,32,25.69,0,0,.469,12.29
105,2014,281,1336,32.29,25.78,0,0,.468,12.29
105,2014,281,1342,32.57,25.04,0,0,.467,12.29
105,2014,281,1348,32.81,24.36,0,0,.465,12.29
105,2014,281,1354,33.04,25.73,0,0,.464,12.29
105,2014,281,1400,33.22,24.4,0,0,.463,12.29
105,2014,281,1406,33.36,23.51,0,0,.462,12.29
105,2014,281,1412,33.49,23.18,0,0,.46,12.29
105,2014,281,1418,33.6,23.54,0,0,.46,12.29
105,2014,281,1424,33.67,22.3,0,0,.46,12.29
105,2014,281,1430,33.72,22.68,0,0,.458,12.29
105,2014,281,1436,33.76,23.77,0,0,.456,12.29
105,2014,281,1442,33.78,23.45,0,0,.455,12.29
105,2014,281,1448,33.8,23.72,0,0,.454,12.29
105,2014,281,1454,33.81,22.87,0,0,.453,12.29
105,2014,281,1500,33.82,23.28,0,0,.453,12.29
105,2014,281,1506,33.81,22.54,0,0,.452,12.29
105,2014,281,1512,33.79,22.71,0,0,.451,12.29
105,2014,281,1518,33.75,22.53,0,0,.449,12.29
105,2014,281,1524,33.69,21.78,0,0,.448,12.29
105,2014,281,1530,33.63,21.79,0,0,.447,12.29
105,2014,281,1536,33.55,21.54,0,0,.446,12.29
105,2014,281,1542,33.46,21.36,0,0,.446,12.29
105,2014,281,1548,33.36,21.75,0,0,.444,12.29
105,2014,281,1554,33.26,21.59,0,0,.443,12.29
105,2014,281,1600,33.15,21.49,0,0,.441,12.29
105,2014,281,1606,33.04,20.76,0,0,.441,12.29
105,2014,281,1612,32.92,20.8,0,0,.44,12.29
105,2014,281,1618,32.81,20.72,0,0,.439,12.29
105,2014,281,1624,32.71,20.67,0,0,.438,12.29
105,2014,281,1630,32.61,20.79,0,0,.437,12.29
105,2014,281,1636,32.52,20.32,0,0,.436,12.29
105,2014,281,1642,32.44,20.36,0,0,.435,12.29
105,2014,281,1648,32.37,20.61,0,0,.435,12.29
105,2014,281,1654,32.29,20.7,0,0,.433,12.29
105,2014,281,1700,32.23,20.9,0,0,.432,12.29
105,2014,281,1706,32.17,20.58,0,0,.432,12.29
105,2014,281,1712,32.12,20.64,0,0,.431,12.29
105,2014,281,1718,32.08,20.29,0,0,.43,12.29
105,2014,281,1724,32.03,20.67,0,0,.429,12.29
105,2014,281,1730,31.99,20.56,0,0,.429,12.29
105,2014,281,1736,31.96,20.48,0,0,.428,12.29
105,2014,281,1742,31.92,20.16,0,0,.427,12.29
105,2014,281,1748,31.89,20.17,0,0,.427,12.29
105,2014,281,1754,31.86,19.64,0,0,.426,12.29
105,2014,281,1800,31.83,19.65,0,0,.425,12.29
105,2014,281,1806,31.78,19.34,0,0,.425,12.29
105,2014,281,1812,31.73,19.28,0,0,.424,12.29
105,2014,281,1818,31.67,18.71,0,0,.424,12.29
105,2014,281,1824,31.61,18.32,0,0,.423,12.29
105,2014,281,1830,31.53,18.32,0,0,.424,12.29
105,2014,281,1836,31.43,17.85,0,0,.422,12.29
105,2014,281,1842,31.33,17.75,0,0,.421,12.29
105,2014,281,1848,31.21,17.67,0,0,.422,12.29
105,2014,281,1854,31.08,17.39,0,0,.42,12.29
105,2014,281,1900,30.96,17.21,0,0,.42,12.29
105,2014,281,1906,30.82,16.72,0,0,.42,12.29
105,2014,281,1912,30.67,16.55,0,0,.42,12.29
105,2014,281,1918,30.51,16.43,0,0,.419,12.3
105,2014,281,1924,30.34,16.52,0,0,.419,12.3
105,2014,281,1930,30.17,16.43,0,0,.419,12.29
105,2014,281,1936,29.99,15.88,0,0,.418,12.29
105,2014,281,1942,29.81,16.03,0,0,.416,12.3
105,2014,281,1948,29.63,16.15,0,0,.416,12.3
105,2014,281,1954,29.45,16.12,0,0,.416,12.3
105,2014,281,2000,29.27,15.9,0,0,.415,12.3
105,2014,281,2006,29.09,15.52,0,0,.415,12.3
105,2014,281,2012,28.92,15.87,0,0,.415,12.3
105,2014,281,2018,28.75,15.95,0,0,.414,12.3
105,2014,281,2024,28.58,15.28,0,0,.413,12.3
105,2014,281,2030,28.41,15.22,0,0,.413,12.3
105,2014,281,2036,28.25,15.32,0,0,.413,12.3
105,2014,281,2042,28.1,15.61,0,0,.411,12.3
105,2014,281,2048,27.95,15.27,0,0,.411,12.3
105,2014,281,2054,27.8,14.36,0,0,.41,12.3
105,2014,281,2100,27.65,14.24,0,0,.41,12.3
105,2014,281,2106,27.51,14.21,0,0,.41,12.3
105,2014,281,2112,27.37,14.29,0,0,.41,12.3
105,2014,281,2118,27.22,13.62,0,0,.409,12.3
105,2014,281,2124,27.07,13.67,0,0,.409,12.3
105,2014,281,2130,26.92,13.71,0,0,.408,12.3
105,2014,281,2136,26.77,13.52,0,0,.407,12.3
105,2014,281,2142,26.63,13.51,0,0,.407,12.3
105,2014,281,2148,26.49,13.64,0,0,.405,12.3
105,2014,281,2154,26.35,14.21,0,0,.405,12.3
105,2014,281,2200,26.22,13.74,0,0,.405,12.3
105,2014,281,2206,26.09,13.29,0,0,.404,12.3
105,2014,281,2212,25.98,13.01,0,0,.404,12.3
105,2014,281,2218,25.87,13.34,0,0,.404,12.3
105,2014,281,2224,25.75,12.89,0,0,.403,12.3
105,2014,281,2230,25.64,13.52,0,0,.402,12.3
105,2014,281,2236,25.54,12.83,0,0,.402,12.3
105,2014,281,2242,25.43,13.08,0,0,.402,12.3
105,2014,281,2248,25.33,12.55,0,0,.4,12.3
105,2014,281,2254,25.23,12.41,0,0,.4,12.3
105,2014,281,2300,25.13,12.33,0,0,.4,12.3
105,2014,281,2306,25.04,12.52,0,0,.399,12.3
105,2014,281,2312,24.94,12.29,0,0,.399,12.3
105,2014,281,2318,24.84,12.18,0,0,.399,12.3
105,2014,281,2324,24.75,11.95,0,0,.398,12.3
105,2014,281,2330,24.65,11.69,0,0,.397,12.3
105,2014,281,2336,24.55,11.97,0,0,.397,12.3
105,2014,281,2342,24.46,12.14,0,0,.397,12.3
105,2014,281,2348,24.36,12.2,0,0,.396,12.3
105,2014,281,2354,24.28,11.74,0,0,.396,12.3
105,2014,282,0,24.18,11.27,0,0,.395,12.3
105,2014,282,6,24.09,11.76,0,0,.396,12.3
105,2014,282,12,24,12.38,0,0,.395,12.3
105,2014,282,18,23.91,12.87,0,0,.396,12.3
105,2014,282,24,23.83,12.66,0,0,.396,12.3
105,2014,282,30,23.75,12.59,0,0,.395,12.3
105,2014,282,36,23.68,12.7,0,0,.394,12.3
105,2014,282,42,23.62,12.27,0,0,.394,12.3
105,2014,282,48,23.57,11.4,0,0,.394,12.3
105,2014,282,54,23.52,11.04,0,0,.394,12.3
105,2014,282,100,23.46,10.98,0,0,.393,12.3
105,2014,282,106,23.4,10.99,0,0,.392,12.3
105,2014,282,112,23.34,10.77,0,0,.392,12.3
105,2014,282,118,23.28,10.61,0,0,.392,12.3
105,2014,282,124,23.22,10.79,0,0,.391,12.3
105,2014,282,130,23.16,10.68,0,0,.389,12.3
105,2014,282,136,23.1,10.36,0,0,.39,12.3
105,2014,282,142,23.04,10.2,0,0,.39,12.3
105,2014,282,148,22.97,10.09,0,0,.389,12.3
105,2014,282,154,22.91,10.03,0,0,.389,12.3
105,2014,282,200,22.85,9.84,0,0,.389,12.3
105,2014,282,206,22.79,9.83,0,0,.388,12.3
105,2014,282,212,22.73,9.99,0,0,.389,12.3
105,2014,282,218,22.67,9.78,0,0,.388,12.3
105,2014,282,224,22.6,9.69,0,0,.388,12.3
105,2014,282,230,22.54,9.55,0,0,.386,12.3
105,2014,282,236,22.47,9.58,0,0,.387,12.3
105,2014,282,242,22.4,9.51,0,0,.386,12.3
105,2014,282,248,22.33,9.56,0,0,.385,12.3
105,2014,282,254,22.26,9.5,0,0,.386,12.3
105,2014,282,300,22.18,9.16,0,0,.386,12.3
105,2014,282,306,22.1,9.49,0,0,.384,12.3
105,2014,282,312,22.03,9.9,0,0,.384,12.3
105,2014,282,318,21.95,9.43,0,0,.383,12.3
105,2014,282,324,21.88,9.73,0,0,.384,12.3
105,2014,282,330,21.81,9.4,0,0,.383,12.3
105,2014,282,336,21.74,9.29,0,0,.383,12.3
105,2014,282,342,21.68,9.16,0,0,.382,12.3
105,2014,282,348,21.61,9.1,0,0,.382,12.3
105,2014,282,354,21.55,8.92,0,0,.383,12.3
105,2014,282,400,21.48,8.86,0,0,.381,12.3
105,2014,282,406,21.41,8.95,0,0,.38,12.3
105,2014,282,412,21.35,8.79,0,0,.381,12.3
105,2014,282,418,21.28,8.89,0,0,.381,12.3
105,2014,282,424,21.22,8.92,0,0,.379,12.3
105,2014,282,430,21.16,8.77,0,0,.379,12.3
105,2014,282,436,21.1,8.74,0,0,.379,12.3
105,2014,282,442,21.04,8.91,0,0,.377,12.3
105,2014,282,448,20.98,8.75,0,0,.377,12.3
105,2014,282,454,20.92,8.8,0,0,.377,12.31
105,2014,282,500,20.87,9.4,0,0,.378,12.3
105,2014,282,506,20.81,8.73,0,0,.376,12.3
105,2014,282,512,20.75,8.59,0,0,.377,12.3
105,2014,282,518,20.7,8.31,0,0,.377,12.3
105,2014,282,524,20.64,9.25,0,0,.376,12.3
105,2014,282,530,20.58,9.83,0,0,.375,12.3
105,2014,282,536,20.52,9.3,0,0,.374,12.3
105,2014,282,542,20.47,8.55,0,0,.373,12.3
105,2014,282,548,20.42,8.44,0,0,.374,12.31
105,2014,282,554,20.37,8.36,0,0,.373,12.3
105,2014,282,600,20.31,8.09,0,0,.373,12.31
105,2014,282,606,20.25,8.47,0,0,.371,12.31
105,2014,282,612,20.18,8.57,0,0,.371,12.31
105,2014,282,618,20.12,8.45,0,0,.371,12.31
105,2014,282,624,20.06,8.1,0,0,.37,12.31
105,2014,282,630,20,8.01,0,0,.37,12.31
105,2014,282,636,19.94,8.33,0,0,.37,12.31
105,2014,282,642,19.89,7.71,0,0,.37,12.31
105,2014,282,648,19.83,7.75,0,0,.37,12.31
105,2014,282,654,19.77,7.67,0,0,.368,12.31
105,2014,282,700,19.7,7.74,0,0,.367,12.31
105,2014,282,706,19.64,7.89,0,0,.367,12.31
105,2014,282,712,19.58,7.68,0,0,.366,12.31
105,2014,282,718,19.51,7.62,0,0,.366,12.31
105,2014,282,724,19.46,7.75,0,0,.366,12.31
105,2014,282,730,19.41,7.77,0,0,.366,12.31
105,2014,282,736,19.36,7.95,0,0,.366,12.31
105,2014,282,742,19.32,8.24,0,0,.365,12.31
105,2014,282,748,19.29,9.4,0,0,.365,12.31
105,2014,282,754,19.27,10.72,0,0,.365,12.31
105,2014,282,800,19.28,11.97,0,0,.365,12.31
105,2014,282,806,19.33,11.55,0,0,.364,12.31
105,2014,282,812,19.42,11.05,0,0,.364,12.3
105,2014,282,818,19.55,12.43,0,0,.364,12.31
105,2014,282,824,19.7,12.85,0,0,.364,12.3
105,2014,282,830,19.89,12.74,0,0,.363,12.3
105,2014,282,836,20.1,12.9,0,0,.362,12.3
105,2014,282,842,20.33,13.93,0,0,.362,12.3
105,2014,282,848,20.58,14.94,0,0,.36,12.3
105,2014,282,854,20.86,14.96,0,0,.361,12.3
105,2014,282,900,21.17,15.22,0,0,.361,12.3
105,2014,282,906,21.5,15.06,0,0,.36,12.3
105,2014,282,912,21.83,15.44,0,0,.361,12.3
105,2014,282,918,22.14,16.66,0,0,.361,12.3
105,2014,282,924,22.47,18.15,0,0,.36,12.3
105,2014,282,930,22.8,18.57,0,0,.36,12.3
105,2014,282,936,23.17,18.99,0,0,.358,12.3
105,2014,282,942,23.58,19.18,0,0,.358,12.3
105,2014,282,948,23.99,19.17,0,0,.358,12.3
105,2014,282,954,24.41,18.89,0,0,.357,12.3
105,2014,282,1000,24.81,19.85,0,0,.356,12.3
105,2014,282,1006,25.21,19.7,0,0,.356,12.3
105,2014,282,1012,25.6,20.35,0,0,.356,12.3
105,2014,282,1018,26,21.43,0,0,.355,12.3
105,2014,282,1024,26.4,21.34,0,0,.355,12.3
105,2014,282,1030,26.8,21.35,0,0,.353,12.3
105,2014,282,1036,27.2,21.48,0,0,.353,12.3
105,2014,282,1042,27.58,22.33,0,0,.353,12.3
105,2014,282,1048,27.96,21.64,0,0,.353,12.29
105,2014,282,1054,28.33,22.25,0,0,.352,12.29
105,2014,282,1100,28.7,22.74,0,0,.35,12.29
105,2014,282,1106,29.05,22.73,0,0,.351,12.29
105,2014,282,1112,29.4,23.45,0,0,.352,12.29
105,2014,282,1118,29.75,23.41,0,0,.351,12.29
105,2014,282,1124,30.11,23.7,0,0,.35,12.29
105,2014,282,1130,30.44,24.28,0,0,.35,12.29
105,2014,282,1136,30.77,23.4,0,0,.349,12.29
105,2014,282,1142,31.08,24.6,0,0,.349,12.29
105,2014,282,1148,31.38,23.43,0,0,.349,12.29
105,2014,282,1154,31.66,24.27,0,0,.349,12.29
105,2014,282,1200,31.93,25.19,0,0,.348,12.29
105,2014,282,1206,32.18,24.52,0,0,.348,12.29
105,2014,282,1212,32.43,23.24,0,0,.347,12.29
105,2014,282,1218,32.66,24.74,0,0,.347,12.29
105,2014,282,1224,32.88,24.9,0,0,.347,12.29
105,2014,282,1230,33.09,25.13,0,0,.347,12.29
105,2014,282,1236,33.3,24.32,0,0,.345,12.29
105,2014,282,1242,33.49,24.17,0,0,.345,12.29
105,2014,282,1248,33.67,24.56,0,0,.346,12.29
105,2014,282,1254,33.82,24.86,0,0,.346,12.29
105,2014,282,1300,33.96,23.87,0,0,.347,12.29
105,2014,282,1306,34.09,24.97,0,0,.346,12.29
105,2014,282,1312,34.23,25.74,0,0,.345,12.29
105,2014,282,1318,34.36,24.88,0,0,.345,12.29
105,2014,282,1324,34.5,24.91,0,0,.344,12.29
105,2014,282,1330,34.62,24.17,0,0,.344,12.29
105,2014,282,1336,34.73,24.64,0,0,.344,12.29
105,2014,282,1342,34.78,25.02,0,0,.344,12.29
105,2014,282,1348,34.82,25.51,0,0,.344,12.29
105,2014,282,1354,34.87,24.72,0,0,.344,12.29
105,2014,282,1400,34.92,24.91,0,0,.344,12.29
105,2014,282,1406,34.97,25.43,0,0,.344,12.29
105,2014,282,1412,35.03,24.53,0,0,.343,12.29
105,2014,282,1418,35.1,24.74,0,0,.343,12.29
105,2014,282,1424,35.18,24.73,0,0,.341,12.29
105,2014,282,1430,35.25,24.57,0,0,.342,12.29
105,2014,282,1436,35.31,23.42,0,0,.341,12.29
105,2014,282,1442,35.37,23.7,0,0,.341,12.29
105,2014,282,1448,35.41,24.19,0,0,.34,12.29
105,2014,282,1454,35.45,23.39,0,0,.34,12.29
105,2014,282,1500,35.49,22.57,0,0,.34,12.29
105,2014,282,1506,35.49,21.47,0,0,.34,12.29
105,2014,282,1512,35.45,21.79,0,0,.34,12.29
105,2014,282,1518,35.38,20.99,0,0,.34,12.29
105,2014,282,1524,35.27,21.5,0,0,.34,12.29
105,2014,282,1530,35.16,21.28,0,0,.34,12.29
105,2014,282,1536,35.03,21.4,0,0,.34,12.29
105,2014,282,1542,34.88,21.33,0,0,.34,12.29
105,2014,282,1548,34.72,21.17,0,0,.34,12.29
105,2014,282,1554,34.56,20.76,0,0,.341,12.29
105,2014,282,1600,34.39,20.68,0,0,.341,12.29
105,2014,282,1606,34.23,20.84,0,0,.34,12.29
105,2014,282,1612,34.07,20.22,0,0,.341,12.29
105,2014,282,1618,33.93,20.6,0,0,.34,12.29
105,2014,282,1624,33.81,20.18,0,0,.339,12.29
105,2014,282,1630,33.69,19.62,0,0,.339,12.29
105,2014,282,1636,33.58,19.64,0,0,.339,12.29
105,2014,282,1642,33.46,19.44,0,0,.339,12.29
105,2014,282,1648,33.33,19.65,0,0,.339,12.29
105,2014,282,1654,33.2,19.51,0,0,.339,12.29
105,2014,282,1700,33.06,19.27,0,0,.339,12.29
105,2014,282,1706,32.93,19.32,0,0,.339,12.29
105,2014,282,1712,32.78,18.87,0,0,.339,12.29
105,2014,282,1718,32.64,19.13,0,0,.339,12.29
105,2014,282,1724,32.49,18.52,0,0,.339,12.29
105,2014,282,1730,32.35,18.42,0,0,.338,12.29
105,2014,282,1736,32.22,18.64,0,0,.338,12.29
105,2014,282,1742,32.08,18.29,0,0,.338,12.3
105,2014,282,1748,31.93,18.54,0,0,.338,12.29
105,2014,282,1754,31.79,18.37,0,0,.338,12.29
105,2014,282,1800,31.66,18.15,0,0,.338,12.29
105,2014,282,1806,31.52,17.95,0,0,.338,12.3
105,2014,282,1812,31.37,17.65,0,0,.336,12.3
105,2014,282,1818,31.23,17.37,0,0,.336,12.3
105,2014,282,1824,31.08,16.73,0,0,.337,12.29
105,2014,282,1830,30.93,16.59,0,0,.336,12.3
105,2014,282,1836,30.78,16.57,0,0,.336,12.3
105,2014,282,1842,30.62,16.09,0,0,.336,12.3
105,2014,282,1848,30.46,15.98,0,0,.336,12.3
105,2014,282,1854,30.31,15.7,0,0,.336,12.3
105,2014,282,1900,30.14,15.73,0,0,.336,12.3
105,2014,282,1906,29.97,15.87,0,0,.336,12.3
105,2014,282,1912,29.79,15.66,0,0,.336,12.3
105,2014,282,1918,29.62,15.34,0,0,.336,12.3
105,2014,282,1924,29.46,15.3,0,0,.336,12.3
105,2014,282,1930,29.28,15.31,0,0,.336,12.3
105,2014,282,1936,29.1,15.11,0,0,.336,12.3
105,2014,282,1942,28.93,14.96,0,0,.335,12.3
105,2014,282,1948,28.77,15.13,0,0,.336,12.3
105,2014,282,1954,28.6,14.98,0,0,.336,12.3
105,2014,282,2000,28.44,15.08,0,0,.336,12.3
105,2014,282,2006,28.28,14.68,0,0,.335,12.3
105,2014,282,2012,28.14,14.65,0,0,.335,12.3
105,2014,282,2018,27.99,14.72,0,0,.335,12.3
105,2014,282,2024,27.85,14.9,0,0,.334,12.3
105,2014,282,2030,27.73,14.85,0,0,.334,12.3
105,2014,282,2036,27.61,14.66,0,0,.334,12.3
105,2014,282,2042,27.52,14.7,0,0,.334,12.3
105,2014,282,2048,27.43,14.67,0,0,.334,12.3
105,2014,282,2054,27.34,14.69,0,0,.334,12.3
105,2014,282,2100,27.26,14.83,0,0,.334,12.3
105,2014,282,2106,27.19,14.73,0,0,.334,12.3
105,2014,282,2112,27.12,14.73,0,0,.334,12.3
105,2014,282,2118,27.06,14.78,0,0,.334,12.3
105,2014,282,2124,27,14.99,0,0,.334,12.3
105,2014,282,2130,26.94,15.06,0,0,.334,12.3
105,2014,282,2136,26.88,14.84,0,0,.334,12.3
105,2014,282,2142,26.83,14.64,0,0,.334,12.3
105,2014,282,2148,26.77,14.74,0,0,.334,12.3
105,2014,282,2154,26.72,14.53,0,0,.335,12.3
105,2014,282,2200,26.66,14.38,0,0,.334,12.3
105,2014,282,2206,26.6,14.28,0,0,.334,12.3
105,2014,282,2212,26.54,14.24,0,0,.334,12.3
105,2014,282,2218,26.47,14.28,0,0,.334,12.3
105,2014,282,2224,26.4,14.27,0,0,.334,12.3
105,2014,282,2230,26.34,14.21,0,0,.334,12.3
105,2014,282,2236,26.28,14.04,0,0,.334,12.3
105,2014,282,2242,26.23,14.2,0,0,.334,12.3
105,2014,282,2248,26.18,14.32,0,0,.334,12.3
105,2014,282,2254,26.13,14.23,0,0,.334,12.3
105,2014,282,2300,26.1,14.3,0,0,.334,12.3
105,2014,282,2306,26.07,14.34,0,0,.333,12.3
105,2014,282,2312,26.04,14.29,0,0,.333,12.3
105,2014,282,2318,26.03,14.39,0,0,.333,12.3
105,2014,282,2324,26.02,14.5,0,0,.333,12.3
105,2014,282,2330,26.01,14.52,0,0,.333,12.3
105,2014,282,2336,26.01,14.51,0,0,.333,12.3
105,2014,282,2342,26.01,14.54,0,0,.333,12.3
105,2014,282,2348,26.02,14.7,0,0,.333,12.3
105,2014,282,2354,26.03,14.77,0,0,.333,12.3
105,2014,283,0,26.04,14.74,0,0,.333,12.3
105,2014,283,6,26.05,14.85,0,0,.333,12.3
105,2014,283,12,26.07,15.06,0,0,.333,12.3
105,2014,283,18,26.09,15.08,0,0,.333,12.3
105,2014,283,24,26.11,15.04,0,0,.333,12.3
105,2014,283,30,26.13,15.06,0,0,.332,12.3
105,2014,283,36,26.15,15.15,0,0,.332,12.3
105,2014,283,42,26.17,15.12,0,0,.331,12.3
105,2014,283,48,26.19,15.07,0,0,.331,12.3
105,2014,283,54,26.21,15.09,0,0,.331,12.3
105,2014,283,100,26.23,15.04,0,0,.331,12.3
105,2014,283,106,26.25,14.95,0,0,.331,12.3
105,2014,283,112,26.26,14.9,0,0,.331,12.3
105,2014,283,118,26.27,14.95,0,0,.331,12.3
105,2014,283,124,26.27,15.01,0,0,.332,12.3
105,2014,283,130,26.27,15,0,0,.331,12.3
105,2014,283,136,26.27,15.06,0,0,.331,12.3
105,2014,283,142,26.27,14.98,0,0,.331,12.3
105,2014,283,148,26.28,15,0,0,.331,12.3
105,2014,283,154,26.29,14.99,0,0,.33,12.3
105,2014,283,200,26.29,15.07,0,0,.331,12.3
105,2014,283,206,26.29,14.97,0,0,.329,12.3
105,2014,283,212,26.29,14.95,0,0,.329,12.3
105,2014,283,218,26.29,15.05,0,0,.33,12.3
105,2014,283,224,26.3,15.08,0,0,.33,12.3
105,2014,283,230,26.3,15.01,0,0,.33,12.3
105,2014,283,236,26.3,15.13,0,0,.329,12.3
105,2014,283,242,26.31,14.95,0,0,.329,12.3
105,2014,283,248,26.32,15,0,0,.329,12.3
105,2014,283,254,26.32,14.96,0,0,.329,12.3
105,2014,283,300,26.33,14.85,0,0,.329,12.3
105,2014,283,306,26.33,14.84,0,0,.329,12.3
105,2014,283,312,26.35,14.93,0,0,.329,12.3
105,2014,283,318,26.35,15.02,0,0,.328,12.3
105,2014,283,324,26.35,14.99,0,0,.328,12.3
105,2014,283,330,26.35,15.03,0,0,.328,12.3
105,2014,283,336,26.35,14.94,0,0,.328,12.3
105,2014,283,342,26.35,14.85,0,0,.327,12.3
105,2014,283,348,26.36,14.89,0,0,.328,12.3
105,2014,283,354,26.36,14.63,0,0,.328,12.3
105,2014,283,400,26.37,14.73,0,0,.328,12.3
105,2014,283,406,26.38,14.78,0,0,.328,12.3
105,2014,283,412,26.37,14.38,0,0,.328,12.3
105,2014,283,418,26.36,14.61,0,0,.328,12.3
105,2014,283,424,26.36,14.41,0,0,.328,12.3
105,2014,283,430,26.36,14.37,0,0,.328,12.3
105,2014,283,436,26.36,14.59,0,0,.327,12.3
105,2014,283,442,26.36,14.29,0,0,.327,12.3
105,2014,283,448,26.35,14.18,0,0,.325,12.3
105,2014,283,454,26.35,14.18,0,0,.325,12.3
105,2014,283,500,26.34,14.41,0,0,.325,12.3
105,2014,283,506,26.32,14.34,0,0,.325,12.3
105,2014,283,512,26.31,14.38,0,0,.325,12.3
105,2014,283,518,26.3,14.09,0,0,.325,12.3
105,2014,283,524,26.28,14.06,0,0,.325,12.3
105,2014,283,530,26.26,14.07,0,0,.325,12.3
105,2014,283,536,26.25,14.02,0,0,.324,12.3
105,2014,283,542,26.23,14.09,0,0,.325,12.3
105,2014,283,548,26.21,14.25,0,0,.325,12.3
105,2014,283,554,26.19,14.27,0,0,.324,12.3
105,2014,283,600,26.17,14.4,0,0,.325,12.3
105,2014,283,606,26.15,14.03,0,0,.325,12.3
105,2014,283,612,26.14,13.99,0,0,.325,12.3
105,2014,283,618,26.12,13.81,0,0,.324,12.3
105,2014,283,624,26.09,13.78,0,0,.324,12.3
105,2014,283,630,26.07,13.89,0,0,.324,12.3
105,2014,283,636,26.03,13.8,0,0,.324,12.3
105,2014,283,642,26,13.89,0,0,.324,12.3
105,2014,283,648,25.96,13.87,0,0,.323,12.3
105,2014,283,654,25.93,14.01,0,0,.322,12.3
105,2014,283,700,25.89,13.92,0,0,.322,12.3
105,2014,283,706,25.86,13.81,0,0,.322,12.3
105,2014,283,712,25.84,13.82,0,0,.323,12.3
105,2014,283,718,25.81,14.05,0,0,.323,12.3
105,2014,283,724,25.79,14.25,0,0,.323,12.3
105,2014,283,730,25.77,14.02,0,0,.322,12.3
105,2014,283,736,25.74,14.08,0,0,.322,12.3
105,2014,283,742,25.73,13.97,0,0,.321,12.3
105,2014,283,748,25.71,13.84,0,0,.322,12.3
105,2014,283,754,25.69,13.96,0,0,.322,12.3
105,2014,283,800,25.68,14.09,0,0,.322,12.3
105,2014,283,806,25.67,14.45,0,0,.322,12.3
105,2014,283,812,25.66,14.55,0,0,.32,12.3
105,2014,283,818,25.66,14.93,0,0,.32,12.3
105,2014,283,824,25.66,15.2,0,0,.32,12.3
105,2014,283,830,25.67,15.48,0,0,.32,12.3
105,2014,283,836,25.68,15.46,0,0,.321,12.3
105,2014,283,842,25.71,15.47,0,0,.321,12.3
105,2014,283,848,25.74,15.51,0,0,.32,12.3
105,2014,283,854,25.77,15.5,0,0,.32,12.3
105,2014,283,900,25.81,15.56,0,0,.32,12.3
105,2014,283,906,25.85,15.7,0,0,.32,12.3
105,2014,283,912,25.9,15.77,0,0,.319,12.3
105,2014,283,918,25.94,15.78,0,0,.32,12.3
105,2014,283,924,25.98,15.6,0,0,.319,12.3
105,2014,283,930,26.02,15.56,0,0,.319,12.3
105,2014,283,936,26.06,15.71,0,0,.319,12.3
105,2014,283,942,26.09,15.76,0,0,.319,12.3
105,2014,283,948,26.12,16.19,0,0,.319,12.3
105,2014,283,954,26.14,16.27,0,0,.319,12.3
105,2014,283,1000,26.17,16.17,0,0,.319,12.3
105,2014,283,1006,26.21,16.13,0,0,.317,12.3
105,2014,283,1012,26.26,16.17,0,0,.317,12.3
105,2014,283,1018,26.3,16.23,0,0,.317,12.3
105,2014,283,1024,26.34,16.2,0,0,.317,12.3
105,2014,283,1030,26.39,16.31,0,0,.317,12.3
105,2014,283,1036,26.43,16.53,0,0,.317,12.3
105,2014,283,1042,26.48,16.6,0,0,.317,12.3
105,2014,283,1048,26.54,17.15,0,0,.317,12.3
105,2014,283,1054,26.6,17.1,0,0,.317,12.3
105,2014,283,1100,26.68,16.77,0,0,.317,12.3
105,2014,283,1106,26.76,16.34,0,0,.317,12.3
105,2014,283,1112,26.84,16.47,0,0,.317,12.3
105,2014,283,1118,26.9,16.39,0,0,.316,12.3
105,2014,283,1124,26.95,16.34,0,0,.316,12.3
105,2014,283,1130,26.99,16.27,0,0,.316,12.3
105,2014,283,1136,27.03,16.65,0,0,.315,12.3
105,2014,283,1142,27.06,16.67,0,0,.315,12.3
105,2014,283,1148,27.1,16.76,0,0,.315,12.3
105,2014,283,1154,27.14,16.62,0,0,.316,12.3
105,2014,283,1200,27.17,16.39,0,0,.315,12.3
105,2014,283,1206,27.2,16.42,0,0,.314,12.3
105,2014,283,1212,27.22,16.51,0,0,.315,12.3
105,2014,283,1218,27.25,16.5,0,0,.314,12.3
105,2014,283,1224,27.28,16.41,0,0,.314,12.3
105,2014,283,1230,27.31,16.49,0,0,.314,12.3
105,2014,283,1236,27.33,15.29,0,0,.314,12.3
105,2014,283,1242,27.35,14.91,0,0,.314,12.3
105,2014,283,1248,27.37,15.04,0,0,.314,12.3
105,2014,283,1254,27.37,14.97,0,0,.314,12.3
105,2014,283,1300,27.36,15.6,0,0,.314,12.3
105,2014,283,1306,27.34,15.31,0,0,.314,12.3
105,2014,283,1312,27.32,14.36,0,0,.314,12.3
105,2014,283,1318,27.3,14.36,0,0,.314,12.3
105,2014,283,1324,27.27,14.4,0,0,.314,12.3
105,2014,283,1330,27.24,14.69,0,0,.314,12.3
105,2014,283,1336,27.2,14.37,0,0,.314,12.3
105,2014,283,1342,27.16,14.46,0,0,.314,12.3
105,2014,283,1348,27.12,14.64,0,0,.314,12.3
105,2014,283,1354,27.09,14.3,0,0,.314,12.3
105,2014,283,1400,27.07,14.43,0,0,.314,12.3
105,2014,283,1406,27.04,14.87,0,0,.314,12.3
105,2014,283,1412,27.02,14.59,0,0,.314,12.3
105,2014,283,1418,27,14.94,0,0,.314,12.3
105,2014,283,1424,26.97,14.79,0,0,.314,12.3
105,2014,283,1430,26.96,14.84,0,0,.314,12.3
105,2014,283,1436,26.94,15.35,0,0,.313,12.3
105,2014,283,1442,26.93,15.33,0,0,.312,12.3
105,2014,283,1448,26.93,15.63,0,0,.312,12.3
105,2014,283,1454,26.95,16.06,0,0,.312,12.3
105,2014,283,1500,26.97,16.2,0,0,.312,12.3
105,2014,283,1506,26.99,15.79,0,0,.312,12.3
105,2014,283,1512,27.01,15.56,0,0,.312,12.3
105,2014,283,1518,27.03,15.19,0,0,.312,12.3
105,2014,283,1524,27.04,15.85,0,0,.312,12.3
105,2014,283,1530,27.05,16.13,0,0,.312,12.3
105,2014,283,1536,27.07,16.05,0,0,.312,12.3
105,2014,283,1542,27.09,15.62,0,0,.312,12.3
105,2014,283,1548,27.11,15.18,0,0,.31,12.3
105,2014,283,1554,27.14,15.46,0,0,.311,12.3
105,2014,283,1600,27.16,15.35,0,0,.311,12.3
105,2014,283,1606,27.19,15.82,0,0,.31,12.3
105,2014,283,1612,27.22,15.53,0,0,.31,12.3
105,2014,283,1618,27.25,15.18,0,0,.31,12.3
105,2014,283,1624,27.28,15.91,0,0,.311,12.3
105,2014,283,1630,27.3,16.17,0,0,.31,12.3
105,2014,283,1636,27.33,16.13,0,0,.31,12.3
105,2014,283,1642,27.36,16.16,0,0,.31,12.3
105,2014,283,1648,27.38,15.79,0,0,.31,12.3
105,2014,283,1654,27.4,15.42,0,0,.31,12.3
105,2014,283,1700,27.4,15.44,0,0,.31,12.3
105,2014,283,1706,27.39,15.24,0,0,.311,12.3
105,2014,283,1712,27.36,15.21,0,0,.311,12.3
105,2014,283,1718,27.33,15.09,0,0,.31,12.3
105,2014,283,1724,27.3,15.02,0,0,.31,12.3
105,2014,283,1730,27.25,14.94,0,0,.31,12.3
105,2014,283,1736,27.18,14.88,0,0,.309,12.3
105,2014,283,1742,27.09,15,0,0,.311,12.3
105,2014,283,1748,27.02,15.07,0,0,.309,12.3
105,2014,283,1754,26.95,15.18,0,0,.309,12.3
105,2014,283,1800,26.89,14.96,0,0,.309,12.3
105,2014,283,1806,26.83,14.64,0,0,.309,12.3
105,2014,283,1812,26.76,14.61,0,0,.309,12.3
105,2014,283,1818,26.7,14.47,0,0,.31,12.3
105,2014,283,1824,26.63,14.46,0,0,.309,12.3
105,2014,283,1830,26.57,14.4,0,0,.309,12.3
105,2014,283,1836,26.51,14.23,0,0,.309,12.3
105,2014,283,1842,26.44,14.27,0,0,.309,12.3
105,2014,283,1848,26.37,14.3,0,0,.309,12.3
105,2014,283,1854,26.3,14.36,0,0,.308,12.3
105,2014,283,1900,26.24,14.38,0,0,.309,12.3
105,2014,283,1906,26.18,14.39,0,0,.309,12.3
105,2014,283,1912,26.11,14.41,0,0,.308,12.3
105,2014,283,1918,26.04,14.42,0,0,.309,12.3
105,2014,283,1924,25.97,14.4,0,0,.309,12.3
105,2014,283,1930,25.91,14.37,0,0,.309,12.3
105,2014,283,1936,25.86,14.42,0,0,.308,12.3
105,2014,283,1942,25.82,14.36,0,0,.309,12.3
105,2014,283,1948,25.78,14.62,0,0,.308,12.3
105,2014,283,1954,25.76,14.7,0,0,.308,12.3
105,2014,283,2000,25.75,14.87,0,0,.308,12.3
105,2014,283,2006,25.74,14.74,0,0,.308,12.3
105,2014,283,2012,25.75,14.67,0,0,.307,12.3
105,2014,283,2018,25.76,14.78,0,0,.308,12.3
105,2014,283,2024,25.77,14.68,0,0,.308,12.3
105,2014,283,2030,25.77,14.61,0,0,.308,12.3
105,2014,283,2036,25.77,14.57,0,0,.308,12.3
105,2014,283,2042,25.75,14.63,0,0,.308,12.3
105,2014,283,2048,25.74,14.55,0,0,.308,12.3
105,2014,283,2054,25.71,14.64,0,0,.308,12.3
105,2014,283,2100,25.69,14.66,0,0,.307,12.3
105,2014,283,2106,25.67,14.46,0,0,.306,12.3
105,2014,283,2112,25.65,14.49,0,0,.306,12.3
105,2014,283,2118,25.62,14.52,0,0,.306,12.3
105,2014,283,2124,25.6,14.51,0,0,.306,12.3
105,2014,283,2130,25.57,14.51,0,0,.306,12.3
105,2014,283,2136,25.55,14.4,0,0,.306,12.3
105,2014,283,2142,25.52,14.26,0,0,.306,12.3
105,2014,283,2148,25.49,14.12,0,0,.305,12.3
105,2014,283,2154,25.47,14.28,0,0,.306,12.3
105,2014,283,2200,25.44,14.03,0,0,.306,12.3
105,2014,283,2206,25.41,13.88,0,0,.305,12.3
105,2014,283,2212,25.38,13.75,0,0,.306,12.3
105,2014,283,2218,25.35,13.6,0,0,.306,12.3
105,2014,283,2224,25.31,13.68,0,0,.306,12.3
105,2014,283,2230,25.27,13.63,0,0,.306,12.3
105,2014,283,2236,25.23,13.62,0,0,.306,12.3
105,2014,283,2242,25.19,13.61,0,0,.306,12.3
105,2014,283,2248,25.14,13.68,0,0,.306,12.3
105,2014,283,2254,25.1,13.56,0,0,.306,12.3
105,2014,283,2300,25.06,13.42,0,0,.305,12.3
105,2014,283,2306,25.01,13.4,0,0,.306,12.3
105,2014,283,2312,24.96,13.44,0,0,.305,12.3
105,2014,283,2318,24.92,13.31,0,0,.306,12.3
105,2014,283,2324,24.88,13.23,0,0,.306,12.3
105,2014,283,2330,24.83,13.37,0,0,.305,12.3
105,2014,283,2336,24.79,13.26,0,0,.306,12.3
105,2014,283,2342,24.75,13.23,0,0,.306,12.3
105,2014,283,2348,24.71,13.07,0,0,.306,12.3
105,2014,283,2354,24.67,13.06,0,0,.306,12.3
105,2014,284,0,24.62,12.89,0,0,.306,12.3
105,2014,284,6,24.55,12.95,0,0,.306,12.3
105,2014,284,12,24.49,13.03,0,0,.306,12.3
105,2014,284,18,24.44,13.04,0,0,.306,12.3
105,2014,284,24,24.4,12.95,0,0,.306,12.3
105,2014,284,30,24.35,13.01,0,0,.306,12.3
105,2014,284,36,24.31,12.92,0,0,.306,12.3
105,2014,284,42,24.25,12.99,0,0,.307,12.3
105,2014,284,48,24.2,13.11,0,0,.307,12.3
105,2014,284,54,24.16,13.12,0,0,.307,12.3
105,2014,284,100,24.13,13.04,0,0,.306,12.3
105,2014,284,106,24.11,12.99,0,0,.307,12.3
105,2014,284,112,24.09,12.96,0,0,.307,12.3
105,2014,284,118,24.08,12.91,0,0,.307,12.3
105,2014,284,124,24.06,12.93,0,0,.307,12.3
105,2014,284,130,24.04,12.91,0,0,.308,12.3
105,2014,284,136,24.01,12.84,0,0,.307,12.3
105,2014,284,142,23.96,12.81,0,0,.307,12.3
105,2014,284,148,23.89,12.82,0,0,.307,12.3
105,2014,284,154,23.83,12.76,0,0,.308,12.3
105,2014,284,200,23.76,12.82,0,0,.307,12.3
105,2014,284,206,23.7,12.78,0,0,.308,12.3
105,2014,284,212,23.63,12.8,0,0,.309,12.3
105,2014,284,218,23.58,12.76,0,0,.309,12.3
105,2014,284,224,23.53,12.71,0,0,.308,12.3
105,2014,284,230,23.49,12.66,0,0,.308,12.3
105,2014,284,236,23.45,12.62,0,0,.308,12.3
105,2014,284,242,23.41,12.54,0,0,.309,12.3
105,2014,284,248,23.36,12.51,0,0,.31,12.3
105,2014,284,254,23.29,12.47,0,0,.309,12.3
105,2014,284,300,23.21,12.48,0,0,.309,12.3
105,2014,284,306,23.11,12.47,0,0,.309,12.3
105,2014,284,312,23.01,12.51,0,0,.309,12.3
105,2014,284,318,22.9,12.44,0,0,.309,12.3
105,2014,284,324,22.8,12.46,0,0,.309,12.31
105,2014,284,330,22.71,12.42,0,0,.309,12.31
105,2014,284,336,22.63,12.36,0,0,.309,12.31
105,2014,284,342,22.53,12.38,0,0,.309,12.31
105,2014,284,348,22.44,12.39,0,0,.308,12.3
105,2014,284,354,22.37,12.36,0,0,.309,12.3
105,2014,284,400,22.32,12.39,0,0,.309,12.3
105,2014,284,406,22.29,12.34,0,0,.308,12.3
105,2014,284,412,22.26,12.36,0,0,.31,12.3
105,2014,284,418,22.24,12.4,0,0,.309,12.3
105,2014,284,424,22.23,12.4,0,0,.309,12.3
105,2014,284,430,22.21,12.46,0,0,.308,12.3
105,2014,284,436,22.21,12.49,0,0,.308,12.3
105,2014,284,442,22.22,12.57,0,0,.309,12.3
105,2014,284,448,22.22,12.65,0,0,.309,12.3
105,2014,284,454,22.23,12.65,0,0,.309,12.3
105,2014,284,500,22.21,12.67,0,0,.308,12.3
105,2014,284,506,22.21,12.71,0,0,.309,12.3
105,2014,284,512,22.2,12.75,0,0,.309,12.3
105,2014,284,518,22.2,12.74,0,0,.308,12.3
105,2014,284,524,22.2,12.79,0,0,.308,12.3
105,2014,284,530,22.21,12.87,0,0,.308,12.3
105,2014,284,536,22.22,12.87,0,0,.309,12.3
105,2014,284,542,22.24,12.92,0,0,.308,12.3
105,2014,284,548,22.26,12.92,0,0,.308,12.3
105,2014,284,554,22.28,12.92,0,0,.309,12.3
105,2014,284,600,22.31,12.88,0,0,.309,12.3
105,2014,284,606,22.33,12.85,0,0,.308,12.3
105,2014,284,612,22.35,12.9,0,0,.308,12.3
105,2014,284,618,22.35,12.95,0,0,.309,12.3
105,2014,284,624,22.37,13.01,0,0,.308,12.3
105,2014,284,630,22.38,13.04,0,0,.309,12.3
105,2014,284,636,22.39,13.08,0,0,.309,12.3
105,2014,284,642,22.39,13.14,0,0,.309,12.3
105,2014,284,648,22.39,13.13,0,0,.311,12.3
105,2014,284,654,22.37,13.05,0,0,.309,12.3
105,2014,284,700,22.36,12.89,0,0,.309,12.3
105,2014,284,706,22.32,12.71,0,0,.31,12.3
105,2014,284,712,22.23,12.7,0,0,.311,12.31
105,2014,284,718,22.13,12.69,0,0,.311,12.31
105,2014,284,724,22.02,12.71,0,0,.31,12.3
105,2014,284,730,21.92,12.72,0,0,.31,12.3
105,2014,284,736,21.84,12.52,0,0,.31,12.3
105,2014,284,742,21.79,12.37,0,0,.311,12.31
105,2014,284,748,21.71,12.33,0,0,.313,12.31
105,2014,284,754,21.62,12.3,0,0,.314,12.31
105,2014,284,800,21.54,12.28,0,0,.312,12.31
105,2014,284,806,21.46,12.34,0,0,.312,12.31
105,2014,284,812,21.41,12.39,0,0,.313,12.31
105,2014,284,818,21.37,12.43,0,0,.316,12.31
105,2014,284,824,21.34,12.41,0,0,.319,12.31
105,2014,284,830,21.32,12.5,0,0,.321,12.31
105,2014,284,836,21.31,12.58,0,0,.323,12.3
105,2014,284,842,21.33,12.69,0,0,.322,12.3
105,2014,284,848,21.35,12.67,0,0,.324,12.31
105,2014,284,854,21.38,12.75,0,0,.328,12.3
105,2014,284,900,21.4,12.82,0,0,.329,12.3
105,2014,284,906,21.41,12.97,0,0,.328,12.3
105,2014,284,912,21.42,12.91,0,0,.329,12.3
105,2014,284,918,21.44,13.04,0,0,.329,12.3
105,2014,284,924,21.48,13.1,0,0,.328,12.3
105,2014,284,930,21.53,13.23,0,0,.329,12.3
105,2014,284,936,21.59,13.21,0,0,.328,12.3
105,2014,284,942,21.66,13.25,0,0,.328,12.3
105,2014,284,948,21.74,13.33,0,0,.328,12.3
105,2014,284,954,21.82,13.34,0,0,.328,12.3
105,2014,284,1000,21.92,13.25,0,0,.328,12.3
105,2014,284,1006,22,13.24,0,0,.329,12.3
105,2014,284,1012,22.07,13.42,0,0,.328,12.3
105,2014,284,1018,22.15,13.55,0,0,.328,12.3
105,2014,284,1024,22.23,13.56,0,0,.328,12.3
105,2014,284,1030,22.3,13.66,0,0,.329,12.3
105,2014,284,1036,22.37,13.59,0,0,.328,12.3
105,2014,284,1042,22.42,13.64,0,0,.328,12.3
105,2014,284,1048,22.47,13.45,0,0,.328,12.3
105,2014,284,1054,22.49,13.56,0,0,.329,12.3
105,2014,284,1100,22.52,13.58,0,0,.328,12.3
105,2014,284,1106,22.54,13.74,0,0,.328,12.3
105,2014,284,1112,22.57,13.78,0,0,.328,12.3
105,2014,284,1118,22.62,13.83,0,0,.329,12.3
105,2014,284,1124,22.68,13.9,0,0,.329,12.3
105,2014,284,1130,22.74,13.55,0,0,.328,12.3
105,2014,284,1136,22.78,13.91,0,0,.328,12.3
105,2014,284,1142,22.81,13.87,0,0,.328,12.3
105,2014,284,1148,22.84,13.71,0,0,.328,12.3
105,2014,284,1154,22.86,13.67,0,0,.328,12.3
105,2014,284,1200,22.88,13.44,0,0,.328,12.3
105,2014,284,1206,22.89,13.3,0,0,.328,12.3
105,2014,284,1212,22.88,13.28,0,0,.329,12.3
105,2014,284,1218,22.83,13.22,0,0,.328,12.3
105,2014,284,1224,22.77,13.09,0,0,.328,12.3
105,2014,284,1230,22.72,13.08,0,0,.329,12.3
105,2014,284,1236,22.68,13,0,0,.329,12.3
105,2014,284,1242,22.61,12.87,0,0,.328,12.31
105,2014,284,1248,22.52,12.87,0,0,.328,12.31
105,2014,284,1254,22.39,12.93,0,0,.329,12.3
105,2014,284,1300,22.27,12.99,0,0,.328,12.3
105,2014,284,1306,22.17,13.05,0,0,.328,12.3
105,2014,284,1312,22.11,12.96,0,0,.328,12.3
105,2014,284,1318,22.05,12.95,0,0,.328,12.3
105,2014,284,1324,22.02,12.87,0,0,.328,12.3
105,2014,284,1330,21.99,12.8,0,0,.329,12.3
105,2014,284,1336,21.95,12.77,0,0,.328,12.3
105,2014,284,1342,21.92,12.83,0,0,.328,12.3
105,2014,284,1348,21.87,12.85,0,0,.33,12.3
105,2014,284,1354,21.82,12.92,0,0,.328,12.3
105,2014,284,1400,21.78,13.04,0,0,.327,12.31
105,2014,284,1406,21.73,12.99,0,0,.328,12.31
105,2014,284,1412,21.68,13.01,0,0,.329,12.31
105,2014,284,1418,21.64,13.03,0,0,.329,12.31
105,2014,284,1424,21.6,13.04,0,0,.328,12.3
105,2014,284,1430,21.56,13.01,0,0,.328,12.31
105,2014,284,1436,21.55,13.07,0,0,.329,12.3
105,2014,284,1442,21.54,12.94,0,0,.328,12.31
105,2014,284,1448,21.5,13.03,0,0,.328,12.31
105,2014,284,1454,21.47,12.95,0,0,.328,12.31
105,2014,284,1500,21.45,12.91,0,0,.328,12.31
105,2014,284,1506,21.42,12.98,0,0,.328,12.31
105,2014,284,1512,21.39,13.19,0,0,.328,12.31
105,2014,284,1518,21.36,13.11,0,0,.328,12.31
105,2014,284,1524,21.33,13,0,0,.328,12.31
105,2014,284,1530,21.3,13.11,0,0,.329,12.31
105,2014,284,1536,21.28,13.15,0,0,.328,12.31
105,2014,284,1542,21.27,13.14,0,0,.328,12.31
105,2014,284,1548,21.27,13.04,0,0,.327,12.31
105,2014,284,1554,21.27,13.06,0,0,.328,12.31
105,2014,284,1600,21.27,13.08,0,0,.328,12.31
105,2014,284,1606,21.29,13.07,0,0,.327,12.31
105,2014,284,1612,21.32,12.96,0,0,.328,12.31
105,2014,284,1618,21.32,12.91,0,0,.328,12.31
105,2014,284,1624,21.29,13.03,0,0,.327,12.31
105,2014,284,1630,21.29,13.06,0,0,.329,12.3
105,2014,284,1636,21.33,13.02,0,0,.328,12.3
105,2014,284,1642,21.37,13.13,0,0,.327,12.3
105,2014,284,1648,21.41,13.31,0,0,.327,12.3
105,2014,284,1654,21.46,13.48,0,0,.327,12.3
105,2014,284,1700,21.53,13.32,0,0,.326,12.3
105,2014,284,1706,21.59,13.21,0,0,.326,12.3
105,2014,284,1712,21.64,13.14,0,0,.327,12.3
105,2014,284,1718,21.69,13.03,0,0,.326,12.3
105,2014,284,1724,21.74,13.04,0,0,.326,12.3
105,2014,284,1730,21.77,13.09,0,0,.327,12.3
105,2014,284,1736,21.81,13.01,0,0,.326,12.3
105,2014,284,1742,21.84,12.99,0,0,.327,12.31
105,2014,284,1748,21.87,13.05,0,0,.327,12.3
105,2014,284,1754,21.9,13.05,0,0,.326,12.3
105,2014,284,1800,21.94,13.07,0,0,.325,12.3
105,2014,284,1806,21.98,13.1,0,0,.325,12.3
105,2014,284,1812,22.02,13.13,0,0,.326,12.3
105,2014,284,1818,22.07,13.09,0,0,.326,12.3
105,2014,284,1824,22.12,13.11,0,0,.325,12.31
105,2014,284,1830,22.16,13.06,0,0,.325,12.3
105,2014,284,1836,22.2,13.04,0,0,.325,12.3
105,2014,284,1842,22.24,13.15,0,0,.325,12.3
105,2014,284,1848,22.28,13.17,0,0,.325,12.3
105,2014,284,1854,22.33,13.14,0,0,.325,12.3
105,2014,284,1900,22.39,12.98,0,0,.325,12.3
105,2014,284,1906,22.44,12.95,0,0,.325,12.3
105,2014,284,1912,22.49,13.01,0,0,.325,12.3
105,2014,284,1918,22.54,12.98,0,0,.323,12.3
105,2014,284,1924,22.6,12.98,0,0,.323,12.3
105,2014,284,1930,22.65,12.96,0,0,.323,12.3
105,2014,284,1936,22.72,12.95,0,0,.323,12.3
105,2014,284,1942,22.78,12.93,0,0,.322,12.3
105,2014,284,1948,22.84,12.88,0,0,.323,12.3
105,2014,284,1954,22.9,12.86,0,0,.323,12.3
105,2014,284,2000,22.94,12.84,0,0,.323,12.3
105,2014,284,2006,22.97,12.84,0,0,.323,12.3
105,2014,284,2012,22.99,12.8,0,0,.323,12.3
105,2014,284,2018,23.02,12.78,0,0,.323,12.3
105,2014,284,2024,23.05,12.68,0,0,.324,12.3
105,2014,284,2030,23.08,12.58,0,0,.323,12.3
105,2014,284,2036,23.11,12.57,0,0,.324,12.3
105,2014,284,2042,23.14,12.53,0,0,.323,12.3
105,2014,284,2048,23.17,12.58,0,0,.322,12.3
105,2014,284,2054,23.2,12.64,0,0,.322,12.3
105,2014,284,2100,23.22,12.66,0,0,.32,12.3
105,2014,284,2106,23.25,12.62,0,0,.321,12.3
105,2014,284,2112,23.28,12.67,0,0,.321,12.3
105,2014,284,2118,23.3,12.71,0,0,.32,12.3
105,2014,284,2124,23.32,12.8,0,0,.321,12.3
105,2014,284,2130,23.32,12.84,0,0,.321,12.3
105,2014,284,2136,23.31,12.91,0,0,.321,12.3
105,2014,284,2142,23.29,12.96,0,0,.321,12.3
105,2014,284,2148,23.26,13.01,0,0,.321,12.3
105,2014,284,2154,23.21,13.01,0,0,.32,12.3
105,2014,284,2200,23.16,13.06,0,0,.32,12.3
105,2014,284,2206,23.1,13.11,0,0,.32,12.3
105,2014,284,2212,23.06,13.11,0,0,.319,12.3
105,2014,284,2218,23.02,13.09,0,0,.32,12.3
105,2014,284,2224,22.99,13.1,0,0,.319,12.3
105,2014,284,2230,22.97,13.09,0,0,.32,12.3
105,2014,284,2236,22.96,13.08,0,0,.319,12.3
105,2014,284,2242,22.98,13.1,0,0,.32,12.3
105,2014,284,2248,23,13.12,0,0,.32,12.3
105,2014,284,2254,23.01,13.07,0,0,.32,12.3
105,2014,284,2300,23.03,13.11,0,0,.32,12.3
105,2014,284,2306,23.03,13.16,0,0,.32,12.3
105,2014,284,2312,23.01,13.2,0,0,.319,12.3
105,2014,284,2318,22.99,13.25,0,0,.319,12.3
105,2014,284,2324,22.99,13.39,0,0,.318,12.3
105,2014,284,2330,23,13.45,0,0,.317,12.3
105,2014,284,2336,23.04,13.44,0,0,.318,12.3
105,2014,284,2342,23.09,13.46,0,0,.318,12.3
105,2014,284,2348,23.14,13.37,0,0,.317,12.3
105,2014,284,2354,23.19,13.34,0,0,.317,12.3
105,2014,285,0,23.23,13.3,0,0,.318,12.3
105,2014,285,6,23.25,13.27,0,0,.317,12.3
105,2014,285,12,23.27,13.31,0,0,.317,12.3
105,2014,285,18,23.27,13.27,0,0,.317,12.3
105,2014,285,24,23.26,13.25,0,0,.316,12.3
105,2014,285,30,23.26,13.17,0,0,.317,12.3
105,2014,285,36,23.25,13.1,0,0,.317,12.3
105,2014,285,42,23.23,13.08,0,0,.316,12.3
105,2014,285,48,23.2,13.07,0,0,.316,12.3
105,2014,285,54,23.16,13.06,0,0,.316,12.3
105,2014,285,100,23.13,13.08,0,0,.316,12.3
105,2014,285,106,23.12,13.05,0,0,.316,12.3
105,2014,285,112,23.11,13.07,0,0,.316,12.3
105,2014,285,118,23.12,13.03,0,0,.316,12.3
105,2014,285,124,23.12,13.08,0,0,.317,12.3
105,2014,285,130,23.14,13,0,0,.317,12.3
105,2014,285,136,23.15,12.95,0,0,.316,12.3
105,2014,285,142,23.17,12.84,0,0,.316,12.3
105,2014,285,148,23.19,12.82,0,0,.315,12.3
105,2014,285,154,23.2,12.85,0,0,.314,12.3
105,2014,285,200,23.22,12.8,0,0,.314,12.3
105,2014,285,206,23.24,12.68,0,0,.314,12.3
105,2014,285,212,23.25,12.45,0,0,.314,12.3
105,2014,285,218,23.26,12.31,0,0,.314,12.3
105,2014,285,224,23.25,12.31,0,0,.314,12.3
105,2014,285,230,23.23,12.13,0,0,.314,12.3
105,2014,285,236,23.21,12.03,0,0,.315,12.3
105,2014,285,242,23.19,11.81,0,0,.315,12.3
105,2014,285,248,23.17,11.62,0,0,.314,12.3
105,2014,285,254,23.14,11.49,0,0,.314,12.3
105,2014,285,300,23.1,11.3,0,0,.314,12.3
105,2014,285,306,23.06,10.96,0,0,.314,12.3
105,2014,285,312,23.02,10.97,0,0,.314,12.3
105,2014,285,318,22.97,11.31,0,0,.314,12.3
105,2014,285,324,22.91,11.34,0,0,.314,12.3
105,2014,285,330,22.86,11.15,0,0,.313,12.3
105,2014,285,336,22.8,11.23,0,0,.313,12.3
105,2014,285,342,22.75,11.26,0,0,.313,12.3
105,2014,285,348,22.7,11.2,0,0,.312,12.3
105,2014,285,354,22.65,11.15,0,0,.312,12.3
105,2014,285,400,22.6,11.11,0,0,.311,12.3
105,2014,285,406,22.55,10.96,0,0,.312,12.3
105,2014,285,412,22.49,10.89,0,0,.313,12.3
105,2014,285,418,22.44,10.79,0,0,.313,12.3
105,2014,285,424,22.39,10.65,0,0,.312,12.3
105,2014,285,430,22.33,10.5,0,0,.312,12.3
105,2014,285,436,22.27,10.33,0,0,.313,12.3
105,2014,285,442,22.2,10.32,0,0,.312,12.3
105,2014,285,448,22.14,10.48,0,0,.312,12.3
105,2014,285,454,22.08,10.37,0,0,.312,12.3
105,2014,285,500,22.02,10.31,0,0,.312,12.3
105,2014,285,506,21.96,10.35,0,0,.311,12.3
105,2014,285,512,21.9,10.4,0,0,.312,12.3
105,2014,285,518,21.84,10.49,0,0,.311,12.3
105,2014,285,524,21.79,10.56,0,0,.31,12.3
105,2014,285,530,21.75,10.54,0,0,.309,12.3
105,2014,285,536,21.72,10.41,0,0,.311,12.3
105,2014,285,542,21.69,10.17,0,0,.31,12.3
105,2014,285,548,21.66,10.03,0,0,.309,12.3
105,2014,285,554,21.63,9.82,0,0,.312,12.3
105,2014,285,600,21.58,9.79,0,0,.311,12.3
105,2014,285,606,21.53,10.17,0,0,.311,12.3
105,2014,285,612,21.48,10.12,0,0,.312,12.3
105,2014,285,618,21.43,9.81,0,0,.312,12.3
105,2014,285,624,21.38,9.81,0,0,.31,12.31
105,2014,285,630,21.32,10.04,0,0,.311,12.31
105,2014,285,636,21.23,10.28,0,0,.31,12.31
105,2014,285,642,21.14,10.32,0,0,.309,12.31
105,2014,285,648,21.04,10.16,0,0,.308,12.31
105,2014,285,654,20.95,10.43,0,0,.309,12.31
105,2014,285,700,20.84,10.28,0,0,.308,12.31
105,2014,285,706,20.74,10.09,0,0,.309,12.31
105,2014,285,712,20.64,10.12,0,0,.309,12.31
105,2014,285,718,20.54,9.91,0,0,.308,12.31
105,2014,285,724,20.45,10.02,0,0,.307,12.31
105,2014,285,730,20.35,10.29,0,0,.308,12.31
105,2014,285,736,20.24,10.2,0,0,.307,12.31
105,2014,285,742,20.14,10.06,0,0,.307,12.31
105,2014,285,748,20.04,10.28,0,0,.308,12.31
105,2014,285,754,19.94,10.92,0,0,.305,12.31
105,2014,285,800,19.85,11.36,0,0,.306,12.31
105,2014,285,806,19.78,11.84,0,0,.306,12.31
105,2014,285,812,19.74,12.3,0,0,.304,12.31
105,2014,285,818,19.74,12.8,0,0,.304,12.31
105,2014,285,824,19.76,13.35,0,0,.304,12.31
105,2014,285,830,19.82,13.6,0,0,.304,12.3
105,2014,285,836,19.92,14.23,0,0,.303,12.3
105,2014,285,842,20.05,13.2,0,0,.304,12.3
105,2014,285,848,20.19,12.83,0,0,.304,12.31
105,2014,285,854,20.31,12.52,0,0,.304,12.3
105,2014,285,900,20.42,13.31,0,0,.304,12.31
105,2014,285,906,20.51,14.45,0,0,.304,12.31
105,2014,285,912,20.62,15.23,0,0,.304,12.3
105,2014,285,918,20.74,15.51,0,0,.305,12.3
105,2014,285,924,20.88,15.84,0,0,.304,12.3
105,2014,285,930,21.06,15.81,0,0,.304,12.3
105,2014,285,936,21.25,15.87,0,0,.303,12.3
105,2014,285,942,21.46,16.31,0,0,.304,12.3
105,2014,285,948,21.68,16.23,0,0,.303,12.3
105,2014,285,954,21.89,16.83,0,0,.303,12.3
105,2014,285,1000,22.1,16.87,0,0,.303,12.3
105,2014,285,1006,22.32,17.69,0,0,.304,12.3
105,2014,285,1012,22.56,17.32,0,0,.303,12.3
105,2014,285,1018,22.79,17.3,0,0,.304,12.3
105,2014,285,1024,23.02,17.73,0,0,.304,12.3
105,2014,285,1030,23.25,18.43,0,0,.304,12.3
105,2014,285,1036,23.5,18.18,0,0,.303,12.3
105,2014,285,1042,23.75,18.59,0,0,.302,12.3
105,2014,285,1048,24,17.76,0,0,.302,12.3
105,2014,285,1054,24.2,18.06,0,0,.301,12.3
105,2014,285,1100,24.36,19.22,0,0,.301,12.3
105,2014,285,1106,24.54,19.21,0,0,.301,12.3
105,2014,285,1112,24.76,19.4,0,0,.3,12.3
105,2014,285,1118,24.98,19.07,0,0,.3,12.3
105,2014,285,1124,25.2,18.76,0,0,.3,12.3
105,2014,285,1130,25.42,18.82,0,0,.298,12.3
105,2014,285,1136,25.64,18.21,0,0,.298,12.3
105,2014,285,1142,25.85,18.54,0,0,.297,12.3
105,2014,285,1148,26.04,18.7,0,0,.297,12.3
105,2014,285,1154,26.22,18.75,0,0,.298,12.3
105,2014,285,1200,26.4,18.57,0,0,.298,12.3
105,2014,285,1206,26.56,18.94,0,0,.298,12.3
105,2014,285,1212,26.71,19.09,0,0,.298,12.3
105,2014,285,1218,26.85,19.66,0,0,.296,12.3
105,2014,285,1224,27,19.65,0,0,.296,12.3
105,2014,285,1230,27.17,20.1,0,0,.296,12.3
105,2014,285,1236,27.36,18.8,0,0,.296,12.3
105,2014,285,1242,27.53,19.26,0,0,.296,12.3
105,2014,285,1248,27.69,20.18,0,0,.296,12.3
105,2014,285,1254,27.84,21.03,0,0,.295,12.3
105,2014,285,1300,28.01,20.92,0,0,.295,12.3
105,2014,285,1306,28.18,20.41,0,0,.295,12.3
105,2014,285,1312,28.36,20.11,0,0,.294,12.3
105,2014,285,1318,28.53,19.77,0,0,.295,12.3
105,2014,285,1324,28.72,19.91,0,0,.294,12.3
105,2014,285,1330,28.89,19.83,0,0,.294,12.3
105,2014,285,1336,29.04,17.81,0,0,.295,12.3
105,2014,285,1342,29.13,17.87,0,0,.294,12.3
105,2014,285,1348,29.18,18.07,0,0,.295,12.3
105,2014,285,1354,29.21,17.82,0,0,.295,12.29
105,2014,285,1400,29.21,17.53,0,0,.295,12.3
105,2014,285,1406,29.2,17.76,0,0,.295,12.3
105,2014,285,1412,29.17,17.25,0,0,.294,12.3
105,2014,285,1418,29.13,17.12,0,0,.295,12.3
105,2014,285,1424,29.08,17.06,0,0,.295,12.3
105,2014,285,1430,29.02,17.02,0,0,.294,12.3
105,2014,285,1436,28.96,17.54,0,0,.295,12.3
105,2014,285,1442,28.91,17.67,0,0,.295,12.3
105,2014,285,1448,28.86,17.85,0,0,.295,12.29
105,2014,285,1454,28.83,17.65,0,0,.294,12.3
105,2014,285,1500,28.8,18.13,0,0,.295,12.29
105,2014,285,1506,28.77,17.67,0,0,.295,12.3
105,2014,285,1512,28.75,16.96,0,0,.295,12.3
105,2014,285,1518,28.73,16.88,0,0,.295,12.3
105,2014,285,1524,28.69,15.94,0,0,.294,12.3
105,2014,285,1530,28.64,15.9,0,0,.294,12.3
105,2014,285,1536,28.57,16.39,0,0,.294,12.3
105,2014,285,1542,28.5,16.73,0,0,.292,12.3
105,2014,285,1548,28.43,16.14,0,0,.292,12.3
105,2014,285,1554,28.37,16.73,0,0,.292,12.3
105,2014,285,1600,28.31,17.25,0,0,.292,12.3
105,2014,285,1606,28.27,17.49,0,0,.293,12.3
105,2014,285,1612,28.23,17.6,0,0,.292,12.3
105,2014,285,1618,28.2,17.37,0,0,.293,12.3
105,2014,285,1624,28.18,16.86,0,0,.293,12.3
105,2014,285,1630,28.16,16.91,0,0,.293,12.3
105,2014,285,1636,28.14,16.83,0,0,.292,12.3
105,2014,285,1642,28.1,16.29,0,0,.292,12.3
105,2014,285,1648,28.05,16.4,0,0,.292,12.3
105,2014,285,1654,28.01,15.72,0,0,.292,12.3
105,2014,285,1700,27.95,16.08,0,0,.292,12.3
105,2014,285,1706,27.89,16.46,0,0,.292,12.3
105,2014,285,1712,27.83,16.47,0,0,.292,12.3
105,2014,285,1718,27.79,16.95,0,0,.292,12.3
105,2014,285,1724,27.75,16.77,0,0,.292,12.3
105,2014,285,1730,27.73,16.54,0,0,.292,12.3
105,2014,285,1736,27.71,16.56,0,0,.292,12.3
105,2014,285,1742,27.68,16.38,0,0,.291,12.3
105,2014,285,1748,27.66,15.4,0,0,.292,12.3
105,2014,285,1754,27.63,15.24,0,0,.292,12.3
105,2014,285,1800,27.59,15.11,0,0,.291,12.3
105,2014,285,1806,27.55,15.73,0,0,.291,12.3
105,2014,285,1812,27.51,15.19,0,0,.291,12.3
105,2014,285,1818,27.46,14.76,0,0,.291,12.3
105,2014,285,1824,27.4,14.94,0,0,.291,12.3
105,2014,285,1830,27.34,14.83,0,0,.292,12.3
105,2014,285,1836,27.27,14.62,0,0,.292,12.3
105,2014,285,1842,27.2,15.04,0,0,.292,12.3
105,2014,285,1848,27.13,14.1,0,0,.292,12.3
105,2014,285,1854,27.05,14.12,0,0,.291,12.3
105,2014,285,1900,26.97,14.37,0,0,.291,12.3
105,2014,285,1906,26.88,14.72,0,0,.291,12.3
105,2014,285,1912,26.79,14.38,0,0,.291,12.3
105,2014,285,1918,26.71,14.13,0,0,.291,12.3
105,2014,285,1924,26.62,14.28,0,0,.291,12.3
105,2014,285,1930,26.54,13.84,0,0,.291,12.3
105,2014,285,1936,26.47,13.97,0,0,.291,12.3
105,2014,285,1942,26.39,13.85,0,0,.291,12.3
105,2014,285,1948,26.32,14.21,0,0,.29,12.3
105,2014,285,1954,26.25,14.37,0,0,.291,12.3
105,2014,285,2000,26.19,13.79,0,0,.29,12.3
105,2014,285,2006,26.12,13.63,0,0,.296,12.3
105,2014,285,2012,26.05,13.65,0,0,.332,12.3
105,2014,285,2018,25.99,13.82,0,0,.359,12.3
105,2014,285,2024,25.92,13.52,0,0,.387,12.3
105,2014,285,2030,25.86,13.73,0,0,.413,12.3
105,2014,285,2036,25.8,13.55,0,0,.447,12.3
105,2014,285,2042,25.75,13.47,0,0,.485,12.3
105,2014,285,2048,25.7,13.4,0,0,.524,12.3
105,2014,285,2054,25.65,13.45,0,0,.561,12.3
105,2014,285,2100,25.6,13.52,0,0,.597,12.3
105,2014,285,2106,25.54,13.48,0,0,.634,12.3
105,2014,285,2112,25.49,13.34,0,0,.675,12.3
105,2014,285,2118,25.44,13.26,0,0,.717,12.3
105,2014,285,2124,25.4,13.4,0,0,.754,12.3
105,2014,285,2130,25.34,13.35,0,0,.786,12.3
105,2014,285,2136,25.21,13.42,0,0,.812,12.3
105,2014,285,2142,25,13.65,0,0,.832,12.3
105,2014,285,2148,24.73,13.66,0,0,.85,12.3
105,2014,285,2154,24.43,13.79,0,0,.866,12.3
105,2014,285,2200,24.11,14.14,0,0,.876,12.3
105,2014,285,2206,23.76,14.05,0,0,.881,12.3
105,2014,285,2212,23.41,14.79,0,0,.883,12.3
105,2014,285,2218,23.06,14.82,0,0,.883,12.3
105,2014,285,2224,22.71,14.99,0,0,.879,12.3
105,2014,285,2230,22.38,14.69,0,0,.867,12.3
105,2014,285,2236,22.06,14.99,0,0,.854,12.3
105,2014,285,2242,21.74,15.03,0,0,.839,12.3
105,2014,285,2248,21.44,15.2,0,0,.824,12.3
105,2014,285,2254,21.15,14.76,0,0,.811,12.3
105,2014,285,2300,20.87,15.27,0,0,.795,12.3
105,2014,285,2306,20.6,15.03,0,0,.782,12.3
105,2014,285,2312,20.34,14.65,0,0,.769,12.3
105,2014,285,2318,20.1,14.72,0,0,.755,12.3
105,2014,285,2324,19.87,14.83,0,0,.741,12.3
105,2014,285,2330,19.65,15.23,0,0,.729,12.3
105,2014,285,2336,19.44,15.35,0,0,.716,12.3
105,2014,285,2342,19.25,15.07,0,0,.705,12.3
105,2014,285,2348,19.06,15.21,0,0,.694,12.3
105,2014,285,2354,18.88,15.19,0,0,.684,12.3
105,2014,286,0,18.7,15.08,0,0,.674,12.3
105,2014,286,6,18.54,15.07,0,0,.666,12.3
105,2014,286,12,18.39,15.15,0,0,.658,12.3
105,2014,286,18,18.25,15.23,0,0,.649,12.3
105,2014,286,24,18.11,15.14,0,0,.64,12.3
105,2014,286,30,17.97,15.07,0,0,.632,12.3
105,2014,286,36,17.85,15.25,0,0,.624,12.3
105,2014,286,42,17.73,15.3,0,0,.617,12.3
105,2014,286,48,17.61,15.23,0,0,.609,12.3
105,2014,286,54,17.5,14.98,0,0,.603,12.3
105,2014,286,100,17.39,14.81,0,0,.597,12.3
105,2014,286,106,17.3,14.96,0,0,.592,12.3
105,2014,286,112,17.2,14.98,0,0,.585,12.3
105,2014,286,118,17.11,15.05,0,0,.579,12.3
105,2014,286,124,17.03,15.12,0,0,.574,12.3
105,2014,286,130,16.95,15.27,0,0,.568,12.3
105,2014,286,136,16.87,15.08,0,0,.563,12.3
105,2014,286,142,16.8,15.01,0,0,.558,12.3
105,2014,286,148,16.73,14.97,0,0,.555,12.3
105,2014,286,154,16.66,15.14,0,0,.549,12.3
105,2014,286,200,16.6,15.47,0,0,.544,12.3
105,2014,286,206,16.54,15.46,0,0,.54,12.3
105,2014,286,212,16.49,15.39,0,0,.537,12.3
105,2014,286,218,16.44,15.22,0,0,.531,12.3
105,2014,286,224,16.39,15.17,0,0,.528,12.3
105,2014,286,230,16.35,15.15,0,0,.525,12.3
105,2014,286,236,16.31,15.15,0,0,.521,12.3
105,2014,286,242,16.27,15.25,0,0,.518,12.3
105,2014,286,248,16.23,15.5,0,0,.514,12.3
105,2014,286,254,16.2,15.57,0,0,.51,12.3
105,2014,286,300,16.16,15.37,0,0,.508,12.3
105,2014,286,306,16.13,15.26,0,0,.504,12.3
105,2014,286,312,16.1,15.39,0,0,.502,12.3
105,2014,286,318,16.08,15.56,0,0,.499,12.3
105,2014,286,324,16.06,15.64,0,0,.496,12.3
105,2014,286,330,16.04,15.64,0,0,.493,12.3
105,2014,286,336,16.02,15.69,0,0,.49,12.3
105,2014,286,342,16,15.72,0,0,.489,12.3
105,2014,286,348,15.99,15.86,0,0,.486,12.3
105,2014,286,354,15.98,15.87,0,0,.484,12.3
105,2014,286,400,15.96,15.85,0,0,.482,12.3
105,2014,286,406,15.95,15.88,0,0,.479,12.3
105,2014,286,412,15.94,15.94,0,0,.477,12.3
105,2014,286,418,15.94,15.92,0,0,.475,12.3
105,2014,286,424,15.93,15.77,0,0,.473,12.3
105,2014,286,430,15.92,15.43,0,0,.471,12.3
105,2014,286,436,15.91,15.82,0,0,.468,12.3
105,2014,286,442,15.91,15.57,0,0,.467,12.3
105,2014,286,448,15.9,15.56,0,0,.464,12.3
105,2014,286,454,15.89,15.58,0,0,.464,12.3
105,2014,286,500,15.89,15.62,0,0,.461,12.3
105,2014,286,506,15.87,15.57,0,0,.46,12.3
105,2014,286,512,15.86,15.56,0,0,.459,12.3
105,2014,286,518,15.85,15.65,0,0,.457,12.3
105,2014,286,524,15.84,15.65,0,0,.456,12.3
105,2014,286,530,15.83,15.71,0,0,.455,12.3
105,2014,286,536,15.82,15.76,0,0,.453,12.3
105,2014,286,542,15.81,15.78,0,0,.451,12.3
105,2014,286,548,15.8,15.87,0,0,.45,12.3
105,2014,286,554,15.79,15.91,0,0,.448,12.3
105,2014,286,600,15.79,15.87,0,0,.447,12.3
105,2014,286,606,15.79,15.9,0,0,.446,12.3
105,2014,286,612,15.79,15.9,0,0,.445,12.3
105,2014,286,618,15.8,15.95,0,0,.444,12.3
105,2014,286,624,15.81,16.03,0,0,.442,12.3
105,2014,286,630,15.82,15.96,0,0,.441,12.3
105,2014,286,636,15.83,16,0,0,.439,12.3
105,2014,286,642,15.84,15.98,0,0,.437,12.3
105,2014,286,648,15.86,15.95,0,0,.436,12.3
105,2014,286,654,15.88,16.06,0,0,.436,12.3
105,2014,286,700,15.9,16.09,0,0,.434,12.3
105,2014,286,706,15.92,16.12,0,0,.433,12.3
105,2014,286,712,15.94,16.11,0,0,.433,12.3
105,2014,286,718,15.96,16.11,0,0,.432,12.3
105,2014,286,724,15.98,16.07,0,0,.43,12.3
105,2014,286,730,16,16.15,0,0,.431,12.3
105,2014,286,736,16.03,16.15,0,0,.431,12.3
105,2014,286,742,16.05,16.2,0,0,.429,12.3
105,2014,286,748,16.07,16.21,0,0,.429,12.3
105,2014,286,754,16.09,16.21,0,0,.428,12.3
105,2014,286,800,16.11,16.23,0,0,.428,12.3
105,2014,286,806,16.13,16.26,0,0,.428,12.3
105,2014,286,812,16.15,16.23,0,0,.428,12.3
105,2014,286,818,16.18,16.25,0,0,.428,12.3
105,2014,286,824,16.2,16.3,0,0,.428,12.3
105,2014,286,830,16.22,16.28,0,0,.428,12.3
105,2014,286,836,16.24,16.25,0,0,.428,12.3
105,2014,286,842,16.25,16.29,0,0,.427,12.3
105,2014,286,848,16.27,16.04,0,0,.428,12.3
105,2014,286,854,16.29,15.95,0,0,.43,12.3
105,2014,286,900,16.3,16.15,0,0,.431,12.3
105,2014,286,906,16.31,16.33,0,0,.433,12.3
105,2014,286,912,16.33,16.29,0,0,.435,12.3
105,2014,286,918,16.34,16.29,0,0,.439,12.3
105,2014,286,924,16.36,16.31,0,0,.443,12.3
105,2014,286,930,16.38,16.44,0,0,.445,12.3
105,2014,286,936,16.39,16.33,0,0,.448,12.3
105,2014,286,942,16.41,16.45,0,0,.45,12.3
105,2014,286,948,16.43,16.44,0,0,.454,12.3
105,2014,286,954,16.46,16.37,0,0,.456,12.3
105,2014,286,1000,16.48,16.6,0,0,.456,12.3
105,2014,286,1006,16.5,16.54,0,0,.456,12.3
105,2014,286,1012,16.53,16.48,0,0,.456,12.3
105,2014,286,1018,16.56,16.55,0,0,.455,12.3
105,2014,286,1024,16.59,16.56,0,0,.456,12.3
105,2014,286,1030,16.62,16.69,0,0,.458,12.3
105,2014,286,1036,16.66,16.84,0,0,.456,12.3
105,2014,286,1042,16.69,16.65,0,0,.456,12.3
105,2014,286,1048,16.73,16.65,0,0,.455,12.3
105,2014,286,1054,16.77,16.79,0,0,.456,12.3
105,2014,286,1100,16.8,16.57,0,0,.456,12.3
105,2014,286,1106,16.83,16.5,0,0,.455,12.3
105,2014,286,1112,16.87,16.66,0,0,.456,12.3
105,2014,286,1118,16.9,16.81,0,0,.456,12.3
105,2014,286,1124,16.93,16.76,0,0,.457,12.3
105,2014,286,1130,16.97,16.77,0,0,.456,12.3
105,2014,286,1136,17,16.87,0,0,.454,12.3
105,2014,286,1142,17.03,16.77,0,0,.453,12.3
105,2014,286,1148,17.06,16.72,0,0,.452,12.3
105,2014,286,1154,17.09,16.61,0,0,.45,12.3
105,2014,286,1200,17.12,16.68,0,0,.45,12.3
105,2014,286,1206,17.14,16.72,0,0,.45,12.3
105,2014,286,1212,17.16,16.76,0,0,.449,12.3
105,2014,286,1218,17.18,16.62,0,0,.448,12.3
105,2014,286,1224,17.2,16.44,0,0,.448,12.3
105,2014,286,1230,17.21,16.61,0,0,.447,12.3
105,2014,286,1236,17.22,16.69,0,0,.448,12.3
105,2014,286,1242,17.23,16.72,0,0,.447,12.3
105,2014,286,1248,17.25,16.83,0,0,.448,12.3
105,2014,286,1254,17.25,16.88,0,0,.447,12.3
105,2014,286,1300,17.26,17,0,0,.448,12.3
105,2014,286,1306,17.27,16.97,0,0,.449,12.3
105,2014,286,1312,17.29,17.1,0,0,.447,12.3
105,2014,286,1318,17.3,17.3,0,0,.445,12.3
105,2014,286,1324,17.32,17.36,0,0,.446,12.3
105,2014,286,1330,17.35,17.53,0,0,.444,12.3
105,2014,286,1336,17.38,17.63,0,0,.442,12.3
105,2014,286,1342,17.41,17.77,0,0,.441,12.3
105,2014,286,1348,17.45,17.86,0,0,.439,12.3
105,2014,286,1354,17.49,17.85,0,0,.44,12.3
105,2014,286,1400,17.53,18.04,0,0,.436,12.3
105,2014,286,1406,17.58,17.94,0,0,.436,12.3
105,2014,286,1412,17.62,18.03,0,0,.436,12.3
105,2014,286,1418,17.67,18.02,0,0,.434,12.3
105,2014,286,1424,17.72,17.68,0,0,.433,12.3
105,2014,286,1430,17.76,17.88,0,0,.432,12.3
105,2014,286,1436,17.81,17.92,0,0,.432,12.3
105,2014,286,1442,17.85,18.09,0,0,.43,12.3
105,2014,286,1448,17.89,18.14,0,0,.429,12.3
105,2014,286,1454,17.94,18.69,0,0,.429,12.3
105,2014,286,1500,17.98,18.89,0,0,.428,12.3
105,2014,286,1506,18.04,19.06,0,0,.426,12.3
105,2014,286,1512,18.09,19.08,0,0,.425,12.3
105,2014,286,1518,18.15,19.14,0,0,.422,12.3
105,2014,286,1524,18.22,19.3,0,0,.423,12.3
105,2014,286,1530,18.28,19.2,0,0,.422,12.3
105,2014,286,1536,18.35,19.09,0,0,.422,12.3
105,2014,286,1542,18.42,19.19,0,0,.42,12.3
105,2014,286,1548,18.49,19.35,0,0,.419,12.3
105,2014,286,1554,18.56,19.48,0,0,.419,12.3
105,2014,286,1600,18.63,19.63,0,0,.418,12.3
105,2014,286,1606,18.69,19.88,0,0,.417,12.3
105,2014,286,1612,18.77,20,0,0,.416,12.3
105,2014,286,1618,18.84,20.31,0,0,.415,12.3
105,2014,286,1624,18.93,20.47,0,0,.414,12.3
105,2014,286,1630,19.01,20.23,0,0,.414,12.3
105,2014,286,1636,19.1,20.03,0,0,.413,12.3
105,2014,286,1642,19.18,19.9,0,0,.411,12.3
105,2014,286,1648,19.26,20.02,0,0,.41,12.3
105,2014,286,1654,19.34,20.01,0,0,.408,12.3
105,2014,286,1700,19.41,20.06,0,0,.409,12.3
105,2014,286,1706,19.48,19.89,0,0,.409,12.3
105,2014,286,1712,19.54,19.77,0,0,.408,12.3
105,2014,286,1718,19.59,19.83,0,0,.406,12.3
105,2014,286,1724,19.65,19.87,0,0,.406,12.3
105,2014,286,1730,19.69,20.1,0,0,.406,12.3
105,2014,286,1736,19.74,19.84,0,0,.405,12.3
105,2014,286,1742,19.79,19.79,0,0,.402,12.3
105,2014,286,1748,19.9,19.56,0,0,.403,12.3
105,2014,286,1754,20.09,19.5,0,0,.403,12.3
105,2014,286,1800,20.36,19.52,0,0,.402,12.3
105,2014,286,1806,20.69,19.49,0,0,.403,12.3
105,2014,286,1812,21.07,19.47,0,0,.402,12.3
105,2014,286,1818,21.48,19.78,0,0,.402,12.3
105,2014,286,1824,21.9,19.58,0,0,.401,12.3
105,2014,286,1830,22.32,19.45,0,0,.4,12.3
105,2014,286,1836,22.73,19.15,0,0,.4,12.3
105,2014,286,1842,23.13,19.08,0,0,.4,12.3
105,2014,286,1848,23.51,19.07,0,0,.4,12.3
105,2014,286,1854,23.88,19.06,0,0,.397,12.3
105,2014,286,1900,24.21,18.81,0,0,.396,12.3
105,2014,286,1906,24.54,18.68,0,0,.395,12.3
105,2014,286,1912,24.83,18.36,0,0,.393,12.3
105,2014,286,1918,25.1,18.29,0,0,.394,12.3
105,2014,286,1924,25.36,18.19,0,0,.392,12.3
105,2014,286,1930,25.57,17.98,0,0,.391,12.3
105,2014,286,1936,25.77,17.83,0,0,.391,12.3
105,2014,286,1942,25.94,17.43,0,0,.391,12.3
105,2014,286,1948,26.08,17.18,0,0,.39,12.3
105,2014,286,1954,26.2,17.26,0,0,.389,12.3
105,2014,286,2000,26.3,17.15,0,0,.39,12.3
105,2014,286,2006,26.38,16.69,0,0,.39,12.3
105,2014,286,2012,26.45,16.82,0,0,.389,12.3
105,2014,286,2018,26.51,16.8,0,0,.389,12.3
105,2014,286,2024,26.55,16.49,0,0,.389,12.3
105,2014,286,2030,26.59,16.48,0,0,.387,12.3
105,2014,286,2036,26.62,16.15,0,0,.386,12.3
105,2014,286,2042,26.64,16.34,0,0,.386,12.3
105,2014,286,2048,26.65,16.38,0,0,.386,12.3
105,2014,286,2054,26.66,16.22,0,0,.386,12.3
105,2014,286,2100,26.66,16.04,0,0,.385,12.3
105,2014,286,2106,26.65,16.05,0,0,.385,12.3
105,2014,286,2112,26.65,16.06,0,0,.385,12.3
105,2014,286,2118,26.64,15.8,0,0,.386,12.3
105,2014,286,2124,26.63,15.83,0,0,.385,12.3
105,2014,286,2130,26.62,15.83,0,0,.386,12.3
105,2014,286,2136,26.6,15.6,0,0,.386,12.3
105,2014,286,2142,26.58,15.67,0,0,.385,12.3
105,2014,286,2148,26.56,15.63,0,0,.387,12.3
105,2014,286,2154,26.53,15.7,0,0,.385,12.3
105,2014,286,2200,26.51,15.58,0,0,.385,12.3
105,2014,286,2206,26.48,15.28,0,0,.386,12.3
105,2014,286,2212,26.45,15.41,0,0,.386,12.3
105,2014,286,2218,26.42,15.33,0,0,.386,12.3
105,2014,286,2224,26.39,15.2,0,0,.386,12.3
105,2014,286,2230,26.36,15.08,0,0,.385,12.3
105,2014,286,2236,26.32,15.25,0,0,.385,12.3
105,2014,286,2242,26.28,15.31,0,0,.386,12.3
105,2014,286,2248,26.25,15.45,0,0,.384,12.3
105,2014,286,2254,26.21,15.61,0,0,.386,12.3
105,2014,286,2300,26.19,15.81,0,0,.387,12.3
105,2014,286,2306,26.16,15.98,0,0,.39,12.3
105,2014,286,2312,26.15,16.18,0,0,.392,12.3
105,2014,286,2318,26.15,16.11,0,0,.394,12.3
105,2014,286,2324,26.16,16.03,0,0,.396,12.3
105,2014,286,2330,26.18,16.01,0,0,.398,12.3
105,2014,286,2336,26.2,16.34,0,0,.401,12.3
105,2014,286,2342,26.22,16.25,0,0,.404,12.3
105,2014,286,2348,26.25,16.32,0,0,.406,12.3
105,2014,286,2354,26.28,16.46,0,0,.408,12.3
105,2014,287,0,26.32,16.65,0,0,.41,12.3
105,2014,287,6,26.36,16.27,0,0,.41,12.3
105,2014,287,12,26.4,16.35,0,0,.411,12.3
105,2014,287,18,26.44,16.39,0,0,.412,12.3
105,2014,287,24,26.47,16.2,0,0,.413,12.3
105,2014,287,30,26.51,16.15,0,0,.413,12.3
105,2014,287,36,26.54,16.11,0,0,.413,12.3
105,2014,287,42,26.57,16.09,0,0,.413,12.3
105,2014,287,48,26.59,16.04,0,0,.413,12.3
105,2014,287,54,26.61,15.88,0,0,.413,12.3
105,2014,287,100,26.63,15.87,0,0,.413,12.3
105,2014,287,106,26.64,15.79,0,0,.413,12.3
105,2014,287,112,26.66,15.92,0,0,.413,12.3
105,2014,287,118,26.68,16,0,0,.413,12.3
105,2014,287,124,26.7,16.24,0,0,.414,12.3
105,2014,287,130,26.72,16.15,0,0,.413,12.3
105,2014,287,136,26.73,16,0,0,.413,12.3
105,2014,287,142,26.75,16.03,0,0,.412,12.3
105,2014,287,148,26.77,16.03,0,0,.413,12.3
105,2014,287,154,26.78,15.77,0,0,.413,12.3
105,2014,287,200,26.79,15.61,0,0,.413,12.3
105,2014,287,206,26.79,15.8,0,0,.414,12.3
105,2014,287,212,26.79,15.67,0,0,.413,12.3
105,2014,287,218,26.79,15.66,0,0,.414,12.3
105,2014,287,224,26.78,15.56,0,0,.413,12.3
105,2014,287,230,26.77,15.55,0,0,.412,12.3
105,2014,287,236,26.75,15.76,0,0,.411,12.3
105,2014,287,242,26.73,15.69,0,0,.411,12.3
105,2014,287,248,26.72,15.62,0,0,.411,12.3
105,2014,287,254,26.7,15.6,0,0,.41,12.3
105,2014,287,300,26.68,15.49,0,0,.409,12.3
105,2014,287,306,26.67,15.46,0,0,.41,12.3
105,2014,287,312,26.65,15.45,0,0,.409,12.3
105,2014,287,318,26.63,15.69,0,0,.409,12.3
105,2014,287,324,26.61,15.65,0,0,.408,12.3
105,2014,287,330,26.6,15.58,0,0,.407,12.3
105,2014,287,336,26.59,15.77,0,0,.405,12.3
105,2014,287,342,26.58,15.86,0,0,.407,12.3
105,2014,287,348,26.58,15.96,0,0,.405,12.3
105,2014,287,354,26.58,15.89,0,0,.405,12.3
105,2014,287,400,26.58,16.03,0,0,.403,12.3
105,2014,287,406,26.59,16.26,0,0,.404,12.3
105,2014,287,412,26.6,16.32,0,0,.403,12.3
105,2014,287,418,26.62,16.51,0,0,.402,12.3
105,2014,287,424,26.64,16.55,0,0,.401,12.3
105,2014,287,430,26.67,16.58,0,0,.4,12.3
105,2014,287,436,26.69,16.5,0,0,.399,12.3
105,2014,287,442,26.72,16.82,0,0,.398,12.3
105,2014,287,448,26.75,16.82,0,0,.398,12.3
105,2014,287,454,26.8,17.05,0,0,.397,12.3
105,2014,287,500,26.86,17.25,0,0,.397,12.3
105,2014,287,506,26.93,17.38,0,0,.396,12.3
105,2014,287,512,27,17.36,0,0,.396,12.3
105,2014,287,518,27.07,17.38,0,0,.394,12.3
105,2014,287,524,27.14,17.4,0,0,.394,12.3
105,2014,287,530,27.21,17.53,0,0,.395,12.3
105,2014,287,536,27.29,17.68,0,0,.393,12.3
105,2014,287,542,27.36,17.71,0,0,.392,12.3
105,2014,287,548,27.44,17.92,0,0,.391,12.3
105,2014,287,554,27.51,18.15,0,0,.391,12.3
105,2014,287,600,27.59,18.12,0,0,.391,12.3
105,2014,287,606,27.68,18.22,0,0,.39,12.3
105,2014,287,612,27.77,18.07,0,0,.389,12.3
105,2014,287,618,27.85,18.14,0,0,.389,12.3
105,2014,287,624,27.93,17.96,0,0,.389,12.3
105,2014,287,630,27.99,17.93,0,0,.387,12.3
105,2014,287,636,28.05,17.89,0,0,.387,12.3
105,2014,287,642,28.1,17.89,0,0,.387,12.3
105,2014,287,648,28.14,17.76,0,0,.386,12.3
105,2014,287,654,28.17,17.64,0,0,.386,12.3
105,2014,287,700,28.19,17.7,0,0,.386,12.3
105,2014,287,706,28.2,17.7,0,0,.386,12.3
105,2014,287,712,28.2,17.53,0,0,.384,12.3
105,2014,287,718,28.2,17.6,0,0,.384,12.3
105,2014,287,724,28.19,17.51,0,0,.383,12.3
105,2014,287,730,28.18,17.32,0,0,.383,12.3
105,2014,287,736,28.17,17.34,0,0,.382,12.3
105,2014,287,742,28.15,17.51,0,0,.382,12.3
105,2014,287,748,28.13,17.55,0,0,.382,12.3
105,2014,287,754,28.12,17.83,0,0,.382,12.3
105,2014,287,800,28.11,18.29,0,0,.381,12.3
105,2014,287,806,28.12,18.66,0,0,.382,12.3
105,2014,287,812,28.15,18.9,0,0,.381,12.3
105,2014,287,818,28.2,19.14,0,0,.38,12.3
105,2014,287,824,28.26,19.31,0,0,.378,12.3
105,2014,287,830,28.34,19.44,0,0,.377,12.3
105,2014,287,836,28.44,19.63,0,0,.377,12.3
105,2014,287,842,28.54,19.84,0,0,.377,12.3
105,2014,287,848,28.65,20.02,0,0,.378,12.3
105,2014,287,854,28.77,20.14,0,0,.376,12.29
105,2014,287,900,28.89,20.51,0,0,.375,12.29
105,2014,287,906,29,21,0,0,.375,12.29
105,2014,287,912,29.13,21.4,0,0,.374,12.29
105,2014,287,918,29.28,21.88,0,0,.373,12.29
105,2014,287,924,29.45,22.37,0,0,.373,12.29
105,2014,287,930,29.65,22.63,0,0,.372,12.29
105,2014,287,936,29.86,22.84,0,0,.371,12.29
105,2014,287,942,30.06,23.43,0,0,.372,12.29
105,2014,287,948,30.28,23.98,0,0,.37,12.29
105,2014,287,954,30.52,23.66,0,0,.37,12.29
105,2014,287,1000,30.73,23.35,0,0,.368,12.29
105,2014,287,1006,30.95,22.96,0,0,.367,12.29
105,2014,287,1012,31.13,24.18,0,0,.368,12.29
105,2014,287,1018,31.31,25.12,0,0,.366,12.29
105,2014,287,1024,31.51,25.37,0,0,.367,12.29
105,2014,287,1030,31.74,25.41,0,0,.366,12.29
105,2014,287,1036,31.97,25.36,0,0,.366,12.29
105,2014,287,1042,32.22,25.55,0,0,.364,12.29
105,2014,287,1048,32.45,25.76,0,0,.364,12.29
105,2014,287,1054,32.68,25.48,0,0,.364,12.29
105,2014,287,1100,32.86,24.82,0,0,.364,12.29
105,2014,287,1106,33,24.15,0,0,.364,12.29
105,2014,287,1112,33.12,24.1,0,0,.364,12.29
105,2014,287,1118,33.21,24.22,0,0,.364,12.29
105,2014,287,1124,33.31,24.29,0,0,.362,12.29
105,2014,287,1130,33.4,24.85,0,0,.361,12.29
105,2014,287,1136,33.48,25.05,0,0,.362,12.29
105,2014,287,1142,33.54,26.11,0,0,.361,12.29
105,2014,287,1148,33.61,25.4,0,0,.361,12.29
105,2014,287,1154,33.7,26.15,0,0,.361,12.29
105,2014,287,1200,33.8,26.02,0,0,.36,12.29
105,2014,287,1206,33.9,25.87,0,0,.357,12.29
105,2014,287,1212,34,26.32,0,0,.358,12.29
105,2014,287,1218,34.08,25.98,0,0,.359,12.29
105,2014,287,1224,34.16,26.25,0,0,.358,12.29
105,2014,287,1230,34.22,24.95,0,0,.358,12.29
105,2014,287,1236,34.25,24.77,0,0,.358,12.29
105,2014,287,1242,34.28,24.13,0,0,.358,12.29
105,2014,287,1248,34.28,24.26,0,0,.357,12.29
105,2014,287,1254,34.27,24.96,0,0,.356,12.29
105,2014,287,1300,34.25,25.26,0,0,.355,12.29
105,2014,287,1306,34.23,25.95,0,0,.355,12.29
105,2014,287,1312,34.22,26.53,0,0,.355,12.29
105,2014,287,1318,34.2,26.96,0,0,.356,12.29
105,2014,287,1324,34.21,27.04,0,0,.356,12.29
105,2014,287,1330,34.25,26.22,0,0,.355,12.29
105,2014,287,1336,34.28,26.03,0,0,.356,12.29
105,2014,287,1342,34.27,26.22,0,0,.355,12.29
105,2014,287,1348,34.27,26.3,0,0,.354,12.29
105,2014,287,1354,34.29,25.87,0,0,.355,12.29
105,2014,287,1400,34.31,27.13,0,0,.352,12.29
105,2014,287,1406,34.37,27.73,0,0,.351,12.29
105,2014,287,1412,34.45,27.43,0,0,.351,12.29
105,2014,287,1418,34.56,27.67,0,0,.351,12.29
105,2014,287,1424,34.7,27.8,0,0,.351,12.29
105,2014,287,1430,34.84,28.28,0,0,.35,12.29
105,2014,287,1436,34.97,27,0,0,.35,12.29
105,2014,287,1442,35.09,26.35,0,0,.35,12.29
105,2014,287,1448,35.18,25.83,0,0,.35,12.29
105,2014,287,1454,35.25,25.15,0,0,.35,12.29
105,2014,287,1500,35.27,24.93,0,0,.35,12.29
105,2014,287,1506,35.27,24.7,0,0,.35,12.29
105,2014,287,1512,35.24,24.72,0,0,.35,12.29
105,2014,287,1518,35.18,24.74,0,0,.35,12.29
105,2014,287,1524,35.1,24.82,0,0,.348,12.29
105,2014,287,1530,35.01,24.78,0,0,.348,12.29
105,2014,287,1536,34.91,24.78,0,0,.349,12.29
105,2014,287,1542,34.83,25.01,0,0,.348,12.29
105,2014,287,1548,34.77,24.83,0,0,.348,12.29
105,2014,287,1554,34.72,24.72,0,0,.346,12.29
105,2014,287,1600,34.68,24.49,0,0,.346,12.29
105,2014,287,1606,34.63,24.29,0,0,.345,12.29
105,2014,287,1612,34.57,24.16,0,0,.346,12.29
105,2014,287,1618,34.46,24.11,0,0,.346,12.29
105,2014,287,1624,34.32,24.08,0,0,.346,12.29
105,2014,287,1630,34.18,23.92,0,0,.346,12.29
105,2014,287,1636,34.05,23.9,0,0,.345,12.29
105,2014,287,1642,33.93,23.83,0,0,.346,12.29
105,2014,287,1648,33.81,23.72,0,0,.346,12.29
105,2014,287,1654,33.69,23.66,0,0,.345,12.29
105,2014,287,1700,33.58,23.64,0,0,.345,12.29
105,2014,287,1706,33.47,23.55,0,0,.345,12.29
105,2014,287,1712,33.36,23.51,0,0,.345,12.29
105,2014,287,1718,33.26,23.33,0,0,.345,12.29
105,2014,287,1724,33.17,23.28,0,0,.345,12.29
105,2014,287,1730,33.1,23.23,0,0,.344,12.29
105,2014,287,1736,33.01,23.26,0,0,.344,12.29
105,2014,287,1742,32.91,22.85,0,0,.344,12.29
105,2014,287,1748,32.84,22.98,0,0,.344,12.29
105,2014,287,1754,32.78,22.94,0,0,.344,12.29
105,2014,287,1800,32.72,22.68,0,0,.343,12.29
105,2014,287,1806,32.67,22.49,0,0,.342,12.29
105,2014,287,1812,32.63,22.31,0,0,.342,12.29
105,2014,287,1818,32.6,22.27,0,0,.342,12.29
105,2014,287,1824,32.56,22.2,0,0,.342,12.29
105,2014,287,1830,32.53,22.26,0,0,.342,12.29
105,2014,287,1836,32.5,22.3,0,0,.342,12.29
105,2014,287,1842,32.44,22.31,0,0,.342,12.29