,16.98,16.85,0,0,.407,12.3
105,2014,289,1248,17.02,17.16,0,0,.406,12.3
105,2014,289,1254,17.05,17.33,0,0,.406,12.3
105,2014,289,1300,17.08,17.17,0,0,.403,12.3
105,2014,289,1306,17.12,16.87,0,0,.403,12.3
105,2014,289,1312,17.16,17.01,0,0,.403,12.3
105,2014,289,1318,17.2,16.98,0,0,.402,12.3
105,2014,289,1324,17.23,17.06,0,0,.401,12.3
105,2014,289,1330,17.27,17.26,0,0,.4,12.3
105,2014,289,1336,17.3,17.52,0,0,.4,12.3
105,2014,289,1342,17.34,17.69,0,0,.4,12.3
105,2014,289,1348,17.38,17.58,0,0,.398,12.3
105,2014,289,1354,17.43,17.62,0,0,.398,12.3
105,2014,289,1400,17.47,17.37,0,0,.398,12.3
105,2014,289,1406,17.52,17.49,0,0,.397,12.3
105,2014,289,1412,17.56,17.39,0,0,.396,12.3
105,2014,289,1418,17.6,17.47,0,0,.395,12.3
105,2014,289,1424,17.64,17.37,0,0,.393,12.3
105,2014,289,1430,17.68,17.48,0,0,.395,12.3
105,2014,289,1436,17.71,17.63,0,0,.395,12.3
105,2014,289,1442,17.74,17.59,0,0,.393,12.3
105,2014,289,1448,17.77,17.44,0,0,.393,12.3
105,2014,289,1454,17.8,17.73,0,0,.393,12.3
105,2014,289,1500,17.83,17.73,0,0,.39,12.3
105,2014,289,1506,17.85,17.82,0,0,.391,12.3
105,2014,289,1512,17.88,17.87,0,0,.392,12.3
105,2014,289,1518,17.91,17.95,0,0,.388,12.3
105,2014,289,1524,17.94,18.12,0,0,.389,12.3
105,2014,289,1530,17.97,18.14,0,0,.39,12.3
105,2014,289,1536,18.01,18.14,0,0,.387,12.3
105,2014,289,1542,18.06,18.21,0,0,.388,12.3
105,2014,289,1548,18.11,17.78,0,0,.389,12.3
105,2014,289,1554,18.15,17.34,0,0,.389,12.3
105,2014,289,1600,18.18,17.17,0,0,.386,12.3
105,2014,289,1606,18.2,17.11,0,0,.387,12.3
105,2014,289,1612,18.2,17,0,0,.386,12.3
105,2014,289,1618,18.18,16.93,0,0,.386,12.3
105,2014,289,1624,18.15,16.92,0,0,.384,12.3
105,2014,289,1630,18.12,17.15,0,0,.384,12.3
105,2014,289,1636,18.08,16.96,0,0,.384,12.3
105,2014,289,1642,18.05,16.76,0,0,.383,12.3
105,2014,289,1648,18.08,16.74,0,0,.383,12.3
105,2014,289,1654,18.2,16.51,0,0,.383,12.3
105,2014,289,1700,18.39,16.45,0,0,.381,12.3
105,2014,289,1706,18.64,16.45,0,0,.381,12.3
105,2014,289,1712,18.94,16.43,0,0,.381,12.3
105,2014,289,1718,19.27,16.31,0,0,.381,12.3
105,2014,289,1724,19.61,16.31,0,0,.381,12.3
105,2014,289,1730,19.96,16.19,0,0,.38,12.3
105,2014,289,1736,20.3,16.15,0,0,.381,12.3
105,2014,289,1742,20.64,16.11,0,0,.381,12.3
105,2014,289,1748,20.96,16.09,0,0,.38,12.3
105,2014,289,1754,21.27,16.06,0,0,.38,12.3
105,2014,289,1800,21.56,16.02,0,0,.381,12.3
105,2014,289,1806,21.85,15.81,0,0,.38,12.3
105,2014,289,1812,22.11,15.74,0,0,.38,12.3
105,2014,289,1818,22.35,15.82,0,0,.38,12.3
105,2014,289,1824,22.58,15.76,0,0,.379,12.3
105,2014,289,1830,22.79,15.3,0,0,.378,12.3
105,2014,289,1836,22.98,15.11,0,0,.378,12.3
105,2014,289,1842,23.15,14.97,0,0,.378,12.3
105,2014,289,1848,23.3,14.92,0,0,.378,12.3
105,2014,289,1854,23.43,14.9,0,0,.377,12.3
105,2014,289,1900,23.54,15.01,0,0,.378,12.3
105,2014,289,1906,23.63,14.82,0,0,.377,12.3
105,2014,289,1912,23.72,14.71,0,0,.376,12.3
105,2014,289,1918,23.79,14.11,0,0,.374,12.3
105,2014,289,1924,23.85,14.09,0,0,.374,12.3
105,2014,289,1930,23.9,14.25,0,0,.374,12.3
105,2014,289,1936,23.94,14.36,0,0,.374,12.3
105,2014,289,1942,23.97,14.42,0,0,.372,12.3
105,2014,289,1948,23.99,13.97,0,0,.372,12.3
105,2014,289,1954,24.01,13.56,0,0,.371,12.3
105,2014,289,2000,24.02,13.54,0,0,.372,12.3
105,2014,289,2006,24.03,13.54,0,0,.371,12.3
105,2014,289,2012,24.02,13.56,0,0,.371,12.3
105,2014,289,2018,24.03,14.03,0,0,.371,12.3
105,2014,289,2024,24.02,14.28,0,0,.37,12.3
105,2014,289,2030,24.03,14.35,0,0,.368,12.3
105,2014,289,2036,24.04,14.39,0,0,.368,12.3
105,2014,289,2042,24.07,14.39,0,0,.367,12.3
105,2014,289,2048,24.1,14.45,0,0,.367,12.3
105,2014,289,2054,24.13,14.48,0,0,.367,12.3
105,2014,289,2100,24.17,14.52,0,0,.368,12.3
105,2014,289,2106,24.22,14.51,0,0,.365,12.3
105,2014,289,2112,24.27,14.58,0,0,.367,12.3
105,2014,289,2118,24.31,14.63,0,0,.365,12.3
105,2014,289,2124,24.36,14.66,0,0,.365,12.3
105,2014,289,2130,24.41,14.64,0,0,.366,12.3
105,2014,289,2136,24.46,14.38,0,0,.364,12.3
105,2014,289,2142,24.52,14.46,0,0,.364,12.3
105,2014,289,2148,24.56,14.51,0,0,.364,12.3
105,2014,289,2154,24.61,14.47,0,0,.365,12.3
105,2014,289,2200,24.65,14.4,0,0,.365,12.3
105,2014,289,2206,24.68,14.28,0,0,.362,12.3
105,2014,289,2212,24.69,13.97,0,0,.362,12.3
105,2014,289,2218,24.71,13.58,0,0,.362,12.3
105,2014,289,2224,24.72,13.57,0,0,.361,12.3
105,2014,289,2230,24.72,13.79,0,0,.361,12.3
105,2014,289,2236,24.71,14.03,0,0,.361,12.3
105,2014,289,2242,24.71,13.97,0,0,.361,12.3
105,2014,289,2248,24.7,13.81,0,0,.361,12.3
105,2014,289,2254,24.7,13.6,0,0,.359,12.3
105,2014,289,2300,24.68,13.64,0,0,.359,12.3
105,2014,289,2306,24.66,13.64,0,0,.359,12.3
105,2014,289,2312,24.64,13.61,0,0,.359,12.3
105,2014,289,2318,24.61,13.53,0,0,.358,12.3
105,2014,289,2324,24.57,13.47,0,0,.358,12.3
105,2014,289,2330,24.54,13.49,0,0,.358,12.3
105,2014,289,2336,24.5,13.52,0,0,.357,12.3
105,2014,289,2342,24.46,13.42,0,0,.358,12.3
105,2014,289,2348,24.43,13.41,0,0,.357,12.3
105,2014,289,2354,24.39,13.43,0,0,.356,12.3
105,2014,290,0,24.35,13.36,0,0,.356,12.3
105,2014,290,6,24.32,13.4,0,0,.356,12.3
105,2014,290,12,24.28,13.35,0,0,.355,12.3
105,2014,290,18,24.25,13.19,0,0,.356,12.3
105,2014,290,24,24.23,13.27,0,0,.356,12.3
105,2014,290,30,24.22,13.32,0,0,.357,12.3
105,2014,290,36,24.22,13.42,0,0,.356,12.3
105,2014,290,42,24.22,13.5,0,0,.356,12.3
105,2014,290,48,24.22,13.51,0,0,.356,12.3
105,2014,290,54,24.24,13.62,0,0,.355,12.3
105,2014,290,100,24.26,13.63,0,0,.355,12.3
105,2014,290,106,24.29,13.76,0,0,.355,12.3
105,2014,290,112,24.31,13.73,0,0,.354,12.3
105,2014,290,118,24.34,13.79,0,0,.354,12.3
105,2014,290,124,24.37,13.87,0,0,.353,12.3
105,2014,290,130,24.4,13.92,0,0,.353,12.3
105,2014,290,136,24.43,13.94,0,0,.353,12.3
105,2014,290,142,24.46,14.08,0,0,.353,12.3
105,2014,290,148,24.5,14.06,0,0,.353,12.3
105,2014,290,154,24.53,13.93,0,0,.353,12.3
105,2014,290,200,24.58,13.94,0,0,.353,12.3
105,2014,290,206,24.62,14.1,0,0,.352,12.3
105,2014,290,212,24.66,14.05,0,0,.352,12.3
105,2014,290,218,24.7,14,0,0,.351,12.3
105,2014,290,224,24.74,14.11,0,0,.351,12.3
105,2014,290,230,24.77,14.2,0,0,.352,12.3
105,2014,290,236,24.81,14.26,0,0,.351,12.3
105,2014,290,242,24.84,14.29,0,0,.351,12.3
105,2014,290,248,24.88,14.29,0,0,.35,12.3
105,2014,290,254,24.91,14.25,0,0,.348,12.3
105,2014,290,300,24.95,14.25,0,0,.35,12.3
105,2014,290,306,24.98,14.28,0,0,.349,12.3
105,2014,290,312,25.01,14.12,0,0,.348,12.3
105,2014,290,318,25.03,14.04,0,0,.349,12.3
105,2014,290,324,25.04,13.89,0,0,.348,12.3
105,2014,290,330,25.04,13.81,0,0,.347,12.3
105,2014,290,336,25.04,13.59,0,0,.347,12.3
105,2014,290,342,25.02,13.49,0,0,.347,12.3
105,2014,290,348,25,13.35,0,0,.346,12.3
105,2014,290,354,24.96,13.44,0,0,.347,12.3
105,2014,290,400,24.93,13.39,0,0,.346,12.3
105,2014,290,406,24.89,12.95,0,0,.348,12.3
105,2014,290,412,24.84,12.8,0,0,.346,12.3
105,2014,290,418,24.79,12.95,0,0,.345,12.3
105,2014,290,424,24.73,12.91,0,0,.346,12.3
105,2014,290,430,24.67,12.73,0,0,.345,12.3
105,2014,290,436,24.61,12.55,0,0,.345,12.3
105,2014,290,442,24.54,12.56,0,0,.345,12.3
105,2014,290,448,24.48,12.6,0,0,.345,12.3
105,2014,290,454,24.41,12.45,0,0,.345,12.3
105,2014,290,500,24.34,12.4,0,0,.345,12.3
105,2014,290,506,24.27,12.28,0,0,.346,12.3
105,2014,290,512,24.2,12.31,0,0,.345,12.3
105,2014,290,518,24.14,12.11,0,0,.345,12.3
105,2014,290,524,24.07,12.18,0,0,.345,12.3
105,2014,290,530,24,12.17,0,0,.344,12.3
105,2014,290,536,23.93,11.88,0,0,.345,12.3
105,2014,290,542,23.87,11.64,0,0,.344,12.3
105,2014,290,548,23.79,11.69,0,0,.345,12.3
105,2014,290,554,23.72,11.95,0,0,.344,12.3
105,2014,290,600,23.65,12.1,0,0,.345,12.3
105,2014,290,606,23.59,11.61,0,0,.345,12.3
105,2014,290,612,23.52,11.41,0,0,.345,12.3
105,2014,290,618,23.46,11.3,0,0,.345,12.3
105,2014,290,624,23.39,11.39,0,0,.345,12.3
105,2014,290,630,23.32,11.49,0,0,.345,12.3
105,2014,290,636,23.25,11.49,0,0,.345,12.3
105,2014,290,642,23.19,11.74,0,0,.344,12.3
105,2014,290,648,23.12,11.94,0,0,.345,12.3
105,2014,290,654,23.06,11.75,0,0,.345,12.3
105,2014,290,700,23,11.57,0,0,.345,12.3
105,2014,290,706,22.93,11.43,0,0,.344,12.3
105,2014,290,712,22.88,11.01,0,0,.345,12.3
105,2014,290,718,22.81,11.63,0,0,.344,12.3
105,2014,290,724,22.75,11.73,0,0,.344,12.3
105,2014,290,730,22.69,11.43,0,0,.343,12.3
105,2014,290,736,22.63,11.36,0,0,.344,12.3
105,2014,290,742,22.58,11.48,0,0,.342,12.3
105,2014,290,748,22.54,11.06,0,0,.342,12.3
105,2014,290,754,22.5,10.73,0,0,.342,12.3
105,2014,290,800,22.46,11.61,0,0,.342,12.3
105,2014,290,806,22.42,12.51,0,0,.342,12.3
105,2014,290,812,22.4,13.29,0,0,.342,12.3
105,2014,290,818,22.41,14.56,0,0,.343,12.3
105,2014,290,824,22.45,15.38,0,0,.342,12.3
105,2014,290,830,22.53,15.55,0,0,.342,12.3
105,2014,290,836,22.63,15.85,0,0,.341,12.3
105,2014,290,842,22.77,16.97,0,0,.341,12.3
105,2014,290,848,22.94,17.53,0,0,.341,12.3
105,2014,290,854,23.14,17.44,0,0,.341,12.3
105,2014,290,900,23.36,17.94,0,0,.341,12.3
105,2014,290,906,23.6,18.02,0,0,.34,12.3
105,2014,290,912,23.85,19.06,0,0,.34,12.3
105,2014,290,918,24.13,19.14,0,0,.338,12.3
105,2014,290,924,24.42,19.2,0,0,.337,12.3
105,2014,290,930,24.71,19.49,0,0,.336,12.3
105,2014,290,936,25.03,20.33,0,0,.336,12.3
105,2014,290,942,25.35,19.6,0,0,.336,12.3
105,2014,290,948,25.68,19.89,0,0,.334,12.3
105,2014,290,954,26.01,20.22,0,0,.334,12.3
105,2014,290,1000,26.34,20.57,0,0,.334,12.3
105,2014,290,1006,26.67,21.16,0,0,.334,12.3
105,2014,290,1012,27.02,21.4,0,0,.334,12.3
105,2014,290,1018,27.35,21.64,0,0,.333,12.3
105,2014,290,1024,27.69,21.93,0,0,.333,12.29
105,2014,290,1030,28.02,22.15,0,0,.333,12.29
105,2014,290,1036,28.34,22.7,0,0,.333,12.29
105,2014,290,1042,28.66,22.14,0,0,.333,12.29
105,2014,290,1048,28.95,21.66,0,0,.332,12.29
105,2014,290,1054,29.23,22.73,0,0,.331,12.29
105,2014,290,1100,29.51,23.28,0,0,.331,12.29
105,2014,290,1106,29.79,22.33,0,0,.331,12.29
105,2014,290,1112,30.06,23.34,0,0,.331,12.29
105,2014,290,1118,30.31,23.58,0,0,.331,12.29
105,2014,290,1124,30.56,24.05,0,0,.331,12.29
105,2014,290,1130,30.8,23.96,0,0,.331,12.29
105,2014,290,1136,31.05,23.89,0,0,.33,12.29
105,2014,290,1142,31.31,23.98,0,0,.33,12.29
105,2014,290,1148,31.54,24.86,0,0,.33,12.29
105,2014,290,1154,31.78,24.4,0,0,.329,12.29
105,2014,290,1200,32.01,24.07,0,0,.328,12.29
105,2014,290,1206,32.2,24.46,0,0,.328,12.29
105,2014,290,1212,32.39,24.21,0,0,.328,12.29
105,2014,290,1218,32.58,24.7,0,0,.328,12.29
105,2014,290,1224,32.76,25.33,0,0,.328,12.29
105,2014,290,1230,32.95,25.08,0,0,.328,12.29
105,2014,290,1236,33.12,25.18,0,0,.328,12.29
105,2014,290,1242,33.27,25.3,0,0,.328,12.29
105,2014,290,1248,33.42,25.04,0,0,.328,12.29
105,2014,290,1254,33.55,24.57,0,0,.328,12.29
105,2014,290,1300,33.68,25.62,0,0,.328,12.29
105,2014,290,1306,33.8,25.7,0,0,.327,12.29
105,2014,290,1312,33.92,24.56,0,0,.326,12.29
105,2014,290,1318,34.06,26.33,0,0,.326,12.29
105,2014,290,1324,34.18,26.01,0,0,.325,12.29
105,2014,290,1330,34.3,26.18,0,0,.325,12.29
105,2014,290,1336,34.41,25.4,0,0,.325,12.29
105,2014,290,1342,34.53,25.78,0,0,.325,12.29
105,2014,290,1348,34.63,25,0,0,.325,12.29
105,2014,290,1354,34.74,25.29,0,0,.325,12.29
105,2014,290,1400,34.83,23.59,0,0,.326,12.29
105,2014,290,1406,34.92,25.01,0,0,.325,12.29
105,2014,290,1412,34.97,24.02,0,0,.324,12.29
105,2014,290,1418,35.01,24.89,0,0,.323,12.29
105,2014,290,1424,35.04,25.34,0,0,.323,12.29
105,2014,290,1430,35.05,25.16,0,0,.323,12.29
105,2014,290,1436,35.04,24.76,0,0,.322,12.29
105,2014,290,1442,35.02,24.23,0,0,.323,12.29
105,2014,290,1448,35.01,24.47,0,0,.322,12.29
105,2014,290,1454,35.01,22.97,0,0,.322,12.29
105,2014,290,1500,35.02,23.21,0,0,.322,12.29
105,2014,290,1506,35.03,22.17,0,0,.322,12.29
105,2014,290,1512,34.99,21.79,0,0,.322,12.29
105,2014,290,1518,34.92,21.64,0,0,.321,12.29
105,2014,290,1524,34.8,20.58,0,0,.322,12.29
105,2014,290,1530,34.65,20.31,0,0,.322,12.29
105,2014,290,1536,34.5,20.31,0,0,.322,12.29
105,2014,290,1542,34.32,20.18,0,0,.321,12.29
105,2014,290,1548,34.12,20.36,0,0,.322,12.29
105,2014,290,1554,33.9,19.83,0,0,.322,12.29
105,2014,290,1600,33.68,20,0,0,.322,12.29
105,2014,290,1606,33.47,20.01,0,0,.322,12.29
105,2014,290,1612,33.25,19.74,0,0,.322,12.29
105,2014,290,1618,33.05,19.61,0,0,.322,12.29
105,2014,290,1624,32.86,19.63,0,0,.322,12.3
105,2014,290,1630,32.66,19.54,0,0,.322,12.29
105,2014,290,1636,32.47,19.33,0,0,.322,12.3
105,2014,290,1642,32.3,19.24,0,0,.321,12.3
105,2014,290,1648,32.13,19.37,0,0,.321,12.3
105,2014,290,1654,31.95,19.15,0,0,.321,12.29
105,2014,290,1700,31.79,19.1,0,0,.321,12.29
105,2014,290,1706,31.65,18.85,0,0,.319,12.3
105,2014,290,1712,31.5,18.69,0,0,.319,12.3
105,2014,290,1718,31.36,18.39,0,0,.319,12.29
105,2014,290,1724,31.22,18.17,0,0,.319,12.29
105,2014,290,1730,31.08,18.33,0,0,.319,12.3
105,2014,290,1736,30.96,18.03,0,0,.32,12.3
105,2014,290,1742,30.83,17.94,0,0,.319,12.3
105,2014,290,1748,30.7,17.79,0,0,.319,12.3
105,2014,290,1754,30.56,17.77,0,0,.319,12.29
105,2014,290,1800,30.43,17.64,0,0,.32,12.29
105,2014,290,1806,30.31,17.53,0,0,.319,12.29
105,2014,290,1812,30.18,17.37,0,0,.319,12.29
105,2014,290,1818,30.06,17.16,0,0,.319,12.3
105,2014,290,1824,29.93,17.14,0,0,.319,12.3
105,2014,290,1830,29.8,16.9,0,0,.319,12.3
105,2014,290,1836,29.68,16.68,0,0,.32,12.3
105,2014,290,1842,29.55,16.42,0,0,.319,12.3
105,2014,290,1848,29.4,16.18,0,0,.319,12.3
105,2014,290,1854,29.25,15.87,0,0,.319,12.3
105,2014,290,1900,29.1,15.89,0,0,.32,12.3
105,2014,290,1906,28.95,15.78,0,0,.318,12.3
105,2014,290,1912,28.79,15.75,0,0,.318,12.3
105,2014,290,1918,28.63,15.7,0,0,.318,12.3
105,2014,290,1924,28.47,15.47,0,0,.318,12.3
105,2014,290,1930,28.32,15.44,0,0,.317,12.3
105,2014,290,1936,28.18,15.48,0,0,.317,12.3
105,2014,290,1942,28.04,15.57,0,0,.318,12.3
105,2014,290,1948,27.9,15.54,0,0,.317,12.3
105,2014,290,1954,27.77,15.53,0,0,.317,12.3
105,2014,290,2000,27.64,15.45,0,0,.317,12.3
105,2014,290,2006,27.52,15.41,0,0,.317,12.3
105,2014,290,2012,27.41,15.32,0,0,.317,12.3
105,2014,290,2018,27.3,15.23,0,0,.317,12.3
105,2014,290,2024,27.2,15.1,0,0,.317,12.3
105,2014,290,2030,27.09,15.01,0,0,.317,12.3
105,2014,290,2036,27,14.89,0,0,.317,12.3
105,2014,290,2042,26.9,14.63,0,0,.316,12.3
105,2014,290,2048,26.81,14.44,0,0,.316,12.3
105,2014,290,2054,26.72,14.41,0,0,.316,12.3
105,2014,290,2100,26.63,14.29,0,0,.316,12.3
105,2014,290,2106,26.53,14.2,0,0,.316,12.3
105,2014,290,2112,26.43,14.06,0,0,.316,12.3
105,2014,290,2118,26.33,13.89,0,0,.315,12.3
105,2014,290,2124,26.23,13.79,0,0,.315,12.3
105,2014,290,2130,26.12,13.47,0,0,.315,12.3
105,2014,290,2136,26.02,13.43,0,0,.315,12.3
105,2014,290,2142,25.92,13.37,0,0,.315,12.3
105,2014,290,2148,25.81,13.23,0,0,.315,12.3
105,2014,290,2154,25.7,13.43,0,0,.315,12.3
105,2014,290,2200,25.6,13.45,0,0,.315,12.3
105,2014,290,2206,25.49,13.37,0,0,.315,12.3
105,2014,290,2212,25.39,13.16,0,0,.314,12.3
105,2014,290,2218,25.29,13.31,0,0,.314,12.3
105,2014,290,2224,25.19,12.8,0,0,.314,12.3
105,2014,290,2230,25.11,13.02,0,0,.314,12.3
105,2014,290,2236,25.02,13.05,0,0,.315,12.3
105,2014,290,2242,24.94,13.15,0,0,.314,12.3
105,2014,290,2248,24.85,13.04,0,0,.314,12.3
105,2014,290,2254,24.78,13.16,0,0,.314,12.3
105,2014,290,2300,24.71,12.95,0,0,.313,12.3
105,2014,290,2306,24.64,12.87,0,0,.314,12.3
105,2014,290,2312,24.58,12.86,0,0,.314,12.3
105,2014,290,2318,24.52,12.67,0,0,.314,12.3
105,2014,290,2324,24.46,12.52,0,0,.314,12.3
105,2014,290,2330,24.41,12.61,0,0,.314,12.3
105,2014,290,2336,24.35,12.57,0,0,.314,12.3
105,2014,290,2342,24.3,12.45,0,0,.314,12.3
105,2014,290,2348,24.24,12.55,0,0,.313,12.3
105,2014,290,2354,24.19,12.43,0,0,.312,12.3
105,2014,291,0,24.14,12.37,0,0,.313,12.3
105,2014,291,6,24.09,12.44,0,0,.313,12.3
105,2014,291,12,24.05,12.47,0,0,.314,12.3
105,2014,291,18,24,12.51,0,0,.312,12.3
105,2014,291,24,23.96,12.39,0,0,.312,12.3
105,2014,291,30,23.93,12.54,0,0,.313,12.3
105,2014,291,36,23.89,12.48,0,0,.313,12.3
105,2014,291,42,23.86,12.62,0,0,.313,12.3
105,2014,291,48,23.84,12.65,0,0,.312,12.3
105,2014,291,54,23.81,12.81,0,0,.312,12.3
105,2014,291,100,23.79,12.75,0,0,.312,12.3
105,2014,291,106,23.78,13,0,0,.311,12.3
105,2014,291,112,23.77,12.88,0,0,.311,12.3
105,2014,291,118,23.77,12.99,0,0,.312,12.3
105,2014,291,124,23.77,12.98,0,0,.312,12.3
105,2014,291,130,23.77,13.06,0,0,.311,12.3
105,2014,291,136,23.78,13.06,0,0,.311,12.3
105,2014,291,142,23.78,13.16,0,0,.311,12.3
105,2014,291,148,23.78,13.16,0,0,.312,12.3
105,2014,291,154,23.79,13.1,0,0,.313,12.3
105,2014,291,200,23.79,13.13,0,0,.322,12.3
105,2014,291,206,23.81,13.36,0,0,.331,12.3
105,2014,291,212,23.82,13.21,0,0,.34,12.3
105,2014,291,218,23.84,13.2,0,0,.35,12.3
105,2014,291,224,23.86,13.26,0,0,.367,12.3
105,2014,291,230,23.87,13.26,0,0,.381,12.3
105,2014,291,236,23.89,13.41,0,0,.405,12.3
105,2014,291,242,23.91,13.33,0,0,.42,12.3
105,2014,291,248,23.93,13.47,0,0,.433,12.3
105,2014,291,254,23.95,13.38,0,0,.446,12.3
105,2014,291,300,23.97,13.29,0,0,.456,12.3
105,2014,291,306,23.99,13.32,0,0,.464,12.3
105,2014,291,312,24.01,13.47,0,0,.475,12.3
105,2014,291,318,24.02,13.34,0,0,.485,12.3
105,2014,291,324,24.04,13.23,0,0,.493,12.3
105,2014,291,330,24.05,13.25,0,0,.499,12.3
105,2014,291,336,24.07,13.54,0,0,.503,12.3
105,2014,291,342,24.08,13.56,0,0,.504,12.3
105,2014,291,348,24.1,13.54,0,0,.505,12.3
105,2014,291,354,24.13,13.48,0,0,.505,12.3
105,2014,291,400,24.15,13.31,0,0,.505,12.3
105,2014,291,406,24.17,13.23,0,0,.505,12.3
105,2014,291,412,24.19,13.03,0,0,.505,12.3
105,2014,291,418,24.2,13,0,0,.505,12.3
105,2014,291,424,24.21,12.95,0,0,.505,12.3
105,2014,291,430,24.21,13.06,0,0,.504,12.3
105,2014,291,436,24.21,12.99,0,0,.505,12.3
105,2014,291,442,24.2,12.97,0,0,.504,12.3
105,2014,291,448,24.19,12.99,0,0,.504,12.3
105,2014,291,454,24.19,12.81,0,0,.502,12.3
105,2014,291,500,24.19,12.81,0,0,.501,12.3
105,2014,291,506,24.18,12.82,0,0,.499,12.3
105,2014,291,512,24.17,12.66,0,0,.496,12.3
105,2014,291,518,24.16,12.47,0,0,.496,12.3
105,2014,291,524,24.15,12.55,0,0,.491,12.3
105,2014,291,530,24.12,12.54,0,0,.49,12.3
105,2014,291,536,24.1,12.43,0,0,.488,12.3
105,2014,291,542,24.07,12.42,0,0,.488,12.3
105,2014,291,548,24.03,12.43,0,0,.485,12.3
105,2014,291,554,23.99,12.31,0,0,.484,12.3
105,2014,291,600,23.96,12.18,0,0,.481,12.3
105,2014,291,606,23.92,12.17,0,0,.48,12.3
105,2014,291,612,23.88,12.33,0,0,.478,12.3
105,2014,291,618,23.83,12.19,0,0,.477,12.3
105,2014,291,624,23.79,12.27,0,0,.473,12.3
105,2014,291,630,23.73,12.06,0,0,.473,12.3
105,2014,291,636,23.68,12.34,0,0,.472,12.3
105,2014,291,642,23.63,11.96,0,0,.468,12.3
105,2014,291,648,23.58,11.79,0,0,.468,12.3
105,2014,291,654,23.52,11.76,0,0,.467,12.3
105,2014,291,700,23.47,11.97,0,0,.465,12.3
105,2014,291,706,23.41,11.96,0,0,.464,12.3
105,2014,291,712,23.36,12.11,0,0,.463,12.3
105,2014,291,718,23.31,11.74,0,0,.461,12.3
105,2014,291,724,23.25,11.73,0,0,.46,12.3
105,2014,291,730,23.2,11.84,0,0,.459,12.3
105,2014,291,736,23.14,11.8,0,0,.458,12.3
105,2014,291,742,23.09,11.88,0,0,.456,12.3
105,2014,291,748,23.05,11.98,0,0,.455,12.3
105,2014,291,754,23.01,12.14,0,0,.452,12.3
105,2014,291,800,22.99,12.45,0,0,.452,12.3
105,2014,291,806,22.98,13.34,0,0,.451,12.3
105,2014,291,812,22.98,14.01,0,0,.451,12.3
105,2014,291,818,23,15.06,0,0,.449,12.3
105,2014,291,824,23.06,15.81,0,0,.448,12.3
105,2014,291,830,23.16,16.42,0,0,.446,12.3
105,2014,291,836,23.3,16.88,0,0,.445,12.3
105,2014,291,842,23.47,15.73,0,0,.444,12.3
105,2014,291,848,23.66,15.8,0,0,.442,12.3
105,2014,291,854,23.85,15.93,0,0,.44,12.3
105,2014,291,900,24.04,15.78,0,0,.438,12.3
105,2014,291,906,24.22,15.5,0,0,.437,12.3
105,2014,291,912,24.4,16.08,0,0,.436,12.3
105,2014,291,918,24.57,17.46,0,0,.434,12.3
105,2014,291,924,24.75,17.2,0,0,.433,12.3
105,2014,291,930,24.94,17.31,0,0,.433,12.3
105,2014,291,936,25.14,17.62,0,0,.431,12.3
105,2014,291,942,25.36,18.27,0,0,.434,12.3
105,2014,291,948,25.59,18.8,0,0,.431,12.3
105,2014,291,954,25.83,19.6,0,0,.428,12.3
105,2014,291,1000,26.09,20.58,0,0,.426,12.3
105,2014,291,1006,26.38,20.88,0,0,.425,12.3
105,2014,291,1012,26.69,21.44,0,0,.426,12.3
105,2014,291,1018,27.02,21.02,0,0,.422,12.3
105,2014,291,1024,27.37,20.66,0,0,.421,12.3
105,2014,291,1030,27.71,21.83,0,0,.42,12.3
105,2014,291,1036,28.04,21.76,0,0,.419,12.3
105,2014,291,1042,28.37,21.96,0,0,.417,12.29
105,2014,291,1048,28.65,22.25,0,0,.416,12.29
105,2014,291,1054,28.95,22,0,0,.417,12.29
105,2014,291,1100,29.23,22.77,0,0,.416,12.29
105,2014,291,1106,29.47,22.74,0,0,.414,12.29
105,2014,291,1112,29.7,22.47,0,0,.414,12.29
105,2014,291,1118,29.88,22.81,0,0,.413,12.29
105,2014,291,1124,30.06,23.32,0,0,.412,12.29
105,2014,291,1130,30.26,23.31,0,0,.41,12.29
105,2014,291,1136,30.48,23.51,0,0,.41,12.29
105,2014,291,1142,30.69,23.74,0,0,.41,12.29
105,2014,291,1148,30.91,23.72,0,0,.408,12.29
105,2014,291,1154,31.13,23.91,0,0,.408,12.29
105,2014,291,1200,31.36,24.54,0,0,.406,12.29
105,2014,291,1206,31.58,24.29,0,0,.405,12.29
105,2014,291,1212,31.78,24.64,0,0,.404,12.29
105,2014,291,1218,31.93,24.47,0,0,.406,12.29
105,2014,291,1224,32.09,24.55,0,0,.402,12.29
105,2014,291,1230,32.23,24.23,0,0,.402,12.29
105,2014,291,1236,32.37,24.23,0,0,.402,12.29
105,2014,291,1242,32.48,23.7,0,0,.401,12.29
105,2014,291,1248,32.54,24.52,0,0,.401,12.29
105,2014,291,1254,32.61,25.69,0,0,.399,12.29
105,2014,291,1300,32.72,24.6,0,0,.397,12.29
105,2014,291,1306,32.85,23.18,0,0,.398,12.29
105,2014,291,1312,32.99,23.72,0,0,.397,12.29
105,2014,291,1318,33.12,23.3,0,0,.396,12.29
105,2014,291,1324,33.22,23.68,0,0,.396,12.29
105,2014,291,1330,33.28,23.78,0,0,.395,12.29
105,2014,291,1336,33.32,23.77,0,0,.394,12.29
105,2014,291,1342,33.39,24.69,0,0,.394,12.29
105,2014,291,1348,33.47,24.62,0,0,.394,12.29
105,2014,291,1354,33.52,24.07,0,0,.393,12.29
105,2014,291,1400,33.55,23.13,0,0,.392,12.29
105,2014,291,1406,33.55,22.26,0,0,.391,12.29
105,2014,291,1412,33.54,21.7,0,0,.391,12.29
105,2014,291,1418,33.51,21.81,0,0,.392,12.29
105,2014,291,1424,33.46,21.74,0,0,.391,12.29
105,2014,291,1430,33.39,21.76,0,0,.39,12.29
105,2014,291,1436,33.31,21.53,0,0,.39,12.29
105,2014,291,1442,33.24,21.38,0,0,.389,12.29
105,2014,291,1448,33.14,20.97,0,0,.39,12.29
105,2014,291,1454,33.02,20.92,0,0,.388,12.29
105,2014,291,1500,32.91,21.04,0,0,.386,12.29
105,2014,291,1506,32.78,20.47,0,0,.385,12.29
105,2014,291,1512,32.67,20.18,0,0,.386,12.29
105,2014,291,1518,32.56,19.66,0,0,.386,12.3
105,2014,291,1524,32.44,19.44,0,0,.385,12.3
105,2014,291,1530,32.3,19.22,0,0,.385,12.3
105,2014,291,1536,32.15,19.31,0,0,.383,12.3
105,2014,291,1542,31.99,19.16,0,0,.384,12.3
105,2014,291,1548,31.86,19.01,0,0,.383,12.3
105,2014,291,1554,31.73,18.76,0,0,.383,12.3
105,2014,291,1600,31.6,18.73,0,0,.382,12.3
105,2014,291,1606,31.46,18.75,0,0,.382,12.3
105,2014,291,1612,31.28,18.71,0,0,.381,12.3
105,2014,291,1618,31.1,18.81,0,0,.38,12.3
105,2014,291,1624,30.94,18.7,0,0,.38,12.3
105,2014,291,1630,30.79,18.58,0,0,.38,12.3
105,2014,291,1636,30.65,18.65,0,0,.38,12.3
105,2014,291,1642,30.53,18.49,0,0,.378,12.3
105,2014,291,1648,30.42,18.57,0,0,.377,12.3
105,2014,291,1654,30.29,18.41,0,0,.377,12.3
105,2014,291,1700,30.15,18.23,0,0,.377,12.3
105,2014,291,1706,30.03,18.01,0,0,.378,12.3
105,2014,291,1712,29.91,17.79,0,0,.376,12.3
105,2014,291,1718,29.76,17.64,0,0,.376,12.3
105,2014,291,1724,29.61,17.65,0,0,.376,12.3
105,2014,291,1730,29.48,17.42,0,0,.375,12.3
105,2014,291,1736,29.37,17.28,0,0,.374,12.3
105,2014,291,1742,29.24,17.09,0,0,.373,12.3
105,2014,291,1748,29.09,16.85,0,0,.373,12.3
105,2014,291,1754,28.93,16.54,0,0,.373,12.3
105,2014,291,1800,28.72,16.32,0,0,.373,12.3
105,2014,291,1806,28.48,16.03,0,0,.372,12.3
105,2014,291,1812,28.24,15.76,0,0,.372,12.3
105,2014,291,1818,28.02,15.53,0,0,.372,12.3
105,2014,291,1824,27.79,15.25,0,0,.371,12.3
105,2014,291,1830,27.56,14.98,0,0,.371,12.3
105,2014,291,1836,27.35,14.65,0,0,.369,12.3
105,2014,291,1842,27.15,14.49,0,0,.369,12.3
105,2014,291,1848,26.97,14.18,0,0,.369,12.3
105,2014,291,1854,26.79,14.11,0,0,.369,12.3
105,2014,291,1900,26.61,13.76,0,0,.369,12.3
105,2014,291,1906,26.43,13.67,0,0,.369,12.3
105,2014,291,1912,26.24,13.48,0,0,.368,12.3
105,2014,291,1918,26.07,13.3,0,0,.367,12.3
105,2014,291,1924,25.91,13.27,0,0,.367,12.3
105,2014,291,1930,25.75,13.5,0,0,.362,12.3
105,2014,291,1936,25.6,13.56,0,0,.366,12.3
105,2014,291,1942,25.43,13.62,0,0,.367,12.3
105,2014,291,1948,25.26,13.32,0,0,.366,12.3
105,2014,291,1954,25.08,13.27,0,0,.367,12.3
105,2014,291,2000,24.91,13.34,0,0,.366,12.3
105,2014,291,2006,24.76,12.86,0,0,.364,12.3
105,2014,291,2012,24.61,12.88,0,0,.364,12.3
105,2014,291,2018,24.48,12.62,0,0,.363,12.3
105,2014,291,2024,24.36,12.36,0,0,.365,12.3
105,2014,291,2030,24.25,12.29,0,0,.363,12.3
105,2014,291,2036,24.14,12.17,0,0,.363,12.3
105,2014,291,2042,24.02,11.99,0,0,.362,12.3
105,2014,291,2048,23.91,11.68,0,0,.363,12.3
105,2014,291,2054,23.8,11.67,0,0,.364,12.3
105,2014,291,2100,23.69,11.82,0,0,.363,12.3
105,2014,291,2106,23.58,11.54,0,0,.363,12.3
105,2014,291,2112,23.48,11.41,0,0,.362,12.3
105,2014,291,2118,23.38,11.27,0,0,.362,12.3
105,2014,291,2124,23.28,11.17,0,0,.363,12.3
105,2014,291,2130,23.18,10.85,0,0,.363,12.3
105,2014,291,2136,23.08,10.85,0,0,.363,12.3
105,2014,291,2142,22.97,10.83,0,0,.361,12.3
105,2014,291,2148,22.87,11.09,0,0,.361,12.3
105,2014,291,2154,22.76,11.16,0,0,.362,12.3
105,2014,291,2200,22.66,11.16,0,0,.361,12.3
105,2014,291,2206,22.56,10.99,0,0,.361,12.3
105,2014,291,2212,22.47,10.94,0,0,.361,12.31
105,2014,291,2218,22.37,11.1,0,0,.359,12.3
105,2014,291,2224,22.28,10.76,0,0,.359,12.3
105,2014,291,2230,22.2,10.41,0,0,.359,12.3
105,2014,291,2236,22.12,10.36,0,0,.359,12.3
105,2014,291,2242,22.05,10.46,0,0,.358,12.3
105,2014,291,2248,21.98,10.05,0,0,.358,12.3
105,2014,291,2254,21.91,9.6,0,0,.358,12.3
105,2014,291,2300,21.84,9.63,0,0,.358,12.3
105,2014,291,2306,21.76,9.75,0,0,.358,12.3
105,2014,291,2312,21.68,9.94,0,0,.358,12.3
105,2014,291,2318,21.6,9.89,0,0,.358,12.31
105,2014,291,2324,21.52,9.92,0,0,.358,12.31
105,2014,291,2330,21.43,9.69,0,0,.357,12.31
105,2014,291,2336,21.36,9.88,0,0,.356,12.3
105,2014,291,2342,21.29,10.03,0,0,.357,12.31
105,2014,291,2348,21.23,9.7,0,0,.356,12.3
105,2014,291,2354,21.18,9.37,0,0,.356,12.31
105,2014,292,0,21.12,9.32,0,0,.356,12.31
105,2014,292,6,21.07,9.45,0,0,.355,12.31
105,2014,292,12,21.01,9.28,0,0,.354,12.31
105,2014,292,18,20.95,9.18,0,0,.355,12.31
105,2014,292,24,20.89,8.96,0,0,.354,12.31
105,2014,292,30,20.83,9.29,0,0,.353,12.3
105,2014,292,36,20.77,9.25,0,0,.353,12.31
105,2014,292,42,20.71,9.28,0,0,.354,12.31
105,2014,292,48,20.66,9.5,0,0,.353,12.31
105,2014,292,54,20.61,9.44,0,0,.352,12.31
105,2014,292,100,20.57,9.22,0,0,.353,12.31
105,2014,292,106,20.53,9.09,0,0,.352,12.31
105,2014,292,112,20.49,9.17,0,0,.351,12.3
105,2014,292,118,20.46,9.14,0,0,.35,12.31
105,2014,292,124,20.43,9.14,0,0,.35,12.31
105,2014,292,130,20.39,8.93,0,0,.35,12.31
105,2014,292,136,20.36,8.97,0,0,.35,12.31
105,2014,292,142,20.33,9.01,0,0,.349,12.31
105,2014,292,148,20.29,8.98,0,0,.349,12.31
105,2014,292,154,20.25,8.96,0,0,.349,12.31
105,2014,292,200,20.22,9.08,0,0,.349,12.31
105,2014,292,206,20.19,9.12,0,0,.349,12.31
105,2014,292,212,20.17,8.9,0,0,.349,12.31
105,2014,292,218,20.15,8.89,0,0,.348,12.31
105,2014,292,224,20.14,8.93,0,0,.347,12.31
105,2014,292,230,20.12,8.88,0,0,.347,12.31
105,2014,292,236,20.11,8.82,0,0,.348,12.31
105,2014,292,242,20.08,8.97,0,0,.347,12.31
105,2014,292,248,20.07,9.23,0,0,.347,12.31
105,2014,292,254,20.06,9.12,0,0,.346,12.31
105,2014,292,300,20.06,9.24,0,0,.346,12.31
105,2014,292,306,20.06,9.17,0,0,.345,12.31
105,2014,292,312,20.06,9.26,0,0,.346,12.31
105,2014,292,318,20.06,9.46,0,0,.346,12.31
105,2014,292,324,20.07,9.58,0,0,.346,12.31
105,2014,292,330,20.09,9.7,0,0,.346,12.31
105,2014,292,336,20.12,9.81,0,0,.344,12.31
105,2014,292,342,20.16,9.94,0,0,.344,12.31
105,2014,292,348,20.2,10.13,0,0,.344,12.31
105,2014,292,354,20.25,10.33,0,0,.344,12.31
105,2014,292,400,20.29,10.42,0,0,.343,12.31
105,2014,292,406,20.35,10.48,0,0,.344,12.31
105,2014,292,412,20.4,10.62,0,0,.344,12.31
105,2014,292,418,20.45,10.65,0,0,.343,12.31
105,2014,292,424,20.49,10.66,0,0,.343,12.31
105,2014,292,430,20.54,10.73,0,0,.343,12.31
105,2014,292,436,20.59,10.81,0,0,.344,12.31
105,2014,292,442,20.63,10.75,0,0,.343,12.31
105,2014,292,448,20.66,10.77,0,0,.344,12.31
105,2014,292,454,20.7,10.81,0,0,.344,12.3
105,2014,292,500,20.74,10.73,0,0,.344,12.3
105,2014,292,506,20.77,10.71,0,0,.344,12.3
105,2014,292,512,20.8,10.76,0,0,.344,12.3
105,2014,292,518,20.82,10.71,0,0,.344,12.31
105,2014,292,524,20.83,10.65,0,0,.342,12.3
105,2014,292,530,20.83,10.7,0,0,.342,12.31
105,2014,292,536,20.81,10.69,0,0,.342,12.31
105,2014,292,542,20.79,10.73,0,0,.341,12.31
105,2014,292,548,20.78,10.67,0,0,.341,12.31
105,2014,292,554,20.78,10.68,0,0,.342,12.3
105,2014,292,600,20.77,10.75,0,0,.342,12.31
105,2014,292,606,20.75,10.74,0,0,.341,12.31
105,2014,292,612,20.73,10.62,0,0,.342,12.31
105,2014,292,618,20.71,10.45,0,0,.342,12.31
105,2014,292,624,20.69,10.41,0,0,.341,12.31
105,2014,292,630,20.64,10.32,0,0,.34,12.31
105,2014,292,636,20.58,10.11,0,0,.339,12.31
105,2014,292,642,20.52,10.12,0,0,.34,12.31
105,2014,292,648,20.46,10,0,0,.339,12.31
105,2014,292,654,20.42,9.68,0,0,.339,12.31
105,2014,292,700,20.36,9.55,0,0,.339,12.31
105,2014,292,706,20.29,9.52,0,0,.338,12.31
105,2014,292,712,20.21,9.64,0,0,.338,12.31
105,2014,292,718,20.11,9.51,0,0,.338,12.31
105,2014,292,724,20.02,9.82,0,0,.338,12.31
105,2014,292,730,19.9,9.67,0,0,.338,12.31
105,2014,292,736,19.78,9.74,0,0,.337,12.31
105,2014,292,742,19.7,9.54,0,0,.338,12.31
105,2014,292,748,19.64,9.27,0,0,.337,12.31
105,2014,292,754,19.6,9.48,0,0,.337,12.31
105,2014,292,800,19.58,9.82,0,0,.337,12.31
105,2014,292,806,19.58,9.94,0,0,.337,12.31
105,2014,292,812,19.58,10.08,0,0,.337,12.31
105,2014,292,818,19.58,10.15,0,0,.336,12.31
105,2014,292,824,19.6,10.24,0,0,.336,12.31
105,2014,292,830,19.62,10.42,0,0,.335,12.31
105,2014,292,836,19.65,10.57,0,0,.334,12.31
105,2014,292,842,19.66,10.62,0,0,.334,12.31
105,2014,292,848,19.65,10.29,0,0,.335,12.31
105,2014,292,854,19.63,10.64,0,0,.335,12.31
105,2014,292,900,19.55,12.17,0,0,.334,12.31
105,2014,292,906,19.43,13.13,0,0,.333,12.31
105,2014,292,912,19.3,12.26,0,0,.332,12.31
105,2014,292,918,19.18,12.01,0,0,.333,12.31
105,2014,292,924,19.11,11.54,0,0,.334,12.31
105,2014,292,930,19.06,11.17,0,0,.333,12.31
105,2014,292,936,19.03,11.9,0,0,.333,12.31
105,2014,292,942,19.02,13.06,0,0,.332,12.31
105,2014,292,948,19.02,13.28,0,0,.332,12.31
105,2014,292,954,19.02,14.09,0,0,.332,12.31
105,2014,292,1000,19.05,13.87,0,0,.331,12.31
105,2014,292,1006,19.09,13.95,0,0,.331,12.31
105,2014,292,1012,19.15,14.44,0,0,.331,12.31
105,2014,292,1018,19.28,14.36,0,0,.331,12.31
105,2014,292,1024,19.43,14.31,0,0,.331,12.31
105,2014,292,1030,19.56,13.69,0,0,.331,12.31
105,2014,292,1036,19.63,14.37,0,0,.331,12.31
105,2014,292,1042,19.68,14.27,0,0,.33,12.31
105,2014,292,1048,19.73,14.41,0,0,.329,12.31
105,2014,292,1054,19.8,14.42,0,0,.329,12.31
105,2014,292,1100,19.87,14.36,0,0,.33,12.31
105,2014,292,1106,19.93,14.87,0,0,.329,12.31
105,2014,292,1112,20.01,15.03,0,0,.33,12.3
105,2014,292,1118,20.14,14.68,0,0,.329,12.31
105,2014,292,1124,20.27,15.22,0,0,.329,12.3
105,2014,292,1130,20.4,14.94,0,0,.329,12.31
105,2014,292,1136,20.51,14.67,0,0,.33,12.31
105,2014,292,1142,20.58,14.98,0,0,.329,12.31
105,2014,292,1148,20.62,14.67,0,0,.33,12.31
105,2014,292,1154,20.64,15.33,0,0,.329,12.3
105,2014,292,1200,20.69,15.1,0,0,.328,12.3
105,2014,292,1206,20.74,14.92,0,0,.328,12.3
105,2014,292,1212,20.76,15.42,0,0,.328,12.3
105,2014,292,1218,20.81,15.55,0,0,.328,12.3
105,2014,292,1224,20.87,15.18,0,0,.328,12.3
105,2014,292,1230,20.97,15.82,0,0,.328,12.3
105,2014,292,1236,21.09,16.12,0,0,.328,12.3
105,2014,292,1242,21.24,15.65,0,0,.328,12.3
105,2014,292,1248,21.39,16.26,0,0,.327,12.3
105,2014,292,1254,21.54,16.09,0,0,.326,12.3
105,2014,292,1300,21.69,16.25,0,0,.326,12.3
105,2014,292,1306,21.88,15.97,0,0,.326,12.3
105,2014,292,1312,22.04,16.47,0,0,.326,12.3
105,2014,292,1318,22.18,16.58,0,0,.326,12.3
105,2014,292,1324,22.33,16.35,0,0,.325,12.3
105,2014,292,1330,22.47,16.09,0,0,.324,12.3
105,2014,292,1336,22.52,16.44,0,0,.325,12.3
105,2014,292,1342,22.56,16.97,0,0,.325,12.3
105,2014,292,1348,22.66,16.23,0,0,.325,12.3
105,2014,292,1354,22.73,16.4,0,0,.325,12.3
105,2014,292,1400,22.76,15.95,0,0,.325,12.3
105,2014,292,1406,22.8,16.25,0,0,.323,12.3
105,2014,292,1412,22.88,16.38,0,0,.323,12.3
105,2014,292,1418,23,16.77,0,0,.323,12.3
105,2014,292,1424,23.16,16.1,0,0,.323,12.3
105,2014,292,1430,23.32,15.85,0,0,.323,12.3
105,2014,292,1436,23.47,15.93,0,0,.322,12.3
105,2014,292,1442,23.6,16.1,0,0,.322,12.3
105,2014,292,1448,23.73,15.9,0,0,.321,12.3
105,2014,292,1454,23.87,14.71,0,0,.321,12.3
105,2014,292,1500,23.98,14.02,0,0,.321,12.3
105,2014,292,1506,24.02,13.57,0,0,.321,12.3
105,2014,292,1512,24.05,13.38,0,0,.32,12.3
105,2014,292,1518,24.04,13.14,0,0,.32,12.3
105,2014,292,1524,23.98,13.03,0,0,.32,12.3
105,2014,292,1530,23.92,12.93,0,0,.32,12.3
105,2014,292,1536,23.86,12.99,0,0,.32,12.3
105,2014,292,1542,23.78,12.85,0,0,.32,12.3
105,2014,292,1548,23.69,12.81,0,0,.319,12.3
105,2014,292,1554,23.59,12.82,0,0,.321,12.3
105,2014,292,1600,23.49,12.88,0,0,.32,12.3
105,2014,292,1606,23.39,12.82,0,0,.322,12.3
105,2014,292,1612,23.26,12.64,0,0,.321,12.3
105,2014,292,1618,23.14,12.67,0,0,.321,12.3
105,2014,292,1624,23.03,12.65,0,0,.321,12.3
105,2014,292,1630,22.93,12.62,0,0,.32,12.31
105,2014,292,1636,22.83,12.57,0,0,.32,12.31
105,2014,292,1642,22.72,12.46,0,0,.32,12.31
105,2014,292,1648,22.62,12.43,0,0,.32,12.3
105,2014,292,1654,22.52,12.34,0,0,.32,12.3
105,2014,292,1700,22.45,12.46,0,0,.32,12.3
105,2014,292,1706,22.37,12.29,0,0,.32,12.3
105,2014,292,1712,22.31,12.03,0,0,.319,12.3
105,2014,292,1718,22.26,11.68,0,0,.319,12.3
105,2014,292,1724,22.23,11.7,0,0,.319,12.3
105,2014,292,1730,22.2,11.89,0,0,.319,12.3
105,2014,292,1736,22.16,11.62,0,0,.32,12.3
105,2014,292,1742,22.13,11.5,0,0,.32,12.3
105,2014,292,1748,22.1,11.47,0,0,.32,12.3
105,2014,292,1754,22.06,11.51,0,0,.319,12.3
105,2014,292,1800,22.02,11.49,0,0,.319,12.3
105,2014,292,1806,21.98,11.21,0,0,.32,12.3
105,2014,292,1812,21.93,11.19,0,0,.319,12.3
105,2014,292,1818,21.88,11.03,0,0,.318,12.3
105,2014,292,1824,21.82,10.94,0,0,.317,12.3
105,2014,292,1830,21.76,10.83,0,0,.317,12.3
105,2014,292,1836,21.69,10.71,0,0,.317,12.3
105,2014,292,1842,21.62,10.58,0,0,.318,12.3
105,2014,292,1848,21.54,10.47,0,0,.317,12.3
105,2014,292,1854,21.45,10.21,0,0,.318,12.3
105,2014,292,1900,21.37,10.02,0,0,.318,12.3
105,2014,292,1906,21.28,9.89,0,0,.317,12.31
105,2014,292,1912,21.19,9.72,0,0,.317,12.31
105,2014,292,1918,21.09,9.5,0,0,.317,12.31
105,2014,292,1924,20.98,8.71,0,0,.316,12.31
105,2014,292,1930,20.87,8.03,0,0,.316,12.31
105,2014,292,1936,20.76,7.73,0,0,.315,12.31
105,2014,292,1942,20.63,7.84,0,0,.316,12.31
105,2014,292,1948,20.5,7.44,0,0,.316,12.31
105,2014,292,1954,20.37,7.35,0,0,.315,12.31
105,2014,292,2000,20.24,7.45,0,0,.315,12.31
105,2014,292,2006,20.1,7.86,0,0,.314,12.31
105,2014,292,2012,19.97,7.09,0,0,.314,12.31
105,2014,292,2018,19.83,6.85,0,0,.313,12.31
105,2014,292,2024,19.7,6.784,0,0,.314,12.31
105,2014,292,2030,19.58,6.471,0,0,.314,12.31
105,2014,292,2036,19.44,6.63,0,0,.313,12.31
105,2014,292,2042,19.3,6.447,0,0,.312,12.31
105,2014,292,2048,19.17,6.62,0,0,.312,12.31
105,2014,292,2054,19.04,6.094,0,0,.311,12.31
105,2014,292,2100,18.92,6.305,0,0,.312,12.31
105,2014,292,2106,18.8,6.402,0,0,.31,12.31
105,2014,292,2112,18.68,6.701,0,0,.31,12.31
105,2014,292,2118,18.56,5.904,0,0,.31,12.31
105,2014,292,2124,18.44,5.836,0,0,.31,12.31
105,2014,292,2130,18.32,6.128,0,0,.31,12.31
105,2014,292,2136,18.2,6.204,0,0,.31,12.31
105,2014,292,2142,18.08,5.591,0,0,.311,12.31
105,2014,292,2148,17.97,5.817,0,0,.31,12.31
105,2014,292,2154,17.86,5.553,0,0,.31,12.31
105,2014,292,2200,17.75,5.29,0,0,.31,12.31
105,2014,292,2206,17.65,5.404,0,0,.309,12.31
105,2014,292,2212,17.54,5.214,0,0,.31,12.31
105,2014,292,2218,17.45,5.151,0,0,.309,12.31
105,2014,292,2224,17.35,5.992,0,0,.309,12.31
105,2014,292,2230,17.27,6.181,0,0,.309,12.31
105,2014,292,2236,17.19,5.381,0,0,.309,12.31
105,2014,292,2242,17.12,5.527,0,0,.309,12.31
105,2014,292,2248,17.05,5.127,0,0,.309,12.31
105,2014,292,2254,16.98,5.577,0,0,.309,12.31
105,2014,292,2300,16.92,5.042,0,0,.309,12.31
105,2014,292,2306,16.85,4.792,0,0,.309,12.31
105,2014,292,2312,16.79,4.891,0,0,.309,12.31
105,2014,292,2318,16.72,4.986,0,0,.309,12.31
105,2014,292,2324,16.65,4.659,0,0,.309,12.31
105,2014,292,2330,16.59,5.45,0,0,.308,12.31
105,2014,292,2336,16.52,4.959,0,0,.308,12.31
105,2014,292,2342,16.46,5.168,0,0,.307,12.31
105,2014,292,2348,16.4,4.698,0,0,.308,12.31
105,2014,292,2354,16.35,4.581,0,0,.307,12.31
105,2014,293,0,16.29,4.558,0,0,.308,12.31
105,2014,293,6,16.24,4.567,0,0,.307,12.31
105,2014,293,12,16.19,4.547,0,0,.307,12.31
105,2014,293,18,16.14,4.382,0,0,.308,12.31
105,2014,293,24,16.1,4.498,0,0,.307,12.31
105,2014,293,30,16.05,4.433,0,0,.306,12.31
105,2014,293,36,15.99,4.233,0,0,.306,12.31
105,2014,293,42,15.94,4.694,0,0,.306,12.31
105,2014,293,48,15.9,4.097,0,0,.307,12.31
105,2014,293,54,15.86,4.044,0,0,.306,12.31
105,2014,293,100,15.81,4.121,0,0,.306,12.31
105,2014,293,106,15.76,4.262,0,0,.306,12.31
105,2014,293,112,15.71,4.026,0,0,.307,12.31
105,2014,293,118,15.67,3.861,0,0,.306,12.31
105,2014,293,124,15.62,4.131,0,0,.307,12.31
105,2014,293,130,15.56,3.891,0,0,.306,12.31
105,2014,293,136,15.51,3.882,0,0,.307,12.31
105,2014,293,142,15.46,3.753,0,0,.306,12.31
105,2014,293,148,15.41,3.556,0,0,.306,12.31
105,2014,293,154,15.36,3.798,0,0,.306,12.31
105,2014,293,200,15.31,3.604,0,0,.306,12.31
105,2014,293,206,15.26,3.291,0,0,.307,12.31
105,2014,293,212,15.21,3.363,0,0,.305,12.31
105,2014,293,218,15.16,3.708,0,0,.304,12.31
105,2014,293,224,15.11,3.49,0,0,.305,12.31
105,2014,293,230,15.06,3.314,0,0,.304,12.31
105,2014,293,236,15.02,3.337,0,0,.304,12.31
105,2014,293,242,14.97,3.491,0,0,.304,12.31
105,2014,293,248,14.92,3.399,0,0,.304,12.31
105,2014,293,254,14.87,3.404,0,0,.304,12.31
105,2014,293,300,14.84,3.938,0,0,.304,12.31
105,2014,293,306,14.8,3.384,0,0,.303,12.31
105,2014,293,312,14.76,3.803,0,0,.304,12.31
105,2014,293,318,14.72,3.816,0,0,.304,12.31
105,2014,293,324,14.68,3.024,0,0,.304,12.31
105,2014,293,330,14.64,3.863,0,0,.303,12.31
105,2014,293,336,14.61,4.038,0,0,.302,12.31
105,2014,293,342,14.59,3.967,0,0,.303,12.31
105,2014,293,348,14.56,3.273,0,0,.302,12.31
105,2014,293,354,14.53,2.952,0,0,.303,12.31
105,2014,293,400,14.5,3.117,0,0,.303,12.31
105,2014,293,406,14.47,2.866,0,0,.303,12.31
105,2014,293,412,14.43,2.717,0,0,.302,12.31
105,2014,293,418,14.39,2.939,0,0,.303,12.31
105,2014,293,424,14.35,2.733,0,0,.303,12.31
105,2014,293,430,14.3,2.634,0,0,.302,12.31
105,2014,293,436,14.25,2.642,0,0,.303,12.31
105,2014,293,442,14.2,2.76,0,0,.303,12.31
105,2014,293,448,14.14,2.552,0,0,.302,12.31
105,2014,293,454,14.09,2.601,0,0,.302,12.31
105,2014,293,500,14.03,2.874,0,0,.301,12.31
105,2014,293,506,13.99,2.766,0,0,.301,12.31
105,2014,293,512,13.94,2.963,0,0,.301,12.31
105,2014,293,518,13.89,2.534,0,0,.301,12.31
105,2014,293,524,13.85,2.691,0,0,.301,12.31
105,2014,293,530,13.81,2.62,0,0,.301,12.31
105,2014,293,536,13.78,3.127,0,0,.301,12.31
105,2014,293,542,13.74,2.965,0,0,.301,12.31
105,2014,293,548,13.71,2.884,0,0,.301,12.31
105,2014,293,554,13.69,2.776,0,0,.301,12.31
105,2014,293,600,13.66,2.631,0,0,.301,12.31
105,2014,293,606,13.64,2.498,0,0,.301,12.31
105,2014,293,612,13.61,2.607,0,0,.301,12.31
105,2014,293,618,13.6,2.582,0,0,.301,12.31
105,2014,293,624,13.58,2.771,0,0,.301,12.31
105,2014,293,630,13.57,3.22,0,0,.301,12.31
105,2014,293,636,13.56,3.208,0,0,.301,12.31
105,2014,293,642,13.56,2.738,0,0,.301,12.31
105,2014,293,648,13.56,3.035,0,0,.301,12.31
105,2014,293,654,13.55,2.605,0,0,.3,12.31
105,2014,293,700,13.54,2.863,0,0,.299,12.31
105,2014,293,706,13.52,2.446,0,0,.299,12.31
105,2014,293,712,13.49,2.751,0,0,.3,12.31
105,2014,293,718,13.47,2.476,0,0,.3,12.31
105,2014,293,724,13.44,2.408,0,0,.299,12.31
105,2014,293,730,13.41,2.441,0,0,.299,12.31
105,2014,293,736,13.39,3.128,0,0,.299,12.31
105,2014,293,742,13.37,2.902,0,0,.299,12.31
105,2014,293,748,13.35,2.741,0,0,.299,12.31
105,2014,293,754,13.34,3.038,0,0,.298,12.31
105,2014,293,800,13.32,3.556,0,0,.299,12.31
105,2014,293,806,13.31,4.852,0,0,.299,12.31
105,2014,293,812,13.33,6.493,0,0,.298,12.31
105,2014,293,818,13.37,7.36,0,0,.299,12.31
105,2014,293,824,13.47,7.97,0,0,.298,12.31
105,2014,293,830,13.6,8.05,0,0,.298,12.31
105,2014,293,836,13.78,9.11,0,0,.298,12.31
105,2014,293,842,13.99,10.42,0,0,.297,12.31
105,2014,293,848,14.24,10.92,0,0,.296,12.31
105,2014,293,854,14.54,10.63,0,0,.296,12.31
105,2014,293,900,14.86,12.45,0,0,.295,12.31
105,2014,293,906,15.21,13.15,0,0,.295,12.31
105,2014,293,912,15.61,12.76,0,0,.295,12.31
105,2014,293,918,16.01,13.18,0,0,.295,12.31
105,2014,293,924,16.44,12.35,0,0,.294,12.31
105,2014,293,930,16.85,12.63,0,0,.293,12.31
105,2014,293,936,17.24,13.36,0,0,.294,12.31
105,2014,293,942,17.61,12.74,0,0,.294,12.31
105,2014,293,948,17.98,13.83,0,0,.294,12.3
105,2014,293,954,18.35,15.19,0,0,.294,12.3
105,2014,293,1000,18.72,16.03,0,0,.293,12.3
105,2014,293,1006,19.13,15.88,0,0,.293,12.3
105,2014,293,1012,19.56,17.1,0,0,.292,12.3
105,2014,293,1018,20.03,16.5,0,0,.293,12.3
105,2014,293,1024,20.51,17.28,0,0,.293,12.3
105,2014,293,1030,20.98,17.85,0,0,.294,12.3
105,2014,293,1036,21.44,18.31,0,0,.294,12.3
105,2014,293,1042,21.89,17.12,0,0,.294,12.3
105,2014,293,1048,22.32,16.01,0,0,.295,12.3
105,2014,293,1054,22.7,16.19,0,0,.294,12.3
105,2014,293,1100,23.05,17.9,0,0,.294,12.3
105,2014,293,1106,23.37,18.85,0,0,.293,12.3
105,2014,293,1112,23.71,19.12,0,0,.293,12.3
105,2014,293,1118,24.03,19.36,0,0,.292,12.3
105,2014,293,1124,24.34,20.28,0,0,.292,12.3
105,2014,293,1130,24.66,19.24,0,0,.291,12.3
105,2014,293,1136,24.98,19.54,0,0,.289,12.3
105,2014,293,1142,25.32,19.35,0,0,.29,12.3
105,2014,293,1148,25.62,19.35,0,0,.29,12.3
105,2014,293,1154,25.88,19.52,0,0,.289,12.3
105,2014,293,1200,26.13,19.56,0,0,.289,12.3
105,2014,293,1206,26.35,18.5,0,0,.289,12.3
105,2014,293,1212,26.58,18.81,0,0,.289,12.3
105,2014,293,1218,26.79,19.63,0,0,.289,12.3
105,2014,293,1224,26.99,19.56,0,0,.289,12.3
105,2014,293,1230,27.14,19.84,0,0,.289,12.3
105,2014,293,1236,27.28,19.75,0,0,.289,12.3
105,2014,293,1242,27.42,20.15,0,0,.289,12.3
105,2014,293,1248,27.56,21.44,0,0,.289,12.3
105,2014,293,1254,27.71,20.8,0,0,.287,12.3
105,2014,293,1300,27.9,20.85,0,0,.287,12.3
105,2014,293,1306,28.1,21.25,0,0,.287,12.3
105,2014,293,1312,28.31,21.61,0,0,.287,12.3
105,2014,293,1318,28.54,22.12,0,0,.287,12.3
105,2014,293,1324,28.76,21.45,0,0,.287,12.3
105,2014,293,1330,28.98,22.13,0,0,.287,12.3
105,2014,293,1336,29.17,21.94,0,0,.287,12.29
105,2014,293,1342,29.36,21.12,0,0,.287,12.29
105,2014,293,1348,29.53,21.32,0,0,.287,12.29
105,2014,293,1354,29.68,21.22,0,0,.287,12.3
105,2014,293,1400,29.83,21.47,0,0,.287,12.3
105,2014,293,1406,29.96,21.67,0,0,.287,12.3
105,2014,293,1412,30.06,20.4,0,0,.286,12.3
105,2014,293,1418,30.16,20.82,0,0,.286,12.29
105,2014,293,1424,30.26,21.24,0,0,.286,12.29
105,2014,293,1430,30.36,22.11,0,0,.286,12.29
105,2014,293,1436,30.45,22.15,0,0,.286,12.29
105,2014,293,1442,30.55,21.7,0,0,.286,12.29
105,2014,293,1448,30.66,20.76,0,0,.286,12.3
105,2014,293,1454,30.76,19.74,0,0,.285,12.3
105,2014,293,1500,30.83,19.59,0,0,.285,12.3
105,2014,293,1506,30.85,18.78,0,0,.285,12.3
105,2014,293,1512,30.86,19.59,0,0,.285,12.3
105,2014,293,1518,30.84,19.14,0,0,.284,12.3
105,2014,293,1524,30.79,18.58,0,0,.284,12.3
105,2014,293,1530,30.72,18.24,0,0,.284,12.3
105,2014,293,1536,30.62,18.16,0,0,.284,12.3
105,2014,293,1542,30.51,17.91,0,0,.284,12.3
105,2014,293,1548,30.39,18.19,0,0,.284,12.3
105,2014,293,1554,30.26,18.18,0,0,.284,12.3
105,2014,293,1600,30.12,18.02,0,0,.284,12.3
105,2014,293,1606,29.97,17.69,0,0,.284,12.3
105,2014,293,1612,29.83,17.43,0,0,.284,12.3
105,2014,293,1618,29.69,17.54,0,0,.284,12.3
105,2014,293,1624,29.55,17.13,0,0,.284,12.3
105,2014,293,1630,29.43,17.51,0,0,.284,12.3
105,2014,293,1636,29.31,16.9,0,0,.284,12.3
105,2014,293,1642,29.21,16.97,0,0,.284,12.3
105,2014,293,1648,29.1,16.59,0,0,.284,12.3
105,2014,293,1654,29,16.6,0,0,.284,12.3
105,2014,293,1700,28.9,16.72,0,0,.288,12.3
105,2014,293,1706,28.82,16.91,0,0,.304,12.3
105,2014,293,1712,28.74,16.72,0,0,.318,12.3
105,2014,293,1718,28.67,16.85,0,0,.334,12.3
105,2014,293,1724,28.6,16.6,0,0,.356,12.3
105,2014,293,1730,28.53,16.48,0,0,.378,12.3
105,2014,293,1736,28.48,16.22,0,0,.393,12.3
105,2014,293,1742,28.41,16.29,0,0,.405,12.3
105,2014,293,1748,28.34,15.73,0,0,.416,12.3
105,2014,293,1754,28.27,15.69,0,0,.422,12.3
105,2014,293,1800,28.18,15.49,0,0,.43,12.3
105,2014,293,1806,28.08,15.15,0,0,.437,12.3
105,2014,293,1812,27.98,14.87,0,0,.444,12.3
105,2014,293,1818,27.86,14.43,0,0,.451,12.3
105,2014,293,1824,27.73,14.41,0,0,.456,12.3
105,2014,293,1830,27.59,14.15,0,0,.459,12.3
105,2014,293,1836,27.45,14.03,0,0,.462,12.3
105,2014,293,1842,27.29,13.83,0,0,.462,12.3
105,2014,293,1848,27.13,13.55,0,0,.463,12.3
105,2014,293,1854,26.96,13.52,0,0,.463,12.3
105,2014,293,1900,26.8,13.5,0,0,.463,12.3
105,2014,293,1906,26.63,13.16,0,0,.462,12.3
105,2014,293,1912,26.45,13.1,0,0,.463,12.3
105,2014,293,1918,26.28,12.85,0,0,.463,12.3
105,2014,293,1924,26.11,12.8,0,0,.463,12.3
105,2014,293,1930,25.95,12.81,0,0,.463,12.3
105,2014,293,1936,25.78,12.75,0,0,.463,12.3
105,2014,293,1942,25.62,12.5,0,0,.462,12.3
105,2014,293,1948,25.46,12.26,0,0,.463,12.3
105,2014,293,1954,25.32,12.4,0,0,.463,12.3
105,2014,293,2000,25.18,12.37,0,0,.462,12.3
105,2014,293,2006,25.04,12.35,0,0,.462,12.3
105,2014,293,2012,24.91,12.24,0,0,.461,12.3
105,2014,293,2018,24.78,12.21,0,0,.461,12.3
105,2014,293,2024,24.66,11.87,0,0,.458,12.3
105,2014,293,2030,24.54,11.58,0,0,.457,12.3
105,2014,293,2036,24.43,11.74,0,0,.457,12.3
105,2014,293,2042,24.31,11.82,0,0,.455,12.3
105,2014,293,2048,24.2,11.85,0,0,.454,12.3
105,2014,293,2054,24.08,11.77,0,0,.453,12.3
105,2014,293,2100,23.97,11.81,0,0,.452,12.3
105,2014,293,2106,23.87,11.73,0,0,.45,12.3
105,2014,293,2112,23.76,11.61,0,0,.45,12.3
105,2014,293,2118,23.67,11.75,0,0,.448,12.3
105,2014,293,2124,23.58,11.65,0,0,.448,12.3
105,2014,293,2130,23.49,11.35,0,0,.447,12.3
105,2014,293,2136,23.41,11.35,0,0,.446,12.3
105,2014,293,2142,23.32,11.28,0,0,.445,12.3
105,2014,293,2148,23.23,11.26,0,0,.444,12.3
105,2014,293,2154,23.15,11.19,0,0,.444,12.3
105,2014,293,2200,23.06,10.98,0,0,.442,12.3
105,2014,293,2206,22.98,10.87,0,0,.44,12.3
105,2014,293,2212,22.9,11.07,0,0,.44,12.3
105,2014,293,2218,22.81,11.18,0,0,.438,12.3
105,2014,293,2224,22.73,11.21,0,0,.437,12.3
105,2014,293,2230,22.65,10.99,0,0,.436,12.3
105,2014,293,2236,22.57,11.12,0,0,.435,12.3
105,2014,293,2242,22.5,11.21,0,0,.435,12.3
105,2014,293,2248,22.44,11.2,0,0,.433,12.3
105,2014,293,2254,22.39,11.13,0,0,.433,12.3
105,2014,293,2300,22.35,10.97,0,0,.431,12.3
105,2014,293,2306,22.32,11.14,0,0,.431,12.3
105,2014,293,2312,22.3,10.87,0,0,.43,12.3
105,2014,293,2318,22.28,10.96,0,0,.429,12.3
105,2014,293,2324,22.27,11.05,0,0,.427,12.3
105,2014,293,2330,22.26,11.02,0,0,.427,12.3
105,2014,293,2336,22.25,11.1,0,0,.426,12.3
105,2014,293,2342,22.24,11.21,0,0,.425,12.3
105,2014,293,2348,22.23,11.27,0,0,.424,12.3
105,2014,293,2354,22.23,11.34,0,0,.423,12.3
105,2014,294,0,22.22,11.32,0,0,.422,12.3
105,2014,294,6,22.23,11.38,0,0,.421,12.3
105,2014,294,12,22.24,11.39,0,0,.42,12.3
105,2014,294,18,22.25,11.39,0,0,.418,12.3
105,2014,294,24,22.27,11.45,0,0,.419,12.3
105,2014,294,30,22.29,11.48,0,0,.417,12.3
105,2014,294,36,22.32,11.73,0,0,.417,12.3
105,2014,294,42,22.34,11.81,0,0,.416,12.3
105,2014,294,48,22.37,11.64,0,0,.416,12.3
105,2014,294,54,22.4,11.46,0,0,.414,12.3
105,2014,294,100,22.42,11.51,0,0,.414,12.3
105,2014,294,106,22.45,11.75,0,0,.414,12.3
105,2014,294,112,22.47,11.74,0,0,.411,12.3
105,2014,294,118,22.5,11.57,0,0,.411,12.3
105,2014,294,124,22.52,11.71,0,0,.411,12.3
105,2014,294,130,22.54,11.63,0,0,.41,12.3
105,2014,294,136,22.56,11.68,0,0,.41,12.3
105,2014,294,142,22.57,11.49,0,0,.408,12.3
105,2014,294,148,22.59,11.85,0,0,.409,12.3
105,2014,294,154,22.6,11.71,0,0,.408,12.3
105,2014,294,200,22.61,11.43,0,0,.408,12.3
105,2014,294,206,22.61,11.45,0,0,.407,12.3
105,2014,294,212,22.61,11.5,0,0,.407,12.3
105,2014,294,218,22.62,11.7,0,0,.406,12.3
105,2014,294,224,22.63,11.6,0,0,.406,12.3
105,2014,294,230,22.63,11.44,0,0,.407,12.3
105,2014,294,236,22.63,11.57,0,0,.406,12.3
105,2014,294,242,22.63,11.86,0,0,.406,12.3
105,2014,294,248,22.64,11.6,0,0,.406,12.3
105,2014,294,254,22.65,11.65,0,0,.406,12.3
105,2014,294,300,22.66,11.69,0,0,.407,12.3
105,2014,294,306,22.68,11.68,0,0,.407,12.3
105,2014,294,312,22.69,11.52,0,0,.406,12.3
105,2014,294,318,22.71,11.44,0,0,.406,12.3
105,2014,294,324,22.73,11.45,0,0,.407,12.3
105,2014,294,330,22.74,11.34,0,0,.407,12.3
105,2014,294,336,22.75,11.3,0,0,.407,12.3
105,2014,294,342,22.76,11.34,0,0,.407,12.3
105,2014,294,348,22.75,11.3,0,0,.41,12.3
105,2014,294,354,22.74,11.11,0,0,.413,12.3
105,2014,294,400,22.72,10.77,0,0,.417,12.3
105,2014,294,406,22.69,10.71,0,0,.421,12.3
105,2014,294,412,22.66,10.81,0,0,.425,12.3
105,2014,294,418,22.62,10.85,0,0,.431,12.3
105,2014,294,424,22.58,10.85,0,0,.435,12.3
105,2014,294,430,22.55,11.05,0,0,.438,12.3
105,2014,294,436,22.52,11.09,0,0,.444,12.3
105,2014,294,442,22.49,10.89,0,0,.448,12.3
105,2014,294,448,22.46,10.97,0,0,.451,12.3
105,2014,294,454,22.44,11.12,0,0,.453,12.3
105,2014,294,500,22.41,11.14,0,0,.455,12.3
105,2014,294,506,22.38,10.95,0,0,.457,12.3
105,2014,294,512,22.35,10.95,0,0,.458,12.3
105,2014,294,518,22.31,10.67,0,0,.458,12.3
105,2014,294,524,22.27,10.65,0,0,.458,12.3
105,2014,294,530,22.23,10.43,0,0,.457,12.3
105,2014,294,536,22.18,10.31,0,0,.458,12.3
105,2014,294,542,22.13,10.13,0,0,.457,12.3
105,2014,294,548,22.07,10.53,0,0,.457,12.3
105,2014,294,554,22.01,10.73,0,0,.458,12.3
105,2014,294,600,21.96,10.72,0,0,.458,12.3
105,2014,294,606,21.92,10.51,0,0,.457,12.3
105,2014,294,612,21.88,10.6,0,0,.458,12.3
105,2014,294,618,21.85,10.46,0,0,.458,12.3
105,2014,294,624,21.82,10.43,0,0,.457,12.3
105,2014,294,630,21.78,10.58,0,0,.458,12.3
105,2014,294,636,21.75,10.64,0,0,.458,12.3
105,2014,294,642,21.72,10.5,0,0,.456,12.3
105,2014,294,648,21.69,10.35,0,0,.455,12.3
105,2014,294,654,21.66,10.28,0,0,.455,12.3
105,2014,294,700,21.63,10.4,0,0,.454,12.3
105,2014,294,706,21.59,10.52,0,0,.452,12.3
105,2014,294,712,21.56,10.32,0,0,.452,12.3
105,2014,294,718,21.52,10.74,0,0,.45,12.3
105,2014,294,724,21.5,10.87,0,0,.449,12.3
105,2014,294,730,21.5,10.77,0,0,.449,12.3
105,2014,294,736,21.5,10.74,0,0,.447,12.3
105,2014,294,742,21.5,10.83,0,0,.446,12.3
105,2014,294,748,21.51,10.82,0,0,.445,12.3
105,2014,294,754,21.52,10.73,0,0,.444,12.3
105,2014,294,800,21.53,10.84,0,0,.444,12.3
105,2014,294,806,21.55,11.61,0,0,.442,12.3
105,2014,294,812,21.56,11.66,0,0,.441,12.3
105,2014,294,818,21.59,12,0,0,.44,12.3
105,2014,294,824,21.62,12.19,0,0,.439,12.3
105,2014,294,830,21.67,12.23,0,0,.438,12.3
105,2014,294,836,21.73,12.31,0,0,.436,12.3
105,2014,294,842,21.8,12.62,0,0,.436,12.3
105,2014,294,848,21.89,13.41,0,0,.434,12.3
105,2014,294,854,21.99,14.83,0,0,.434,12.3
105,2014,294,900,22.11,14.76,0,0,.433,12.3
105,2014,294,906,22.25,15.94,0,0,.431,12.3
105,2014,294,912,22.42,16.74,0,0,.43,12.3
105,2014,294,918,22.61,17.01,0,0,.43,12.3
105,2014,294,924,22.83,17.97,0,0,.427,12.3
105,2014,294,930,23.1,18.38,0,0,.427,12.3
105,2014,294,936,23.4,19.56,0,0,.425,12.3
105,2014,294,942,23.73,18.4,0,0,.424,12.3
105,2014,294,948,24.08,17.82,0,0,.423,12.3
105,2014,294,954,24.44,17.13,0,0,.421,12.3
105,2014,294,1000,24.75,16.77,0,0,.419,12.3
105,2014,294,1006,25.02,18.39,0,0,.42,12.3
105,2014,294,1012,25.28,18.91,0,0,.418,12.3
105,2014,294,1018,25.53,20.21,0,0,.417,12.3
105,2014,294,1024,25.79,21.65,0,0,.416,12.3
105,2014,294,1030,26.06,21.47,0,0,.414,12.3
105,2014,294,1036,26.36,21.32,0,0,.414,12.3
105,2014,294,1042,26.68,22.66,0,0,.413,12.3
105,2014,294,1048,27.02,22.66,0,0,.412,12.3
105,2014,294,1054,27.35,22.47,0,0,.411,12.3
105,2014,294,1100,27.7,21.93,0,0,.41,12.29
105,2014,294,1106,28.03,22.24,0,0,.409,12.29
105,2014,294,1112,28.35,22.41,0,0,.409,12.29
105,2014,294,1118,28.66,22.67,0,0,.408,12.29
105,2014,294,1124,28.94,23.78,0,0,.407,12.29
105,2014,294,1130,29.24,24.3,0,0,.406,12.29
105,2014,294,1136,29.53,23.82,0,0,.405,12.29
105,2014,294,1142,29.82,24.38,0,0,.405,12.29
105,2014,294,1148,30.11,24.65,0,0,.404,12.29
105,2014,294,1154,30.39,24.9,0,0,.402,12.29
105,2014,294,1200,30.67,23.35,0,0,.403,12.29
105,2014,294,1206,30.91,22.54,0,0,.401,12.29
105,2014,294,1212,31.12,21.88,0,0,.401,12.29
105,2014,294,1218,31.28,22.84,0,0,.399,12.29
105,2014,294,1224,31.39,23.8,0,0,.399,12.29
105,2014,294,1230,31.49,25.15,0,0,.397,12.29
105,2014,294,1236,31.63,24.6,0,0,.397,12.29
105,2014,294,1242,31.8,25.01,0,0,.396,12.29
105,2014,294,1248,31.99,23.97,0,0,.396,12.29
105,2014,294,1254,32.19,22.51,0,0,.395,12.29
105,2014,294,1300,32.35,23.44,0,0,.394,12.29
105,2014,294,1306,32.44,24.52,0,0,.393,12.29
105,2014,294,1312,32.52,24.63,0,0,.391,12.29
105,2014,294,1318,32.6,24.5,0,0,.392,12.29
105,2014,294,1324,32.7,23.96,0,0,.39,12.29
105,2014,294,1330,32.81,22.46,0,0,.391,12.29
105,2014,294,1336,32.89,22.03,0,0,.39,12.29
105,2014,294,1342,32.93,20.88,0,0,.389,12.3
105,2014,294,1348,32.95,20.84,0,0,.389,12.3
105,2014,294,1354,32.94,21.18,0,0,.389,12.3
105,2014,294,1400,32.91,21.06,0,0,.389,12.3
105,2014,294,1406,32.87,22.44,0,0,.388,12.29
105,2014,294,1412,32.84,23.45,0,0,.386,12.29
105,2014,294,1418,32.78,23.91,0,0,.386,12.29
105,2014,294,1424,32.73,22.46,0,0,.386,12.29
105,2014,294,1430,32.72,21.73,0,0,.385,12.29
105,2014,294,1436,32.71,21.16,0,0,.384,12.3
105,2014,294,1442,32.69,22.11,0,0,.384,12.29
105,2014,294,1448,32.67,22.53,0,0,.383,12.29
105,2014,294,1454,32.66,20.75,0,0,.383,12.29
105,2014,294,1500,32.66,20.49,0,0,.382,12.29
105,2014,294,1506,32.64,19.99,0,0,.383,12.3
105,2014,294,1512,32.6,19.99,0,0,.382,12.3
105,2014,294,1518,32.55,19.87,0,0,.38,12.3
105,2014,294,1524,32.49,19.19,0,0,.38,12.3
105,2014,294,1530,32.42,19.1,0,0,.381,12.3
105,2014,294,1536,32.33,19.17,0,0,.381,12.3
105,2014,294,1542,32.24,18.94,0,0,.379,12.3
105,2014,294,1548,32.14,18.83,0,0,.379,12.3
105,2014,294,1554,32.04,19.14,0,0,.375,12.3
105,2014,294,1600,31.93,18.93,0,0,.378,12.29
105,2014,294,1606,31.82,18.73,0,0,.377,12.3
105,2014,294,1612,31.7,18.53,0,0,.377,12.3
105,2014,294,1618,31.57,17.49,0,0,.377,12.3
105,2014,294,1624,31.45,17.58,0,0,.377,12.29
105,2014,294,1630,31.31,17.37,0,0,.375,12.3
105,2014,294,1636,31.17,17.35,0,0,.375,12.3
105,2014,294,1642,31.04,17.37,0,0,.374,12.3
105,2014,294,1648,30.89,17.42,0,0,.375,12.3
105,2014,294,1654,30.75,17.88,0,0,.374,12.3
105,2014,294,1700,30.61,18.15,0,0,.372,12.3
105,2014,294,1706,30.51,18.24,0,0,.373,12.3
105,2014,294,1712,30.41,18.2,0,0,.372,12.29
105,2014,294,1718,30.32,17.31,0,0,.374,12.29
105,2014,294,1724,30.24,17.31,0,0,.371,12.3
105,2014,294,1730,30.15,17.09,0,0,.372,12.3
105,2014,294,1736,30.07,17.73,0,0,.37,12.3
105,2014,294,1742,30,17.19,0,0,.369,12.3
105,2014,294,1748,29.92,17.33,0,0,.37,12.3
105,2014,294,1754,29.86,17.02,0,0,.368,12.3
105,2014,294,1800,29.78,16.83,0,0,.369,12.3
105,2014,294,1806,29.7,16.68,0,0,.368,12.3
105,2014,294,1812,29.62,16.38,0,0,.368,12.3
105,2014,294,1818,29.53,16.25,0,0,.368,12.3
105,2014,294,1824,29.43,16.15,0,0,.368,12.3
105,2014,294,1830,29.34,15.85,0,0,.367,12.3
105,2014,294,1836,29.24,15.73,0,0,.367,12.3
105,2014,294,1842,29.14,15.6,0,0,.366,12.3
105,2014,294,1848,29.03,15.57,0,0,.367,12.3
105,2014,294,1854,28.92,15.48,0,0,.366,12.3
105,2014,294,1900,28.81,15.53,0,0,.364,12.3
105,2014,294,1906,28.7,15.52,0,0,.363,12.3
105,2014,294,1912,28.6,15.45,0,0,.364,12.3
105,2014,294,1918,28.49,15.55,0,0,.364,12.3
105,2014,294,1924,28.4,15.37,0,0,.364,12.3
105,2014,294,1930,28.31,14.78,0,0,.364,12.3
105,2014,294,1936,28.2,14.34,0,0,.363,12.3
105,2014,294,1942,28.08,14.24,0,0,.365,12.3
105,2014,294,1948,27.94,14.06,0,0,.365,12.3
105,2014,294,1954,27.8,14.14,0,0,.364,12.3
105,2014,294,2000,27.64,14.12,0,0,.364,12.3
105,2014,294,2006,27.49,13.93,0,0,.365,12.3
105,2014,294,2012,27.33,13.91,0,0,.366,12.3
105,2014,294,2018,27.18,13.75,0,0,.366,12.3
105,2014,294,2024,27.02,13.68,0,0,.366,12.3
105,2014,294,2030,26.87,13.71,0,0,.365,12.3
105,2014,294,2036,26.73,13.63,0,0,.367,12.3
105,2014,294,2042,26.58,13.62,0,0,.366,12.3
105,2014,294,2048,26.45,13.59,0,0,.366,12.3
105,2014,294,2054,26.32,13.4,0,0,.367,12.3
105,2014,294,2100,26.19,13.23,0,0,.367,12.3
105,2014,294,2106,26.08,13.06,0,0,.369,12.3
105,2014,294,2112,25.95,12.95,0,0,.369,12.3
105,2014,294,2118,25.78,12.97,0,0,.371,12.3
105,2014,294,2124,25.62,12.88,0,0,.37,12.3
105,2014,294,2130,25.44,12.83,0,0,.369,12.3
105,2014,294,2136,25.26,12.82,0,0,.371,12.3
105,2014,294,2142,25.07,12.81,0,0,.369,12.3
105,2014,294,2148,24.89,12.77,0,0,.37,12.3
105,2014,294,2154,24.72,12.73,0,0,.369,12.3
105,2014,294,2200,24.58,12.67,0,0,.369,12.3
105,2014,294,2206,24.46,12.67,0,0,.37,12.3
105,2014,294,2212,24.35,12.7,0,0,.369,12.3
105,2014,294,2218,24.25,12.74,0,0,.37,12.3
105,2014,294,2224,24.16,12.71,0,0,.369,12.3
105,2014,294,2230,24.09,12.67,0,0,.37,12.3
105,2014,294,2236,24.03,12.64,0,0,.37,12.3
105,2014,294,2242,23.98,12.65,0,0,.37,12.3
105,2014,294,2248,23.93,12.65,0,0,.37,12.3
105,2014,294,2254,23.9,12.62,0,0,.37,12.3
105,2014,294,2300,23.87,12.57,0,0,.37,12.3
105,2014,294,2306,23.84,12.56,0,0,.37,12.3
105,2014,294,2312,23.81,12.51,0,0,.37,12.3
105,2014,294,2318,23.79,12.5,0,0,.37,12.3
105,2014,294,2324,23.78,12.47,0,0,.371,12.3
105,2014,294,2330,23.76,12.46,0,0,.37,12.3
105,2014,294,2336,23.75,12.47,0,0,.372,12.3
105,2014,294,2342,23.74,12.41,0,0,.37,12.3
105,2014,294,2348,23.73,12.43,0,0,.371,12.3
105,2014,294,2354,23.72,12.38,0,0,.37,12.3
105,2014,295,0,23.72,12.35,0,0,.371,12.3
105,2014,295,6,23.71,12.3,0,0,.37,12.3
105,2014,295,12,23.7,12.24,0,0,.37,12.3
105,2014,295,18,23.69,12.24,0,0,.371,12.3
105,2014,295,24,23.68,12.23,0,0,.366,12.3
105,2014,295,30,23.66,12.2,0,0,.368,12.3
105,2014,295,36,23.64,12.14,0,0,.367,12.3
105,2014,295,42,23.59,12.17,0,0,.37,12.3
105,2014,295,48,23.52,12.14,0,0,.369,12.3
105,2014,295,54,23.39,12.16,0,0,.369,12.3
105,2014,295,100,23.24,12.13,0,0,.37,12.3
105,2014,295,106,23.09,12.12,0,0,.37,12.3
105,2014,295,112,22.94,12.12,0,0,.37,12.3
105,2014,295,118,22.77,12.13,0,0,.37,12.31
105,2014,295,124,22.57,12.15,0,0,.37,12.31
105,2014,295,130,22.36,12.14,0,0,.37,12.31
105,2014,295,136,22.14,12.14,0,0,.37,12.31
105,2014,295,142,21.92,12.13,0,0,.369,12.31
105,2014,295,148,21.72,12.14,0,0,.37,12.31
105,2014,295,154,21.57,12.12,0,0,.37,12.3
105,2014,295,200,21.49,12,0,0,.37,12.31
105,2014,295,206,21.43,11.98,0,0,.37,12.31
105,2014,295,212,21.39,11.95,0,0,.371,12.31
105,2014,295,218,21.35,11.94,0,0,.37,12.31
105,2014,295,224,21.3,11.93,0,0,.37,12.31
105,2014,295,230,21.25,11.94,0,0,.37,12.31
105,2014,295,236,21.2,11.92,0,0,.369,12.31
105,2014,295,242,21.16,11.9,0,0,.369,12.31
105,2014,295,248,21.11,11.93,0,0,.37,12.31
105,2014,295,254,21.04,11.96,0,0,.37,12.31
105,2014,295,300,20.97,11.92,0,0,.37,12.31
105,2014,295,306,20.94,11.91,0,0,.37,12.3
105,2014,295,312,20.95,11.84,0,0,.371,12.31
105,2014,295,318,20.98,11.84,0,0,.371,12.31
105,2014,295,324,20.99,11.86,0,0,.37,12.31
105,2014,295,330,20.98,11.85,0,0,.37,12.31
105,2014,295,336,20.98,11.81,0,0,.372,12.31
105,2014,295,342,20.99,11.79,0,0,.371,12.31
105,2014,295,348,21.03,11.74,0,0,.372,12.3
105,2014,295,354,21.08,11.73,0,0,.37,12.3
105,2014,295,400,21.14,11.75,0,0,.37,12.3
105,2014,295,406,21.18,11.76,0,0,.371,12.31
105,2014,295,412,21.22,11.81,0,0,.371,12.31
105,2014,295,418,21.26,11.81,0,0,.371,12.31
105,2014,295,424,21.29,11.83,0,0,.371,12.31
105,2014,295,430,21.28,11.94,0,0,.372,12.31
105,2014,295,436,21.24,11.95,0,0,.371,12.31
105,2014,295,442,21.21,11.93,0,0,.37,12.31
105,2014,295,448,21.19,11.94,0,0,.369,12.31
105,2014,295,454,21.15,11.98,0,0,.37,12.31
105,2014,295,500,21.1,11.98,0,0,.371,12.31
105,2014,295,506,21.06,11.94,0,0,.37,12.31
105,2014,295,512,21.03,11.95,0,0,.37,12.31
105,2014,295,518,21,11.98,0,0,.371,12.31
105,2014,295,524,20.93,12,0,0,.37,12.31
105,2014,295,530,20.84,12.03,0,0,.371,12.31
105,2014,295,536,20.76,12.05,0,0,.372,12.31
105,2014,295,542,20.69,12.09,0,0,.372,12.31
105,2014,295,548,20.61,12.15,0,0,.371,12.31
105,2014,295,554,20.52,12.22,0,0,.369,12.31
105,2014,295,600,20.41,12.27,0,0,.37,12.31
105,2014,295,606,20.29,12.3,0,0,.372,12.31
105,2014,295,612,20.16,12.31,0,0,.374,12.31
105,2014,295,618,20.03,12.33,0,0,.372,12.31
105,2014,295,624,19.9,12.36,0,0,.367,12.31
105,2014,295,630,19.78,12.36,0,0,.367,12.31
105,2014,295,636,19.66,12.35,0,0,.367,12.31
105,2014,295,642,19.53,12.36,0,0,.367,12.31
105,2014,295,648,19.4,12.36,0,0,.366,12.31
105,2014,295,654,19.28,12.34,0,0,.364,12.31
105,2014,295,700,19.19,12.32,0,0,.365,12.31
105,2014,295,706,19.12,12.34,0,0,.365,12.31
105,2014,295,712,19.06,12.34,0,0,.364,12.31
105,2014,295,718,19.01,12.31,0,0,.363,12.31
105,2014,295,724,18.97,12.28,0,0,.363,12.31
105,2014,295,730,18.94,12.23,0,0,.362,12.31
105,2014,295,736,18.91,12.18,0,0,.36,12.31
105,2014,295,742,18.88,12.14,0,0,.362,12.31
105,2014,295,748,18.85,12.13,0,0,.362,12.31
105,2014,295,754,18.83,12.13,0,0,.361,12.31
105,2014,295,800,18.82,12.11,0,0,.361,12.31
105,2014,295,806,18.83,12.12,0,0,.36,12.31
105,2014,295,812,18.82,12.13,0,0,.361,12.31
105,2014,295,818,18.8,12.15,0,0,.361,12.31
105,2014,295,824,18.76,12.18,0,0,.359,12.31
105,2014,295,830,18.72,12.17,0,0,.36,12.31
105,2014,295,836,18.69,12.14,0,0,.36,12.31
105,2014,295,842,18.68,12.13,0,0,.362,12.31
105,2014,295,848,18.69,12.12,0,0,.36,12.31
105,2014,295,854,18.71,12.14,0,0,.36,12.31
105,2014,295,900,18.75,12.12,0,0,.36,12.31
105,2014,295,906,18.79,12.15,0,0,.361,12.31
105,2014,295,912,18.82,12.19,0,0,.361,12.31
105,2014,295,918,18.85,12.23,0,0,.36,12.31
105,2014,295,924,18.89,12.21,0,0,.361,12.31
105,2014,295,930,18.94,12.26,0,0,.362,12.31
105,2014,295,936,18.97,12.29,0,0,.359,12.31
105,2014,295,942,18.97,12.35,0,0,.361,12.31
105,2014,295,948,18.97,12.49,0,0,.359,12.31
105,2014,295,954,18.96,12.59,0,0,.361,12.31
105,2014,295,1000,18.95,12.6,0,0,.361,12.31
105,2014,295,1006,18.94,12.56,0,0,.36,12.31
105,2014,295,1012,18.93,12.62,0,0,.36,12.31
105,2014,295,1018,18.92,12.63,0,0,.361,12.31
105,2014,295,1024,18.9,12.6,0,0,.36,12.31
105,2014,295,1030,18.88,12.54,0,0,.361,12.31
105,2014,295,1036,18.85,12.48,0,0,.36,12.31
105,2014,295,1042,18.81,12.48,0,0,.36,12.31
105,2014,295,1048,18.76,12.43,0,0,.36,12.31
105,2014,295,1054,18.7,12.4,0,0,.36,12.31
105,2014,295,1100,18.64,12.42,0,0,.36,12.31
105,2014,295,1106,18.6,12.4,0,0,.361,12.31
105,2014,295,1112,18.57,12.4,0,0,.362,12.31
105,2014,295,1118,18.55,12.42,0,0,.361,12.31
105,2014,295,1124,18.55,12.48,0,0,.36,12.31
105,2014,295,1130,18.55,12.5,0,0,.36,12.31
105,2014,295,1136,18.56,12.52,0,0,.361,12.31
105,2014,295,1142,18.57,12.52,0,0,.359,12.31
105,2014,295,1148,18.57,12.53,0,0,.361,12.31
105,2014,295,1154,18.57,12.55,0,0,.361,12.31
105,2014,295,1200,18.59,12.58,0,0,.361,12.31
105,2014,295,1206,18.62,12.66,0,0,.36,12.31
105,2014,295,1212,18.66,12.67,0,0,.361,12.31
105,2014,295,1218,18.71,12.66,0,0,.36,12.31
105,2014,295,1224,18.78,12.61,0,0,.36,12.31
105,2014,295,1230,18.84,12.64,0,0,.36,12.31
105,2014,295,1236,18.87,12.74,0,0,.36,12.31
105,2014,295,1242,18.9,12.72,0,0,.36,12.31
105,2014,295,1248,18.9,12.64,0,0,.361,12.31
105,2014,295,1254,18.89,12.69,0,0,.359,12.31
105,2014,295,1300,18.89,12.75,0,0,.359,12.31
105,2014,295,1306,18.9,12.65,0,0,.36,12.31
105,2014,295,1312,18.91,12.57,0,0,.36,12.31
105,2014,295,1318,18.93,12.53,0,0,.36,12.31
105,2014,295,1324,18.94,12.59,0,0,.36,12.31
105,2014,295,1330,18.94,12.6,0,0,.36,12.31
105,2014,295,1336,18.94,12.56,0,0,.36,12.31
105,2014,295,1342,18.93,12.53,0,0,.361,12.31
105,2014,295,1348,18.92,12.65,0,0,.36,12.31
105,2014,295,1354,18.89,12.63,0,0,.359,12.31
105,2014,295,1400,18.88,12.6,0,0,.36,12.31
105,2014,295,1406,18.87,12.72,0,0,.36,12.31
105,2014,295,1412,18.86,12.67,0,0,.362,12.31
105,2014,295,1418,18.85,12.58,0,0,.361,12.31
105,2014,295,1424,18.81,12.51,0,0,.36,12.31
105,2014,295,1430,18.79,12.54,0,0,.36,12.31
105,2014,295,1436,18.79,12.49,0,0,.361,12.31
105,2014,295,1442,18.79,12.54,0,0,.361,12.31
105,2014,295,1448,18.79,12.52,0,0,.36,12.31
105,2014,295,1454,18.75,12.66,0,0,.36,12.31
105,2014,295,1500,18.72,12.64,0,0,.36,12.31
105,2014,295,1506,18.73,12.79,0,0,.359,12.31
105,2014,295,1512,18.74,13,0,0,.36,12.31
105,2014,295,1518,18.75,12.94,0,0,.36,12.31
105,2014,295,1524,18.74,12.75,0,0,.361,12.31
105,2014,295,1530,18.72,12.62,0,0,.36,12.31
105,2014,295,1536,18.69,12.43,0,0,.361,12.31
105,2014,295,1542,18.68,12.3,0,0,.359,12.31
105,2014,295,1548,18.67,12.29,0,0,.361,12.31
105,2014,295,1554,18.66,12.31,0,0,.361,12.31
105,2014,295,1600,18.66,12.38,0,0,.361,12.31
105,2014,295,1606,18.69,12.39,0,0,.361,12.31
105,2014,295,1612,18.73,12.35,0,0,.359,12.31
105,2014,295,1618,18.77,12.32,0,0,.359,12.31
105,2014,295,1624,18.82,12.33,0,0,.361,12.31
105,2014,295,1630,18.83,12.41,0,0,.36,12.31
105,2014,295,1636,18.84,12.34,0,0,.359,12.31
105,2014,295,1642,18.86,12.25,0,0,.36,12.31
105,2014,295,1648,18.87,12.18,0,0,.361,12.31
105,2014,295,1654,18.87,12.17,0,0,.36,12.31
105,2014,295,1700,18.85,12.08,0,0,.359,12.31
105,2014,295,1706,18.85,12.04,0,0,.361,12.31
105,2014,295,1712,18.84,12.04,0,0,.359,12.31
105,2014,295,1718,18.84,11.95,0,0,.36,12.31
105,2014,295,1724,18.86,11.89,0,0,.359,12.31
105,2014,295,1730,18.9,11.83,0,0,.36,12.31
105,2014,295,1736,18.95,11.86,0,0,.361,12.31
105,2014,295,1742,19.02,11.78,0,0,.361,12.31
105,2014,295,1748,19.1,11.78,0,0,.36,12.31
105,2014,295,1754,19.16,11.76,0,0,.36,12.31
105,2014,295,1800,19.21,11.8,0,0,.358,12.31
105,2014,295,1806,19.26,11.73,0,0,.357,12.31
105,2014,295,1812,19.32,11.68,0,0,.359,12.31
105,2014,295,1818,19.36,11.66,0,0,.359,12.31
105,2014,295,1824,19.38,11.64,0,0,.358,12.31
105,2014,295,1830,19.38,11.49,0,0,.359,12.31
105,2014,295,1836,19.4,11.47,0,0,.359,12.31
105,2014,295,1842,19.42,11.47,0,0,.359,12.31
105,2014,295,1848,19.44,11.48,0,0,.358,12.31
105,2014,295,1854,19.44,11.48,0,0,.359,12.31
105,2014,295,1900,19.43,11.45,0,0,.357,12.31
105,2014,295,1906,19.42,11.38,0,0,.356,12.31
105,2014,295,1912,19.39,11.36,0,0,.357,12.31
105,2014,295,1918,19.36,11.36,0,0,.356,12.31
105,2014,295,1924,19.31,11.32,0,0,.357,12.31
105,2014,295,1930,19.27,11.29,0,0,.357,12.31
105,2014,295,1936,19.26,11.2,0,0,.356,12.31
105,2014,295,1942,19.26,11.21,0,0,.357,12.31
105,2014,295,1948,19.27,11.21,0,0,.357,12.31
105,2014,295,1954,19.29,11.18,0,0,.357,12.31
105,2014,295,2000,19.32,11.19,0,0,.357,12.31
105,2014,295,2006,19.34,11.16,0,0,.358,12.31
105,2014,295,2012,19.36,11.16,0,0,.357,12.31
105,2014,295,2018,19.38,11.23,0,0,.357,12.31
105,2014,295,2024,19.4,11.17,0,0,.357,12.31
105,2014,295,2030,19.43,11.17,0,0,.357,12.31
105,2014,295,2036,19.46,11.11,0,0,.357,12.31
105,2014,295,2042,19.5,11.16,0,0,.357,12.31
105,2014,295,2048,19.54,11.12,0,0,.356,12.31
105,2014,295,2054,19.6,11.04,0,0,.356,12.31
105,2014,295,2100,19.65,11.13,0,0,.356,12.31
105,2014,295,2106,19.7,11.16,0,0,.356,12.31
105,2014,295,2112,19.73,11.1,0,0,.356,12.31
105,2014,295,2118,19.77,11.02,0,0,.355,12.31
105,2014,295,2124,19.8,11.09,0,0,.355,12.31
105,2014,295,2130,19.82,11.18,0,0,.354,12.31
105,2014,295,2136,19.8,11.27,0,0,.353,12.31
105,2014,295,2142,19.75,11.22,0,0,.354,12.31
105,2014,295,2148,19.68,11.11,0,0,.354,12.31
105,2014,295,2154,19.62,11.18,0,0,.354,12.31
105,2014,295,2200,19.57,11.07,0,0,.353,12.31
105,2014,295,2206,19.55,10.97,0,0,.353,12.31
105,2014,295,2212,19.56,10.93,0,0,.352,12.31
105,2014,295,2218,19.58,10.99,0,0,.351,12.31
105,2014,295,2224,19.6,11,0,0,.351,12.31
105,2014,295,2230,19.61,11.02,0,0,.353,12.31
105,2014,295,2236,19.61,11.05,0,0,.351,12.31
105,2014,295,2242,19.58,11.16,0,0,.352,12.31
105,2014,295,2248,19.54,11.08,0,0,.351,12.31
105,2014,295,2254,19.49,10.98,0,0,.35,12.31
105,2014,295,2300,19.46,10.76,0,0,.351,12.31
105,2014,295,2306,19.46,10.68,0,0,.35,12.31
105,2014,295,2312,19.47,10.66,0,0,.35,12.31
105,2014,295,2318,19.5,10.64,0,0,.349,12.31
105,2014,295,2324,19.54,10.59,0,0,.351,12.31
105,2014,295,2330,19.59,10.55,0,0,.35,12.31
105,2014,295,2336,19.64,10.54,0,0,.349,12.31
105,2014,295,2342,19.69,10.6,0,0,.349,12.31
105,2014,295,2348,19.73,10.74,0,0,.348,12.31
105,2014,295,2354,19.76,10.68,0,0,.349,12.31
105,2014,296,0,19.79,10.66,0,0,.349,12.31
105,2014,296,6,19.82,10.73,0,0,.35,12.31
105,2014,296,12,19.84,10.64,0,0,.349,12.31
105,2014,296,18,19.87,10.57,0,0,.348,12.31
105,2014,296,24,19.9,10.62,0,0,.347,12.31
105,2014,296,30,19.93,10.58,0,0,.347,12.31
105,2014,296,36,19.97,10.55,0,0,.347,12.31
105,2014,296,42,20,10.6,0,0,.347,12.31
105,2014,296,48,20.02,10.65,0,0,.348,12.31
105,2014,296,54,20.02,10.72,0,0,.347,12.31
105,2014,296,100,20,10.59,0,0,.347,12.31
105,2014,296,106,19.99,10.56,0,0,.347,12.31
105,2014,296,112,19.99,10.59,0,0,.345,12.31
105,2014,296,118,19.97,10.65,0,0,.346,12.31
105,2014,296,124,19.95,10.65,0,0,.346,12.31
105,2014,296,130,19.92,10.67,0,0,.346,12.31
105,2014,296,136,19.89,10.81,0,0,.346,12.31
105,2014,296,142,19.85,10.7,0,0,.345,12.31
105,2014,296,148,19.82,10.73,0,0,.345,12.31
105,2014,296,154,19.79,10.75,0,0,.345,12.31
105,2014,296,200,19.77,10.78,0,0,.344,12.31
105,2014,296,206,19.75,10.83,0,0,.344,12.31
105,2014,296,212,19.75,10.78,0,0,.343,12.31
105,2014,296,218,19.73,10.82,0,0,.343,12.31
105,2014,296,224,19.7,10.8,0,0,.343,12.31
105,2014,296,230,19.66,10.75,0,0,.343,12.31
105,2014,296,236,19.64,10.74,0,0,.343,12.31
105,2014,296,242,19.63,10.74,0,0,.344,12.31
105,2014,296,248,19.62,10.64,0,0,.343,12.31
105,2014,296,254,19.64,10.58,0,0,.343,12.31
105,2014,296,300,19.65,10.72,0,0,.343,12.31
105,2014,296,306,19.62,10.7,0,0,.342,12.31
105,2014,296,312,19.57,10.76,0,0,.342,12.31
105,2014,296,318,19.53,10.84,0,0,.342,12.31
105,2014,296,324,19.49,10.81,0,0,.342,12.31
105,2014,296,330,19.46,10.86,0,0,.341,12.31
105,2014,296,336,19.45,10.87,0,0,.341,12.31
105,2014,296,342,19.45,10.84,0,0,.341,12.31
105,2014,296,348,19.45,10.72,0,0,.34,12.31
105,2014,296,354,19.47,10.76,0,0,.341,12.31
105,2014,296,400,19.48,10.79,0,0,.339,12.31
105,2014,296,406,19.48,10.78,0,0,.34,12.31
105,2014,296,412,19.47,10.82,0,0,.34,12.31
105,2014,296,418,19.44,10.81,0,0,.34,12.31
105,2014,296,424,19.4,10.82,0,0,.339,12.31
105,2014,296,430,19.37,10.76,0,0,.34,12.31
105,2014,296,436,19.34,10.88,0,0,.34,12.31
105,2014,296,442,19.31,10.88,0,0,.339,12.31
105,2014,296,448,19.26,10.86,0,0,.339,12.31
105,2014,296,454,19.21,10.87,0,0,.338,12.31
105,2014,296,500,19.17,10.82,0,0,.338,12.31
105,2014,296,506,19.13,10.83,0,0,.338,12.31
105,2014,296,512,19.11,10.83,0,0,.338,12.31
105,2014,296,518,19.1,10.91,0,0,.337,12.31
105,2014,296,524,19.08,10.83,0,0,.338,12.31
105,2014,296,530,19.08,10.79,0,0,.338,12.31
105,2014,296,536,19.08,10.85,0,0,.337,12.31
105,2014,296,542,19.1,10.72,0,0,.338,12.31
105,2014,296,548,19.13,10.62,0,0,.337,12.31
105,2014,296,554,19.16,10.52,0,0,.338,12.31
105,2014,296,600,19.18,10.7,0,0,.338,12.31
105,2014,296,606,19.17,10.82,0,0,.336,12.31
105,2014,296,612,19.14,10.94,0,0,.337,12.31
105,2014,296,618,19.12,10.76,0,0,.336,12.31
105,2014,296,624,19.1,10.8,0,0,.336,12.31
105,2014,296,630,19.07,10.97,0,0,.336,12.31
105,2014,296,636,19.02,10.98,0,0,.336,12.31
105,2014,296,642,18.96,10.99,0,0,.336,12.31
105,2014,296,648,18.91,10.94,0,0,.336,12.31
105,2014,296,654,18.89,10.95,0,0,.336,12.31
105,2014,296,700,18.89,11.02,0,0,.337,12.31
105,2014,296,706,18.9,10.96,0,0,.335,12.31
105,2014,296,712,18.93,11.01,0,0,.334,12.31
105,2014,296,718,18.97,11.01,0,0,.334,12.31
105,2014,296,724,19.01,11.09,0,0,.334,12.31
105,2014,296,730,19.06,10.95,0,0,.333,12.31
105,2014,296,736,19.1,11.13,0,0,.334,12.31
105,2014,296,742,19.14,11.07,0,0,.334,12.31
105,2014,296,748,19.17,11,0,0,.334,12.31
105,2014,296,754,19.21,11.05,0,0,.334,12.31
105,2014,296,800,19.26,11.07,0,0,.334,12.31
105,2014,296,806,19.32,11.25,0,0,.334,12.31
105,2014,296,812,19.37,11.42,0,0,.333,12.31
105,2014,296,818,19.41,11.31,0,0,.333,12.31
105,2014,296,824,19.44,11.35,0,0,.333,12.31
105,2014,296,830,19.49,11.47,0,0,.332,12.31
105,2014,296,836,19.55,11.54,0,0,.333,12.31
105,2014,296,842,19.62,11.52,0,0,.333,12.31
105,2014,296,848,19.68,11.54,0,0,.333,12.31
105,2014,296,854,19.74,11.74,0,0,.333,12.31
105,2014,296,900,19.79,11.94,0,0,.333,12.31
105,2014,296,906,19.82,11.76,0,0,.333,12.31
105,2014,296,912,19.85,11.83,0,0,.332,12.31
105,2014,296,918,19.89,12.02,0,0,.332,12.31
105,2014,296,924,19.93,12.95,0,0,.332,12.31
105,2014,296,930,19.98,14.21,0,0,.332,12.31
105,2014,296,936,20.05,14.22,0,0,.332,12.31
105,2014,296,942,20.11,13.85,0,0,.331,12.31
105,2014,296,948,20.18,15.3,0,0,.331,12.3
105,2014,296,954,20.28,15.51,0,0,.33,12.3
105,2014,296,1000,20.38,15.14,0,0,.33,12.3
105,2014,296,1006,20.48,13.96,0,0,.33,12.3
105,2014,296,1012,20.61,13.77,0,0,.33,12.3
105,2014,296,1018,20.75,13.59,0,0,.331,12.31
105,2014,296,1024,20.88,13.82,0,0,.331,12.3
105,2014,296,1030,21.01,13.88,0,0,.331,12.3
105,2014,296,1036,21.11,14.27,0,0,.33,12.3
105,2014,296,1042,21.17,14.17,0,0,.33,12.3
105,2014,296,1048,21.23,14.32,0,0,.33,12.3
105,2014,296,1054,21.28,14.38,0,0,.33,12.3
105,2014,296,1100,21.34,14.93,0,0,.331,12.3
105,2014,296,1106,21.42,14.67,0,0,.33,12.3
105,2014,296,1112,21.48,14.71,0,0,.33,12.3
105,2014,296,1118,21.5,14.92,0,0,.33,12.31
105,2014,296,1124,21.51,15.55,0,0,.329,12.3
105,2014,296,1130,21.52,16.78,0,0,.328,12.3
105,2014,296,1136,21.55,16.53,0,0,.329,12.3
105,2014,296,1142,21.6,16.77,0,0,.329,12.3
105,2014,296,1148,21.67,16.37,0,0,.327,12.3
105,2014,296,1154,21.75,17,0,0,.328,12.3
105,2014,296,1200,21.8,16.87,0,0,.328,12.3
105,2014,296,1206,21.87,16.77,0,0,.328,12.3
105,2014,296,1212,21.98,18.09,0,0,.326,12.3
105,2014,296,1218,22.08,18.16,0,0,.326,12.3
105,2014,296,1224,22.18,18.12,0,0,.326,12.3
105,2014,296,1230,22.29,18.02,0,0,.326,12.3
105,2014,296,1236,22.43,17.01,0,0,.325,12.3
105,2014,296,1242,22.56,16.88,0,0,.325,12.3
105,2014,296,1248,22.66,16.51,0,0,.325,12.3
105,2014,296,1254,22.72,16.99,0,0,.325,12.3
105,2014,296,1300,22.76,16.81,0,0,.325,12.3
105,2014,296,1306,22.79,16.22,0,0,.325,12.3
105,2014,296,1312,22.78,16.23,0,0,.325,12.3
105,2014,296,1318,22.76,16.48,0,0,.325,12.3
105,2014,296,1324,22.78,16.65,0,0,.325,12.3
105,2014,296,1330,22.79,16.8,0,0,.325,12.3
105,2014,296,1336,22.8,17.28,0,0,.325,12.3
105,2014,296,1342,22.84,18.75,0,0,.323,12.3
105,2014,296,1348,22.91,19.58,0,0,.323,12.3
105,2014,296,1354,23.02,18.9,0,0,.323,12.3
105,2014,296,1400,23.14,19.47,0,0,.323,12.3
105,2014,296,1406,23.27,19.53,0,0,.322,12.3
105,2014,296,1412,23.43,19.19,0,0,.322,12.3
105,2014,296,1418,23.57,18.73,0,0,.321,12.3
105,2014,296,1424,23.71,17.69,0,0,.32,12.3
105,2014,296,1430,23.81,17.28,0,0,.32,12.3
105,2014,296,1436,23.86,17.08,0,0,.32,12.3
105,2014,296,1442,23.91,17.24,0,0,.319,12.3
105,2014,296,1448,23.96,17.22,0,0,.319,12.3
105,2014,296,1454,24.03,16.95,0,0,.319,12.3
105,2014,296,1500,24.11,16.7,0,0,.32,12.3
105,2014,296,1506,24.18,16.59,0,0,.32,12.3
105,2014,296,1512,24.22,16.59,0,0,.319,12.3
105,2014,296,1518,24.28,16.67,0,0,.32,12.3
105,2014,296,1524,24.36,16.74,0,0,.319,12.3
105,2014,296,1530,24.44,16.91,0,0,.319,12.3
105,2014,296,1536,24.53,16.8,0,0,.319,12.3
105,2014,296,1542,24.61,16.68,0,0,.319,12.3
105,2014,296,1548,24.68,16.74,0,0,.319,12.3
105,2014,296,1554,24.75,16.65,0,0,.318,12.3
105,2014,296,1600,24.8,16.4,0,0,.318,12.3
105,2014,296,1606,24.86,16.44,0,0,.318,12.3
105,2014,296,1612,24.92,16.35,0,0,.318,12.3
105,2014,296,1618,24.96,16.4,0,0,.318,12.3
105,2014,296,1624,24.98,16.27,0,0,.317,12.3
105,2014,296,1630,25,16.23,0,0,.318,12.3
105,2014,296,1636,25.03,16.25,0,0,.317,12.3
105,2014,296,1642,25.07,16.06,0,0,.318,12.3
105,2014,296,1648,25.12,16.09,0,0,.317,12.3
105,2014,296,1654,25.15,15.97,0,0,.317,12.3
105,2014,296,1700,25.17,16.11,0,0,.317,12.3
105,2014,296,1706,25.19,16.14,0,0,.317,12.3
105,2014,296,1712,25.22,16.08,0,0,.317,12.3
105,2014,296,1718,25.26,16.05,0,0,.317,12.3
105,2014,296,1724,25.29,16.06,0,0,.316,12.3
105,2014,296,1730,25.32,15.86,0,0,.316,12.3
105,2014,296,1736,25.35,15.94,0,0,.316,12.3
105,2014,296,1742,25.37,15.8,0,0,.316,12.3
105,2014,296,1748,25.38,15.99,0,0,.315,12.3
105,2014,296,1754,25.38,15.66,0,0,.314,12.3
105,2014,296,1800,25.38,15.5,0,0,.314,12.3
105,2014,296,1806,25.38,15.44,0,0,.315,12.3
105,2014,296,1812,25.38,15.26,0,0,.315,12.3
105,2014,296,1818,25.39,15.19,0,0,.315,12.3
105,2014,296,1824,25.4,15.04,0,0,.315,12.3
105,2014,296,1830,25.41,15.06,0,0,.315,12.3
105,2014,296,1836,25.41,14.95,0,0,.315,12.3
105,2014,296,1842,25.41,14.94,0,0,.314,12.3
105,2014,296,1848,25.41,14.95,0,0,.314,12.3
105,2014,296,1854,25.41,14.92,0,0,.314,12.3
105,2014,296,1900,25.41,14.86,0,0,.314,12.3
105,2014,296,1906,25.4,14.88,0,0,.314,12.3
105,2014,296,1912,25.39,14.84,0,0,.314,12.3
105,2014,296,1918,25.38,14.9,0,0,.314,12.3
105,2014,296,1924,25.36,14.92,0,0,.314,12.3
105,2014,296,1930,25.35,14.92,0,0,.314,12.3
105,2014,296,1936,25.34,14.67,0,0,.312,12.3
105,2014,296,1942,25.32,14.51,0,0,.312,12.3
105,2014,296,1948,25.31,14.44,0,0,.312,12.3
105,2014,296,1954,25.3,14.36,0,0,.312,12.3
105,2014,296,2000,25.28,14.26,0,0,.312,12.3
105,2014,296,2006,25.27,14.24,0,0,.311,12.3
105,2014,296,2012,25.25,14.09,0,0,.312,12.3
105,2014,296,2018,25.23,13.97,0,0,.312,12.3
105,2014,296,2024,25.22,13.97,0,0,.312,12.3
105,2014,296,2030,25.19,13.97,0,0,.311,12.3
105,2014,296,2036,25.17,13.97,0,0,.311,12.3
105,2014,296,2042,25.14,14.06,0,0,.311,12.3
105,2014,296,2048,25.12,14.03,0,0,.31,12.3
105,2014,296,2054,25.11,14.02,0,0,.31,12.3
105,2014,296,2100,25.09,14.15,0,0,.309,12.3
105,2014,296,2106,25.08,14.06,0,0,.31,12.3
105,2014,296,2112,25.07,14.53,0,0,.31,12.3
105,2014,296,2118,25.07,14.07,0,0,.31,12.3
105,2014,296,2124,25.05,14.13,0,0,.31,12.3
105,2014,296,2130,25.05,13.94,0,0,.31,12.3
105,2014,296,2136,25.04,13.77,0,0,.31,12.3
105,2014,296,2142,25.03,13.65,0,0,.31,12.3
105,2014,296,2148,25.02,13.52,0,0,.309,12.3
105,2014,296,2154,25,13.46,0,0,.31,12.3
105,2014,296,2200,24.97,13.21,0,0,.309,12.3
105,2014,296,2206,24.93,12.92,0,0,.308,12.3
105,2014,296,2212,24.88,13.1,0,0,.308,12.3
105,2014,296,2218,24.83,13.06,0,0,.309,12.3
105,2014,296,2224,24.78,12.97,0,0,.308,12.3
105,2014,296,2230,24.73,12.82,0,0,.308,12.3
105,2014,296,2236,24.68,12.96,0,0,.309,12.3
105,2014,296,2242,24.63,12.75,0,0,.309,12.3
105,2014,296,2248,24.57,12.43,0,0,.308,12.3
105,2014,296,2254,24.51,12.52,0,0,.308,12.3
105,2014,296,2300,24.44,12.41,0,0,.309,12.3
105,2014,296,2306,24.39,12.49,0,0,.308,12.3
105,2014,296,2312,24.33,12.78,0,0,.308,12.3
105,2014,296,2318,24.28,12.7,0,0,.308,12.3
105,2014,296,2324,24.23,12.69,0,0,.308,12.3
105,2014,296,2330,24.19,12.57,0,0,.307,12.3
105,2014,296,2336,24.16,12.8,0,0,.306,12.3
105,2014,296,2342,24.13,12.62,0,0,.306,12.3
105,2014,296,2348,24.11,12.59,0,0,.307,12.3
105,2014,296,2354,24.09,12.48,0,0,.307,12.3
105,2014,297,0,24.07,12.59,0,0,.307,12.3
105,2014,297,6,24.06,12.63,0,0,.306,12.3
105,2014,297,12,24.04,12.62,0,0,.307,12.3
105,2014,297,18,24.03,12.62,0,0,.307,12.3
105,2014,297,24,24.02,12.5,0,0,.307,12.3
105,2014,297,30,24.01,12.31,0,0,.306,12.3
105,2014,297,36,23.99,12.43,0,0,.306,12.3
105,2014,297,42,23.98,12.46,0,0,.307,12.3
105,2014,297,48,23.95,12.31,0,0,.306,12.3
105,2014,297,54,23.92,12.15,0,0,.306,12.3
105,2014,297,100,23.89,12.02,0,0,.305,12.3
105,2014,297,106,23.84,11.94,0,0,.306,12.3
105,2014,297,112,23.79,11.78,0,0,.306,12.3
105,2014,297,118,23.73,11.77,0,0,.307,12.3
105,2014,297,124,23.66,11.78,0,0,.306,12.3
105,2014,297,130,23.58,11.65,0,0,.307,12.3
105,2014,297,136,23.49,11.54,0,0,.306,12.3
105,2014,297,142,23.4,11.41,0,0,.307,12.3
105,2014,297,148,23.31,11.35,0,0,.307,12.3
105,2014,297,154,23.22,11.25,0,0,.306,12.3
105,2014,297,200,23.13,11.16,0,0,.307,12.3
105,2014,297,206,23.04,11.15,0,0,.307,12.3
105,2014,297,212,22.95,11.04,0,0,.307,12.3
105,2014,297,218,22.85,10.97,0,0,.307,12.3
105,2014,297,224,22.76,10.99,0,0,.307,12.3
105,2014,297,230,22.67,11,0,0,.307,12.3
105,2014,297,236,22.57,10.9,0,0,.306,12.3
105,2014,297,242,22.49,10.87,0,0,.306,12.3
105,2014,297,248,22.4,10.72,0,0,.306,12.3
105,2014,297,254,22.32,10.65,0,0,.306,12.3
105,2014,297,300,22.24,10.55,0,0,.306,12.3
105,2014,297,306,22.17,10.55,0,0,.306,12.3
105,2014,297,312,22.09,10.44,0,0,.306,12.3
105,2014,297,318,22.01,10.41,0,0,.306,12.3
105,2014,297,324,21.93,10.43,0,0,.306,12.3
105,2014,297,330,21.85,10.36,0,0,.306,12.3
105,2014,297,336,21.78,10.24,0,0,.306,12.3
105,2014,297,342,21.7,10.3,0,0,.306,12.3
105,2014,297,348,21.63,10.24,0,0,.306,12.3
105,2014,297,354,21.55,10.21,0,0,.306,12.31
105,2014,297,400,21.49,10.48,0,0,.306,12.31
105,2014,297,406,21.43,10.33,0,0,.306,12.31
105,2014,297,412,21.37,10.39,0,0,.305,12.31
105,2014,297,418,21.31,10.46,0,0,.304,12.31
105,2014,297,424,21.25,10.27,0,0,.304,12.3
105,2014,297,430,21.2,10.29,0,0,.304,12.3
105,2014,297,436,21.15,10.38,0,0,.304,12.3
105,2014,297,442,21.1,10.43,0,0,.303,12.31
105,2014,297,448,21.05,10.4,0,0,.304,12.3
105,2014,297,454,21,10.37,0,0,.303,12.3
105,2014,297,500,20.95,10.21,0,0,.303,12.3
105,2014,297,506,20.91,10.09,0,0,.304,12.3
105,2014,297,512,20.86,10.09,0,0,.303,12.3
105,2014,297,518,20.82,9.98,0,0,.303,12.3
105,2014,297,524,20.78,10.03,0,0,.303,12.3
105,2014,297,530,20.75,9.83,0,0,.303,12.3
105,2014,297,536,20.71,9.99,0,0,.304,12.3
105,2014,297,542,20.67,9.97,0,0,.303,12.3
105,2014,297,548,20.63,9.86,0,0,.303,12.31
105,2014,297,554,20.59,9.98,0,0,.302,12.31
105,2014,297,600,20.55,9.86,0,0,.302,12.31
105,2014,297,606,20.52,9.93,0,0,.302,12.31
105,2014,297,612,20.48,9.82,0,0,.302,12.31
105,2014,297,618,20.44,9.77,0,0,.302,12.31
105,2014,297,624,20.4,9.65,0,0,.302,12.31
105,2014,297,630,20.36,9.69,0,0,.302,12.31
105,2014,297,636,20.32,9.66,0,0,.302,12.31
105,2014,297,642,20.28,9.4,0,0,.301,12.31
105,2014,297,648,20.24,9.4,0,0,.301,12.31
105,2014,297,654,20.19,9.43,0,0,.3,12.31
105,2014,297,700,20.15,9.5,0,0,.301,12.31
105,2014,297,706,20.11,9.47,0,0,.3,12.31
105,2014,297,712,20.06,9.48,0,0,.3,12.31
105,2014,297,718,20.01,9.34,0,0,.3,12.31
105,2014,297,724,19.97,9.45,0,0,.3,12.31
105,2014,297,730,19.94,9.42,0,0,.3,12.31
105,2014,297,736,19.91,9.36,0,0,.3,12.31
105,2014,297,742,19.88,9.29,0,0,.299,12.31
105,2014,297,748,19.85,9.46,0,0,.3,12.31
105,2014,297,754,19.82,9.57,0,0,.299,12.31
105,2014,297,800,19.8,9.73,0,0,.299,12.31
105,2014,297,806,19.77,10.25,0,0,.299,12.31
105,2014,297,812,19.75,10.84,0,0,.298,12.31
105,2014,297,818,19.75,11.66,0,0,.298,12.31
105,2014,297,824,19.78,12.47,0,0,.299,12.31
105,2014,297,830,19.84,13.32,0,0,.298,12.31
105,2014,297,836,19.93,13.97,0,0,.298,12.31
105,2014,297,842,20.07,13.47,0,0,.298,12.31
105,2014,297,848,20.22,13.83,0,0,.298,12.3
105,2014,297,854,20.39,14.23,0,0,.298,12.3
105,2014,297,900,20.57,14.26,0,0,.298,12.3
105,2014,297,906,20.75,14.87,0,0,.298,12.3
105,2014,297,912,20.95,15.45,0,0,.297,12.3
105,2014,297,918,21.17,15.52,0,0,.298,12.3
105,2014,297,924,21.42,15.69,0,0,.298,12.3
105,2014,297,930,21.68,16.01,0,0,.298,12.3
105,2014,297,936,21.94,16.45,0,0,.296,12.3
105,2014,297,942,22.18,16.32,0,0,.297,12.3
105,2014,297,948,22.41,16.56,0,0,.297,12.3
105,2014,297,954,22.63,16.44,0,0,.297,12.3
105,2014,297,1000,22.82,16.61,0,0,.297,12.3
105,2014,297,1006,23,16.23,0,0,.297,12.3
105,2014,297,1012,23.16,16.29,0,0,.297,12.3
105,2014,297,1018,23.33,16.4,0,0,.297,12.3
105,2014,297,1024,23.48,16.71,0,0,.297,12.3
105,2014,297,1030,23.64,16.6,0,0,.296,12.3
105,2014,297,1036,23.8,16.66,0,0,.295,12.3
105,2014,297,1042,23.96,16.66,0,0,.295,12.3
105,2014,297,1048,24.11,16.45,0,0,.294,12.3
105,2014,297,1054,24.24,16.96,0,0,.293,12.3
105,2014,297,1100,24.36,17.19,0,0,.292,12.3
105,2014,297,1106,24.49,16.99,0,0,.293,12.3
105,2014,297,1112,24.61,17.43,0,0,.292,12.3
105,2014,297,1118,24.74,18.74,0,0,.292,12.3
105,2014,297,1124,24.87,18.85,0,0,.292,12.3
105,2014,297,1130,24.99,19.85,0,0,.291,12.3
105,2014,297,1136,25.15,19.91,0,0,.29,12.3
105,2014,297,1142,25.32,20.57,0,0,.291,12.3
105,2014,297,1148,25.51,21.1,0,0,.29,12.3
105,2014,297,1154,25.75,19.89,0,0,.29,12.3
105,2014,297,1200,26.01,18.05,0,0,.29,12.3
105,2014,297,1206,26.22,18.13,0,0,.29,12.3
105,2014,297,1212,26.41,19.59,0,0,.291,12.3
105,2014,297,1218,26.58,21.17,0,0,.291,12.3
105,2014,297,1224,26.76,21.14,0,0,.291,12.3
105,2014,297,1230,26.97,21.47,0,0,.29,12.3
105,2014,297,1236,28.61,23,0,0,.289,12.3
105,2014,297,1242,30.13,22.82,0,0,.287,12.3
105,2014,297,1248,31.03,22.97,0,0,.289,12.29
105,2014,297,1254,31.73,22.9,0,0,.289,12.3
105,2014,297,1300,31.62,22.05,0,0,.289,12.3
105,2014,297,1306,31.27,22.13,0,0,.289,12.3
105,2014,297,1312,31.07,22.55,0,0,.289,12.3
105,2014,297,1318,30.74,22.66,0,0,.289,12.29
105,2014,297,1324,30.6,23.02,0,0,.288,12.3
105,2014,297,1330,30.47,23.03,0,0,.287,12.29
105,2014,297,1336,30.11,22.73,0,0,.288,12.29