,19.54,17.31,0,0,.164,12.3
105,2014,309,1730,19.47,17.16,0,0,.164,12.3
105,2014,309,1736,19.4,16.71,0,0,.164,12.3
105,2014,309,1742,19.32,16.31,0,0,.164,12.3
105,2014,309,1748,19.23,16.25,0,0,.164,12.3
105,2014,309,1754,19.13,15.83,0,0,.164,12.3
105,2014,309,1800,19.03,15.66,0,0,.164,12.3
105,2014,309,1806,18.92,15.56,0,0,.163,12.3
105,2014,309,1812,18.81,15.28,0,0,.163,12.3
105,2014,309,1818,18.69,15.07,0,0,.163,12.3
105,2014,309,1824,18.56,15.46,0,0,.163,12.3
105,2014,309,1830,18.43,15.67,0,0,.163,12.3
105,2014,309,1836,18.29,15.66,0,0,.163,12.3
105,2014,309,1842,18.15,15.35,0,0,.163,12.3
105,2014,309,1848,18.02,15.06,0,0,.163,12.3
105,2014,309,1854,17.89,15.15,0,0,.163,12.3
105,2014,309,1900,17.76,14.99,0,0,.163,12.3
105,2014,309,1906,17.63,14.97,0,0,.163,12.3
105,2014,309,1912,17.51,14.75,0,0,.163,12.3
105,2014,309,1918,17.38,14.18,0,0,.163,12.3
105,2014,309,1924,17.25,14.38,0,0,.163,12.3
105,2014,309,1930,17.12,14.37,0,0,.163,12.3
105,2014,309,1936,17,14.04,0,0,.163,12.3
105,2014,309,1942,16.87,14.09,0,0,.163,12.3
105,2014,309,1948,16.75,13.54,0,0,.163,12.3
105,2014,309,1954,16.62,13.82,0,0,.163,12.3
105,2014,309,2000,16.49,13.68,0,0,.163,12.3
105,2014,309,2006,16.37,13.42,0,0,.163,12.3
105,2014,309,2012,16.24,13.4,0,0,.163,12.3
105,2014,309,2018,16.12,13.75,0,0,.163,12.3
105,2014,309,2024,16,13.79,0,0,.163,12.3
105,2014,309,2030,15.88,13.33,0,0,.163,12.3
105,2014,309,2036,15.77,13.8,0,0,.163,12.3
105,2014,309,2042,15.66,13.29,0,0,.163,12.3
105,2014,309,2048,15.56,13.13,0,0,.163,12.3
105,2014,309,2054,15.45,13.33,0,0,.163,12.3
105,2014,309,2100,15.35,13,0,0,.163,12.3
105,2014,309,2106,15.25,13.16,0,0,.163,12.3
105,2014,309,2112,15.15,13.11,0,0,.163,12.3
105,2014,309,2118,15.05,12.81,0,0,.163,12.3
105,2014,309,2124,14.96,12.46,0,0,.163,12.3
105,2014,309,2130,14.86,12.44,0,0,.163,12.3
105,2014,309,2136,14.77,12.89,0,0,.163,12.3
105,2014,309,2142,14.68,13.08,0,0,.163,12.3
105,2014,309,2148,14.59,13.1,0,0,.163,12.3
105,2014,309,2154,14.51,13.14,0,0,.163,12.3
105,2014,309,2200,14.43,13.05,0,0,.163,12.3
105,2014,309,2206,14.35,12.53,0,0,.163,12.3
105,2014,309,2212,14.28,12.67,0,0,.163,12.3
105,2014,309,2218,14.22,12.82,0,0,.163,12.3
105,2014,309,2224,14.16,13.05,0,0,.163,12.3
105,2014,309,2230,14.1,12.97,0,0,.163,12.3
105,2014,309,2236,14.04,12.98,0,0,.163,12.3
105,2014,309,2242,13.98,12.96,0,0,.163,12.3
105,2014,309,2248,13.93,13,0,0,.163,12.3
105,2014,309,2254,13.88,12.62,0,0,.163,12.3
105,2014,309,2300,13.83,12.87,0,0,.163,12.3
105,2014,309,2306,13.79,12.6,0,0,.163,12.3
105,2014,309,2312,13.75,12.78,0,0,.163,12.3
105,2014,309,2318,13.71,12.82,0,0,.163,12.3
105,2014,309,2324,13.66,12.66,0,0,.163,12.3
105,2014,309,2330,13.62,12.51,0,0,.163,12.3
105,2014,309,2336,13.58,12.52,0,0,.163,12.3
105,2014,309,2342,13.54,12.78,0,0,.163,12.3
105,2014,309,2348,13.5,12.78,0,0,.163,12.3
105,2014,309,2354,13.47,12.61,0,0,.163,12.3
105,2014,310,0,13.43,12.48,0,0,.163,12.3
105,2014,310,6,13.39,12.63,0,0,.163,12.3
105,2014,310,12,13.35,12.76,0,0,.163,12.3
105,2014,310,18,13.32,12.57,0,0,.163,12.3
105,2014,310,24,13.28,12.49,0,0,.163,12.3
105,2014,310,30,13.24,12.52,0,0,.163,12.3
105,2014,310,36,13.21,12.53,0,0,.163,12.3
105,2014,310,42,13.17,12.63,0,0,.163,12.3
105,2014,310,48,13.14,12.4,0,0,.163,12.3
105,2014,310,54,13.11,12.64,0,0,.163,12.3
105,2014,310,100,13.09,12.54,0,0,.164,12.3
105,2014,310,106,13.06,12.42,0,0,.165,12.3
105,2014,310,112,13.03,12.42,0,0,.166,12.3
105,2014,310,118,13.01,12.41,0,0,.166,12.3
105,2014,310,124,12.98,12.33,0,0,.166,12.3
105,2014,310,130,12.96,12.66,0,0,.168,12.3
105,2014,310,136,12.93,12.72,0,0,.169,12.3
105,2014,310,142,12.91,12.58,0,0,.17,12.3
105,2014,310,148,12.89,12.51,0,0,.173,12.3
105,2014,310,154,12.87,12.49,0,0,.174,12.3
105,2014,310,200,12.85,12.25,0,0,.176,12.3
105,2014,310,206,12.84,12.29,0,0,.177,12.3
105,2014,310,212,12.82,12.21,0,0,.178,12.3
105,2014,310,218,12.81,12.21,0,0,.179,12.3
105,2014,310,224,12.8,12.28,0,0,.179,12.3
105,2014,310,230,12.79,12.38,0,0,.179,12.3
105,2014,310,236,12.77,12.5,0,0,.179,12.3
105,2014,310,242,12.76,12.4,0,0,.179,12.3
105,2014,310,248,12.75,12.47,0,0,.179,12.3
105,2014,310,254,12.75,12.64,0,0,.179,12.3
105,2014,310,300,12.74,12.61,0,0,.179,12.3
105,2014,310,306,12.73,12.64,0,0,.179,12.3
105,2014,310,312,12.73,12.57,0,0,.179,12.3
105,2014,310,318,12.72,12.49,0,0,.178,12.3
105,2014,310,324,12.72,12.32,0,0,.179,12.3
105,2014,310,330,12.72,12.23,0,0,.18,12.3
105,2014,310,336,12.72,12.24,0,0,.18,12.3
105,2014,310,342,12.72,12.18,0,0,.18,12.3
105,2014,310,348,12.71,12.25,0,0,.181,12.3
105,2014,310,354,12.71,12.25,0,0,.182,12.3
105,2014,310,400,12.7,12.16,0,0,.183,12.3
105,2014,310,406,12.69,12.27,0,0,.184,12.3
105,2014,310,412,12.68,12.25,0,0,.185,12.3
105,2014,310,418,12.66,12.09,0,0,.185,12.3
105,2014,310,424,12.65,12.16,0,0,.185,12.3
105,2014,310,430,12.64,12.16,0,0,.187,12.3
105,2014,310,436,12.62,12.14,0,0,.188,12.3
105,2014,310,442,12.61,12.05,0,0,.189,12.3
105,2014,310,448,12.59,12.12,0,0,.189,12.3
105,2014,310,454,12.58,12.17,0,0,.189,12.3
105,2014,310,500,12.56,12.07,0,0,.189,12.3
105,2014,310,506,12.54,12.03,0,0,.189,12.3
105,2014,310,512,12.53,12,0,0,.189,12.3
105,2014,310,518,12.51,11.99,0,0,.189,12.3
105,2014,310,524,12.49,11.93,0,0,.189,12.3
105,2014,310,530,12.47,11.83,0,0,.189,12.3
105,2014,310,536,12.45,11.76,0,0,.189,12.3
105,2014,310,542,12.42,11.77,0,0,.189,12.3
105,2014,310,548,12.4,11.72,0,0,.189,12.3
105,2014,310,554,12.38,11.83,0,0,.189,12.3
105,2014,310,600,12.35,11.78,0,0,.189,12.3
105,2014,310,606,12.33,11.79,0,0,.189,12.31
105,2014,310,612,12.31,11.77,0,0,.189,12.31
105,2014,310,618,12.29,11.62,0,0,.19,12.31
105,2014,310,624,12.27,11.56,0,0,.191,12.31
105,2014,310,630,12.25,11.46,0,0,.192,12.31
105,2014,310,636,12.23,11.45,0,0,.194,12.31
105,2014,310,642,12.2,11.4,0,0,.195,12.31
105,2014,310,648,12.18,11.3,0,0,.197,12.31
105,2014,310,654,12.16,11.37,0,0,.199,12.31
105,2014,310,700,12.13,11.29,0,0,.201,12.31
105,2014,310,706,12.11,11.27,0,0,.203,12.31
105,2014,310,712,12.08,11.19,0,0,.204,12.31
105,2014,310,718,12.06,11.1,0,0,.206,12.31
105,2014,310,724,12.03,11.1,0,0,.207,12.31
105,2014,310,730,12.01,11.15,0,0,.208,12.31
105,2014,310,736,11.98,11.12,0,0,.21,12.31
105,2014,310,742,11.96,11.22,0,0,.213,12.31
105,2014,310,748,11.94,11.18,0,0,.216,12.31
105,2014,310,754,11.91,11.19,0,0,.218,12.31
105,2014,310,800,11.9,11.23,0,0,.219,12.31
105,2014,310,806,11.88,11.22,0,0,.221,12.31
105,2014,310,812,11.86,11.25,0,0,.223,12.31
105,2014,310,818,11.85,11.26,0,0,.224,12.31
105,2014,310,824,11.83,11.33,0,0,.226,12.31
105,2014,310,830,11.83,11.37,0,0,.227,12.31
105,2014,310,836,11.82,11.43,0,0,.229,12.31
105,2014,310,842,11.82,11.51,0,0,.231,12.31
105,2014,310,848,11.82,11.54,0,0,.231,12.31
105,2014,310,854,11.82,11.56,0,0,.232,12.31
105,2014,310,900,11.82,11.63,0,0,.232,12.31
105,2014,310,906,11.82,11.69,0,0,.232,12.31
105,2014,310,912,11.83,11.78,0,0,.232,12.3
105,2014,310,918,11.84,11.81,0,0,.233,12.3
105,2014,310,924,11.85,11.82,0,0,.232,12.3
105,2014,310,930,11.86,11.87,0,0,.232,12.3
105,2014,310,936,11.87,11.99,0,0,.233,12.3
105,2014,310,942,11.89,12.05,0,0,.233,12.3
105,2014,310,948,11.91,12.24,0,0,.232,12.3
105,2014,310,954,11.93,12.28,0,0,.232,12.3
105,2014,310,1000,11.96,12.41,0,0,.233,12.3
105,2014,310,1006,12,12.55,0,0,.233,12.3
105,2014,310,1012,12.04,12.65,0,0,.232,12.3
105,2014,310,1018,12.08,12.8,0,0,.233,12.3
105,2014,310,1024,12.13,13,0,0,.233,12.3
105,2014,310,1030,12.18,12.98,0,0,.232,12.3
105,2014,310,1036,12.24,13.21,0,0,.232,12.3
105,2014,310,1042,12.3,13.32,0,0,.233,12.3
105,2014,310,1048,12.37,13.57,0,0,.232,12.3
105,2014,310,1054,12.44,13.83,0,0,.233,12.3
105,2014,310,1100,12.51,13.91,0,0,.232,12.3
105,2014,310,1106,12.59,14.19,0,0,.232,12.3
105,2014,310,1112,12.67,14.35,0,0,.232,12.3
105,2014,310,1118,12.76,14.32,0,0,.232,12.3
105,2014,310,1124,12.86,14.16,0,0,.232,12.3
105,2014,310,1130,12.96,14.35,0,0,.232,12.3
105,2014,310,1136,13.05,14.33,0,0,.231,12.3
105,2014,310,1142,13.15,14.63,0,0,.232,12.3
105,2014,310,1148,13.25,14.61,0,0,.232,12.3
105,2014,310,1154,13.35,14.72,0,0,.232,12.3
105,2014,310,1200,13.45,14.84,0,0,.232,12.3
105,2014,310,1206,13.56,15.06,0,0,.232,12.3
105,2014,310,1212,13.66,15.05,0,0,.231,12.3
105,2014,310,1218,13.78,15.3,0,0,.232,12.3
105,2014,310,1224,13.9,15.61,0,0,.232,12.3
105,2014,310,1230,14.02,15.66,0,0,.232,12.3
105,2014,310,1236,14.15,15.78,0,0,.232,12.3
105,2014,310,1242,14.29,16.02,0,0,.232,12.3
105,2014,310,1248,14.42,16.26,0,0,.232,12.3
105,2014,310,1254,14.56,16.9,0,0,.231,12.3
105,2014,310,1300,14.72,17.09,0,0,.232,12.3
105,2014,310,1306,14.88,17.46,0,0,.232,12.3
105,2014,310,1312,15.06,17.07,0,0,.232,12.3
105,2014,310,1318,15.24,17.1,0,0,.232,12.3
105,2014,310,1324,15.42,17.3,0,0,.232,12.3
105,2014,310,1330,15.59,17.42,0,0,.231,12.3
105,2014,310,1336,15.76,19.32,0,0,.232,12.3
105,2014,310,1342,15.93,19.45,0,0,.231,12.3
105,2014,310,1348,16.12,20.28,0,0,.232,12.3
105,2014,310,1354,16.32,19.75,0,0,.232,12.3
105,2014,310,1400,16.55,19.12,0,0,.232,12.3
105,2014,310,1406,16.78,19.47,0,0,.232,12.3
105,2014,310,1412,16.99,19.43,0,0,.231,12.3
105,2014,310,1418,17.21,19.85,0,0,.232,12.3
105,2014,310,1424,17.42,20.35,0,0,.232,12.3
105,2014,310,1430,17.63,19.55,0,0,.231,12.3
105,2014,310,1436,17.82,20.2,0,0,.231,12.3
105,2014,310,1442,18.01,20.69,0,0,.231,12.3
105,2014,310,1448,18.19,20.41,0,0,.232,12.3
105,2014,310,1454,18.37,19.5,0,0,.231,12.3
105,2014,310,1500,18.53,19.3,0,0,.232,12.3
105,2014,310,1506,18.68,19.28,0,0,.232,12.3
105,2014,310,1512,18.8,19.14,0,0,.232,12.3
105,2014,310,1518,18.91,19.2,0,0,.232,12.3
105,2014,310,1524,19,19.53,0,0,.232,12.3
105,2014,310,1530,19.08,19.45,0,0,.232,12.3
105,2014,310,1536,19.14,19.72,0,0,.231,12.3
105,2014,310,1542,19.19,20.12,0,0,.232,12.29
105,2014,310,1548,19.25,19.48,0,0,.232,12.3
105,2014,310,1554,19.29,17.99,0,0,.232,12.3
105,2014,310,1600,19.33,17.1,0,0,.232,12.3
105,2014,310,1606,19.33,16.67,0,0,.232,12.3
105,2014,310,1612,19.31,16.5,0,0,.232,12.3
105,2014,310,1618,19.27,16.14,0,0,.232,12.3
105,2014,310,1624,19.21,15.02,0,0,.239,12.3
105,2014,310,1630,19.13,14.18,0,0,.278,12.3
105,2014,310,1636,19.02,13.96,0,0,.31,12.3
105,2014,310,1642,18.88,13.85,0,0,.32,12.3
105,2014,310,1648,18.73,13.89,0,0,.324,12.3
105,2014,310,1654,18.56,13.99,0,0,.326,12.3
105,2014,310,1700,18.37,13.91,0,0,.327,12.3
105,2014,310,1706,18.19,14,0,0,.327,12.3
105,2014,310,1712,18,13.97,0,0,.327,12.3
105,2014,310,1718,17.82,13.82,0,0,.327,12.3
105,2014,310,1724,17.65,13.75,0,0,.327,12.3
105,2014,310,1730,17.47,13.63,0,0,.328,12.3
105,2014,310,1736,17.3,13.53,0,0,.328,12.3
105,2014,310,1742,17.13,13.6,0,0,.327,12.3
105,2014,310,1748,16.98,13.59,0,0,.326,12.3
105,2014,310,1754,16.82,13.22,0,0,.326,12.3
105,2014,310,1800,16.66,13.19,0,0,.327,12.3
105,2014,310,1806,16.51,13.38,0,0,.327,12.3
105,2014,310,1812,16.36,13.29,0,0,.327,12.3
105,2014,310,1818,16.21,13.31,0,0,.326,12.3
105,2014,310,1824,16.07,12.99,0,0,.327,12.3
105,2014,310,1830,15.93,13.07,0,0,.326,12.3
105,2014,310,1836,15.8,13.17,0,0,.326,12.3
105,2014,310,1842,15.67,13.18,0,0,.325,12.3
105,2014,310,1848,15.55,13.06,0,0,.326,12.3
105,2014,310,1854,15.43,13.05,0,0,.326,12.3
105,2014,310,1900,15.32,13.15,0,0,.326,12.3
105,2014,310,1906,15.21,13.14,0,0,.326,12.3
105,2014,310,1912,15.1,13.11,0,0,.326,12.3
105,2014,310,1918,15,13.1,0,0,.326,12.3
105,2014,310,1924,14.91,13.12,0,0,.326,12.3
105,2014,310,1930,14.83,13.15,0,0,.326,12.3
105,2014,310,1936,14.75,13.19,0,0,.326,12.3
105,2014,310,1942,14.68,13.2,0,0,.326,12.3
105,2014,310,1948,14.61,13.01,0,0,.326,12.3
105,2014,310,1954,14.55,13.04,0,0,.326,12.3
105,2014,310,2000,14.49,13.14,0,0,.326,12.3
105,2014,310,2006,14.43,13.28,0,0,.326,12.3
105,2014,310,2012,14.38,13.28,0,0,.326,12.3
105,2014,310,2018,14.34,13.24,0,0,.326,12.3
105,2014,310,2024,14.3,13.21,0,0,.326,12.3
105,2014,310,2030,14.25,13.15,0,0,.326,12.3
105,2014,310,2036,14.21,13.06,0,0,.325,12.3
105,2014,310,2042,14.17,12.97,0,0,.326,12.3
105,2014,310,2048,14.12,12.92,0,0,.326,12.3
105,2014,310,2054,14.07,12.87,0,0,.326,12.3
105,2014,310,2100,14.03,12.66,0,0,.326,12.3
105,2014,310,2106,13.98,12.57,0,0,.326,12.3
105,2014,310,2112,13.92,12.59,0,0,.326,12.3
105,2014,310,2118,13.87,12.51,0,0,.326,12.3
105,2014,310,2124,13.82,12.28,0,0,.325,12.3
105,2014,310,2130,13.76,12.19,0,0,.325,12.3
105,2014,310,2136,13.7,12.09,0,0,.325,12.3
105,2014,310,2142,13.63,11.96,0,0,.325,12.3
105,2014,310,2148,13.57,11.84,0,0,.325,12.3
105,2014,310,2154,13.5,11.74,0,0,.325,12.3
105,2014,310,2200,13.43,11.57,0,0,.325,12.3
105,2014,310,2206,13.35,11.5,0,0,.326,12.3
105,2014,310,2212,13.28,11.5,0,0,.326,12.3
105,2014,310,2218,13.2,11.4,0,0,.325,12.3
105,2014,310,2224,13.12,11.4,0,0,.325,12.3
105,2014,310,2230,13.04,11.35,0,0,.324,12.3
105,2014,310,2236,12.96,11.25,0,0,.323,12.3
105,2014,310,2242,12.88,11.24,0,0,.323,12.3
105,2014,310,2248,12.8,11.43,0,0,.324,12.3
105,2014,310,2254,12.72,11.45,0,0,.323,12.3
105,2014,310,2300,12.64,11.45,0,0,.323,12.3
105,2014,310,2306,12.56,11.48,0,0,.322,12.3
105,2014,310,2312,12.49,11.49,0,0,.322,12.3
105,2014,310,2318,12.41,11.61,0,0,.323,12.3
105,2014,310,2324,12.35,11.55,0,0,.322,12.3
105,2014,310,2330,12.29,11.56,0,0,.321,12.31
105,2014,310,2336,12.23,11.57,0,0,.321,12.3
105,2014,310,2342,12.18,11.54,0,0,.32,12.3
105,2014,310,2348,12.13,11.24,0,0,.321,12.3
105,2014,310,2354,12.08,11.22,0,0,.322,12.3
105,2014,311,0,12.03,11.26,0,0,.321,12.3
105,2014,311,6,11.97,11.01,0,0,.319,12.3
105,2014,311,12,11.92,11.04,0,0,.319,12.3
105,2014,311,18,11.87,10.95,0,0,.319,12.31
105,2014,311,24,11.82,10.77,0,0,.319,12.31
105,2014,311,30,11.76,10.52,0,0,.319,12.31
105,2014,311,36,11.71,10.69,0,0,.318,12.31
105,2014,311,42,11.66,10.59,0,0,.317,12.31
105,2014,311,48,11.6,10.4,0,0,.317,12.31
105,2014,311,54,11.54,10.33,0,0,.317,12.31
105,2014,311,100,11.48,10.21,0,0,.318,12.31
105,2014,311,106,11.41,10.16,0,0,.317,12.31
105,2014,311,112,11.33,9.91,0,0,.316,12.31
105,2014,311,118,11.24,9.87,0,0,.318,12.31
105,2014,311,124,11.14,9.7,0,0,.315,12.31
105,2014,311,130,11.05,9.45,0,0,.315,12.31
105,2014,311,136,10.95,9.24,0,0,.315,12.31
105,2014,311,142,10.85,9.05,0,0,.315,12.31
105,2014,311,148,10.75,8.65,0,0,.315,12.31
105,2014,311,154,10.64,8.62,0,0,.315,12.31
105,2014,311,200,10.52,8.53,0,0,.314,12.31
105,2014,311,206,10.4,8.36,0,0,.315,12.31
105,2014,311,212,10.27,8.24,0,0,.314,12.31
105,2014,311,218,10.14,8.31,0,0,.314,12.31
105,2014,311,224,10.01,8.41,0,0,.314,12.31
105,2014,311,230,9.88,8.37,0,0,.313,12.31
105,2014,311,236,9.76,8.59,0,0,.312,12.31
105,2014,311,242,9.65,8.65,0,0,.312,12.31
105,2014,311,248,9.54,8.72,0,0,.312,12.31
105,2014,311,254,9.44,8.9,0,0,.312,12.31
105,2014,311,300,9.35,9.01,0,0,.311,12.31
105,2014,311,306,9.28,9.02,0,0,.311,12.31
105,2014,311,312,9.21,9.04,0,0,.31,12.31
105,2014,311,318,9.16,9.2,0,0,.311,12.31
105,2014,311,324,9.12,9.16,0,0,.31,12.31
105,2014,311,330,9.08,9.1,0,0,.309,12.31
105,2014,311,336,9.05,9.11,0,0,.309,12.31
105,2014,311,342,9.02,9.08,0,0,.308,12.31
105,2014,311,348,8.99,9.19,0,0,.308,12.31
105,2014,311,354,8.96,9.29,0,0,.309,12.31
105,2014,311,400,8.94,9.35,0,0,.307,12.31
105,2014,311,406,8.92,9.4,0,0,.306,12.31
105,2014,311,412,8.91,9.4,0,0,.306,12.31
105,2014,311,418,8.9,9.42,0,0,.306,12.31
105,2014,311,424,8.9,9.44,0,0,.307,12.31
105,2014,311,430,8.9,9.48,0,0,.306,12.31
105,2014,311,436,8.89,9.4,0,0,.305,12.31
105,2014,311,442,8.89,9.42,0,0,.306,12.31
105,2014,311,448,8.89,9.46,0,0,.305,12.31
105,2014,311,454,8.89,9.45,0,0,.304,12.31
105,2014,311,500,8.89,9.43,0,0,.304,12.31
105,2014,311,506,8.9,9.59,0,0,.302,12.31
105,2014,311,512,8.9,9.62,0,0,.303,12.31
105,2014,311,518,8.9,9.5,0,0,.305,12.31
105,2014,311,524,8.91,9.49,0,0,.302,12.31
105,2014,311,530,8.91,9.08,0,0,.304,12.31
105,2014,311,536,8.91,9,0,0,.302,12.31
105,2014,311,542,8.89,8.76,0,0,.302,12.31
105,2014,311,548,8.87,8.59,0,0,.302,12.31
105,2014,311,554,8.84,8.41,0,0,.301,12.31
105,2014,311,600,8.81,8.54,0,0,.302,12.31
105,2014,311,606,8.76,8.27,0,0,.302,12.31
105,2014,311,612,8.71,8.24,0,0,.301,12.31
105,2014,311,618,8.65,8.05,0,0,.301,12.31
105,2014,311,624,8.59,8.14,0,0,.301,12.31
105,2014,311,630,8.52,8.01,0,0,.299,12.31
105,2014,311,636,8.45,8,0,0,.3,12.31
105,2014,311,642,8.38,8.18,0,0,.3,12.31
105,2014,311,648,8.31,7.86,0,0,.301,12.31
105,2014,311,654,8.24,7.95,0,0,.3,12.31
105,2014,311,700,8.17,8.14,0,0,.299,12.31
105,2014,311,706,8.1,7.63,0,0,.299,12.31
105,2014,311,712,8.03,7.87,0,0,.298,12.31
105,2014,311,718,7.95,7.56,0,0,.298,12.31
105,2014,311,724,7.88,7.54,0,0,.298,12.31
105,2014,311,730,7.81,7.33,0,0,.297,12.31
105,2014,311,736,7.73,7.47,0,0,.297,12.31
105,2014,311,742,7.66,7.32,0,0,.297,12.31
105,2014,311,748,7.59,7.27,0,0,.296,12.31
105,2014,311,754,7.51,7.27,0,0,.296,12.31
105,2014,311,800,7.44,7.64,0,0,.295,12.31
105,2014,311,806,7.37,7.47,0,0,.296,12.31
105,2014,311,812,7.3,7.18,0,0,.296,12.31
105,2014,311,818,7.24,7.31,0,0,.296,12.31
105,2014,311,824,7.19,7.47,0,0,.297,12.31
105,2014,311,830,7.13,7.54,0,0,.295,12.31
105,2014,311,836,7.09,7.93,0,0,.295,12.31
105,2014,311,842,7.05,8.35,0,0,.292,12.31
105,2014,311,848,7.01,9.2,0,0,.294,12.31
105,2014,311,854,7,10.08,0,0,.293,12.31
105,2014,311,900,7.01,10.97,0,0,.293,12.31
105,2014,311,906,7.05,11.45,0,0,.293,12.31
105,2014,311,912,7.13,11.31,0,0,.292,12.31
105,2014,311,918,7.25,10.76,0,0,.293,12.31
105,2014,311,924,7.39,12.11,0,0,.292,12.31
105,2014,311,930,7.56,12.34,0,0,.292,12.31
105,2014,311,936,7.74,12.94,0,0,.291,12.31
105,2014,311,942,7.96,13.35,0,0,.29,12.31
105,2014,311,948,8.19,12.55,0,0,.29,12.31
105,2014,311,954,8.45,12.84,0,0,.291,12.31
105,2014,311,1000,8.7,13.61,0,0,.29,12.31
105,2014,311,1006,8.95,13.46,0,0,.29,12.31
105,2014,311,1012,9.2,14.12,0,0,.289,12.31
105,2014,311,1018,9.47,14.21,0,0,.29,12.31
105,2014,311,1024,9.75,14.51,0,0,.288,12.3
105,2014,311,1030,10.03,13.61,0,0,.288,12.3
105,2014,311,1036,10.31,14.17,0,0,.287,12.31
105,2014,311,1042,10.57,14.36,0,0,.287,12.31
105,2014,311,1048,10.82,14.28,0,0,.287,12.3
105,2014,311,1054,11.07,14.05,0,0,.286,12.3
105,2014,311,1100,11.31,14.87,0,0,.287,12.3
105,2014,311,1106,11.53,15.09,0,0,.285,12.3
105,2014,311,1112,11.75,15.55,0,0,.284,12.3
105,2014,311,1118,11.98,15.65,0,0,.284,12.3
105,2014,311,1124,12.21,15.79,0,0,.284,12.3
105,2014,311,1130,12.44,15.54,0,0,.283,12.3
105,2014,311,1136,12.68,14.47,0,0,.282,12.3
105,2014,311,1142,12.9,15.46,0,0,.282,12.3
105,2014,311,1148,13.1,16.14,0,0,.282,12.3
105,2014,311,1154,13.29,17.22,0,0,.281,12.3
105,2014,311,1200,13.49,16.76,0,0,.28,12.3
105,2014,311,1206,13.69,16.91,0,0,.28,12.3
105,2014,311,1212,13.9,15.11,0,0,.28,12.3
105,2014,311,1218,14.1,11.6,0,0,.279,12.31
105,2014,311,1224,14.21,10.24,0,0,.279,12.31
105,2014,311,1230,14.22,10.42,0,0,.279,12.31
105,2014,311,1236,14.17,12.35,0,0,.28,12.31
105,2014,311,1242,14.09,13.46,0,0,.278,12.31
105,2014,311,1248,14.02,13.9,0,0,.28,12.31
105,2014,311,1254,13.96,14.78,0,0,.279,12.31
105,2014,311,1300,13.94,15.15,0,0,.28,12.3
105,2014,311,1306,13.95,14.74,0,0,.279,12.3
105,2014,311,1312,13.99,14.87,0,0,.28,12.3
105,2014,311,1318,14.05,15.21,0,0,.279,12.3
105,2014,311,1324,14.12,15.49,0,0,.279,12.3
105,2014,311,1330,14.2,13.64,0,0,.278,12.31
105,2014,311,1336,14.26,12.55,0,0,.278,12.31
105,2014,311,1342,14.28,12.12,0,0,.278,12.31
105,2014,311,1348,14.27,13.23,0,0,.278,12.31
105,2014,311,1354,14.23,14.31,0,0,.278,12.31
105,2014,311,1400,14.2,15.14,0,0,.278,12.3
105,2014,311,1406,14.17,14.68,0,0,.278,12.3
105,2014,311,1412,14.17,14.72,0,0,.276,12.3
105,2014,311,1418,14.19,15.19,0,0,.276,12.3
105,2014,311,1424,14.22,14.62,0,0,.276,12.3
105,2014,311,1430,14.26,15.41,0,0,.276,12.3
105,2014,311,1436,14.32,15.15,0,0,.274,12.3
105,2014,311,1442,14.38,15.17,0,0,.274,12.3
105,2014,311,1448,14.45,13.91,0,0,.274,12.3
105,2014,311,1454,14.51,12.61,0,0,.274,12.31
105,2014,311,1500,14.54,12.26,0,0,.274,12.31
105,2014,311,1506,14.53,11.78,0,0,.274,12.31
105,2014,311,1512,14.48,11.39,0,0,.274,12.31
105,2014,311,1518,14.39,11.52,0,0,.274,12.31
105,2014,311,1524,14.26,11.37,0,0,.274,12.31
105,2014,311,1530,14.11,10.81,0,0,.274,12.31
105,2014,311,1536,13.95,10.86,0,0,.274,12.31
105,2014,311,1542,13.78,10.98,0,0,.274,12.31
105,2014,311,1548,13.59,11.22,0,0,.274,12.31
105,2014,311,1554,13.4,11.48,0,0,.274,12.31
105,2014,311,1600,13.22,11.55,0,0,.274,12.31
105,2014,311,1606,13.06,11.3,0,0,.273,12.31
105,2014,311,1612,12.91,11.12,0,0,.273,12.31
105,2014,311,1618,12.76,10.6,0,0,.273,12.31
105,2014,311,1624,12.62,10.21,0,0,.273,12.31
105,2014,311,1630,12.48,10.01,0,0,.273,12.31
105,2014,311,1636,12.33,9.97,0,0,.273,12.31
105,2014,311,1642,12.17,9.76,0,0,.273,12.31
105,2014,311,1648,12.02,9.58,0,0,.273,12.31
105,2014,311,1654,11.86,9.54,0,0,.274,12.31
105,2014,311,1700,11.71,9.52,0,0,.274,12.31
105,2014,311,1706,11.55,9.44,0,0,.274,12.31
105,2014,311,1712,11.4,9.27,0,0,.274,12.31
105,2014,311,1718,11.24,8.98,0,0,.274,12.31
105,2014,311,1724,11.08,9.15,0,0,.275,12.31
105,2014,311,1730,10.93,9.13,0,0,.274,12.31
105,2014,311,1736,10.77,9.02,0,0,.275,12.31
105,2014,311,1742,10.62,8.84,0,0,.275,12.31
105,2014,311,1748,10.48,8.71,0,0,.275,12.31
105,2014,311,1754,10.32,8.5,0,0,.275,12.31
105,2014,311,1800,10.17,8.54,0,0,.275,12.31
105,2014,311,1806,10.02,8.23,0,0,.275,12.31
105,2014,311,1812,9.88,8.01,0,0,.275,12.31
105,2014,311,1818,9.74,7.96,0,0,.275,12.31
105,2014,311,1824,9.59,7.81,0,0,.275,12.31
105,2014,311,1830,9.43,7.88,0,0,.275,12.31
105,2014,311,1836,9.28,7.47,0,0,.275,12.31
105,2014,311,1842,9.12,7.37,0,0,.274,12.31
105,2014,311,1848,8.97,7.32,0,0,.274,12.31
105,2014,311,1854,8.81,7.03,0,0,.274,12.31
105,2014,311,1900,8.65,6.956,0,0,.274,12.31
105,2014,311,1906,8.5,6.924,0,0,.274,12.31
105,2014,311,1912,8.34,6.61,0,0,.274,12.31
105,2014,311,1918,8.19,6.65,0,0,.274,12.31
105,2014,311,1924,8.04,6.429,0,0,.274,12.31
105,2014,311,1930,7.89,6.586,0,0,.273,12.31
105,2014,311,1936,7.73,6.431,0,0,.273,12.31
105,2014,311,1942,7.58,6.23,0,0,.273,12.31
105,2014,311,1948,7.44,6.306,0,0,.273,12.31
105,2014,311,1954,7.3,6.239,0,0,.273,12.31
105,2014,311,2000,7.16,6.139,0,0,.273,12.31
105,2014,311,2006,7.02,5.996,0,0,.272,12.31
105,2014,311,2012,6.88,5.695,0,0,.272,12.31
105,2014,311,2018,6.744,5.582,0,0,.272,12.31
105,2014,311,2024,6.612,5.173,0,0,.271,12.31
105,2014,311,2030,6.477,5.002,0,0,.271,12.31
105,2014,311,2036,6.336,4.746,0,0,.272,12.31
105,2014,311,2042,6.192,5.223,0,0,.271,12.31
105,2014,311,2048,6.048,5.413,0,0,.272,12.31
105,2014,311,2054,5.907,4.705,0,0,.271,12.31
105,2014,311,2100,5.766,4.864,0,0,.271,12.31
105,2014,311,2106,5.623,4.566,0,0,.272,12.31
105,2014,311,2112,5.479,4.597,0,0,.271,12.31
105,2014,311,2118,5.337,4.699,0,0,.271,12.31
105,2014,311,2124,5.199,4.767,0,0,.271,12.31
105,2014,311,2130,5.069,4.562,0,0,.271,12.31
105,2014,311,2136,4.938,4.87,0,0,.271,12.31
105,2014,311,2142,4.816,4.678,0,0,.271,12.31
105,2014,311,2148,4.701,4.845,0,0,.27,12.31
105,2014,311,2154,4.594,5.025,0,0,.269,12.31
105,2014,311,2200,4.497,4.877,0,0,.269,12.31
105,2014,311,2206,4.409,4.434,0,0,.269,12.31
105,2014,311,2212,4.325,4.486,0,0,.269,12.31
105,2014,311,2218,4.246,4.207,0,0,.269,12.31
105,2014,311,2224,4.168,4.411,0,0,.269,12.31
105,2014,311,2230,4.089,4.054,0,0,.269,12.31
105,2014,311,2236,4.008,4.093,0,0,.269,12.31
105,2014,311,2242,3.926,4.213,0,0,.269,12.31
105,2014,311,2248,3.845,3.696,0,0,.268,12.31
105,2014,311,2254,3.767,3.645,0,0,.268,12.31
105,2014,311,2300,3.692,3.846,0,0,.268,12.31
105,2014,311,2306,3.62,3.62,0,0,.268,12.31
105,2014,311,2312,3.549,3.742,0,0,.268,12.31
105,2014,311,2318,3.48,3.295,0,0,.268,12.31
105,2014,311,2324,3.41,3.67,0,0,.268,12.31
105,2014,311,2330,3.34,3.739,0,0,.268,12.31
105,2014,311,2336,3.269,3.413,0,0,.268,12.31
105,2014,311,2342,3.198,3.286,0,0,.268,12.31
105,2014,311,2348,3.125,3.407,0,0,.268,12.31
105,2014,311,2354,3.055,3.298,0,0,.268,12.31
105,2014,312,0,2.985,2.988,0,0,.268,12.31
105,2014,312,6,2.914,2.68,0,0,.268,12.31
105,2014,312,12,2.841,2.891,0,0,.266,12.31
105,2014,312,18,2.767,2.834,0,0,.266,12.31
105,2014,312,24,2.691,2.489,0,0,.266,12.31
105,2014,312,30,2.617,2.661,0,0,.266,12.31
105,2014,312,36,2.543,2.536,0,0,.266,12.31
105,2014,312,42,2.472,2.21,0,0,.266,12.31
105,2014,312,48,2.4,2.411,0,0,.266,12.31
105,2014,312,54,2.326,2.236,0,0,.266,12.31
105,2014,312,100,2.25,2.159,0,0,.266,12.31
105,2014,312,106,2.174,2.236,0,0,.266,12.31
105,2014,312,112,2.096,2.364,0,0,.266,12.31
105,2014,312,118,2.017,2.042,0,0,.266,12.31
105,2014,312,124,1.937,2.13,0,0,.266,12.31
105,2014,312,130,1.859,2.131,0,0,.266,12.31
105,2014,312,136,1.782,1.894,0,0,.266,12.31
105,2014,312,142,1.706,1.881,0,0,.265,12.31
105,2014,312,148,1.632,1.512,0,0,.265,12.31
105,2014,312,154,1.559,1.442,0,0,.265,12.32
105,2014,312,200,1.491,1.469,0,0,.264,12.32
105,2014,312,206,1.424,1.381,0,0,.263,12.31
105,2014,312,212,1.357,1.016,0,0,.264,12.31
105,2014,312,218,1.291,1.176,0,0,.264,12.31
105,2014,312,224,1.224,1.252,0,0,.264,12.31
105,2014,312,230,1.159,1.111,0,0,.264,12.31
105,2014,312,236,1.094,1.237,0,0,.264,12.31
105,2014,312,242,1.031,1.172,0,0,.264,12.31
105,2014,312,248,.97,1.158,0,0,.264,12.31
105,2014,312,254,.912,1.118,0,0,.264,12.31
105,2014,312,300,.857,.899,0,0,.264,12.31
105,2014,312,306,.805,.896,0,0,.264,12.31
105,2014,312,312,.759,1.055,0,0,.263,12.32
105,2014,312,318,.715,.587,0,0,.263,12.32
105,2014,312,324,.672,.577,0,0,.263,12.32
105,2014,312,330,.63,.988,0,0,.263,12.32
105,2014,312,336,.587,.866,0,0,.264,12.32
105,2014,312,342,.544,.796,0,0,.263,12.32
105,2014,312,348,.503,.481,0,0,.263,12.32
105,2014,312,354,.464,.386,0,0,.263,12.32
105,2014,312,400,.424,.437,0,0,.263,12.32
105,2014,312,406,.384,.253,0,0,.263,12.32
105,2014,312,412,.343,.212,0,0,.262,12.32
105,2014,312,418,.303,-.022,0,0,.262,12.32
105,2014,312,424,.26,.059,0,0,.263,12.32
105,2014,312,430,.217,-.054,0,0,.262,12.32
105,2014,312,436,.172,.006,0,0,.262,12.31
105,2014,312,442,.126,.344,0,0,.262,12.31
105,2014,312,448,.078,.206,0,0,.262,12.32
105,2014,312,454,.031,-.164,0,0,.262,12.32
105,2014,312,500,-.017,-.112,0,0,.262,12.32
105,2014,312,506,-.066,-.348,0,0,.261,12.32
105,2014,312,512,-.114,-.148,0,0,.261,12.32
105,2014,312,518,-.161,.461,0,0,.261,12.32
105,2014,312,524,-.208,.346,0,0,.261,12.32
105,2014,312,530,-.252,.314,0,0,.261,12.32
105,2014,312,536,-.294,.385,0,0,.26,12.32
105,2014,312,542,-.333,.28,0,0,.26,12.32
105,2014,312,548,-.369,.317,0,0,.26,12.32
105,2014,312,554,-.407,.161,0,0,.26,12.32
105,2014,312,600,-.442,.049,0,0,.259,12.32
105,2014,312,606,-.478,.027,0,0,.259,12.31
105,2014,312,612,-.513,.034,0,0,.258,12.32
105,2014,312,618,-.547,.013,0,0,.258,12.31
105,2014,312,624,-.582,-.017,0,0,.259,12.32
105,2014,312,630,-.617,-.11,0,0,.258,12.31
105,2014,312,636,-.655,-.084,0,0,.258,12.32
105,2014,312,642,-.695,-.257,0,0,.258,12.32
105,2014,312,648,-.736,-.224,0,0,.258,12.32
105,2014,312,654,-.777,-.534,0,0,.259,12.32
105,2014,312,700,-.819,-.429,0,0,.258,12.32
105,2014,312,706,-.861,-.396,0,0,.258,12.32
105,2014,312,712,-.902,-.411,0,0,.258,12.32
105,2014,312,718,-.942,-.604,0,0,.258,12.32
105,2014,312,724,-.984,-.591,0,0,.258,12.32
105,2014,312,730,-1.025,-1.288,0,0,.258,12.32
105,2014,312,736,-1.071,-1.624,0,0,.258,12.32
105,2014,312,742,-1.117,-1.682,0,0,.258,12.32
105,2014,312,748,-1.169,-1.591,0,0,.258,12.32
105,2014,312,754,-1.227,-1.54,0,0,.257,12.32
105,2014,312,800,-1.288,-.933,0,0,.257,12.32
105,2014,312,806,-1.347,-.831,0,0,.257,12.32
105,2014,312,812,-1.403,-.745,0,0,.257,12.32
105,2014,312,818,-1.456,-.697,0,0,.257,12.32
105,2014,312,824,-1.503,-.641,0,0,.257,12.32
105,2014,312,830,-1.543,-.671,0,0,.257,12.32
105,2014,312,836,-1.578,-.618,0,0,.257,12.32
105,2014,312,842,-1.606,-.081,0,0,.256,12.32
105,2014,312,848,-1.627,1.37,0,0,.256,12.32
105,2014,312,854,-1.631,2.693,0,0,.255,12.32
105,2014,312,900,-1.609,4.49,0,0,.255,12.32
105,2014,312,906,-1.551,5.258,0,0,.256,12.31
105,2014,312,912,-1.446,6.274,0,0,.255,12.31
105,2014,312,918,-1.292,6.915,0,0,.254,12.31
105,2014,312,924,-1.087,7.77,0,0,.254,12.31
105,2014,312,930,-.839,8.08,0,0,.253,12.31
105,2014,312,936,-.548,8.94,0,0,.253,12.31
105,2014,312,942,-.218,8.94,0,0,.252,12.31
105,2014,312,948,.137,9.87,0,0,.252,12.31
105,2014,312,954,.523,9.66,0,0,.252,12.31
105,2014,312,1000,.926,10.11,0,0,.252,12.31
105,2014,312,1006,1.345,11.14,0,0,.251,12.31
105,2014,312,1012,1.777,11.04,0,0,.251,12.31
105,2014,312,1018,2.219,10.72,0,0,.251,12.31
105,2014,312,1024,2.665,10.88,0,0,.252,12.31
105,2014,312,1030,3.114,11.38,0,0,.252,12.31
105,2014,312,1036,3.549,10.99,0,0,.251,12.31
105,2014,312,1042,3.978,12.08,0,0,.25,12.31
105,2014,312,1048,4.392,12.05,0,0,.25,12.31
105,2014,312,1054,4.801,13.52,0,0,.25,12.31
105,2014,312,1100,5.206,13.08,0,0,.25,12.31
105,2014,312,1106,5.61,13.12,0,0,.25,12.31
105,2014,312,1112,6.001,13.04,0,0,.25,12.31
105,2014,312,1118,6.392,13.74,0,0,.25,12.31
105,2014,312,1124,6.779,13.48,0,0,.249,12.31
105,2014,312,1130,7.17,13.12,0,0,.249,12.31
105,2014,312,1136,7.54,12.72,0,0,.249,12.31
105,2014,312,1142,7.9,12.32,0,0,.249,12.31
105,2014,312,1148,8.23,12.39,0,0,.249,12.31
105,2014,312,1154,8.55,12.4,0,0,.249,12.31
105,2014,312,1200,8.83,12.44,0,0,.249,12.31
105,2014,312,1206,9.09,12.63,0,0,.249,12.31
105,2014,312,1212,9.33,11.45,0,0,.249,12.31
105,2014,312,1218,9.54,11.39,0,0,.249,12.31
105,2014,312,1224,9.73,11.73,0,0,.248,12.31
105,2014,312,1230,9.91,12.79,0,0,.249,12.31
105,2014,312,1236,10.06,12.24,0,0,.249,12.31
105,2014,312,1242,10.21,12.65,0,0,.249,12.31
105,2014,312,1248,10.38,13.34,0,0,.248,12.31
105,2014,312,1254,10.56,12.99,0,0,.248,12.31
105,2014,312,1300,10.74,13.43,0,0,.248,12.31
105,2014,312,1306,10.92,13.79,0,0,.248,12.3
105,2014,312,1312,11.1,13.07,0,0,.248,12.3
105,2014,312,1318,11.28,13.1,0,0,.248,12.3
105,2014,312,1324,11.44,13.27,0,0,.246,12.31
105,2014,312,1330,11.58,14.41,0,0,.246,12.3
105,2014,312,1336,11.73,13.38,0,0,.245,12.3
105,2014,312,1342,11.89,12.3,0,0,.246,12.3
105,2014,312,1348,12.02,13.12,0,0,.246,12.31
105,2014,312,1354,12.14,12.59,0,0,.246,12.31
105,2014,312,1400,12.23,14.04,0,0,.246,12.3
105,2014,312,1406,12.31,13.73,0,0,.246,12.3
105,2014,312,1412,12.41,13.7,0,0,.245,12.3
105,2014,312,1418,12.5,14.01,0,0,.245,12.3
105,2014,312,1424,12.6,13.02,0,0,.245,12.3
105,2014,312,1430,12.69,12.86,0,0,.245,12.3
105,2014,312,1436,12.76,12.78,0,0,.245,12.3
105,2014,312,1442,12.82,13.56,0,0,.244,12.3
105,2014,312,1448,12.88,12.02,0,0,.243,12.3
105,2014,312,1454,12.92,11.96,0,0,.243,12.31
105,2014,312,1500,12.96,11.94,0,0,.243,12.3
105,2014,312,1506,12.97,11.62,0,0,.243,12.3
105,2014,312,1512,12.97,11.54,0,0,.243,12.3
105,2014,312,1518,12.94,11.1,0,0,.243,12.3
105,2014,312,1524,12.9,11.32,0,0,.243,12.3
105,2014,312,1530,12.84,11.51,0,0,.243,12.3
105,2014,312,1536,12.78,11.18,0,0,.243,12.31
105,2014,312,1542,12.71,11.05,0,0,.243,12.31
105,2014,312,1548,12.63,10.78,0,0,.243,12.31
105,2014,312,1554,12.55,10.6,0,0,.243,12.31
105,2014,312,1600,12.45,10.47,0,0,.243,12.31
105,2014,312,1606,12.36,10.46,0,0,.243,12.31
105,2014,312,1612,12.25,10.4,0,0,.243,12.31
105,2014,312,1618,12.13,10.31,0,0,.243,12.31
105,2014,312,1624,12.02,9.99,0,0,.243,12.31
105,2014,312,1630,11.9,9.85,0,0,.243,12.31
105,2014,312,1636,11.78,9.97,0,0,.244,12.31
105,2014,312,1642,11.66,9.74,0,0,.244,12.31
105,2014,312,1648,11.53,9.52,0,0,.244,12.31
105,2014,312,1654,11.4,9.51,0,0,.244,12.31
105,2014,312,1700,11.27,9.51,0,0,.244,12.31
105,2014,312,1706,11.13,9.33,0,0,.245,12.31
105,2014,312,1712,11,9.12,0,0,.245,12.31
105,2014,312,1718,10.88,8.87,0,0,.245,12.31
105,2014,312,1724,10.74,8.82,0,0,.245,12.31
105,2014,312,1730,10.61,8.74,0,0,.245,12.31
105,2014,312,1736,10.48,8.72,0,0,.245,12.31
105,2014,312,1742,10.34,8.45,0,0,.245,12.31
105,2014,312,1748,10.21,8.35,0,0,.245,12.31
105,2014,312,1754,10.08,8.07,0,0,.245,12.31
105,2014,312,1800,9.96,7.9,0,0,.245,12.31
105,2014,312,1806,9.83,7.89,0,0,.245,12.31
105,2014,312,1812,9.7,7.61,0,0,.245,12.31
105,2014,312,1818,9.57,7.54,0,0,.246,12.31
105,2014,312,1824,9.43,7.29,0,0,.246,12.31
105,2014,312,1830,9.3,6.811,0,0,.246,12.31
105,2014,312,1836,9.16,6.56,0,0,.246,12.31
105,2014,312,1842,9,6.847,0,0,.246,12.31
105,2014,312,1848,8.84,6.716,0,0,.246,12.31
105,2014,312,1854,8.68,6.268,0,0,.246,12.31
105,2014,312,1900,8.52,5.81,0,0,.246,12.31
105,2014,312,1906,8.35,5.827,0,0,.246,12.31
105,2014,312,1912,8.18,5.735,0,0,.246,12.31
105,2014,312,1918,8.01,5.664,0,0,.246,12.31
105,2014,312,1924,7.83,5.326,0,0,.246,12.31
105,2014,312,1930,7.65,5.315,0,0,.246,12.31
105,2014,312,1936,7.48,5.201,0,0,.246,12.31
105,2014,312,1942,7.31,5.099,0,0,.246,12.31
105,2014,312,1948,7.13,4.841,0,0,.246,12.31
105,2014,312,1954,6.951,4.57,0,0,.246,12.31
105,2014,312,2000,6.776,4.446,0,0,.246,12.31
105,2014,312,2006,6.604,4.186,0,0,.246,12.31
105,2014,312,2012,6.428,4.316,0,0,.245,12.31
105,2014,312,2018,6.252,4.22,0,0,.246,12.31
105,2014,312,2024,6.081,3.927,0,0,.246,12.31
105,2014,312,2030,5.914,3.997,0,0,.246,12.31
105,2014,312,2036,5.748,4.071,0,0,.245,12.31
105,2014,312,2042,5.585,3.71,0,0,.245,12.31
105,2014,312,2048,5.424,3.284,0,0,.246,12.31
105,2014,312,2054,5.269,3.391,0,0,.245,12.31
105,2014,312,2100,5.116,3.62,0,0,.246,12.31
105,2014,312,2106,4.962,3.746,0,0,.246,12.31
105,2014,312,2112,4.811,3.304,0,0,.245,12.31
105,2014,312,2118,4.667,2.595,0,0,.244,12.31
105,2014,312,2124,4.529,2.952,0,0,.244,12.31
105,2014,312,2130,4.396,3.308,0,0,.244,12.31
105,2014,312,2136,4.263,3.68,0,0,.244,12.31
105,2014,312,2142,4.137,3.83,0,0,.243,12.31
105,2014,312,2148,4.019,3.28,0,0,.243,12.31
105,2014,312,2154,3.907,3.063,0,0,.243,12.31
105,2014,312,2200,3.803,2.753,0,0,.243,12.31
105,2014,312,2206,3.704,2.541,0,0,.243,12.31
105,2014,312,2212,3.603,2.678,0,0,.243,12.31
105,2014,312,2218,3.5,2.713,0,0,.243,12.31
105,2014,312,2224,3.401,2.698,0,0,.243,12.31
105,2014,312,2230,3.301,2.452,0,0,.243,12.31
105,2014,312,2236,3.202,2.416,0,0,.243,12.31
105,2014,312,2242,3.107,2.597,0,0,.243,12.31
105,2014,312,2248,3.015,2.568,0,0,.243,12.31
105,2014,312,2254,2.92,2.428,0,0,.243,12.31
105,2014,312,2300,2.827,2.026,0,0,.243,12.31
105,2014,312,2306,2.738,1.853,0,0,.243,12.31
105,2014,312,2312,2.65,2.229,0,0,.243,12.31
105,2014,312,2318,2.568,2.096,0,0,.243,12.31
105,2014,312,2324,2.489,2.346,0,0,.244,12.31
105,2014,312,2330,2.416,2.386,0,0,.243,12.31
105,2014,312,2336,2.352,2.754,0,0,.241,12.31
105,2014,312,2342,2.296,2.943,0,0,.242,12.31
105,2014,312,2348,2.25,2.716,0,0,.241,12.31
105,2014,312,2354,2.212,2.84,0,0,.241,12.31
105,2014,313,0,2.186,3.063,0,0,.241,12.31
105,2014,313,6,2.172,3.222,0,0,.241,12.31
105,2014,313,12,2.163,3.439,0,0,.241,12.31
105,2014,313,18,2.168,3.557,0,0,.241,12.31
105,2014,313,24,2.178,3.419,0,0,.241,12.31
105,2014,313,30,2.194,3.612,0,0,.241,12.31
105,2014,313,36,2.216,3.745,0,0,.241,12.31
105,2014,313,42,2.242,3.734,0,0,.241,12.31
105,2014,313,48,2.272,4.111,0,0,.241,12.31
105,2014,313,54,2.306,4.018,0,0,.241,12.31
105,2014,313,100,2.348,4.044,0,0,.241,12.31
105,2014,313,106,2.394,4.29,0,0,.241,12.31
105,2014,313,112,2.443,4.475,0,0,.24,12.31
105,2014,313,118,2.496,4.497,0,0,.24,12.31
105,2014,313,124,2.551,4.729,0,0,.24,12.31
105,2014,313,130,2.609,4.684,0,0,.24,12.31
105,2014,313,136,2.67,4.561,0,0,.24,12.31
105,2014,313,142,2.732,4.608,0,0,.24,12.31
105,2014,313,148,2.794,4.696,0,0,.24,12.31
105,2014,313,154,2.856,4.862,0,0,.24,12.31
105,2014,313,200,2.917,5.058,0,0,.24,12.31
105,2014,313,206,2.979,5.12,0,0,.24,12.31
105,2014,313,212,3.044,5.189,0,0,.24,12.31
105,2014,313,218,3.109,5.136,0,0,.24,12.31
105,2014,313,224,3.174,5.259,0,0,.24,12.31
105,2014,313,230,3.239,5.372,0,0,.24,12.31
105,2014,313,236,3.303,5.215,0,0,.24,12.31
105,2014,313,242,3.365,5.462,0,0,.24,12.31
105,2014,313,248,3.425,5.288,0,0,.24,12.31
105,2014,313,254,3.486,5.466,0,0,.241,12.31
105,2014,313,300,3.548,5.658,0,0,.24,12.31
105,2014,313,306,3.61,5.802,0,0,.24,12.31
105,2014,313,312,3.674,5.815,0,0,.238,12.31
105,2014,313,318,3.739,5.429,0,0,.239,12.31
105,2014,313,324,3.806,5.57,0,0,.238,12.31
105,2014,313,330,3.872,5.411,0,0,.238,12.31
105,2014,313,336,3.935,5.593,0,0,.238,12.31
105,2014,313,342,3.995,5.364,0,0,.239,12.31
105,2014,313,348,4.051,5.524,0,0,.238,12.31
105,2014,313,354,4.101,5.422,0,0,.238,12.31
105,2014,313,400,4.147,5.576,0,0,.238,12.31
105,2014,313,406,4.188,5.429,0,0,.238,12.31
105,2014,313,412,4.225,5.38,0,0,.238,12.31
105,2014,313,418,4.259,5.504,0,0,.238,12.31
105,2014,313,424,4.29,5.299,0,0,.238,12.31
105,2014,313,430,4.319,5.154,0,0,.238,12.31
105,2014,313,436,4.343,5.321,0,0,.238,12.31
105,2014,313,442,4.365,5.136,0,0,.238,12.31
105,2014,313,448,4.38,5.203,0,0,.238,12.31
105,2014,313,454,4.394,5.391,0,0,.238,12.31
105,2014,313,500,4.405,5.112,0,0,.238,12.31
105,2014,313,506,4.415,5.265,0,0,.238,12.31
105,2014,313,512,4.422,5.367,0,0,.238,12.31
105,2014,313,518,4.429,5.278,0,0,.238,12.31
105,2014,313,524,4.437,5.127,0,0,.238,12.31
105,2014,313,530,4.443,4.91,0,0,.238,12.31
105,2014,313,536,4.448,4.812,0,0,.238,12.31
105,2014,313,542,4.448,4.602,0,0,.238,12.31
105,2014,313,548,4.442,4.814,0,0,.237,12.31
105,2014,313,554,4.433,4.457,0,0,.237,12.31
105,2014,313,600,4.418,4.592,0,0,.237,12.31
105,2014,313,606,4.396,4.43,0,0,.238,12.31
105,2014,313,612,4.37,3.925,0,0,.238,12.31
105,2014,313,618,4.338,4.489,0,0,.238,12.31
105,2014,313,624,4.302,4.451,0,0,.237,12.31
105,2014,313,630,4.263,3.942,0,0,.237,12.31
105,2014,313,636,4.223,4.008,0,0,.237,12.31
105,2014,313,642,4.18,3.856,0,0,.238,12.31
105,2014,313,648,4.133,3.783,0,0,.237,12.31
105,2014,313,654,4.083,3.6,0,0,.236,12.31
105,2014,313,700,4.032,3.716,0,0,.237,12.31
105,2014,313,706,3.976,3.446,0,0,.237,12.31
105,2014,313,712,3.915,3.302,0,0,.236,12.31
105,2014,313,718,3.851,3.461,0,0,.236,12.31
105,2014,313,724,3.782,3.512,0,0,.237,12.31
105,2014,313,730,3.709,3.212,0,0,.236,12.31
105,2014,313,736,3.637,2.712,0,0,.236,12.31
105,2014,313,742,3.565,3.013,0,0,.236,12.31
105,2014,313,748,3.491,2.868,0,0,.236,12.31
105,2014,313,754,3.415,3.493,0,0,.236,12.31
105,2014,313,800,3.34,2.209,0,0,.236,12.31
105,2014,313,806,3.265,3.547,0,0,.237,12.31
105,2014,313,812,3.191,3.921,0,0,.236,12.31
105,2014,313,818,3.122,3.285,0,0,.235,12.31
105,2014,313,824,3.061,2.691,0,0,.236,12.31
105,2014,313,830,3.009,3.097,0,0,.235,12.31
105,2014,313,836,2.96,3.419,0,0,.236,12.31
105,2014,313,842,2.917,3.803,0,0,.235,12.31
105,2014,313,848,2.882,4.082,0,0,.235,12.31
105,2014,313,854,2.855,4.728,0,0,.235,12.31
105,2014,313,900,2.839,5.522,0,0,.235,12.31
105,2014,313,906,2.845,6.245,0,0,.235,12.31
105,2014,313,912,2.87,7.92,0,0,.234,12.31
105,2014,313,918,2.921,8.8,0,0,.234,12.31
105,2014,313,924,3.012,8.98,0,0,.233,12.31
105,2014,313,930,3.144,9.1,0,0,.233,12.31
105,2014,313,936,3.308,9.86,0,0,.233,12.31
105,2014,313,942,3.5,9.99,0,0,.232,12.31
105,2014,313,948,3.724,11.11,0,0,.232,12.31
105,2014,313,954,3.981,11.92,0,0,.232,12.31
105,2014,313,1000,4.261,11.36,0,0,.232,12.31
105,2014,313,1006,4.558,11.64,0,0,.231,12.31
105,2014,313,1012,4.874,12.24,0,0,.231,12.31
105,2014,313,1018,5.208,12.51,0,0,.231,12.31
105,2014,313,1024,5.545,13.34,0,0,.231,12.31
105,2014,313,1030,5.891,13.53,0,0,.23,12.31
105,2014,313,1036,6.245,13.51,0,0,.23,12.31
105,2014,313,1042,6.609,13.11,0,0,.229,12.31
105,2014,313,1048,6.977,13.18,0,0,.23,12.31
105,2014,313,1054,7.33,13.61,0,0,.229,12.31
105,2014,313,1100,7.68,13.07,0,0,.229,12.31
105,2014,313,1106,8.01,13.45,0,0,.229,12.31
105,2014,313,1112,8.32,14.13,0,0,.229,12.31
105,2014,313,1118,8.63,14.28,0,0,.23,12.31
105,2014,313,1124,8.92,14.93,0,0,.229,12.3
105,2014,313,1130,9.22,14.8,0,0,.229,12.31
105,2014,313,1136,9.52,14.85,0,0,.228,12.3
105,2014,313,1142,9.82,15.18,0,0,.227,12.31
105,2014,313,1148,10.12,15.1,0,0,.227,12.3
105,2014,313,1154,10.42,15.54,0,0,.227,12.3
105,2014,313,1200,10.71,15.9,0,0,.227,12.3
105,2014,313,1206,10.99,17.54,0,0,.228,12.3
105,2014,313,1212,11.28,16.97,0,0,.227,12.3
105,2014,313,1218,11.58,17.09,0,0,.227,12.3
105,2014,313,1224,11.88,17.73,0,0,.227,12.3
105,2014,313,1230,12.19,16.72,0,0,.226,12.3
105,2014,313,1236,12.5,16.62,0,0,.225,12.3
105,2014,313,1242,12.79,16.37,0,0,.225,12.3
105,2014,313,1248,13.07,16.23,0,0,.224,12.3
105,2014,313,1254,13.32,16.6,0,0,.224,12.3
105,2014,313,1300,13.56,16.94,0,0,.224,12.3
105,2014,313,1306,13.78,16.89,0,0,.224,12.3
105,2014,313,1312,13.99,16.39,0,0,.224,12.3
105,2014,313,1318,14.19,16.77,0,0,.224,12.3
105,2014,313,1324,14.37,16.87,0,0,.224,12.3
105,2014,313,1330,14.53,16.79,0,0,.224,12.3
105,2014,313,1336,14.68,17.05,0,0,.224,12.3
105,2014,313,1342,14.83,16.03,0,0,.224,12.3
105,2014,313,1348,14.97,16.22,0,0,.224,12.3
105,2014,313,1354,15.09,16.21,0,0,.224,12.3
105,2014,313,1400,15.2,16.34,0,0,.224,12.3
105,2014,313,1406,15.3,16.01,0,0,.224,12.3
105,2014,313,1412,15.39,15.92,0,0,.224,12.3
105,2014,313,1418,15.46,16.07,0,0,.224,12.3
105,2014,313,1424,15.53,16.04,0,0,.224,12.3
105,2014,313,1430,15.58,16.09,0,0,.224,12.3
105,2014,313,1436,15.63,16.56,0,0,.224,12.3
105,2014,313,1442,15.68,16.2,0,0,.224,12.3
105,2014,313,1448,15.72,16.14,0,0,.224,12.3
105,2014,313,1454,15.77,15.64,0,0,.224,12.3
105,2014,313,1500,15.8,15.48,0,0,.224,12.3
105,2014,313,1506,15.82,15.04,0,0,.224,12.3
105,2014,313,1512,15.82,14.72,0,0,.224,12.3
105,2014,313,1518,15.81,15.31,0,0,.224,12.3
105,2014,313,1524,15.79,14.95,0,0,.224,12.3
105,2014,313,1530,15.76,14.85,0,0,.224,12.3
105,2014,313,1536,15.72,15.09,0,0,.224,12.3
105,2014,313,1542,15.67,14.98,0,0,.224,12.3
105,2014,313,1548,15.62,15.24,0,0,.224,12.3
105,2014,313,1554,15.57,14.75,0,0,.224,12.3
105,2014,313,1600,15.51,14.29,0,0,.224,12.3
105,2014,313,1606,15.45,14.44,0,0,.224,12.3
105,2014,313,1612,15.39,14.33,0,0,.224,12.3
105,2014,313,1618,15.33,14.08,0,0,.224,12.3
105,2014,313,1624,15.26,13.98,0,0,.224,12.3
105,2014,313,1630,15.2,14.03,0,0,.224,12.3
105,2014,313,1636,15.13,13.73,0,0,.224,12.3
105,2014,313,1642,15.06,13.3,0,0,.224,12.3
105,2014,313,1648,14.98,13.27,0,0,.224,12.3
105,2014,313,1654,14.91,13.12,0,0,.224,12.3
105,2014,313,1700,14.82,13.05,0,0,.224,12.3
105,2014,313,1706,14.74,12.98,0,0,.224,12.3
105,2014,313,1712,14.64,12.82,0,0,.224,12.3
105,2014,313,1718,14.54,12.58,0,0,.224,12.3
105,2014,313,1724,14.44,12.62,0,0,.224,12.3
105,2014,313,1730,14.34,12.29,0,0,.224,12.3
105,2014,313,1736,14.23,11.97,0,0,.224,12.3
105,2014,313,1742,14.12,12.02,0,0,.224,12.3
105,2014,313,1748,14.01,11.72,0,0,.224,12.3
105,2014,313,1754,13.88,11.37,0,0,.224,12.3
105,2014,313,1800,13.76,10.81,0,0,.224,12.3
105,2014,313,1806,13.62,10.84,0,0,.224,12.3
105,2014,313,1812,13.47,10.07,0,0,.224,12.31
105,2014,313,1818,13.32,9.71,0,0,.224,12.31
105,2014,313,1824,13.15,9.25,0,0,.224,12.31
105,2014,313,1830,12.98,9.17,0,0,.224,12.31
105,2014,313,1836,12.8,8.87,0,0,.224,12.31
105,2014,313,1842,12.6,8.85,0,0,.224,12.3
105,2014,313,1848,12.4,8.96,0,0,.224,12.31
105,2014,313,1854,12.19,8.4,0,0,.224,12.31
105,2014,313,1900,11.98,7.6,0,0,.224,12.31
105,2014,313,1906,11.76,8.23,0,0,.224,12.31
105,2014,313,1912,11.55,7.81,0,0,.224,12.31
105,2014,313,1918,11.34,7.58,0,0,.225,12.31
105,2014,313,1924,11.12,7.38,0,0,.225,12.31
105,2014,313,1930,10.9,6.518,0,0,.226,12.31
105,2014,313,1936,10.68,7.2,0,0,.226,12.31
105,2014,313,1942,10.46,6.67,0,0,.226,12.31
105,2014,313,1948,10.24,6.226,0,0,.226,12.31
105,2014,313,1954,10.02,5.851,0,0,.226,12.31
105,2014,313,2000,9.79,6.038,0,0,.226,12.31
105,2014,313,2006,9.57,6.04,0,0,.226,12.31
105,2014,313,2012,9.34,5.22,0,0,.226,12.31
105,2014,313,2018,9.11,5.901,0,0,.226,12.31
105,2014,313,2024,8.88,5.884,0,0,.226,12.31
105,2014,313,2030,8.66,5.929,0,0,.226,12.31
105,2014,313,2036,8.44,5.81,0,0,.226,12.31
105,2014,313,2042,8.23,5.11,0,0,.226,12.31
105,2014,313,2048,8.03,5.713,0,0,.226,12.31
105,2014,313,2054,7.82,4.994,0,0,.227,12.31
105,2014,313,2100,7.62,4.714,0,0,.226,12.31
105,2014,313,2106,7.43,4.516,0,0,.226,12.31
105,2014,313,2112,7.23,4.861,0,0,.226,12.31
105,2014,313,2118,7.04,4.886,0,0,.226,12.31
105,2014,313,2124,6.847,4.052,0,0,.227,12.31
105,2014,313,2130,6.661,3.492,0,0,.226,12.31
105,2014,313,2136,6.476,4.555,0,0,.226,12.31
105,2014,313,2142,6.29,4.441,0,0,.226,12.31
105,2014,313,2148,6.11,3.803,0,0,.226,12.31
105,2014,313,2154,5.94,4.077,0,0,.226,12.31
105,2014,313,2200,5.773,3.924,0,0,.225,12.31
105,2014,313,2206,5.61,3.82,0,0,.226,12.31
105,2014,313,2212,5.451,3.296,0,0,.225,12.31
105,2014,313,2218,5.297,3.668,0,0,.225,12.31
105,2014,313,2224,5.147,4.096,0,0,.225,12.31
105,2014,313,2230,4.996,3.571,0,0,.225,12.31
105,2014,313,2236,4.847,4.406,0,0,.225,12.31
105,2014,313,2242,4.704,4.292,0,0,.224,12.31
105,2014,313,2248,4.569,3.44,0,0,.225,12.31
105,2014,313,2254,4.446,4.083,0,0,.224,12.31
105,2014,313,2300,4.325,4.116,0,0,.224,12.31
105,2014,313,2306,4.209,3.992,0,0,.224,12.31
105,2014,313,2312,4.1,3.886,0,0,.224,12.31
105,2014,313,2318,3.999,3.127,0,0,.224,12.31
105,2014,313,2324,3.903,3.553,0,0,.224,12.31
105,2014,313,2330,3.808,3.085,0,0,.224,12.31
105,2014,313,2336,3.717,3.517,0,0,.224,12.31
105,2014,313,2342,3.623,3.685,0,0,.224,12.31
105,2014,313,2348,3.529,3.218,0,0,.224,12.31
105,2014,313,2354,3.438,3.482,0,0,.224,12.31
105,2014,314,0,3.351,3.233,0,0,.224,12.31
105,2014,314,6,3.267,2.601,0,0,.224,12.31
105,2014,314,12,3.185,2.872,0,0,.224,12.31
105,2014,314,18,3.103,2.919,0,0,.224,12.31
105,2014,314,24,3.022,2.406,0,0,.224,12.31
105,2014,314,30,2.94,2.809,0,0,.224,12.31
105,2014,314,36,2.855,2.809,0,0,.224,12.31
105,2014,314,42,2.77,2.112,0,0,.224,12.31
105,2014,314,48,2.686,2.115,0,0,.224,12.31
105,2014,314,54,2.601,1.991,0,0,.224,12.31
105,2014,314,100,2.516,1.984,0,0,.224,12.31
105,2014,314,106,2.431,2.675,0,0,.224,12.31
105,2014,314,112,2.348,2.659,0,0,.224,12.31
105,2014,314,118,2.272,1.948,0,0,.223,12.31
105,2014,314,124,2.2,2.753,0,0,.224,12.31
105,2014,314,130,2.129,2.026,0,0,.223,12.31
105,2014,314,136,2.061,2.529,0,0,.223,12.31
105,2014,314,142,1.998,1.607,0,0,.223,12.31
105,2014,314,148,1.935,1.597,0,0,.223,12.31
105,2014,314,154,1.872,1.532,0,0,.222,12.31
105,2014,314,200,1.808,1.56,0,0,.223,12.31
105,2014,314,206,1.746,.965,0,0,.222,12.31
105,2014,314,212,1.684,1.027,0,0,.222,12.31
105,2014,314,218,1.62,1.027,0,0,.222,12.31
105,2014,314,224,1.557,1.158,0,0,.222,12.31
105,2014,314,230,1.491,1.265,0,0,.222,12.31
105,2014,314,236,1.424,1.083,0,0,.222,12.31
105,2014,314,242,1.355,.964,0,0,.222,12.31
105,2014,314,248,1.285,.725,0,0,.222,12.31
105,2014,314,254,1.213,.814,0,0,.222,12.31
105,2014,314,300,1.143,1.745,0,0,.222,12.31
105,2014,314,306,1.076,2.035,0,0,.222,12.31
105,2014,314,312,1.016,1.91,0,0,.222,12.31
105,2014,314,318,.963,1.965,0,0,.221,12.31
105,2014,314,324,.917,1.233,0,0,.221,12.31
105,2014,314,330,.879,1.095,0,0,.221,12.31
105,2014,314,336,.842,.933,0,0,.221,12.31
105,2014,314,342,.804,.788,0,0,.221,12.31
105,2014,314,348,.762,1.781,0,0,.221,12.31
105,2014,314,354,.718,1.774,0,0,.221,12.31
105,2014,314,400,.674,1.199,0,0,.221,12.31
105,2014,314,406,.633,1.036,0,0,.221,12.31
105,2014,314,412,.596,1.088,0,0,.221,12.31
105,2014,314,418,.561,1.19,0,0,.221,12.31
105,2014,314,424,.526,1.636,0,0,.221,12.31
105,2014,314,430,.496,1.461,0,0,.221,12.31
105,2014,314,436,.47,1.678,0,0,.221,12.31
105,2014,314,442,.447,1.378,0,0,.221,12.31
105,2014,314,448,.428,1.102,0,0,.22,12.31
105,2014,314,454,.409,.604,0,0,.22,12.31
105,2014,314,500,.391,.347,0,0,.22,12.31
105,2014,314,506,.368,.381,0,0,.22,12.31
105,2014,314,512,.341,.433,0,0,.221,12.31
105,2014,314,518,.309,.354,0,0,.221,12.31
105,2014,314,524,.27,.281,0,0,.22,12.31
105,2014,314,530,.233,.99,0,0,.22,12.31
105,2014,314,536,.193,.612,0,0,.219,12.31
105,2014,314,542,.155,.977,0,0,.219,12.31
105,2014,314,548,.115,1.068,0,0,.219,12.31
105,2014,314,554,.08,.54,0,0,.219,12.31
105,2014,314,600,.046,.644,0,0,.219,12.31
105,2014,314,606,.014,.844,0,0,.219,12.31
105,2014,314,612,-.017,1.441,0,0,.219,12.32
105,2014,314,618,-.047,.284,0,0,.219,12.31
105,2014,314,624,-.073,.169,0,0,.219,12.31
105,2014,314,630,-.099,.462,0,0,.218,12.32
105,2014,314,636,-.126,.272,0,0,.218,12.31
105,2014,314,642,-.156,1.254,0,0,.218,12.31
105,2014,314,648,-.185,1.209,0,0,.218,12.31
105,2014,314,654,-.212,.104,0,0,.219,12.32
105,2014,314,700,-.235,1.182,0,0,.218,12.31
105,2014,314,706,-.251,1.224,0,0,.218,12.31
105,2014,314,712,-.263,.783,0,0,.218,12.31
105,2014,314,718,-.268,.696,0,0,.219,12.31
105,2014,314,724,-.273,.519,0,0,.218,12.31
105,2014,314,730,-.273,.305,0,0,.218,12.31
105,2014,314,736,-.273,.076,0,0,.219,12.31
105,2014,314,742,-.273,-.18,0,0,.218,12.31
105,2014,314,748,-.281,.691,0,0,.218,12.31
105,2014,314,754,-.291,1.063,0,0,.218,12.31
105,2014,314,800,-.304,.871,0,0,.218,12.31
105,2014,314,806,-.316,.261,0,0,.218,12.31
105,2014,314,812,-.325,1.037,0,0,.218,12.31
105,2014,314,818,-.334,.185,0,0,.218,12.31
105,2014,314,824,-.341,.277,0,0,.217,12.31
105,2014,314,830,-.348,.826,0,0,.217,12.31
105,2014,314,836,-.357,.508,0,0,.216,12.31
105,2014,314,842,-.358,.859,0,0,.217,12.31
105,2014,314,848,-.358,1.692,0,0,.217,12.31
105,2014,314,854,-.348,2.887,0,0,.216,12.31
105,2014,314,900,-.325,4.647,0,0,.216,12.31
105,2014,314,906,-.277,6.349,0,0,.216,12.31
105,2014,314,912,-.19,7.18,0,0,.216,12.31
105,2014,314,918,-.049,8.05,0,0,.216,12.31
105,2014,314,924,.146,8.53,0,0,.216,12.31
105,2014,314,930,.397,9.21,0,0,.215,12.31
105,2014,314,936,.697,9.75,0,0,.215,12.31
105,2014,314,942,1.04,9.86,0,0,.215,12.31
105,2014,314,948,1.419,10.96,0,0,.215,12.31
105,2014,314,954,1.832,11.47,0,0,.214,12.31
105,2014,314,1000,2.281,12.46,0,0,.214,12.31
105,2014,314,1006,2.753,12.54,0,0,.213,12.31
105,2014,314,1012,3.251,12.65,0,0,.213,12.31
105,2014,314,1018,3.765,12.48,0,0,.213,12.31
105,2014,314,1024,4.295,13.3,0,0,.213,12.31
105,2014,314,1030,4.84,15.01,0,0,.213,12.31
105,2014,314,1036,5.399,15.68,0,0,.212,12.31
105,2014,314,1042,5.967,15.93,0,0,.213,12.31
105,2014,314,1048,6.54,16.27,0,0,.212,12.3
105,2014,314,1054,7.11,15.85,0,0,.212,12.3
105,2014,314,1100,7.66,16.23,0,0,.213,12.3
105,2014,314,1106,8.19,17.88,0,0,.211,12.3
105,2014,314,1112,8.72,18.14,0,0,.211,12.3
105,2014,314,1118,9.24,17.59,0,0,.21,12.3
105,2014,314,1124,9.74,19,0,0,.21,12.3
105,2014,314,1130,10.22,18.58,0,0,.21,12.3
105,2014,314,1136,10.68,18.22,0,0,.21,12.3
105,2014,314,1142,11.14,18.82,0,0,.21,12.3
105,2014,314,1148,11.57,18.51,0,0,.21,12.3
105,2014,314,1154,12,18.95,0,0,.21,12.3
105,2014,314,1200,12.4,18.63,0,0,.208,12.3
105,2014,314,1206,12.79,18.79,0,0,.208,12.3
105,2014,314,1212,13.16,19.16,0,0,.208,12.3
105,2014,314,1218,13.52,19.34,0,0,.208,12.3
105,2014,314,1224,13.86,19.95,0,0,.208,12.3
105,2014,314,1230,14.2,19.67,0,0,.207,12.3
105,2014,314,1236,14.52,19.71,0,0,.207,12.3
105,2014,314,1242,14.84,19.14,0,0,.207,12.3
105,2014,314,1248,15.14,19.31,0,0,.207,12.3
105,2014,314,1254,15.43,19.33,0,0,.207,12.3
105,2014,314,1300,15.7,19.9,0,0,.207,12.3
105,2014,314,1306,15.97,19.95,0,0,.207,12.3
105,2014,314,1312,16.23,20.6,0,0,.207,12.3
105,2014,314,1318,16.47,19.53,0,0,.207,12.3
105,2014,314,1324,16.7,19.72,0,0,.207,12.3
105,2014,314,1330,16.91,19.69,0,0,.207,12.3
105,2014,314,1336,17.1,18.62,0,0,.207,12.3
105,2014,314,1342,17.27,18.8,0,0,.207,12.3
105,2014,314,1348,17.44,18.3,0,0,.207,12.3
105,2014,314,1354,17.59,18.46,0,0,.207,12.3
105,2014,314,1400,17.71,18.73,0,0,.206,12.3
105,2014,314,1406,17.8,18.58,0,0,.207,12.3
105,2014,314,1412,17.89,18.48,0,0,.207,12.3
105,2014,314,1418,17.96,18.69,0,0,.207,12.3
105,2014,314,1424,18.03,18.66,0,0,.207,12.3
105,2014,314,1430,18.08,18.1,0,0,.206,12.3
105,2014,314,1436,18.13,17.56,0,0,.206,12.3
105,2014,314,1442,18.15,17.16,0,0,.206,12.3
105,2014,314,1448,18.16,16.08,0,0,.206,12.3
105,2014,314,1454,18.15,15.53,0,0,.206,12.3
105,2014,314,1500,18.1,15.22,0,0,.206,12.3
105,2014,314,1506,18.03,15.19,0,0,.207,12.3
105,2014,314,1512,17.94,15.01,0,0,.206,12.3
105,2014,314,1518,17.82,15.01,0,0,.207,12.3
105,2014,314,1524,17.68,14.85,0,0,.207,12.3
105,2014,314,1530,17.53,14.83,0,0,.206,12.3
105,2014,314,1536,17.38,14.84,0,0,.206,12.3
105,2014,314,1542,17.22,14.82,0,0,.206,12.3
105,2014,314,1548,17.07,14.74,0,0,.206,12.3
105,2014,314,1554,16.91,14.56,0,0,.207,12.3
105,2014,314,1600,16.77,14.36,0,0,.206,12.3
105,2014,314,1606,16.62,14.33,0,0,.206,12.3
105,2014,314,1612,16.47,14.18,0,0,.205,12.3
105,2014,314,1618,16.32,13.95,0,0,.206,12.3
105,2014,314,1624,16.17,13.99,0,0,.206,12.3
105,2014,314,1630,16.02,13.79,0,0,.207,12.3
105,2014,314,1636,15.88,13.66,0,0,.207,12.3
105,2014,314,1642,15.73,13.42,0,0,.207,12.3
105,2014,314,1648,15.58,13.41,0,0,.207,12.3
105,2014,314,1654,15.44,12.96,0,0,.206,12.3
105,2014,314,1700,15.29,12.7,0,0,.207,12.3
105,2014,314,1706,15.13,12.28,0,0,.207,12.3
105,2014,314,1712,14.97,12.38,0,0,.207,12.3
105,2014,314,1718,14.81,12.08,0,0,.207,12.3
105,2014,314,1724,14.66,11.78,0,0,.207,12.3
105,2014,314,1730,14.49,11.52,0,0,.207,12.3
105,2014,314,1736,14.32,11.29,0,0,.207,12.3
105,2014,314,1742,14.14,11.28,0,0,.207,12.3
105,2014,314,1748,13.97,10.88,0,0,.207,12.3
105,2014,314,1754,13.79,10.72,0,0,.207,12.3
105,2014,314,1800,13.61,10.78,0,0,.207,12.3
105,2014,314,1806,13.42,10.26,0,0,.206,12.3
105,2014,314,1812,13.23,9.77,0,0,.207,12.31
105,2014,314,1818,13.03,9.54,0,0,.206,12.31
105,2014,314,1824,12.84,9.17,0,0,.207,12.31
105,2014,314,1830,12.64,8.54,0,0,.207,12.31
105,2014,314,1836,12.43,9.08,0,0,.207,12.3
105,2014,314,1842,12.22,9,0,0,.207,12.31
105,2014,314,1848,12,8.21,0,0,.207,12.31
105,2014,314,1854,11.78,8.28,0,0,.207,12.31
105,2014,314,1900,11.57,7.92,0,0,.207,12.31
105,2014,314,1906,11.35,7.66,0,0,.208,12.31
105,2014,314,1912,11.13,7.23,0,0,.208,12.31
105,2014,314,1918,10.91,7.32,0,0,.208,12.31
105,2014,314,1924,10.69,6.746,0,0,.208,12.31
105,2014,314,1930,10.47,7.16,0,0,.209,12.31
105,2014,314,1936,10.25,7.24,0,0,.208,12.31
105,2014,314,1942,10.03,7.04,0,0,.208,12.31
105,2014,314,1948,9.82,6.727,0,0,.208,12.31
105,2014,314,1954,9.62,6.039,0,0,.209,12.31
105,2014,314,2000,9.41,5.995,0,0,.208,12.31
105,2014,314,2006,9.21,7.15,0,0,.209,12.31
105,2014,314,2012,9.01,6.203,0,0,.208,12.31
105,2014,314,2018,8.82,5.946,0,0,.208,12.31
105,2014,314,2024,8.62,6.117,0,0,.208,12.31
105,2014,314,2030,8.43,5.777,0,0,.208,12.31
105,2014,314,2036,8.25,5.345,0,0,.208,12.31
105,2014,314,2042,8.07,5.295,0,0,.208,12.31
105,2014,314,2048,7.89,5.972,0,0,.208,12.31
105,2014,314,2054,7.71,5.605,0,0,.208,12.31
105,2014,314,2100,7.54,5.042,0,0,.208,12.31
105,2014,314,2106,7.37,5.441,0,0,.208,12.31
105,2014,314,2112,7.2,5.561,0,0,.208,12.31
105,2014,314,2118,7.04,5.302,0,0,.208,12.31
105,2014,314,2124,6.882,5.022,0,0,.208,12.31
105,2014,314,2130,6.732,4.813,0,0,.208,12.31
105,2014,314,2136,6.588,5.31,0,0,.208,12.31
105,2014,314,2142,6.441,5.02,0,0,.208,12.31
105,2014,314,2148,6.299,4.978,0,0,.208,12.31
105,2014,314,2154,6.161,4.772,0,0,.208,12.31
105,2014,314,2200,6.029,4.876,0,0,.208,12.31
105,2014,314,2206,5.904,4.448,0,0,.208,12.31
105,2014,314,2212,5.781,4.566,0,0,.208,12.31
105,2014,314,2218,5.662,4.465,0,0,.208,12.31
105,2014,314,2224,5.543,4.209,0,0,.207,12.31
105,2014,314,2230,5.426,4.187,0,0,.207,12.31
105,2014,314,2236,5.311,3.74,0,0,.207,12.31
105,2014,314,2242,5.195,3.834,0,0,.207,12.31
105,2014,314,2248,5.082,4.092,0,0,.208,12.31
105,2014,314,2254,4.966,4.016,0,0,.207,12.31
105,2014,314,2300,4.854,4.023,0,0,.207,12.31
105,2014,314,2306,4.744,4.108,0,0,.207,12.31
105,2014,314,2312,4.636,4.035,0,0,.207,12.31
105,2014,314,2318,4.535,3.399,0,0,.207,12.31
105,2014,314,2324,4.438,3.911,0,0,.207,12.31
105,2014,314,2330,4.346,3.375,0,0,.207,12.31
105,2014,314,2336,4.255,3.06,0,0,.207,12.31
105,2014,314,2342,4.166,4.199,0,0,.207,12.31
105,2014,314,2348,4.073,3.53,0,0,.207,12.31
105,2014,314,2354,3.986,2.946,0,0,.206,12.31
105,2014,315,0,3.896,2.949,0,0,.207,12.31
105,2014,315,6,3.81,3.28,0,0,.207,12.31
105,2014,315,12,3.722,2.85,0,0,.207,12.31
105,2014,315,18,3.632,2.963,0,0,.207,12.31
105,2014,315,24,3.543,2.923,0,0,.207,12.31
105,2014,315,30,3.457,2.603,0,0,.207,12.31
105,2014,315,36,3.373,2.388,0,0,.207,12.31
105,2014,315,42,3.289,2.54,0,0,.207,12.31
105,2014,315,48,3.204,2.594,0,0,.207,12.31
105,2014,315,54,3.123,2.584,0,0,.207,12.31
105,2014,315,100,3.044,2.911,0,0,.207,12.31
105,2014,315,106,2.966,2.531,0,0,.207,12.31
105,2014,315,112,2.89,2.718,0,0,.207,12.31
105,2014,315,118,2.816,2.49,0,0,.207,12.31
105,2014,315,124,2.745,2.459,0,0,.207,12.31
105,2014,315,130,2.676,2.514,0,0,.207,12.31
105,2014,315,136,2.607,2.438,0,0,.207,12.31
105,2014,315,142,2.54,2.332,0,0,.207,12.31
105,2014,315,148,2.475,2.171,0,0,.207,12.31
105,2014,315,154,2.412,2.305,0,0,.207,12.31
105,2014,315,200,2.353,2.601,0,0,.207,12.31
105,2014,315,206,2.295,2.318,0,0,.207,12.31
105,2014,315,212,2.24,2.385,0,0,.206,12.31
105,2014,315,218,2.187,2.633,0,0,.206,12.31
105,2014,315,224,2.136,2.798,0,0,.206,12.31
105,2014,315,230,2.088,2.251,0,0,.206,12.31
105,2014,315,236,2.044,1.984,0,0,.205,12.31
105,2014,315,242,2.003,2.133,0,0,.206,12.31
105,2014,315,248,1.965,2.337,0,0,.206,12.31
105,2014,315,254,1.928,2.471,0,0,.206,12.31
105,2014,315,300,1.893,2.335,0,0,.206,12.31
105,2014,315,306,1.86,2.521,0,0,.205,12.31
105,2014,315,312,1.828,2.915,0,0,.205,12.31
105,2014,315,318,1.8,3.396,0,0,.205,12.31
105,2014,315,324,1.775,2.668,0,0,.205,12.31
105,2014,315,330,1.757,2.388,0,0,.205,12.31
105,2014,315,336,1.744,2.556,0,0,.205,12.31
105,2014,315,342,1.732,2.748,0,0,.205,12.31
105,2014,315,348,1.722,2.76,0,0,.205,12.31
105,2014,315,354,1.714,2.258,0,0,.205,12.31
105,2014,315,400,1.708,2.485,0,0,.205,12.31
105,2014,315,406,1.703,2.407,0,0,.205,12.31
105,2014,315,412,1.698,2.411,0,0,.205,12.31
105,2014,315,418,1.698,2.361,0,0,.205,12.31
105,2014,315,424,1.692,2.401,0,0,.205,12.31
105,2014,315,430,1.689,2.427,0,0,.205,12.31
105,2014,315,436,1.684,2.188,0,0,.205,12.31
105,2014,315,442,1.679,2.603,0,0,.205,12.31
105,2014,315,448,1.669,3.113,0,0,.204,12.31
105,2014,315,454,1.664,2.527,0,0,.204,12.31
105,2014,315,500,1.657,2.544,0,0,.205,12.31
105,2014,315,506,1.648,2.738,0,0,.204,12.31
105,2014,315,512,1.641,3.041,0,0,.204,12.31
105,2014,315,518,1.635,3.034,0,0,.204,12.31
105,2014,315,524,1.627,2.638,0,0,.204,12.31
105,2014,315,530,1.627,2.827,0,0,.204,12.31
105,2014,315,536,1.627,2.391,0,0,.203,12.31
105,2014,315,542,1.631,2.182,0,0,.202,12.31
105,2014,315,548,1.63,2.173,0,0,.202,12.31
105,2014,315,554,1.627,2.647,0,0,.203,12.31
105,2014,315,600,1.627,2.949,0,0,.202,12.31
105,2014,315,606,1.619,3.546,0,0,.202,12.31
105,2014,315,612,1.616,2.341,0,0,.203,12.31
105,2014,315,618,1.616,2.32,0,0,.203,12.31
105,2014,315,624,1.617,2.793,0,0,.203,12.31
105,2014,315,630,1.624,3.47,0,0,.203,12.31
105,2014,315,636,1.628,3.37,0,0,.202,12.31
105,2014,315,642,1.642,2.741,0,0,.202,12.31
105,2014,315,648,1.661,3.063,0,0,.202,12.31
105,2014,315,654,1.685,3.286,0,0,.202,12.31
105,2014,315,700,1.711,3.168,0,0,.202,12.31
105,2014,315,706,1.74,3.085,0,0,.202,12.31
105,2014,315,712,1.772,2.965,0,0,.202,12.31
105,2014,315,718,1.81,3.487,0,0,.202,12.31
105,2014,315,724,1.853,3.824,0,0,.201,12.31
105,2014,315,730,1.904,4.309,0,0,.201,12.31
105,2014,315,736,1.965,3.985,0,0,.202,12.31
105,2014,315,742,2.034,4.364,0,0,.201,12.31
105,2014,315,748,2.107,4.54,0,0,.201,12.31
105,2014,315,754,2.183,4.398,0,0,.202,12.31
105,2014,315,800,2.265,4.367,0,0,.202,12.31
105,2014,315,806,2.352,4.442,0,0,.202,12.31
105,2014,315,812,2.443,4.663,0,0,.202,12.31
105,2014,315,818,2.535,4.837,0,0,.202,12.31
105,2014,315,824,2.628,5.046,0,0,.202,12.31
105,2014,315,830,2.723,5.386,0,0,.202,12.31
105,2014,315,836,2.823,5.76,0,0,.202,12.31
105,2014,315,842,2.933,6.175,0,0,.201,12.31
105,2014,315,848,3.053,6.591,0,0,.2,12.31
105,2014,315,854,3.184,6.89,0,0,.201,12.31
105,2014,315,900,3.327,7.54,0,0,.2,12.31
105,2014,315,906,3.483,8.12,0,0,.2,12.31
105,2014,315,912,3.655,8.37,0,0,.2,12.31
105,2014,315,918,3.852,8.98,0,0,.2,12.31
105,2014,315,924,4.07,8.89,0,0,.199,12.31
105,2014,315,930,4.303,8.95,0,0,.199,12.31
105,2014,315,936,4.54,9.17,0,0,.199,12.31
105,2014,315,942,4.781,8.99,0,0,.198,12.31
105,2014,315,948,5.017,9.23,0,0,.198,12.31
105,2014,315,954,5.245,9.36,0,0,.199,12.31
105,2014,315,1000,5.465,9.68,0,0,.199,12.31
105,2014,315,1006,5.687,9.99,0,0,.199,12.31
105,2014,315,1012,5.908,10.45,0,0,.199,12.31
105,2014,315,1018,6.127,10.96,0,0,.198,12.31
105,2014,315,1024,6.358,11.63,0,0,.199,12.31
105,2014,315,1030,6.596,12.95,0,0,.199,12.31
105,2014,315,1036,6.845,12.98,0,0,.199,12.31
105,2014,315,1042,7.11,13.76,0,0,.199,12.31
105,2014,315,1048,7.4,15.12,0,0,.199,12.31
105,2014,315,1054,7.72,15.83,0,0,.198,12.3
105,2014,315,1100,8.05,16.92,0,0,.198,12.3
105,2014,315,1106,8.41,16.94,0,0,.198,12.3
105,2014,315,1112,8.79,18.05,0,0,.198,12.3
105,2014,315,1118,9.2,18.95,0,0,.196,12.3
105,2014,315,1124,9.63,18.36,0,0,.197,12.3
105,2014,315,1130,10.08,16.17,0,0,.196,12.3
105,2014,315,1136,10.51,17.24,0,0,.196,12.3
105,2014,315,1142,10.93,17.91,0,0,.196,12.3
105,2014,315,1148,11.34,19.74,0,0,.196,12.3
105,2014,315,1154,11.76,20.12,0,0,.196,12.3
105,2014,315,1200,12.18,20.7,0,0,.195,12.3
105,2014,315,1206,12.6,20.51,0,0,.195,12.3
105,2014,315,1212,13.03,20.1,0,0,.194,12.3
105,2014,315,1218,13.46,21.49,0,0,.193,12.3
105,2014,315,1224,13.87,20.78,0,0,.193,12.3
105,2014,315,1230,14.28,20.31,0,0,.193,12.3
105,2014,315,1236,14.69,20.02,0,0,.193,12.3
105,2014,315,1242,15.07,19.51,0,0,.193,12.3
105,2014,315,1248,15.44,19.96,0,0,.193,12.3
105,2014,315,1254,15.79,19.83,0,0,.193,12.3
105,2014,315,1300,16.11,21.01,0,0,.193,12.3
105,2014,315,1306,16.42,20.85,0,0,.193,12.3
105,2014,315,1312,16.71,21.32,0,0,.193,12.3
105,2014,315,1318,16.99,21.84,0,0,.193,12.3
105,2014,315,1324,17.26,21.53,0,0,.193,12.29
105,2014,315,1330,17.52,21.36,0,0,.193,12.3
105,2014,315,1336,17.78,21,0,0,.193,12.3
105,2014,315,1342,18.03,21.82,0,0,.193,12.29
105,2014,315,1348,18.26,21.38,0,0,.193,12.29
105,2014,315,1354,18.49,21.83,0,0,.193,12.29
105,2014,315,1400,18.7,21.84,0,0,.193,12.29
105,2014,315,1406,18.89,23.01,0,0,.193,12.29
105,2014,315,1412,19.08,23.46,0,0,.193,12.29
105,2014,315,1418,19.27,23.28,0,0,.192,12.29
105,2014,315,1424,19.46,23.15,0,0,.191,12.29
105,2014,315,1430,19.65,22.64,0,0,.191,12.29
105,2014,315,1436,19.84,21.06,0,0,.191,12.29
105,2014,315,1442,20,19.93,0,0,.191,12.29
105,2014,315,1448,20.14,19.21,0,0,.192,12.3
105,2014,315,1454,20.24,19.03,0,0,.192,12.3
105,2014,315,1500,20.3,19.51,0,0,.192,12.3
105,2014,315,1506,20.34,19.88,0,0,.193,12.3
105,2014,315,1512,20.36,19.61,0,0,.193,12.3
105,2014,315,1518,20.37,19.56,0,0,.193,12.3
105,2014,315,1524,20.37,18.86,0,0,.193,12.3
105,2014,315,1530,20.37,19.08,0,0,.193,12.3
105,2014,315,1536,20.37,18.55,0,0,.193,12.3
105,2014,315,1542,20.35,18.15,0,0,.193,12.3
105,2014,315,1548,20.32,18.06,0,0,.193,12.3
105,2014,315,1554,20.27,18.09,0,0,.193,12.3
105,2014,315,1600,20.21,18.06,0,0,.193,12.3
105,2014,315,1606,20.15,18.29,0,0,.193,12.3
105,2014,315,1612,20.07,17.8,0,0,.193,12.3
105,2014,315,1618,19.99,17.68,0,0,.193,12.3
105,2014,315,1624,19.92,17.39,0,0,.192,12.3
105,2014,315,1630,19.84,17.28,0,0,.192,12.3
105,2014,315,1636,19.75,17.49,0,0,.192,12.3
105,2014,315,1642,19.67,17.68,0,0,.192,12.3
105,2014,315,1648,19.59,17.86,0,0,.192,12.3
105,2014,315,1654,19.52,17.69,0,0,.192,12.3
105,2014,315,1700,19.44,17.4,0,0,.192,12.3
105,2014,315,1706,19.36,17.37,0,0,.192,12.3
105,2014,315,1712,19.28,17.44,0,0,.191,12.3
105,2014,315,1718,19.2,17.35,0,0,.191,12.3
105,2014,315,1724,19.13,16.96,0,0,.191,12.3
105,2014,315,1730,19.05,16.62,0,0,.191,12.3
105,2014,315,1736,18.97,16.26,0,0,.191,12.3
105,2014,315,1742,18.87,15.72,0,0,.191,12.3
105,2014,315,1748,18.78,15.88,0,0,.191,12.3
105,2014,315,1754,18.67,15.99,0,0,.191,12.3
105,2014,315,1800,18.56,16.06,0,0,.191,12.3
105,2014,315,1806,18.44,16.14,0,0,.191,12.3
105,2014,315,1812,18.33,16.19,0,0,.191,12.3
105,2014,315,1818,18.21,16.11,0,0,.191,12.3
105,2014,315,1824,18.1,15.66,0,0,.191,12.3
105,2014,315,1830,18,15.37,0,0,.191,12.3
105,2014,315,1836,17.89,15.19,0,0,.191,12.3
105,2014,315,1842,17.78,15.16,0,0,.191,12.3
105,2014,315,1848,17.67,15.23,0,0,.191,12.3
105,2014,315,1854,17.57,15.23,0,0,.191,12.3
105,2014,315,1900,17.47,15.25,0,0,.191,12.3
105,2014,315,1906,17.37,15.56,0,0,.19,12.3
105,2014,315,1912,17.28,15.3,0,0,.191,12.3
105,2014,315,1918,17.2,15.58,0,0,.191,12.3
105,2014,315,1924,17.12,15.57,0,0,.19,12.3
105,2014,315,1930,17.04,15.5,0,0,.191,12.3
105,2014,315,1936,16.97,15.36,0,0,.191,12.3
105,2014,315,1942,16.9,15.62,0,0,.19,12.3
105,2014,315,1948,16.83,15.83,0,0,.191,12.3
105,2014,315,1954,16.76,15.51,0,0,.191,12.3
105,2014,315,2000,16.7,15.42,0,0,.191,12.3
105,2014,315,2006,16.65,15.74,0,0,.191,12.3
105,2014,315,2012,16.59,15.64,0,0,.191,12.3
105,2014,315,2018,16.54,15.66,0,0,.191,12.3
105,2014,315,2024,16.49,15.3,0,0,.191,12.3
105,2014,315,2030,16.44,15.43,0,0,.191,12.3
105,2014,315,2036,16.39,15.71,0,0,.191,12.3
105,2014,315,2042,16.35,15.29,0,0,.191,12.3
105,2014,315,2048,16.31,15.49,0,0,.191,12.3
105,2014,315,2054,16.27,15.48,0,0,.191,12.3
105,2014,315,2100,16.23,15.11,0,0,.191,12.3
105,2014,315,2106,16.19,14.9,0,0,.191,12.3
105,2014,315,2112,16.15,14.98,0,0,.191,12.3
105,2014,315,2118,16.1,14.38,0,0,.191,12.3
105,2014,315,2124,16.05,14.09,0,0,.191,12.3
105,2014,315,2130,15.99,14.01,0,0,.191,12.3
105,2014,315,2136,15.93,14.39,0,0,.191,12.3
105,2014,315,2142,15.86,14.72,0,0,.191,12.3
105,2014,315,2148,15.8,14.9,0,0,.191,12.3
105,2014,315,2154,15.74,14.87,0,0,.191,12.3
105,2014,315,2200,15.68,14.69,0,0,.191,12.3
105,2014,315,2206,15.62,14.8,0,0,.191,12.3
105,2014,315,2212,15.58,14.77,0,0,.191,12.3
105,2014,315,2218,15.53,14.55,0,0,.191,12.3
105,2014,315,2224,15.49,14.69,0,0,.191,12.3
105,2014,315,2230,15.45,14.38,0,0,.191,12.3
105,2014,315,2236,15.41,14.16,0,0,.191,12.3
105,2014,315,2242,15.37,14.25,0,0,.191,12.3
105,2014,315,2248,15.33,14.48,0,0,.191,12.3
105,2014,315,2254,15.29,14.37,0,0,.191,12.3
105,2014,315,2300,15.25,14.4,0,0,.191,12.3
105,2014,315,2306,15.21,14.51,0,0,.191,12.3
105,2014,315,2312,15.17,14.4,0,0,.191,12.3
105,2014,315,2318,15.14,14.37,0,0,.191,12.3
105,2014,315,2324,15.1,14.42,0,0,.191,12.3
105,2014,315,2330,15.07,14.57,0,0,.191,12.3
105,2014,315,2336,15.04,14.44,0,0,.191,12.3
105,2014,315,2342,15.01,14.26,0,0,.191,12.3
105,2014,315,2348,14.99,14.48,0,0,.191,12.3
105,2014,315,2354,14.96,14.36,0,0,.191,12.3
105,2014,316,0,14.93,14.48,0,0,.191,12.3
105,2014,316,6,14.91,14.65,0,0,.191,12.3
105,2014,316,12,14.88,14.75,0,0,.191,12.3
105,2014,316,18,14.86,14.66,0,0,.191,12.3
105,2014,316,24,14.85,14.64,0,0,.191,12.3
105,2014,316,30,14.83,14.61,0,0,.191,12.3
105,2014,316,36,14.82,14.62,0,0,.191,12.3
105,2014,316,42,14.8,14.87,0,0,.19,12.3
105,2014,316,48,14.8,14.69,0,0,.191,12.3
105,2014,316,54,14.79,14.71,0,0,.191,12.3
105,2014,316,100,14.79,14.83,0,0,.191,12.3
105,2014,316,106,14.79,14.79,0,0,.191,12.3
105,2014,316,112,14.79,14.91,0,0,.191,12.3
105,2014,316,118,14.79,14.74,0,0,.191,12.3
105,2014,316,124,14.79,14.9,0,0,.191,12.3
105,2014,316,130,14.79,14.82,0,0,.191,12.3
105,2014,316,136,14.8,14.94,0,0,.191,12.3
105,2014,316,142,14.8,15.05,0,0,.191,12.3
105,2014,316,148,14.8,14.65,0,0,.19,12.3
105,2014,316,154,14.8,14.61,0,0,.191,12.3
105,2014,316,200,14.81,14.74,0,0,.191,12.3
105,2014,316,206,14.81,14.73,0,0,.19,12.3
105,2014,316,212,14.82,14.5,0,0,.191,12.3
105,2014,316,218,14.82,14.5,0,0,.191,12.3
105,2014,316,224,14.82,14.65,0,0,.19,12.3
105,2014,316,230,14.83,14.62,0,0,.191,12.3
105,2014,316,236,14.83,14.59,0,0,.191,12.3
105,2014,316,242,14.83,14.61,0,0,.191,12.3
105,2014,316,248,14.83,14.78,0,0,.19,12.3
105,2014,316,254,14.83,14.53,0,0,.191,12.3
105,2014,316,300,14.83,14.76,0,0,.191,12.3
105,2014,316,306,14.83,14.82,0,0,.191,12.3
105,2014,316,312,14.83,14.65,0,0,.19,12.3
105,2014,316,318,14.83,14.6,0,0,.191,12.3
105,2014,316,324,14.82,14.65,0,0,.19,12.3
105,2014,316,330,14.8,14.46,0,0,.191,12.3
105,2014,316,336,14.79,14.37,0,0,.19,12.3
105,2014,316,342,14.78,14.35,0,0,.191,12.3
105,2014,316,348,14.76,14.3,0,0,.191,12.3
105,2014,316,354,14.75,14.2,0,0,.191,12.3
105,2014,316,400,14.73,13.91,0,0,.19,12.3
105,2014,316,406,14.71,13.77,0,0,.19,12.3
105,2014,316,412,14.68,13.49,0,0,.191,12.3
105,2014,316,418,14.65,13.6,0,0,.19,12.3
105,2014,316,424,14.61,13.88,0,0,.191,12.3
105,2014,316,430,14.58,14.06,0,0,.19,12.3
105,2014,316,436,14.54,14.01,0,0,.19,12.3
105,2014,316,442,14.52,14.11,0,0,.191,12.3
105,2014,316,448,14.49,14.21,0,0,.191,12.3
105,2014,316,454,14.47,14.24,0,0,.19,12.3
105,2014,316,500,14.46,14.41,0,0,.19,12.3
105,2014,316,506,14.45,14.64,0,0,.19,12.3
105,2014,316,512,14.44,14.58,0,0,.19,12.3
105,2014,316,518,14.44,14.51,0,0,.191,12.3
105,2014,316,524,14.44,14.51,0,0,.191,12.3
105,2014,316,530,14.44,14.54,0,0,.191,12.3
105,2014,316,536,14.45,14.55,0,0,.191,12.3
105,2014,316,542,14.45,14.52,0,0,.191,12.3
105,2014,316,548,14.45,14.51,0,0,.19,12.3
105,2014,316,554,14.46,14.4,0,0,.191,12.3
105,2014,316,600,14.46,14.51,0,0,.19,12.3
105,2014,316,606,14.47,14.66,0,0,.191,12.3
105,2014,316,612,14.47,14.64,0,0,.191,12.3
105,2014,316,618,14.48,14.52,0,0,.19,12.3
105,2014,316,624,14.49,14.28,0,0,.191,12.3
105,2014,316,630,14.5,14.2,0,0,.191,12.3
105,2014,316,636,14.5,14.25,0,0,.191,12.3
105,2014,316,642,14.51,14.51,0,0,.191,12.3
105,2014,316,648,14.51,14.45,0,0,.191,12.3
105,2014,316,654,14.52,14.29,0,0,.191,12.3
105,2014,316,700,14.53,14.25,0,0,.191,12.3
105,2014,316,706,14.54,14.4,0,0,.191,12.3
105,2014,316,712,14.54,14.4,0,0,.191,12.3
105,2014,316,718,14.55,14.34,0,0,.191,12.3
105,2014,316,724,14.55,14.33,0,0,.191,12.3
105,2014,316,730,14.55,14.3,0,0,.19,12.3
105,2014,316,736,14.55,14.32,0,0,.191,12.3
105,2014,316,742,14.55,14.33,0,0,.191,12.3
105,2014,316,748,14.55,14.45,0,0,.19,12.3
105,2014,316,754,14.55,14.39,0,0,.19,12.3
105,2014,316,800,14.55,14.33,0,0,.191,12.3
105,2014,316,806,14.55,14.44,0,0,.191,12.3
105,2014,316,812,14.54,14.44,0,0,.191,12.3
105,2014,316,818,14.54,14.42,0,0,.191,12.3
105,2014,316,824,14.54,14.31,0,0,.191,12.3
105,2014,316,830,14.53,14.37,0,0,.191,12.3
105,2014,316,836,14.53,14.62,0,0,.19,12.3
105,2014,316,842,14.53,14.64,0,0,.191,12.3
105,2014,316,848,14.54,14.74,0,0,.19,12.3
105,2014,316,854,14.55,15.04,0,0,.191,12.3
105,2014,316,900,14.56,15.54,0,0,.191,12.3
105,2014,316,906,14.58,15.63,0,0,.191,12.3
105,2014,316,912,14.61,15.59,0,0,.191,12.3
105,2014,316,918,14.65,15.64,0,0,.191,12.3
105,2014,316,924,14.69,16.01,0,0,.191,12.3
105,2014,316,930,14.73,16.21,0,0,.191,12.3
105,2014,316,936,14.78,16.36,0,0,.191,12.3
105,2014,316,942,14.84,16.58,0,0,.191,12.3
105,2014,316,948,14.91,16.57,0,0,.19,12.3
105,2014,316,954,14.98,16.7,0,0,.191,12.3
105,2014,316,1000,15.07,17.23,0,0,.19,12.3
105,2014,316,1006,15.16,17.63,0,0,.19,12.3
105,2014,316,1012,15.26,18.47,0,0,.19,12.3
105,2014,316,1018,15.39,20.33,0,0,.188,12.3
105,2014,316,1024,15.54,20.79,0,0,.188,12.3
105,2014,316,1030,15.72,20.83,0,0,.188,12.3
105,2014,316,1036,15.95,20.96,0,0,.188,12.3
105,2014,316,1042,16.19,22.26,0,0,.188,12.3
105,2014,316,1048,16.47,22.19,0,0,.188,12.3
105,2014,316,1054,16.76,22.53,0,0,.188,12.3
105,2014,316,1100,17.05,22.88,0,0,.188,12.3
105,2014,316,1106,17.35,23.32,0,0,.187,12.3
105,2014,316,1112,17.67,23.66,0,0,.187,12.29
105,2014,316,1118,17.99,23.01,0,0,.187,12.29
105,2014,316,1124,18.32,22.63,0,0,.187,12.3
105,2014,316,1130,18.63,22.99,0,0,.188,12.29
105,2014,316,1136,18.91,22.6,0,0,.188,12.3
105,2014,316,1142,19.18,23.15,0,0,.188,12.3
105,2014,316,1148,19.43,22.66,0,0,.188,12.3
105,2014,316,1154,19.67,23.6,0,0,.188,12.29
105,2014,316,1200,19.9,23.07,0,0,.188,12.29
105,2014,316,1206,20.13,23.82,0,0,.189,12.29
105,2014,316,1212,20.35,23.53,0,0,.189,12.29
105,2014,316,1218,20.58,23.12,0,0,.189,12.29
105,2014,316,1224,20.8,23.14,0,0,.19,12.3
105,2014,316,1230,21.01,23.1,0,0,.189,12.3
105,2014,316,1236,21.2,22.82,0,0,.19,12.29
105,2014,316,1242,21.38,23.14,0,0,.19,12.3
105,2014,316,1248,21.56,23.29,0,0,.19,12.3
105,2014,316,1254,21.72,22,0,0,.19,12.3
105,2014,316,1300,21.85,22.38,0,0,.19,12.29
105,2014,316,1306,21.98,23.12,0,0,.19,12.29
105,2014,316,1312,22.09,23.03,0,0,.19,12.29
105,2014,316,1318,22.2,22.57,0,0,.19,12.29
105,2014,316,1324,22.31,22.87,0,0,.19,12.29
105,2014,316,1330,22.41,22.01,0,0,.189,12.29
105,2014,316,1336,22.49,21.78,0,0,.188,12.3
105,2014,316,1342,22.56,22.31,0,0,.188,12.29
105,2014,316,1348,22.63,21.89,0,0,.188,12.29
105,2014,316,1354,22.68,21.91,0,0,.188,12.29
105,2014,316,1400,22.72,22.22,0,0,.188,12.29
105,2014,316,1406,22.76,22.47,0,0,.188,12.29
105,2014,316,1412,22.79,22.84,0,0,.188,12.29
105,2014,316,1418,22.82,21.74,0,0,.188,12.29
105,2014,316,1424,22.85,22.28,0,0,.188,12.29
105,2014,316,1430,22.87,21.52,0,0,.188,12.29
105,2014,316,1436,22.89,20.73,0,0,.188,12.29
105,2014,316,1442,22.89,19.97,0,0,.188,12.29
105,2014,316,1448,22.86,19.17,0,0,.188,12.29
105,2014,316,1454,22.81,18.99,0,0,.188,12.3
105,2014,316,1500,22.72,18.88,0,0,.188,12.3
105,2014,316,1506,22.6,18.35,0,0,.188,12.3
105,2014,316,1512,22.45,18.14,0,0,.188,12.3
105,2014,316,1518,22.27,17.96,0,0,.188,12.3
105,2014,316,1524,22.06,17.57,0,0,.188,12.3
105,2014,316,1530,21.84,17.51,0,0,.188,12.3
105,2014,316,1536,21.61,17.22,0,0,.188,12.3
105,2014,316,1542,21.37,17.09,0,0,.188,12.3
105,2014,316,1548,21.13,16.95,0,0,.188,12.3
105,2014,316,1554,20.9,16.69,0,0,.188,12.3
105,2014,316,1600,20.66,16.69,0,0,.188,12.3
105,2014,316,1606,20.4,16.54,0,0,.188,12.3
105,2014,316,1612,20.15,16.36,0,0,.188,12.3
105,2014,316,1618,19.91,16.36,0,0,.187,12.3
105,2014,316,1624,19.66,16.19,0,0,.187,12.3
105,2014,316,1630,19.41,16,0,0,.186,12.3
105,2014,316,1636,19.17,15.96,0,0,.186,12.3
105,2014,316,1642,18.95,15.47,0,0,.186,12.3
105,2014,316,1648,18.72,15.24,0,0,.185,12.3
105,2014,316,1654,18.49,15.22,0,0,.186,12.3
105,2014,316,1700,18.26,14.95,0,0,.185,12.3
105,2014,316,1706,18.04,14.98,0,0,.185,12.3
105,2014,316,1712,17.81,14.77,0,0,.185,12.3
105,2014,316,1718,17.6,14.62,0,0,.185,12.3
105,2014,316,1724,17.4,14.38,0,0,.185,12.3
105,2014,316,1730,17.18,13.71,0,0,.185,12.3
105,2014,316,1736,16.97,13.86,0,0,.185,12.3
105,2014,316,1742,16.77,13.39,0,0,.185,12.3
105,2014,316,1748,16.56,13.02,0,0,.185,12.3
105,2014,316,1754,16.34,13.07,0,0,.185,12.3
105,2014,316,1800,16.13,12.87,0,0,.185,12.3
105,2014,316,1806,15.92,12.62,0,0,.185,12.3
105,2014,316,1812,15.7,12.21,0,0,.185,12.3
105,2014,316,1818,15.49,12.21,0,0,.185,12.3
105,2014,316,1824,15.27,11.95,0,0,.185,12.3
105,2014,316,1830,15.05,11.64,0,0,.185,12.3
105,2014,316,1836,14.82,11.44,0,0,.185,12.3
105,2014,316,1842,14.6,11.46,0,0,.185,12.3
105,2014,316,1848,14.37,10.93,0,0,.185,12.3
105,2014,316,1854,14.15,11.19,0,0,.185,12.3
105,2014,316,1900,13.92,10.82,0,0,.185,12.3
105,2014,316,1906,13.7,10.93,0,0,.185,12.31
105,2014,316,1912,13.48,10.63,0,0,.185,12.3
105,2014,316,1918,13.25,10.36,0,0,.185,12.3
105,2014,316,1924,13.03,10.08,0,0,.185,12.31
105,2014,316,1930,12.82,10.49,0,0,.185,12.31
105,2014,316,1936,12.61,10.52,0,0,.185,12.31
105,2014,316,1942,12.39,9.97,0,0,.185,12.3
105,2014,316,1948,12.18,9.78,0,0,.185,12.3
105,2014,316,1954,11.98,9.66,0,0,.185,12.31
105,2014,316,2000,11.77,9.64,0,0,.186,12.31
105,2014,316,2006,11.57,9.34,0,0,.186,12.31
105,2014,316,2012,11.37,9.22,0,0,.187,12.31
105,2014,316,2018,11.17,9.19,0,0,.187,12.31
105,2014,316,2024,10.97,9.02,0,0,.187,12.31
105,2014,316,2030,10.78,9.23,0,0,.187,12.31
105,2014,316,2036,10.59,9.1,0,0,.187,12.31
105,2014,316,2042,10.41,8.82,0,0,.188,12.31
105,2014,316,2048,10.23,8.47,0,0,.188,12.31
105,2014,316,2054,10.05,8.46,0,0,.188,12.31
105,2014,316,2100,9.88,8.56,0,0,.188,12.31
105,2014,316,2106,9.71,8.21,0,0,.188,12.31
105,2014,316,2112,9.54,8.37,0,0,.188,12.31
105,2014,316,2118,9.37,8.16,0,0,.188,12.31
105,2014,316,2124,9.21,8.76,0,0,.188,12.31
105,2014,316,2130,9.06,8.55,0,0,.188,12.31
105,2014,316,2136,8.92,8.34,0,0,.188,12.31
105,2014,316,2142,8.78,8.9,0,0,.188,12.31
105,2014,316,2148,8.66,8.82,0,0,.188,12.31
105,2014,316,2154,8.55,8.63,0,0,.188,12.31
105,2014,316,2200,8.46,8.37,0,0,.188,12.31
105,2014,316,2206,8.37,7.91,0,0,.188,12.31
105,2014,316,2212,8.29,7.95,0,0,.188,12.31
105,2014,316,2218,8.2,7.91,0,0,.188,12.31
105,2014,316,2224,8.11,7.59,0,0,.188,12.31
105,2014,316,2230,8.02,7.61,0,0,.188,12.31
105,2014,316,2236,7.92,7.71,0,0,.188,12.31
105,2014,316,2242,7.82,7.56,0,0,.188,12.31
105,2014,316,2248,7.73,7.84,0,0,.188,12.31
105,2014,316,2254,7.64,7.8,0,0,.188,12.31
105,2014,316,2300,7.57,7.81,0,0,.188,12.31
105,2014,316,2306,7.51,7.59,0,0,.188,12.31
105,2014,316,2312,7.45,7.66,0,0,.188,12.31
105,2014,316,2318,7.4,7.47,0,0,.188,12.31
105,2014,316,2324,7.36,7.46,0,0,.188,12.31
105,2014,316,2330,7.31,7.13,0,0,.187,12.31
105,2014,316,2336,7.27,6.983,0,0,.187,12.31
105,2014,316,2342,7.22,6.888,0,0,.188,12.31
105,2014,316,2348,7.16,6.794,0,0,.188,12.31
105,2014,316,2354,7.09,6.421,0,0,.188,12.31
105,2014,317,0,7.02,6.4,0,0,.188,12.31
105,2014,317,6,6.936,6.273,0,0,.188,12.31
105,2014,317,12,6.851,6.217,0,0,.188,12.31
105,2014,317,18,6.762,5.974,0,0,.188,12.31
105,2014,317,24,6.672,5.98,0,0,.188,12.31
105,2014,317,30,6.579,5.993,0,0,.188,12.31
105,2014,317,36,6.485,5.966,0,0,.188,12.31
105,2014,317,42,6.393,5.982,0,0,.188,12.31
105,2014,317,48,6.306,5.791,0,0,.188,12.31
105,2014,317,54,6.222,5.815,0,0,.188,12.31
105,2014,317,100,6.142,5.713,0,0,.188,12.31
105,2014,317,106,6.067,5.503,0,0,.188,12.31
105,2014,317,112,5.994,5.332,0,0,.188,12.31
105,2014,317,118,5.919,5.487,0,0,.188,12.31
105,2014,317,124,5.843,5.446,0,0,.188,12.31
105,2014,317,130,5.766,5.307,0,0,.187,12.31
105,2014,317,136,5.689,5.225,0,0,.188,12.31
105,2014,317,142,5.608,4.818,0,0,.188,12.31
105,2014,317,148,5.525,4.6,0,0,.188,12.31
105,2014,317,154,5.438,4.721,0,0,.188,12.31
105,2014,317,200,5.345,4.762,0,0,.187,12.31
105,2014,317,206,5.253,4.747,0,0,.186,12.31
105,2014,317,212,5.165,4.715,0,0,.186,12.31
105,2014,317,218,5.083,4.843,0,0,.186,12.31
105,2014,317,224,5.009,4.761,0,0,.186,12.31
105,2014,317,230,4.94,4.901,0,0,.186,12.31
105,2014,317,236,4.876,4.614,0,0,.185,12.31
105,2014,317,242,4.813,4.717,0,0,.185,12.31
105,2014,317,248,4.751,4.458,0,0,.185,12.31
105,2014,317,254,4.69,4.573,0,0,.185,12.31
105,2014,317,300,4.627,4.52,0,0,.185,12.31
105,2014,317,306,4.567,4.376,0,0,.185,12.31
105,2014,317,312,4.51,4.45,0,0,.185,12.31
105,2014,317,318,4.453,4.292,0,0,.185,12.31
105,2014,317,324,4.398,4.249,0,0,.185,12.31
105,2014,317,330,4.343,4.182,0,0,.185,12.31
105,2014,317,336,4.289,4.062,0,0,.185,12.31
105,2014,317,342,4.232,3.981,0,0,.185,12.31
105,2014,317,348,4.176,4.014,0,0,.185,12.31
105,2014,317,354,4.12,4.005,0,0,.185,12.31
105,2014,317,400,4.063,3.84,0,0,.185,12.31
105,2014,317,406,4.007,3.861,0,0,.185,12.31
105,2014,317,412,3.947,3.661,0,0,.185,12.31
105,2014,317,418,3.886,3.681,0,0,.185,12.31
105,2014,317,424,3.824,3.624,0,0,.185,12.31
105,2014,317,430,3.762,3.574,0,0,.185,12.31
105,2014,317,436,3.702,3.502,0,0,.185,12.31
105,2014,317,442,3.638,3.169,0,0,.185,12.31
105,2014,317,448,3.572,3.268,0,0,.185,12.31
105,2014,317,454,3.504,3.285,0,0,.185,12.31
105,2014,317,500,3.437,3.157,0,0,.185,12.31
105,2014,317,506,3.369,3.004,0,0,.185,12.31
105,2014,317,512,3.301,2.923,0,0,.185,12.31
105,2014,317,518,3.23,2.923,0,0,.185,12.31
105,2014,317,524,3.159,3.098,0,0,.185,12.31
105,2014,317,530,3.092,2.877,0,0,.185,12.31
105,2014,317,536,3.027,2.646,0,0,.184,12.31
105,2014,317,542,2.961,2.806,0,0,.185,12.31
105,2014,317,548,2.894,2.803,0,0,.184,12.31
105,2014,317,554,2.828,2.749,0,0,.183,12.31
105,2014,317,600,2.762,2.878,0,0,.183,12.31
105,2014,317,606,2.697,2.961,0,0,.183,12.31
105,2014,317,612,2.64,2.987,0,0,.183,12.31
105,2014,317,618,2.593,3.017,0,0,.183,12.31
105,2014,317,624,2.552,2.927,0,0,.183,12.31
105,2014,317,630,2.514,2.864,0,0,.183,12.31
105,2014,317,636,2.477,2.967,0,0,.183,12.31
105,2014,317,642,2.442,3.237,0,0,.183,12.31
105,2014,317,648,2.413,2.99,0,0,.183,12.31
105,2014,317,654,2.39,3.126,0,0,.183,12.31
105,2014,317,700,2.372,3.045,0,0,.183,12.31
105,2014,317,706,2.357,2.874,0,0,.183,12.31
105,2014,317,712,2.344,2.722,0,0,.183,12.31
105,2014,317,718,2.326,2.823,0,0,.183,12.31
105,2014,317,724,2.308,2.906,0,0,.183,12.31
105,2014,317,730,2.29,2.894,0,0,.183,12.31
105,2014,317,736,2.272,2.732,0,0,.183,12.31
105,2014,317,742,2.254,2.9,0,0,.183,12.31
105,2014,317,748,2.237,2.935,0,0,.183,12.31
105,2014,317,754,2.221,2.974,0,0,.183,12.31
105,2014,317,800,2.206,3.213,0,0,.183,12.31
105,2014,317,806,2.195,3.364,0,0,.183,12.31
105,2014,317,812,2.195,3.544,0,0,.183,12.31
105,2014,317,818,2.205,3.744,0,0,.183,12.31
105,2014,317,824,2.225,3.862,0,0,.182,12.31
105,2014,317,830,2.254,3.973,0,0,.182,12.31
105,2014,317,836,2.293,4.089,0,0,.182,12.31
105,2014,317,842,2.341,4.229,0,0,.183,12.31
105,2014,317,848,2.397,4.416,0,0,.182,12.31
105,2014,317,854,2.46,4.562,0,0,.182,12.31
105,2014,317,900,2.527,4.478,0,0,.182,12.31
105,2014,317,906,2.6,4.543,0,0,.182,12.31
105,2014,317,912,2.682,4.756,0,0,.182,12.31
105,2014,317,918,2.768,5.066,0,0,.182,12.31
105,2014,317,924,2.858,5.218,0,0,.182,12.31
105,2014,317,930,2.955,5.31,0,0,.182,12.31
105,2014,317,936,3.062,5.475,0,0,.182,12.31
105,2014,317,942,3.175,5.551,0,0,.182,12.31
105,2014,317,948,3.293,5.709,0,0,.183,12.31
105,2014,317,954,3.412,5.665,0,0,.182,12.31
105,2014,317,1000,3.529,6.666,0,0,.18,12.31
105,2014,317,1006,3.654,7.29,0,0,.18,12.31
105,2014,317,1012,3.796,6.868,0,0,.18,12.31
105,2014,317,1018,3.956,6.616,0,0,.18,12.31
105,2014,317,1024,4.122,6.746,0,0,.18,12.31
105,2014,317,1030,4.284,6.773,0,0,.18,12.31
105,2014,317,1036,4.444,6.987,0,0,.18,12.31
105,2014,317,1042,4.603,7.39,0,0,.18,12.31
105,2014,317,1048,4.759,7.15,0,0,.18,12.31
105,2014,317,1054,4.915,7.26,0,0,.18,12.31
105,2014,317,1100,5.068,7.18,0,0,.18,12.31
105,2014,317,1106,5.214,7.21,0,0,.18,12.31
105,2014,317,1112,5.357,7,0,0,.18,12.31
105,2014,317,1118,5.492,7.04,0,0,.18,12.31
105,2014,317,1124,5.619,7.14,0,0,.18,12.31
105,2014,317,1130,5.736,7.52,0,0,.18,12.31
105,2014,317,1136,5.846,7.71,0,0,.18,12.31
105,2014,317,1142,5.956,7.53,0,0,.18,12.31
105,2014,317,1148,6.07,7.45,0,0,.18,12.31
105,2014,317,1154,6.184,7.71,0,0,.18,12.31
105,2014,317,1200,6.298,7.67,0,0,.18,12.31
105,2014,317,1206,6.409,7.84,0,0,.18,12.31
105,2014,317,1212,6.517,8.03,0,0,.18,12.31
105,2014,317,1218,6.618,7.73,0,0,.18,12.31
105,2014,317,1224,6.714,7.63,0,0,.18,12.31
105,2014,317,1230,6.806,7.74,0,0,.18,12.31
105,2014,317,1236,6.89,7.73,0,0,.18,12.31
105,2014,317,1242,6.965,7.89,0,0,.18,12.31
105,2014,317,1248,7.04,8.18,0,0,.18,12.31
105,2014,317,1254,7.11,8.51,0,0,.18,12.31
105,2014,317,1300,7.18,8.47,0,0,.18,12.31
105,2014,317,1306,7.26,8.25,0,0,.18,12.31
105,2014,317,1312,7.34,8.27,0,0,.179,12.31
105,2014,317,1318,7.42,8.38,0,0,.179,12.31
105,2014,317,1324,7.5,8.54,0,0,.179,12.31
105,2014,317,1330,7.58,8.76,0,0,.179,12.31
105,2014,317,1336,7.66,8.71,0,0,.179,12.31
105,2014,317,1342,7.75,8.6,0,0,.179,12.31
105,2014,317,1348,7.84,8.42,0,0,.179,12.31
105,2014,317,1354,7.92,8.26,0,0,.179,12.31
105,2014,317,1400,8,8.1,0,0,.179,12.31
105,2014,317,1406,8.06,8.11,0,0,.18,12.31
105,2014,317,1412,8.11,8,0,0,.179,12.31
105,2014,317,1418,8.16,7.97,0,0,.179,12.31
105,2014,317,1424,8.19,8.01,0,0,.179,12.31
105,2014,317,1430,8.22,8.06,0,0,.179,12.31
105,2014,317,1436,8.24,7.89,0,0,.179,12.31
105,2014,317,1442,8.26,7.86,0,0,.179,12.31
105,2014,317,1448,8.27,7.85,0,0,.179,12.31
105,2014,317,1454,8.27,8.02,0,0,.18,12.31
105,2014,317,1500,8.28,7.98,0,0,.18,12.31
105,2014,317,1506,8.28,7.98,0,0,.179,12.31
105,2014,317,1512,8.29,8.04,0,0,.179,12.31
105,2014,317,1518,8.29,7.98,0,0,.179,12.31
105,2014,317,1524,8.29,8.08,0,0,.179,12.31
105,2014,317,1530,8.3,8.01,0,0,.179,12.31
105,2014,317,1536,8.3,7.94,0,0,.179,12.31
105,2014,317,1542,8.3,7.78,0,0,.179,12.31
105,2014,317,1548,8.29,7.82,0,0,.179,12.31
105,2014,317,1554,8.29,7.8,0,0,.179,12.31
105,2014,317,1600,8.28,7.82,0,0,.179,12.31
105,2014,317,1606,8.27,7.79,0,0,.179,12.31
105,2014,317,1612,8.26,7.69,0,0,.179,12.31
105,2014,317,1618,8.24,7.64,0,0,.179,12.31
105,2014,317,1624,8.22,7.62,0,0,.179,12.31
105,2014,317,1630,8.2,7.61,0,0,.179,12.31
105,2014,317,1636,8.18,7.49,0,0,.179,12.31
105,2014,317,1642,8.16,7.48,0,0,.179,12.31
105,2014,317,1648,8.13,7.36,0,0,.179,12.31
105,2014,317,1654,8.1,7.38,0,0,.179,12.31
105,2014,317,1700,8.07,7.41,0,0,.179,12.31
105,2014,317,1706,8.04,7.33,0,0,.179,12.31
105,2014,317,1712,8,7.3,0,0,.179,12.31
105,2014,317,1718,7.97,7.18,0,0,.179,12.31
105,2014,317,1724,7.94,7.09,0,0,.179,12.31
105,2014,317,1730,7.9,7,0,0,.179,12.31
105,2014,317,1736,7.87,6.902,0,0,.179,12.31
105,2014,317,1742,7.83,6.87,0,0,.179,12.31
105,2014,317,1748,7.78,6.857,0,0,.179,12.31
105,2014,317,1754,7.74,6.778,0,0,.178,12.31
105,2014,317,1800,7.69,6.79,0,0,.177,12.31
105,2014,317,1806,7.65,6.765,0,0,.177,12.31
105,2014,317,1812,7.6,6.747,0,0,.177,12.31
105,2014,317,1818,7.56,6.76,0,0,.177,12.31