105,2014,317,1824,7.48,6.78,0,0,.177,12.31
105,2014,317,1830,7.44,6.683,0,0,.177,12.31
105,2014,317,1836,7.41,6.66,0,0,.177,12.31
105,2014,317,1842,7.38,6.658,0,0,.176,12.31
105,2014,317,1848,7.34,6.627,0,0,.177,12.31
105,2014,317,1854,7.3,6.615,0,0,.177,12.31
105,2014,317,1900,7.27,6.578,0,0,.177,12.31
105,2014,317,1906,7.23,6.533,0,0,.176,12.31
105,2014,317,1912,7.19,6.502,0,0,.177,12.31
105,2014,317,1918,7.15,6.471,0,0,.176,12.31
105,2014,317,1924,7.12,6.443,0,0,.177,12.31
105,2014,317,1930,7.08,6.411,0,0,.177,12.31
105,2014,317,1936,7.04,6.411,0,0,.176,12.31
105,2014,317,1942,7.01,6.408,0,0,.176,12.31
105,2014,317,1948,6.971,6.395,0,0,.176,12.31
105,2014,317,1954,6.936,6.319,0,0,.177,12.31
105,2014,317,2000,6.9,6.229,0,0,.177,12.31
105,2014,317,2006,6.864,6.09,0,0,.176,12.31
105,2014,317,2012,6.828,5.726,0,0,.177,12.31
105,2014,317,2018,6.786,5.509,0,0,.176,12.31
105,2014,317,2024,6.738,5.123,0,0,.175,12.31
105,2014,317,2030,6.684,4.686,0,0,.176,12.31
105,2014,317,2036,6.621,4.463,0,0,.176,12.32
105,2014,317,2042,6.547,4.199,0,0,.175,12.31
105,2014,317,2048,6.461,4.018,0,0,.176,12.31
105,2014,317,2054,6.368,3.959,0,0,.176,12.32
105,2014,317,2100,6.272,3.997,0,0,.175,12.31
105,2014,317,2106,6.177,3.841,0,0,.175,12.31
105,2014,317,2112,6.08,3.753,0,0,.175,12.31
105,2014,317,2118,5.98,3.66,0,0,.175,12.31
105,2014,317,2124,5.881,3.396,0,0,.175,12.31
105,2014,317,2130,5.783,3.168,0,0,.175,12.32
105,2014,317,2136,5.685,3.045,0,0,.176,12.31
105,2014,317,2142,5.585,3.021,0,0,.177,12.31
105,2014,317,2148,5.485,2.913,0,0,.177,12.31
105,2014,317,2154,5.389,2.947,0,0,.177,12.31
105,2014,317,2200,5.292,2.921,0,0,.177,12.31
105,2014,317,2206,5.196,2.847,0,0,.177,12.31
105,2014,317,2212,5.101,2.847,0,0,.177,12.31
105,2014,317,2218,5.007,2.836,0,0,.177,12.32
105,2014,317,2224,4.914,2.677,0,0,.18,12.32
105,2014,317,2230,4.824,2.719,0,0,.181,12.32
105,2014,317,2236,4.737,2.697,0,0,.183,12.32
105,2014,317,2242,4.655,2.575,0,0,.183,12.32
105,2014,317,2248,4.578,2.529,0,0,.183,12.31
105,2014,317,2254,4.5,2.499,0,0,.183,12.31
105,2014,317,2300,4.424,2.551,0,0,.184,12.31
105,2014,317,2306,4.35,2.527,0,0,.183,12.31
105,2014,317,2312,4.279,2.397,0,0,.183,12.31
105,2014,317,2318,4.209,2.43,0,0,.184,12.31
105,2014,317,2324,4.141,2.388,0,0,.183,12.31
105,2014,317,2330,4.075,2.386,0,0,.184,12.31
105,2014,317,2336,4.011,2.463,0,0,.183,12.32
105,2014,317,2342,3.948,2.446,0,0,.183,12.32
105,2014,317,2348,3.889,2.468,0,0,.183,12.31
105,2014,317,2354,3.832,2.499,0,0,.183,12.31
105,2014,318,0,3.776,2.456,0,0,.183,12.31
105,2014,318,6,3.721,2.494,0,0,.183,12.31
105,2014,318,12,3.67,2.5,0,0,.183,12.31
105,2014,318,18,3.621,2.504,0,0,.184,12.31
105,2014,318,24,3.575,2.481,0,0,.185,12.31
105,2014,318,30,3.53,2.398,0,0,.186,12.31
105,2014,318,36,3.489,2.393,0,0,.186,12.32
105,2014,318,42,3.45,2.535,0,0,.188,12.32
105,2014,318,48,3.412,2.515,0,0,.188,12.31
105,2014,318,54,3.376,2.595,0,0,.187,12.31
105,2014,318,100,3.341,2.603,0,0,.188,12.31
105,2014,318,106,3.306,2.535,0,0,.188,12.31
105,2014,318,112,3.272,2.45,0,0,.187,12.31
105,2014,318,118,3.238,2.518,0,0,.188,12.31
105,2014,318,124,3.205,2.536,0,0,.187,12.31
105,2014,318,130,3.174,2.56,0,0,.188,12.31
105,2014,318,136,3.143,2.523,0,0,.188,12.31
105,2014,318,142,3.113,2.634,0,0,.188,12.31
105,2014,318,148,3.084,2.617,0,0,.187,12.31
105,2014,318,154,3.056,2.673,0,0,.188,12.31
105,2014,318,200,3.031,2.722,0,0,.187,12.31
105,2014,318,206,3.007,2.729,0,0,.187,12.31
105,2014,318,212,2.984,2.72,0,0,.188,12.31
105,2014,318,218,2.963,2.786,0,0,.188,12.31
105,2014,318,224,2.943,2.746,0,0,.188,12.31
105,2014,318,230,2.926,2.756,0,0,.188,12.31
105,2014,318,236,2.908,2.769,0,0,.187,12.31
105,2014,318,242,2.895,2.797,0,0,.188,12.31
105,2014,318,248,2.884,2.75,0,0,.187,12.31
105,2014,318,254,2.879,2.764,0,0,.188,12.31
105,2014,318,300,2.87,2.718,0,0,.188,12.32
105,2014,318,306,2.87,2.596,0,0,.188,12.32
105,2014,318,312,2.87,2.458,0,0,.187,12.32
105,2014,318,318,2.861,2.382,0,0,.188,12.32
105,2014,318,324,2.852,2.351,0,0,.188,12.32
105,2014,318,330,2.837,2.332,0,0,.187,12.32
105,2014,318,336,2.818,2.303,0,0,.188,12.32
105,2014,318,342,2.797,2.212,0,0,.188,12.32
105,2014,318,348,2.772,2.215,0,0,.187,12.32
105,2014,318,354,2.745,2.171,0,0,.188,12.32
105,2014,318,400,2.716,2.142,0,0,.187,12.32
105,2014,318,406,2.687,2.125,0,0,.187,12.32
105,2014,318,412,2.656,2.071,0,0,.188,12.31
105,2014,318,418,2.624,2.079,0,0,.187,12.31
105,2014,318,424,2.592,2.129,0,0,.188,12.32
105,2014,318,430,2.559,2.056,0,0,.188,12.32
105,2014,318,436,2.528,2.08,0,0,.187,12.31
105,2014,318,442,2.496,2.08,0,0,.188,12.31
105,2014,318,448,2.465,2.057,0,0,.188,12.31
105,2014,318,454,2.436,2.069,0,0,.188,12.32
105,2014,318,500,2.407,2.131,0,0,.187,12.31
105,2014,318,506,2.379,2.093,0,0,.188,12.32
105,2014,318,512,2.352,2.095,0,0,.188,12.32
105,2014,318,518,2.324,2.056,0,0,.188,12.32
105,2014,318,524,2.298,2.128,0,0,.188,12.32
105,2014,318,530,2.272,2.085,0,0,.188,12.32
105,2014,318,536,2.248,2.069,0,0,.187,12.32
105,2014,318,542,2.223,2.002,0,0,.187,12.32
105,2014,318,548,2.197,1.926,0,0,.188,12.32
105,2014,318,554,2.171,1.907,0,0,.188,12.32
105,2014,318,600,2.141,1.885,0,0,.188,12.32
105,2014,318,606,2.109,1.727,0,0,.188,12.31
105,2014,318,612,2.075,1.58,0,0,.188,12.31
105,2014,318,618,2.034,1.415,0,0,.187,12.31
105,2014,318,624,1.986,1.346,0,0,.187,12.32
105,2014,318,630,1.93,1.017,0,0,.187,12.32
105,2014,318,636,1.867,1.03,0,0,.188,12.32
105,2014,318,642,1.796,.979,0,0,.187,12.32
105,2014,318,648,1.718,.94,0,0,.188,12.32
105,2014,318,654,1.637,.755,0,0,.188,12.32
105,2014,318,700,1.555,.717,0,0,.187,12.32
105,2014,318,706,1.467,.587,0,0,.188,12.32
105,2014,318,712,1.377,.495,0,0,.187,12.32
105,2014,318,718,1.282,.498,0,0,.188,12.32
105,2014,318,724,1.183,.154,0,0,.187,12.32
105,2014,318,730,1.084,.235,0,0,.187,12.32
105,2014,318,736,.981,.315,0,0,.187,12.32
105,2014,318,742,.875,.16,0,0,.187,12.32
105,2014,318,748,.772,-.046,0,0,.186,12.32
105,2014,318,754,.667,-.293,0,0,.186,12.32
105,2014,318,800,.56,-.364,0,0,.186,12.32
105,2014,318,806,.453,-.325,0,0,.186,12.32
105,2014,318,812,.346,-.389,0,0,.186,12.32
105,2014,318,818,.233,-.48,0,0,.186,12.32
105,2014,318,824,.129,-.394,0,0,.187,12.32
105,2014,318,830,.032,-.504,0,0,.186,12.32
105,2014,318,836,-.066,-.284,0,0,.187,12.32
105,2014,318,842,-.158,.036,0,0,.187,12.32
105,2014,318,848,-.246,.218,0,0,.186,12.32
105,2014,318,854,-.324,.708,0,0,.186,12.32
105,2014,318,900,-.39,1.432,0,0,.186,12.32
105,2014,318,906,-.436,2.344,0,0,.186,12.32
105,2014,318,912,-.453,2.507,0,0,.186,12.32
105,2014,318,918,-.429,3.292,0,0,.186,12.32
105,2014,318,924,-.372,3.353,0,0,.186,12.31
105,2014,318,930,-.279,3.407,0,0,.186,12.32
105,2014,318,936,-.15,3.745,0,0,.186,12.31
105,2014,318,942,.01,4.009,0,0,.186,12.32
105,2014,318,948,.195,4.365,0,0,.186,12.31
105,2014,318,954,.404,4.618,0,0,.185,12.31
105,2014,318,1000,.629,5.001,0,0,.185,12.31
105,2014,318,1006,.873,4.43,0,0,.185,12.31
105,2014,318,1012,1.131,4.82,0,0,.185,12.32
105,2014,318,1018,1.39,5.075,0,0,.185,12.32
105,2014,318,1024,1.651,5.36,0,0,.185,12.31
105,2014,318,1030,1.917,4.91,0,0,.185,12.31
105,2014,318,1036,2.179,5.58,0,0,.184,12.32
105,2014,318,1042,2.43,5.48,0,0,.184,12.31
105,2014,318,1048,2.677,5.72,0,0,.184,12.31
105,2014,318,1054,2.918,5.895,0,0,.184,12.31
105,2014,318,1100,3.154,5.332,0,0,.184,12.31
105,2014,318,1106,3.387,6.119,0,0,.183,12.31
105,2014,318,1112,3.612,6.279,0,0,.183,12.31
105,2014,318,1118,3.835,6.246,0,0,.183,12.32
105,2014,318,1124,4.061,6.348,0,0,.183,12.31
105,2014,318,1130,4.286,6.646,0,0,.183,12.31
105,2014,318,1136,4.507,6.49,0,0,.183,12.31
105,2014,318,1142,4.72,6.836,0,0,.183,12.32
105,2014,318,1148,4.929,6.62,0,0,.183,12.31
105,2014,318,1154,5.129,6.873,0,0,.183,12.31
105,2014,318,1200,5.31,7.54,0,0,.183,12.31
105,2014,318,1206,5.48,7.6,0,0,.183,12.31
105,2014,318,1212,5.656,7.55,0,0,.183,12.31
105,2014,318,1218,5.829,7.41,0,0,.183,12.31
105,2014,318,1224,6,6.921,0,0,.182,12.31
105,2014,318,1230,6.162,7.32,0,0,.182,12.31
105,2014,318,1236,6.32,6.417,0,0,.182,12.31
105,2014,318,1242,6.466,6.506,0,0,.182,12.31
105,2014,318,1248,6.591,7.06,0,0,.182,12.31
105,2014,318,1254,6.698,8.54,0,0,.181,12.31
105,2014,318,1300,6.806,8.5,0,0,.18,12.31
105,2014,318,1306,6.932,8.34,0,0,.18,12.31
105,2014,318,1312,7.08,8.57,0,0,.18,12.31
105,2014,318,1318,7.23,8.04,0,0,.18,12.31
105,2014,318,1324,7.39,5.512,0,0,.181,12.31
105,2014,318,1330,7.51,7.35,0,0,.18,12.31
105,2014,318,1336,7.6,8.74,0,0,.18,12.31
105,2014,318,1342,7.69,8.26,0,0,.18,12.31
105,2014,318,1348,7.78,5.694,0,0,.18,12.31
105,2014,318,1354,7.85,5.584,0,0,.18,12.31
105,2014,318,1400,7.89,7.41,0,0,.18,12.31
105,2014,318,1406,7.9,5.662,0,0,.18,12.31
105,2014,318,1412,7.9,6.42,0,0,.18,12.31
105,2014,318,1418,7.89,7.22,0,0,.18,12.31
105,2014,318,1424,7.89,7.85,0,0,.18,12.31
105,2014,318,1430,7.89,5.754,0,0,.18,12.31
105,2014,318,1436,7.89,5.328,0,0,.18,12.31
105,2014,318,1442,7.87,5.34,0,0,.18,12.31
105,2014,318,1448,7.81,4.882,0,0,.18,12.32
105,2014,318,1454,7.73,4.306,0,0,.18,12.32
105,2014,318,1500,7.61,4.322,0,0,.18,12.32
105,2014,318,1506,7.47,4.513,0,0,.181,12.32
105,2014,318,1512,7.32,4.634,0,0,.18,12.31
105,2014,318,1518,7.17,4.657,0,0,.18,12.32
105,2014,318,1524,7.01,4.803,0,0,.18,12.31
105,2014,318,1530,6.858,4.822,0,0,.18,12.31
105,2014,318,1536,6.711,4.675,0,0,.18,12.31
105,2014,318,1542,6.57,4.629,0,0,.18,12.31
105,2014,318,1548,6.442,4.649,0,0,.18,12.31
105,2014,318,1554,6.32,4.45,0,0,.18,12.31
105,2014,318,1600,6.202,4.235,0,0,.18,12.31
105,2014,318,1606,6.071,3.882,0,0,.18,12.32
105,2014,318,1612,5.935,3.724,0,0,.18,12.32
105,2014,318,1618,5.796,3.851,0,0,.18,12.32
105,2014,318,1624,5.664,3.91,0,0,.18,12.32
105,2014,318,1630,5.534,3.888,0,0,.18,12.32
105,2014,318,1636,5.41,3.76,0,0,.18,12.31
105,2014,318,1642,5.287,3.686,0,0,.18,12.31
105,2014,318,1648,5.166,3.524,0,0,.18,12.31
105,2014,318,1654,5.049,3.427,0,0,.18,12.32
105,2014,318,1700,4.932,3.52,0,0,.18,12.32
105,2014,318,1706,4.817,3.631,0,0,.18,12.32
105,2014,318,1712,4.704,3.318,0,0,.18,12.32
105,2014,318,1718,4.595,3.293,0,0,.18,12.31
105,2014,318,1724,4.484,3.17,0,0,.18,12.31
105,2014,318,1730,4.373,3.128,0,0,.179,12.31
105,2014,318,1736,4.261,2.854,0,0,.179,12.31
105,2014,318,1742,4.151,2.53,0,0,.18,12.32
105,2014,318,1748,4.04,2.523,0,0,.179,12.32
105,2014,318,1754,3.927,2.695,0,0,.18,12.32
105,2014,318,1800,3.814,2.454,0,0,.179,12.32
105,2014,318,1806,3.695,2.091,0,0,.178,12.32
105,2014,318,1812,3.571,1.818,0,0,.179,12.32
105,2014,318,1818,3.44,1.552,0,0,.178,12.32
105,2014,318,1824,3.305,1.282,0,0,.178,12.32
105,2014,318,1830,3.167,1.114,0,0,.178,12.32
105,2014,318,1836,3.026,1.181,0,0,.178,12.32
105,2014,318,1842,2.876,.763,0,0,.178,12.32
105,2014,318,1848,2.72,.849,0,0,.178,12.31
105,2014,318,1854,2.56,.728,0,0,.178,12.31
105,2014,318,1900,2.399,.799,0,0,.178,12.31
105,2014,318,1906,2.239,.731,0,0,.178,12.31
105,2014,318,1912,2.077,.535,0,0,.178,12.31
105,2014,318,1918,1.914,.484,0,0,.177,12.31
105,2014,318,1924,1.753,.322,0,0,.177,12.31
105,2014,318,1930,1.594,.173,0,0,.177,12.32
105,2014,318,1936,1.439,.318,0,0,.177,12.32
105,2014,318,1942,1.282,.093,0,0,.177,12.32
105,2014,318,1948,1.127,-.139,0,0,.177,12.32
105,2014,318,1954,.976,-.16,0,0,.177,12.31
105,2014,318,2000,.822,-.247,0,0,.177,12.31
105,2014,318,2006,.677,-.308,0,0,.177,12.32
105,2014,318,2012,.532,-.263,0,0,.177,12.32
105,2014,318,2018,.386,-.42,0,0,.176,12.32
105,2014,318,2024,.239,-.541,0,0,.177,12.32
105,2014,318,2030,.101,-.542,0,0,.177,12.32
105,2014,318,2036,-.03,-.717,0,0,.177,12.32
105,2014,318,2042,-.164,-.882,0,0,.177,12.32
105,2014,318,2048,-.293,-.657,0,0,.177,12.32
105,2014,318,2054,-.422,-.687,0,0,.177,12.31
105,2014,318,2100,-.544,-.691,0,0,.176,12.32
105,2014,318,2106,-.657,-.689,0,0,.175,12.31
105,2014,318,2112,-.769,-.745,0,0,.175,12.32
105,2014,318,2118,-.875,-.845,0,0,.174,12.32
105,2014,318,2124,-.977,-.772,0,0,.174,12.32
105,2014,318,2130,-1.079,-1.017,0,0,.174,12.32
105,2014,318,2136,-1.174,-1.27,0,0,.174,12.32
105,2014,318,2142,-1.267,-1.123,0,0,.174,12.32
105,2014,318,2148,-1.36,-.811,0,0,.174,12.32
105,2014,318,2154,-1.446,-1.191,0,0,.174,12.32
105,2014,318,2200,-1.528,-1.202,0,0,.174,12.32
105,2014,318,2206,-1.607,-1.106,0,0,.174,12.32
105,2014,318,2212,-1.685,-1.139,0,0,.174,12.32
105,2014,318,2218,-1.761,-1.123,0,0,.174,12.32
105,2014,318,2224,-1.834,-1.154,0,0,.174,12.32
105,2014,318,2230,-1.903,-1.141,0,0,.174,12.32
105,2014,318,2236,-1.968,-1.082,0,0,.172,12.32
105,2014,318,2242,-2.03,-1.238,0,0,.172,12.32
105,2014,318,2248,-2.086,-1.152,0,0,.172,12.32
105,2014,318,2254,-2.142,-1.311,0,0,.172,12.32
105,2014,318,2300,-2.199,-1.345,0,0,.172,12.32
105,2014,318,2306,-2.255,-1.589,0,0,.172,12.32
105,2014,318,2312,-2.31,-1.305,0,0,.172,12.32
105,2014,318,2318,-2.361,-1.256,0,0,.172,12.32
105,2014,318,2324,-2.41,-1.332,0,0,.172,12.32
105,2014,318,2330,-2.457,-1.37,0,0,.172,12.32
105,2014,318,2336,-2.5,-1.508,0,0,.172,12.32
105,2014,318,2342,-2.543,-1.434,0,0,.172,12.32
105,2014,318,2348,-2.584,-1.618,0,0,.172,12.32
105,2014,318,2354,-2.626,-1.458,0,0,.171,12.32
105,2014,319,0,-2.666,-1.44,0,0,.172,12.32
105,2014,319,6,-2.702,-1.391,0,0,.171,12.32
105,2014,319,12,-2.736,-1.289,0,0,.171,12.32
105,2014,319,18,-2.768,-1.272,0,0,.172,12.32
105,2014,319,24,-2.799,-1.286,0,0,.171,12.32
105,2014,319,30,-2.827,-1.535,0,0,.171,12.32
105,2014,319,36,-2.856,-1.522,0,0,.171,12.32
105,2014,319,42,-2.881,-1.591,0,0,.171,12.32
105,2014,319,48,-2.908,-1.576,0,0,.171,12.32
105,2014,319,54,-2.937,-1.657,0,0,.171,12.32
105,2014,319,100,-2.966,-1.902,0,0,.171,12.32
105,2014,319,106,-2.997,-1.809,0,0,.17,12.32
105,2014,319,112,-3.03,-1.885,0,0,.169,12.32
105,2014,319,118,-3.062,-1.828,0,0,.169,12.32
105,2014,319,124,-3.095,-1.763,0,0,.169,12.32
105,2014,319,130,-3.128,-1.996,0,0,.169,12.32
105,2014,319,136,-3.158,-1.781,0,0,.169,12.32
105,2014,319,142,-3.19,-1.96,0,0,.169,12.32
105,2014,319,148,-3.222,-1.933,0,0,.169,12.32
105,2014,319,154,-3.255,-1.755,0,0,.169,12.32
105,2014,319,200,-3.288,-2.161,0,0,.169,12.32
105,2014,319,206,-3.323,-1.906,0,0,.169,12.32
105,2014,319,212,-3.357,-1.843,0,0,.169,12.32
105,2014,319,218,-3.389,-1.963,0,0,.169,12.32
105,2014,319,224,-3.418,-2.18,0,0,.169,12.32
105,2014,319,230,-3.447,-2.096,0,0,.169,12.32
105,2014,319,236,-3.476,-2.158,0,0,.169,12.32
105,2014,319,242,-3.507,-2.26,0,0,.168,12.32
105,2014,319,248,-3.538,-2.286,0,0,.168,12.32
105,2014,319,254,-3.572,-2.392,0,0,.167,12.32
105,2014,319,300,-3.604,-2.615,0,0,.167,12.32
105,2014,319,306,-3.64,-2.677,0,0,.167,12.32
105,2014,319,312,-3.676,-2.683,0,0,.167,12.32
105,2014,319,318,-3.714,-2.581,0,0,.167,12.32
105,2014,319,324,-3.754,-2.678,0,0,.167,12.32
105,2014,319,330,-3.794,-2.855,0,0,.167,12.32
105,2014,319,336,-3.833,-2.698,0,0,.167,12.32
105,2014,319,342,-3.874,-2.912,0,0,.167,12.32
105,2014,319,348,-3.913,-2.852,0,0,.167,12.32
105,2014,319,354,-3.95,-2.823,0,0,.167,12.32
105,2014,319,400,-3.989,-2.88,0,0,.167,12.32
105,2014,319,406,-4.027,-2.635,0,0,.167,12.32
105,2014,319,412,-4.065,-2.993,0,0,.166,12.32
105,2014,319,418,-4.104,-2.87,0,0,.166,12.32
105,2014,319,424,-4.144,-3.056,0,0,.166,12.32
105,2014,319,430,-4.184,-2.984,0,0,.166,12.32
105,2014,319,436,-4.224,-3.131,0,0,.166,12.32
105,2014,319,442,-4.265,-3.139,0,0,.166,12.32
105,2014,319,448,-4.307,-3.116,0,0,.166,12.32
105,2014,319,454,-4.35,-3.21,0,0,.166,12.32
105,2014,319,500,-4.393,-3.218,0,0,.166,12.32
105,2014,319,506,-4.437,-3.164,0,0,.166,12.32
105,2014,319,512,-4.479,-2.827,0,0,.166,12.32
105,2014,319,518,-4.524,-3.037,0,0,.166,12.32
105,2014,319,524,-4.568,-3.129,0,0,.166,12.32
105,2014,319,530,-4.609,-2.661,0,0,.166,12.32
105,2014,319,536,-4.648,-2.664,0,0,.166,12.32
105,2014,319,542,-4.684,-2.879,0,0,.165,12.32
105,2014,319,548,-4.72,-3.442,0,0,.164,12.32
105,2014,319,554,-4.753,-3.346,0,0,.165,12.32
105,2014,319,600,-4.784,-3.51,0,0,.164,12.32
105,2014,319,606,-4.813,-3.594,0,0,.164,12.32
105,2014,319,612,-4.843,-3.572,0,0,.164,12.32
105,2014,319,618,-4.874,-3.642,0,0,.164,12.32
105,2014,319,624,-4.906,-3.738,0,0,.164,12.32
105,2014,319,630,-4.938,-3.575,0,0,.164,12.32
105,2014,319,636,-4.973,-3.136,0,0,.164,12.32
105,2014,319,642,-5.006,-3.295,0,0,.164,12.32
105,2014,319,648,-5.038,-3.4,0,0,.164,12.32
105,2014,319,654,-5.068,-3.17,0,0,.164,12.32
105,2014,319,700,-5.095,-2.971,0,0,.164,12.32
105,2014,319,706,-5.12,-3.165,0,0,.164,12.32
105,2014,319,712,-5.144,-3.367,0,0,.164,12.32
105,2014,319,718,-5.167,-2.89,0,0,.164,12.32
105,2014,319,724,-5.187,-2.855,0,0,.163,12.32
105,2014,319,730,-5.205,-2.869,0,0,.163,12.32
105,2014,319,736,-5.217,-3.361,0,0,.162,12.32
105,2014,319,742,-5.23,-3.135,0,0,.163,12.32
105,2014,319,748,-5.239,-2.95,0,0,.162,12.32
105,2014,319,754,-5.245,-3.052,0,0,.162,12.32
105,2014,319,800,-5.254,-2.86,0,0,.162,12.32
105,2014,319,806,-5.256,-3.055,0,0,.162,12.32
105,2014,319,812,-5.264,-2.761,0,0,.162,12.32
105,2014,319,818,-5.265,-2.543,0,0,.162,12.32
105,2014,319,824,-5.265,-2.515,0,0,.162,12.32
105,2014,319,830,-5.261,-2.601,0,0,.162,12.32
105,2014,319,836,-5.25,-2.696,0,0,.161,12.32
105,2014,319,842,-5.237,-2.726,0,0,.161,12.32
105,2014,319,848,-5.22,-2.448,0,0,.161,12.32
105,2014,319,854,-5.199,-1.926,0,0,.161,12.32
105,2014,319,900,-5.172,-.013,0,0,.161,12.32
105,2014,319,906,-5.13,1.064,0,0,.161,12.32
105,2014,319,912,-5.057,1.673,0,0,.161,12.32
105,2014,319,918,-4.935,2.299,0,0,.161,12.32
105,2014,319,924,-4.762,2.402,0,0,.161,12.32
105,2014,319,930,-4.544,2.927,0,0,.16,12.32
105,2014,319,936,-4.283,3.419,0,0,.159,12.32
105,2014,319,942,-3.983,3.402,0,0,.159,12.32
105,2014,319,948,-3.653,2.911,0,0,.16,12.32
105,2014,319,954,-3.305,3.506,0,0,.16,12.32
105,2014,319,1000,-2.939,3.787,0,0,.16,12.32
105,2014,319,1006,-2.565,3.59,0,0,.16,12.32
105,2014,319,1012,-2.183,4.5,0,0,.16,12.32
105,2014,319,1018,-1.796,4.259,0,0,.16,12.32
105,2014,319,1024,-1.404,4.457,0,0,.16,12.31
105,2014,319,1030,-1.012,5.117,0,0,.16,12.31
105,2014,319,1036,-.618,5.349,0,0,.16,12.31
105,2014,319,1042,-.226,4.854,0,0,.16,12.31
105,2014,319,1048,.166,5.36,0,0,.16,12.31
105,2014,319,1054,.551,6.393,0,0,.16,12.31
105,2014,319,1100,.929,6.766,0,0,.159,12.31
105,2014,319,1106,1.308,6.371,0,0,.159,12.31
105,2014,319,1112,1.689,6.178,0,0,.16,12.31
105,2014,319,1118,2.061,7.38,0,0,.16,12.31
105,2014,319,1124,2.426,7.35,0,0,.16,12.31
105,2014,319,1130,2.783,7.31,0,0,.16,12.31
105,2014,319,1136,3.133,7.23,0,0,.16,12.31
105,2014,319,1142,3.479,7.22,0,0,.16,12.31
105,2014,319,1148,3.821,7.21,0,0,.16,12.31
105,2014,319,1154,4.152,7.7,0,0,.16,12.31
105,2014,319,1200,4.464,8.73,0,0,.16,12.31
105,2014,319,1206,4.76,9.86,0,0,.16,12.31
105,2014,319,1212,5.046,8.6,0,0,.16,12.31
105,2014,319,1218,5.336,8.68,0,0,.16,12.31
105,2014,319,1224,5.622,8.82,0,0,.16,12.31
105,2014,319,1230,5.897,8.71,0,0,.16,12.31
105,2014,319,1236,6.176,8.8,0,0,.16,12.31
105,2014,319,1242,6.446,9.25,0,0,.16,12.31
105,2014,319,1248,6.706,9.14,0,0,.16,12.31
105,2014,319,1254,6.966,8.52,0,0,.16,12.31
105,2014,319,1300,7.21,10.43,0,0,.16,12.31
105,2014,319,1306,7.44,9.69,0,0,.16,12.31
105,2014,319,1312,7.67,10.38,0,0,.16,12.31
105,2014,319,1318,7.88,9.43,0,0,.16,12.31
105,2014,319,1324,8.09,9.94,0,0,.16,12.31
105,2014,319,1330,8.3,9.75,0,0,.16,12.31
105,2014,319,1336,8.51,9.47,0,0,.16,12.31
105,2014,319,1342,8.71,8.89,0,0,.16,12.31
105,2014,319,1348,8.9,9.38,0,0,.16,12.31
105,2014,319,1354,9.07,8.69,0,0,.16,12.31
105,2014,319,1400,9.22,9.46,0,0,.16,12.31
105,2014,319,1406,9.34,9.34,0,0,.16,12.31
105,2014,319,1412,9.43,8.49,0,0,.16,12.31
105,2014,319,1418,9.52,8.47,0,0,.16,12.31
105,2014,319,1424,9.58,8.66,0,0,.16,12.31
105,2014,319,1430,9.64,7.99,0,0,.16,12.31
105,2014,319,1436,9.67,7.59,0,0,.16,12.31
105,2014,319,1442,9.67,6.929,0,0,.16,12.31
105,2014,319,1448,9.65,6.953,0,0,.16,12.31
105,2014,319,1454,9.6,6.504,0,0,.16,12.31
105,2014,319,1500,9.52,6.085,0,0,.16,12.31
105,2014,319,1506,9.41,5.915,0,0,.16,12.31
105,2014,319,1512,9.28,5.809,0,0,.16,12.31
105,2014,319,1518,9.14,5.708,0,0,.16,12.31
105,2014,319,1524,8.97,5.59,0,0,.16,12.31
105,2014,319,1530,8.8,5.611,0,0,.16,12.31
105,2014,319,1536,8.63,5.493,0,0,.16,12.31
105,2014,319,1542,8.45,5.614,0,0,.16,12.31
105,2014,319,1548,8.26,5.471,0,0,.16,12.31
105,2014,319,1554,8.08,5.388,0,0,.16,12.31
105,2014,319,1600,7.9,5.254,0,0,.16,12.31
105,2014,319,1606,7.73,5.201,0,0,.16,12.31
105,2014,319,1612,7.55,5.287,0,0,.16,12.31
105,2014,319,1618,7.38,5.125,0,0,.16,12.31
105,2014,319,1624,7.21,4.936,0,0,.16,12.31
105,2014,319,1630,7.05,4.96,0,0,.16,12.31
105,2014,319,1636,6.899,4.85,0,0,.16,12.31
105,2014,319,1642,6.744,4.938,0,0,.16,12.31
105,2014,319,1648,6.588,4.858,0,0,.16,12.31
105,2014,319,1654,6.436,4.756,0,0,.16,12.31
105,2014,319,1700,6.292,4.779,0,0,.16,12.31
105,2014,319,1706,6.152,4.471,0,0,.16,12.31
105,2014,319,1712,6.017,4.308,0,0,.16,12.31
105,2014,319,1718,5.885,4.361,0,0,.16,12.31
105,2014,319,1724,5.757,4.421,0,0,.16,12.31
105,2014,319,1730,5.63,4.039,0,0,.16,12.31
105,2014,319,1736,5.503,3.93,0,0,.16,12.31
105,2014,319,1742,5.371,4.11,0,0,.16,12.31
105,2014,319,1748,5.236,3.901,0,0,.16,12.31
105,2014,319,1754,5.098,3.915,0,0,.16,12.31
105,2014,319,1800,4.957,3.629,0,0,.16,12.31
105,2014,319,1806,4.814,3.551,0,0,.16,12.31
105,2014,319,1812,4.67,3.407,0,0,.16,12.31
105,2014,319,1818,4.519,2.751,0,0,.16,12.31
105,2014,319,1824,4.365,.76,0,0,.16,12.31
105,2014,319,1830,4.203,.794,0,0,.16,12.31
105,2014,319,1836,4.033,.693,0,0,.16,12.32
105,2014,319,1842,3.856,1.078,0,0,.16,12.31
105,2014,319,1848,3.667,.586,0,0,.16,12.31
105,2014,319,1854,3.466,.417,0,0,.16,12.31
105,2014,319,1900,3.259,.712,0,0,.16,12.31
105,2014,319,1906,3.054,.591,0,0,.159,12.31
105,2014,319,1912,2.845,-.163,0,0,.159,12.31
105,2014,319,1918,2.632,-.856,0,0,.159,12.31
105,2014,319,1924,2.416,-.763,0,0,.159,12.31
105,2014,319,1930,2.203,-1.242,0,0,.159,12.32
105,2014,319,1936,1.985,-.919,0,0,.158,12.32
105,2014,319,1942,1.768,-1.116,0,0,.159,12.31
105,2014,319,1948,1.552,-.598,0,0,.158,12.32
105,2014,319,1954,1.34,-.907,0,0,.159,12.32
105,2014,319,2000,1.132,-.783,0,0,.159,12.32
105,2014,319,2006,.932,-.888,0,0,.159,12.32
105,2014,319,2012,.74,-1.616,0,0,.158,12.32
105,2014,319,2018,.558,-1.81,0,0,.158,12.32
105,2014,319,2024,.377,-2.026,0,0,.158,12.32
105,2014,319,2030,.192,-1.867,0,0,.158,12.32
105,2014,319,2036,.016,-1.61,0,0,.158,12.32
105,2014,319,2042,-.161,-1.589,0,0,.158,12.32
105,2014,319,2048,-.338,-1.536,0,0,.158,12.32
105,2014,319,2054,-.513,-2.203,0,0,.158,12.32
105,2014,319,2100,-.678,-1.784,0,0,.158,12.32
105,2014,319,2106,-.832,-2.037,0,0,.158,12.32
105,2014,319,2112,-.985,-2.732,0,0,.158,12.32
105,2014,319,2118,-1.134,-2.485,0,0,.158,12.32
105,2014,319,2124,-1.282,-2.63,0,0,.158,12.32
105,2014,319,2130,-1.422,-3.086,0,0,.158,12.32
105,2014,319,2136,-1.562,-2.973,0,0,.157,12.32
105,2014,319,2142,-1.703,-3.079,0,0,.155,12.32
105,2014,319,2148,-1.843,-2.88,0,0,.156,12.32
105,2014,319,2154,-1.98,-2.985,0,0,.156,12.32
105,2014,319,2200,-2.112,-3.279,0,0,.156,12.32
105,2014,319,2206,-2.241,-2.861,0,0,.155,12.32
105,2014,319,2212,-2.367,-2.978,0,0,.155,12.32
105,2014,319,2218,-2.49,-2.739,0,0,.156,12.32
105,2014,319,2224,-2.608,-2.868,0,0,.156,12.32
105,2014,319,2230,-2.723,-2.629,0,0,.156,12.32
105,2014,319,2236,-2.834,-2.556,0,0,.155,12.32
105,2014,319,2242,-2.935,-2.697,0,0,.155,12.32
105,2014,319,2248,-3.036,-2.965,0,0,.155,12.32
105,2014,319,2254,-3.127,-2.863,0,0,.155,12.32
105,2014,319,2300,-3.218,-2.716,0,0,.155,12.32
105,2014,319,2306,-3.303,-2.676,0,0,.155,12.32
105,2014,319,2312,-3.384,-2.974,0,0,.155,12.32
105,2014,319,2318,-3.458,-3.005,0,0,.155,12.32
105,2014,319,2324,-3.525,-2.9,0,0,.155,12.32
105,2014,319,2330,-3.589,-2.972,0,0,.155,12.32
105,2014,319,2336,-3.649,-3.046,0,0,.155,12.32
105,2014,319,2342,-3.708,-2.872,0,0,.155,12.32
105,2014,319,2348,-3.765,-3.458,0,0,.155,12.32
105,2014,319,2354,-3.818,-2.816,0,0,.155,12.32
105,2014,320,0,-3.867,-3.436,0,0,.155,12.32
105,2014,320,6,-3.914,-3.153,0,0,.154,12.32
105,2014,320,12,-3.957,-2.962,0,0,.153,12.32
105,2014,320,18,-3.992,-2.931,0,0,.153,12.32
105,2014,320,24,-4.019,-2.979,0,0,.153,12.32
105,2014,320,30,-4.042,-2.973,0,0,.153,12.32
105,2014,320,36,-4.057,-2.931,0,0,.153,12.32
105,2014,320,42,-4.067,-2.5,0,0,.153,12.32
105,2014,320,48,-4.068,-2.214,0,0,.153,12.32
105,2014,320,54,-4.067,-2.213,0,0,.153,12.32
105,2014,320,100,-4.059,-2.591,0,0,.152,12.32
105,2014,320,106,-4.043,-2.376,0,0,.152,12.32
105,2014,320,112,-4.024,-2.213,0,0,.152,12.32
105,2014,320,118,-4,-2.569,0,0,.152,12.32
105,2014,320,124,-3.971,-2.215,0,0,.152,12.32
105,2014,320,130,-3.937,-1.914,0,0,.152,12.32
105,2014,320,136,-3.897,-2.112,0,0,.152,12.32
105,2014,320,142,-3.852,-1.996,0,0,.152,12.32
105,2014,320,148,-3.802,-2.037,0,0,.152,12.32
105,2014,320,154,-3.748,-1.888,0,0,.152,12.32
105,2014,320,200,-3.692,-1.753,0,0,.153,12.32
105,2014,320,206,-3.635,-1.644,0,0,.153,12.32
105,2014,320,212,-3.577,-1.712,0,0,.153,12.32
105,2014,320,218,-3.52,-1.524,0,0,.153,12.32
105,2014,320,224,-3.463,-1.627,0,0,.153,12.32
105,2014,320,230,-3.407,-1.32,0,0,.152,12.32
105,2014,320,236,-3.352,-1.1,0,0,.152,12.32
105,2014,320,242,-3.297,-.957,0,0,.152,12.32
105,2014,320,248,-3.243,-.902,0,0,.152,12.32
105,2014,320,254,-3.189,-.77,0,0,.152,12.32
105,2014,320,300,-3.135,-.93,0,0,.152,12.32
105,2014,320,306,-3.079,-1.308,0,0,.152,12.32
105,2014,320,312,-3.025,-1.616,0,0,.152,12.32
105,2014,320,318,-2.972,-1.533,0,0,.152,12.32
105,2014,320,324,-2.923,-1.508,0,0,.152,12.32
105,2014,320,330,-2.878,-1.462,0,0,.152,12.32
105,2014,320,336,-2.836,-1.225,0,0,.152,12.32
105,2014,320,342,-2.794,-.957,0,0,.152,12.32
105,2014,320,348,-2.751,-.75,0,0,.152,12.32
105,2014,320,354,-2.704,-.683,0,0,.152,12.32
105,2014,320,400,-2.654,-.292,0,0,.152,12.32
105,2014,320,406,-2.6,-.327,0,0,.152,12.32
105,2014,320,412,-2.54,-.244,0,0,.152,12.32
105,2014,320,418,-2.475,-.094,0,0,.152,12.32
105,2014,320,424,-2.406,.036,0,0,.152,12.32
105,2014,320,430,-2.335,.064,0,0,.152,12.32
105,2014,320,436,-2.26,.1,0,0,.151,12.32
105,2014,320,442,-2.182,.465,0,0,.152,12.32
105,2014,320,448,-2.101,.431,0,0,.152,12.32
105,2014,320,454,-2.018,.928,0,0,.152,12.32
105,2014,320,500,-1.934,.791,0,0,.152,12.32
105,2014,320,506,-1.847,.772,0,0,.152,12.32
105,2014,320,512,-1.757,1.198,0,0,.152,12.31
105,2014,320,518,-1.665,.98,0,0,.152,12.31
105,2014,320,524,-1.575,.967,0,0,.152,12.31
105,2014,320,530,-1.483,1.107,0,0,.152,12.31
105,2014,320,536,-1.391,1.247,0,0,.152,12.32
105,2014,320,542,-1.301,1.054,0,0,.152,12.32
105,2014,320,548,-1.213,1.156,0,0,.152,12.32
105,2014,320,554,-1.128,1.011,0,0,.152,12.32
105,2014,320,600,-1.046,1.013,0,0,.152,12.32
105,2014,320,606,-.969,1.363,0,0,.152,12.32
105,2014,320,612,-.896,1.353,0,0,.152,12.31
105,2014,320,618,-.827,1.47,0,0,.152,12.31
105,2014,320,624,-.761,1.193,0,0,.152,12.31
105,2014,320,630,-.694,1.143,0,0,.152,12.31
105,2014,320,636,-.628,1.022,0,0,.152,12.31
105,2014,320,642,-.564,1.257,0,0,.152,12.31
105,2014,320,648,-.5,1.249,0,0,.152,12.31
105,2014,320,654,-.439,1.521,0,0,.152,12.31
105,2014,320,700,-.379,1.583,0,0,.152,12.31
105,2014,320,706,-.318,1.51,0,0,.152,12.31
105,2014,320,712,-.257,1.721,0,0,.152,12.31
105,2014,320,718,-.196,1.669,0,0,.152,12.31
105,2014,320,724,-.136,1.994,0,0,.152,12.31
105,2014,320,730,-.075,1.892,0,0,.152,12.31
105,2014,320,736,-.015,2.072,0,0,.152,12.31
105,2014,320,742,.047,2.05,0,0,.152,12.31
105,2014,320,748,.11,2.121,0,0,.152,12.31
105,2014,320,754,.173,2.263,0,0,.152,12.31
105,2014,320,800,.236,2.339,0,0,.152,12.31
105,2014,320,806,.302,2.249,0,0,.152,12.31
105,2014,320,812,.367,2.373,0,0,.152,12.31
105,2014,320,818,.432,2.473,0,0,.152,12.31
105,2014,320,824,.497,2.717,0,0,.152,12.31
105,2014,320,830,.563,2.668,0,0,.152,12.31
105,2014,320,836,.63,2.726,0,0,.152,12.31
105,2014,320,842,.698,2.946,0,0,.152,12.31
105,2014,320,848,.767,3.129,0,0,.152,12.31
105,2014,320,854,.838,3.19,0,0,.152,12.31
105,2014,320,900,.913,3.31,0,0,.152,12.31
105,2014,320,906,.993,3.274,0,0,.152,12.31
105,2014,320,912,1.074,3.235,0,0,.152,12.31
105,2014,320,918,1.155,3.436,0,0,.152,12.31
105,2014,320,924,1.236,3.574,0,0,.152,12.31
105,2014,320,930,1.319,3.754,0,0,.152,12.31
105,2014,320,936,1.405,4.01,0,0,.152,12.31
105,2014,320,942,1.493,4.161,0,0,.152,12.31
105,2014,320,948,1.587,4.323,0,0,.152,12.31
105,2014,320,954,1.689,4.321,0,0,.152,12.31
105,2014,320,1000,1.794,4.401,0,0,.152,12.31
105,2014,320,1006,1.902,4.315,0,0,.152,12.31
105,2014,320,1012,2.01,4.373,0,0,.152,12.31
105,2014,320,1018,2.117,4.435,0,0,.152,12.31
105,2014,320,1024,2.221,4.537,0,0,.152,12.31
105,2014,320,1030,2.321,4.527,0,0,.152,12.31
105,2014,320,1036,2.418,4.691,0,0,.152,12.31
105,2014,320,1042,2.517,4.891,0,0,.152,12.31
105,2014,320,1048,2.615,4.999,0,0,.152,12.31
105,2014,320,1054,2.716,5.163,0,0,.152,12.31
105,2014,320,1100,2.818,5.465,0,0,.152,12.31
105,2014,320,1106,2.925,5.736,0,0,.152,12.31
105,2014,320,1112,3.036,5.815,0,0,.152,12.31
105,2014,320,1118,3.153,6.095,0,0,.152,12.31
105,2014,320,1124,3.28,6.429,0,0,.152,12.31
105,2014,320,1130,3.417,6.733,0,0,.152,12.31
105,2014,320,1136,3.563,7.08,0,0,.152,12.31
105,2014,320,1142,3.716,7.02,0,0,.152,12.31
105,2014,320,1148,3.874,6.858,0,0,.152,12.31
105,2014,320,1154,4.031,6.916,0,0,.152,12.31
105,2014,320,1200,4.189,6.837,0,0,.152,12.31
105,2014,320,1206,4.344,6.748,0,0,.152,12.31
105,2014,320,1212,4.494,6.79,0,0,.152,12.31
105,2014,320,1218,4.633,7.03,0,0,.152,12.31
105,2014,320,1224,4.766,7.23,0,0,.152,12.31
105,2014,320,1230,4.897,7.62,0,0,.152,12.31
105,2014,320,1236,5.028,7.42,0,0,.152,12.31
105,2014,320,1242,5.16,7.7,0,0,.152,12.31
105,2014,320,1248,5.29,7.68,0,0,.152,12.31
105,2014,320,1254,5.419,8.08,0,0,.152,12.31
105,2014,320,1300,5.548,7.94,0,0,.152,12.31
105,2014,320,1306,5.682,7.75,0,0,.151,12.31
105,2014,320,1312,5.812,7.85,0,0,.152,12.31
105,2014,320,1318,5.939,7.95,0,0,.152,12.31
105,2014,320,1324,6.06,8.53,0,0,.152,12.31
105,2014,320,1330,6.174,8.51,0,0,.152,12.31
105,2014,320,1336,6.29,8.99,0,0,.152,12.31
105,2014,320,1342,6.413,9.06,0,0,.152,12.31
105,2014,320,1348,6.541,8.78,0,0,.152,12.31
105,2014,320,1354,6.673,8.85,0,0,.152,12.31
105,2014,320,1400,6.806,9.15,0,0,.152,12.31
105,2014,320,1406,6.937,9.13,0,0,.152,12.31
105,2014,320,1412,7.07,9.31,0,0,.151,12.31
105,2014,320,1418,7.2,8.92,0,0,.151,12.31
105,2014,320,1424,7.33,8.83,0,0,.15,12.31
105,2014,320,1430,7.46,8.9,0,0,.151,12.31
105,2014,320,1436,7.57,8.99,0,0,.15,12.31
105,2014,320,1442,7.68,9.04,0,0,.15,12.31
105,2014,320,1448,7.78,9.22,0,0,.15,12.31
105,2014,320,1454,7.87,9.2,0,0,.15,12.31
105,2014,320,1500,7.96,9.46,0,0,.15,12.31
105,2014,320,1506,8.05,9.43,0,0,.15,12.31
105,2014,320,1512,8.13,9.41,0,0,.15,12.31
105,2014,320,1518,8.21,9.33,0,0,.149,12.31
105,2014,320,1524,8.29,9.48,0,0,.149,12.31
105,2014,320,1530,8.36,9.39,0,0,.149,12.31
105,2014,320,1536,8.43,9.21,0,0,.149,12.31
105,2014,320,1542,8.49,9.54,0,0,.149,12.31
105,2014,320,1548,8.55,9.27,0,0,.149,12.31
105,2014,320,1554,8.61,9.31,0,0,.149,12.31
105,2014,320,1600,8.66,9.25,0,0,.149,12.31
105,2014,320,1606,8.71,9.21,0,0,.149,12.31
105,2014,320,1612,8.75,9.3,0,0,.149,12.31
105,2014,320,1618,8.79,9.34,0,0,.149,12.31
105,2014,320,1624,8.82,9.37,0,0,.149,12.31
105,2014,320,1630,8.85,8.95,0,0,.149,12.31
105,2014,320,1636,8.87,9.03,0,0,.149,12.31
105,2014,320,1642,8.9,8.88,0,0,.149,12.31
105,2014,320,1648,8.91,8.71,0,0,.149,12.31
105,2014,320,1654,8.91,8.67,0,0,.149,12.31
105,2014,320,1700,8.91,8.43,0,0,.149,12.31
105,2014,320,1706,8.91,8.53,0,0,.149,12.31
105,2014,320,1712,8.9,8.32,0,0,.149,12.31
105,2014,320,1718,8.88,8.21,0,0,.149,12.31
105,2014,320,1724,8.86,8.33,0,0,.149,12.31
105,2014,320,1730,8.84,8.09,0,0,.149,12.31
105,2014,320,1736,8.81,7.94,0,0,.149,12.31
105,2014,320,1742,8.78,7.91,0,0,.149,12.31
105,2014,320,1748,8.75,7.78,0,0,.149,12.31
105,2014,320,1754,8.71,7.61,0,0,.149,12.31
105,2014,320,1800,8.66,7.37,0,0,.149,12.31
105,2014,320,1806,8.61,7.33,0,0,.149,12.31
105,2014,320,1812,8.55,7.17,0,0,.149,12.31
105,2014,320,1818,8.49,7.07,0,0,.149,12.31
105,2014,320,1824,8.42,6.789,0,0,.149,12.31
105,2014,320,1830,8.35,6.678,0,0,.149,12.31
105,2014,320,1836,8.27,6.77,0,0,.149,12.31
105,2014,320,1842,8.2,6.661,0,0,.149,12.31
105,2014,320,1848,8.12,6.26,0,0,.149,12.31
105,2014,320,1854,8.04,6.079,0,0,.149,12.31
105,2014,320,1900,7.96,5.878,0,0,.149,12.31
105,2014,320,1906,7.88,5.785,0,0,.149,12.31
105,2014,320,1912,7.8,5.598,0,0,.149,12.31
105,2014,320,1918,7.71,5.651,0,0,.149,12.31
105,2014,320,1924,7.63,5.754,0,0,.149,12.31
105,2014,320,1930,7.54,5.774,0,0,.149,12.31
105,2014,320,1936,7.46,5.751,0,0,.149,12.31
105,2014,320,1942,7.37,5.491,0,0,.149,12.31
105,2014,320,1948,7.3,5.461,0,0,.149,12.31
105,2014,320,1954,7.22,5.49,0,0,.149,12.31
105,2014,320,2000,7.15,5.677,0,0,.149,12.31
105,2014,320,2006,7.07,5.598,0,0,.149,12.31
105,2014,320,2012,7,5.89,0,0,.149,12.31
105,2014,320,2018,6.93,5.673,0,0,.149,12.31
105,2014,320,2024,6.862,5.494,0,0,.149,12.31
105,2014,320,2030,6.795,5.296,0,0,.149,12.31
105,2014,320,2036,6.731,5.646,0,0,.149,12.31
105,2014,320,2042,6.668,5.476,0,0,.149,12.31
105,2014,320,2048,6.608,5.409,0,0,.149,12.31
105,2014,320,2054,6.551,5.495,0,0,.149,12.31
105,2014,320,2100,6.497,5.489,0,0,.149,12.31
105,2014,320,2106,6.446,5.596,0,0,.149,12.31
105,2014,320,2112,6.396,5.731,0,0,.149,12.31
105,2014,320,2118,6.348,5.45,0,0,.149,12.31
105,2014,320,2124,6.304,5.514,0,0,.149,12.31
105,2014,320,2130,6.264,5.678,0,0,.149,12.31
105,2014,320,2136,6.226,5.693,0,0,.149,12.31
105,2014,320,2142,6.193,5.776,0,0,.149,12.31
105,2014,320,2148,6.162,5.807,0,0,.149,12.31
105,2014,320,2154,6.135,5.73,0,0,.149,12.31
105,2014,320,2200,6.112,5.812,0,0,.149,12.31
105,2014,320,2206,6.091,5.938,0,0,.149,12.31
105,2014,320,2212,6.072,5.942,0,0,.149,12.31
105,2014,320,2218,6.058,5.883,0,0,.149,12.31
105,2014,320,2224,6.043,5.95,0,0,.149,12.31
105,2014,320,2230,6.032,5.948,0,0,.149,12.31
105,2014,320,2236,6.022,5.806,0,0,.149,12.31
105,2014,320,2242,6.012,5.904,0,0,.149,12.31
105,2014,320,2248,6.007,5.9,0,0,.149,12.31
105,2014,320,2254,6.001,5.889,0,0,.149,12.31
105,2014,320,2300,6.001,5.876,0,0,.149,12.31
105,2014,320,2306,6,6.033,0,0,.149,12.31
105,2014,320,2312,5.997,6.049,0,0,.149,12.31
105,2014,320,2318,5.994,6.107,0,0,.149,12.31
105,2014,320,2324,5.993,6.311,0,0,.149,12.31
105,2014,320,2330,5.995,6.194,0,0,.149,12.31
105,2014,320,2336,6,6.077,0,0,.149,12.31
105,2014,320,2342,6.001,6.095,0,0,.149,12.31
105,2014,320,2348,6.003,6.333,0,0,.149,12.31
105,2014,320,2354,6.011,6.339,0,0,.149,12.31
105,2014,321,0,6.012,6.151,0,0,.149,12.31
105,2014,321,6,6.021,6.348,0,0,.149,12.31
105,2014,321,12,6.024,6.278,0,0,.149,12.31
105,2014,321,18,6.033,6.328,0,0,.149,12.31
105,2014,321,24,6.041,6.3,0,0,.149,12.31
105,2014,321,30,6.053,6.494,0,0,.149,12.31
105,2014,321,36,6.066,6.566,0,0,.149,12.31
105,2014,321,42,6.08,6.589,0,0,.149,12.31
105,2014,321,48,6.094,6.598,0,0,.149,12.31
105,2014,321,54,6.113,6.601,0,0,.149,12.31
105,2014,321,100,6.131,6.768,0,0,.149,12.31
105,2014,321,106,6.151,6.706,0,0,.149,12.31
105,2014,321,112,6.173,6.763,0,0,.149,12.31
105,2014,321,118,6.196,6.805,0,0,.149,12.31
105,2014,321,124,6.219,6.99,0,0,.149,12.31
105,2014,321,130,6.246,7.36,0,0,.149,12.31
105,2014,321,136,6.276,7.29,0,0,.149,12.31
105,2014,321,142,6.313,7.54,0,0,.149,12.31
105,2014,321,148,6.357,7.64,0,0,.149,12.31
105,2014,321,154,6.41,7.73,0,0,.149,12.31
105,2014,321,200,6.472,7.7,0,0,.149,12.31
105,2014,321,206,6.542,7.47,0,0,.149,12.31
105,2014,321,212,6.614,7.58,0,0,.149,12.31
105,2014,321,218,6.685,7.63,0,0,.15,12.31
105,2014,321,224,6.753,7.51,0,0,.15,12.31
105,2014,321,230,6.82,7.44,0,0,.153,12.31
105,2014,321,236,6.885,7.38,0,0,.155,12.31
105,2014,321,242,6.947,7.42,0,0,.156,12.31
105,2014,321,248,7,7.39,0,0,.159,12.31
105,2014,321,254,7.06,7.37,0,0,.164,12.31
105,2014,321,300,7.11,6.937,0,0,.173,12.31
105,2014,321,306,7.15,6.856,0,0,.181,12.31
105,2014,321,312,7.19,6.71,0,0,.185,12.31
105,2014,321,318,7.22,6.532,0,0,.189,12.31
105,2014,321,324,7.24,6.498,0,0,.193,12.31
105,2014,321,330,7.25,6.554,0,0,.197,12.31
105,2014,321,336,7.26,6.596,0,0,.199,12.31
105,2014,321,342,7.27,6.574,0,0,.201,12.31
105,2014,321,348,7.26,6.438,0,0,.203,12.31
105,2014,321,354,7.25,6.424,0,0,.205,12.31
105,2014,321,400,7.24,6.586,0,0,.205,12.31
105,2014,321,406,7.23,6.433,0,0,.207,12.31
105,2014,321,412,7.21,6.467,0,0,.208,12.31
105,2014,321,418,7.2,6.348,0,0,.208,12.31
105,2014,321,424,7.18,6.356,0,0,.208,12.31
105,2014,321,430,7.16,6.542,0,0,.209,12.31
105,2014,321,436,7.14,6.42,0,0,.209,12.31
105,2014,321,442,7.12,6.348,0,0,.209,12.31
105,2014,321,448,7.1,6.383,0,0,.209,12.31
105,2014,321,454,7.08,6.273,0,0,.21,12.31
105,2014,321,500,7.05,6.128,0,0,.21,12.31
105,2014,321,506,7.03,6.132,0,0,.211,12.31
105,2014,321,512,7.01,6.176,0,0,.21,12.31
105,2014,321,518,6.989,6.26,0,0,.211,12.31
105,2014,321,524,6.968,6.276,0,0,.211,12.31
105,2014,321,530,6.946,6.106,0,0,.211,12.31
105,2014,321,536,6.924,5.98,0,0,.212,12.31
105,2014,321,542,6.901,6.012,0,0,.212,12.31
105,2014,321,548,6.878,6.085,0,0,.213,12.31
105,2014,321,554,6.855,6.098,0,0,.213,12.31
105,2014,321,600,6.831,6.116,0,0,.212,12.31
105,2014,321,606,6.807,6.081,0,0,.212,12.31
105,2014,321,612,6.784,6.098,0,0,.213,12.31
105,2014,321,618,6.763,6.079,0,0,.213,12.31
105,2014,321,624,6.74,5.951,0,0,.212,12.31
105,2014,321,630,6.718,5.969,0,0,.213,12.31
105,2014,321,636,6.697,6.033,0,0,.213,12.31
105,2014,321,642,6.677,5.987,0,0,.213,12.31
105,2014,321,648,6.657,5.988,0,0,.214,12.31
105,2014,321,654,6.637,6.009,0,0,.214,12.31
105,2014,321,700,6.617,6.067,0,0,.214,12.31
105,2014,321,706,6.599,6.086,0,0,.216,12.31
105,2014,321,712,6.582,6.309,0,0,.216,12.31
105,2014,321,718,6.563,6.249,0,0,.215,12.31
105,2014,321,724,6.545,6.158,0,0,.216,12.31
105,2014,321,730,6.528,6.168,0,0,.215,12.31
105,2014,321,736,6.511,6.223,0,0,.215,12.31
105,2014,321,742,6.495,6.071,0,0,.215,12.31
105,2014,321,748,6.48,6.163,0,0,.215,12.31
105,2014,321,754,6.466,6.044,0,0,.215,12.31
105,2014,321,800,6.451,6.232,0,0,.215,12.31
105,2014,321,806,6.438,6.248,0,0,.216,12.31
105,2014,321,812,6.426,6.147,0,0,.215,12.31
105,2014,321,818,6.416,6.256,0,0,.215,12.31
105,2014,321,824,6.404,6.255,0,0,.216,12.31
105,2014,321,830,6.396,6.352,0,0,.216,12.31
105,2014,321,836,6.388,6.335,0,0,.216,12.31
105,2014,321,842,6.38,6.182,0,0,.216,12.31
105,2014,321,848,6.377,6.199,0,0,.216,12.31
105,2014,321,854,6.377,6.256,0,0,.216,12.31
105,2014,321,900,6.377,6.317,0,0,.215,12.31
105,2014,321,906,6.377,6.364,0,0,.215,12.31
105,2014,321,912,6.378,6.453,0,0,.215,12.31
105,2014,321,918,6.388,6.558,0,0,.215,12.31
105,2014,321,924,6.391,6.515,0,0,.216,12.31
105,2014,321,930,6.4,6.548,0,0,.215,12.31
105,2014,321,936,6.413,6.694,0,0,.215,12.31
105,2014,321,942,6.425,6.7,0,0,.216,12.31
105,2014,321,948,6.439,6.759,0,0,.216,12.31
105,2014,321,954,6.456,6.696,0,0,.216,12.31
105,2014,321,1000,6.472,6.605,0,0,.215,12.31
105,2014,321,1006,6.491,6.613,0,0,.215,12.31
105,2014,321,1012,6.51,6.715,0,0,.216,12.31
105,2014,321,1018,6.53,6.938,0,0,.216,12.31
105,2014,321,1024,6.548,6.846,0,0,.216,12.31
105,2014,321,1030,6.568,6.893,0,0,.216,12.31
105,2014,321,1036,6.589,6.968,0,0,.219,12.31
105,2014,321,1042,6.612,7.07,0,0,.22,12.31
105,2014,321,1048,6.635,6.968,0,0,.223,12.31
105,2014,321,1054,6.663,7.01,0,0,.224,12.31
105,2014,321,1100,6.692,7.05,0,0,.224,12.31
105,2014,321,1106,6.724,7.04,0,0,.224,12.31
105,2014,321,1112,6.759,7.14,0,0,.225,12.31
105,2014,321,1118,6.795,7.26,0,0,.225,12.31
105,2014,321,1124,6.834,7.31,0,0,.226,12.31
105,2014,321,1130,6.874,7.31,0,0,.226,12.31
105,2014,321,1136,6.915,7.38,0,0,.226,12.31
105,2014,321,1142,6.957,7.58,0,0,.228,12.31
105,2014,321,1148,7,7.71,0,0,.227,12.31
105,2014,321,1154,7.05,7.8,0,0,.228,12.31
105,2014,321,1200,7.1,7.99,0,0,.23,12.31
105,2014,321,1206,7.15,8.01,0,0,.23,12.31
105,2014,321,1212,7.2,8.02,0,0,.23,12.31
105,2014,321,1218,7.26,8.22,0,0,.231,12.31
105,2014,321,1224,7.32,8.39,0,0,.231,12.31
105,2014,321,1230,7.38,8.36,0,0,.232,12.31
105,2014,321,1236,7.45,8.66,0,0,.233,12.31
105,2014,321,1242,7.51,8.78,0,0,.233,12.31
105,2014,321,1248,7.58,8.57,0,0,.234,12.31
105,2014,321,1254,7.66,8.58,0,0,.236,12.31
105,2014,321,1300,7.73,8.69,0,0,.238,12.31
105,2014,321,1306,7.8,8.99,0,0,.241,12.31
105,2014,321,1312,7.87,9.07,0,0,.245,12.31
105,2014,321,1318,7.95,9.13,0,0,.248,12.31
105,2014,321,1324,8.03,9.14,0,0,.252,12.31
105,2014,321,1330,8.11,9.25,0,0,.255,12.31
105,2014,321,1336,8.19,9.35,0,0,.257,12.31
105,2014,321,1342,8.27,9.24,0,0,.258,12.31
105,2014,321,1348,8.35,9.09,0,0,.261,12.31
105,2014,321,1354,8.44,8.94,0,0,.266,12.31
105,2014,321,1400,8.52,9.02,0,0,.27,12.31
105,2014,321,1406,8.59,9.11,0,0,.273,12.31
105,2014,321,1412,8.66,9.21,0,0,.274,12.31
105,2014,321,1418,8.72,9.52,0,0,.275,12.31
105,2014,321,1424,8.77,9.5,0,0,.275,12.31
105,2014,321,1430,8.84,9.71,0,0,.275,12.31
105,2014,321,1436,8.9,9.82,0,0,.275,12.31
105,2014,321,1442,8.97,9.75,0,0,.275,12.31
105,2014,321,1448,9.04,9.78,0,0,.275,12.31
105,2014,321,1454,9.11,9.97,0,0,.275,12.31
105,2014,321,1500,9.18,9.89,0,0,.274,12.31
105,2014,321,1506,9.25,9.95,0,0,.276,12.31
105,2014,321,1512,9.31,9.93,0,0,.275,12.31
105,2014,321,1518,9.37,9.97,0,0,.275,12.31
105,2014,321,1524,9.43,9.79,0,0,.275,12.31
105,2014,321,1530,9.48,9.82,0,0,.276,12.31
105,2014,321,1536,9.54,9.88,0,0,.274,12.31
105,2014,321,1542,9.58,9.98,0,0,.275,12.31
105,2014,321,1548,9.63,10.06,0,0,.275,12.31
105,2014,321,1554,9.67,10,0,0,.275,12.31
105,2014,321,1600,9.71,10.08,0,0,.276,12.31
105,2014,321,1606,9.75,10.07,0,0,.275,12.31
105,2014,321,1612,9.78,10.01,0,0,.276,12.31
105,2014,321,1618,9.82,9.97,0,0,.276,12.31
105,2014,321,1624,9.85,9.96,0,0,.275,12.31
105,2014,321,1630,9.88,9.97,0,0,.276,12.31
105,2014,321,1636,9.91,9.98,0,0,.276,12.31
105,2014,321,1642,9.94,9.95,0,0,.276,12.31
105,2014,321,1648,9.97,9.99,0,0,.276,12.31
105,2014,321,1654,9.99,10.01,0,0,.276,12.31
105,2014,321,1700,10.01,9.99,0,0,.275,12.31
105,2014,321,1706,10.03,10,0,0,.275,12.31
105,2014,321,1712,10.05,10.05,0,0,.276,12.31
105,2014,321,1718,10.07,10.03,0,0,.275,12.31
105,2014,321,1724,10.09,10.03,0,0,.276,12.31
105,2014,321,1730,10.11,10.03,0,0,.276,12.31
105,2014,321,1736,10.13,10.06,0,0,.276,12.31
105,2014,321,1742,10.15,10.14,0,0,.275,12.31
105,2014,321,1748,10.17,10.19,0,0,.276,12.31
105,2014,321,1754,10.19,10.08,0,0,.276,12.31
105,2014,321,1800,10.2,9.95,0,0,.276,12.31
105,2014,321,1806,10.22,9.84,0,0,.276,12.31
105,2014,321,1812,10.24,9.72,0,0,.276,12.31
105,2014,321,1818,10.25,9.66,0,0,.276,12.31
105,2014,321,1824,10.26,9.57,0,0,.275,12.31
105,2014,321,1830,10.26,9.47,0,0,.276,12.31
105,2014,321,1836,10.25,9.49,0,0,.276,12.31
105,2014,321,1842,10.24,9.4,0,0,.275,12.31
105,2014,321,1848,10.23,9.38,0,0,.276,12.31
105,2014,321,1854,10.21,9.36,0,0,.276,12.31
105,2014,321,1900,10.19,9.37,0,0,.275,12.31
105,2014,321,1906,10.17,9.31,0,0,.275,12.31
105,2014,321,1912,10.15,9.28,0,0,.276,12.31
105,2014,321,1918,10.13,9.28,0,0,.275,12.31
105,2014,321,1924,10.1,9.25,0,0,.277,12.31
105,2014,321,1930,10.07,9.23,0,0,.276,12.31
105,2014,321,1936,10.05,9.13,0,0,.277,12.31
105,2014,321,1942,10.02,9.05,0,0,.275,12.31
105,2014,321,1948,9.99,8.98,0,0,.276,12.31
105,2014,321,1954,9.96,8.97,0,0,.274,12.31
105,2014,321,2000,9.93,8.82,0,0,.276,12.31
105,2014,321,2006,9.9,8.73,0,0,.276,12.31
105,2014,321,2012,9.87,8.68,0,0,.276,12.31
105,2014,321,2018,9.83,8.63,0,0,.275,12.31
105,2014,321,2024,9.79,8.55,0,0,.276,12.31
105,2014,321,2030,9.75,8.41,0,0,.275,12.31
105,2014,321,2036,9.7,8.25,0,0,.275,12.31
105,2014,321,2042,9.66,8.17,0,0,.276,12.31
105,2014,321,2048,9.6,8.1,0,0,.275,12.31
105,2014,321,2054,9.55,8.01,0,0,.275,12.31
105,2014,321,2100,9.49,7.96,0,0,.276,12.31
105,2014,321,2106,9.42,7.95,0,0,.275,12.31
105,2014,321,2112,9.35,7.86,0,0,.275,12.31
105,2014,321,2118,9.28,7.77,0,0,.275,12.31
105,2014,321,2124,9.21,7.7,0,0,.275,12.31
105,2014,321,2130,9.13,7.68,0,0,.276,12.31
105,2014,321,2136,9.06,7.66,0,0,.275,12.31
105,2014,321,2142,8.98,7.61,0,0,.275,12.31
105,2014,321,2148,8.9,7.5,0,0,.275,12.31
105,2014,321,2154,8.82,7.41,0,0,.275,12.31
105,2014,321,2200,8.74,7.41,0,0,.275,12.31
105,2014,321,2206,8.67,7.37,0,0,.274,12.31
105,2014,321,2212,8.58,7.32,0,0,.274,12.31
105,2014,321,2218,8.51,7.27,0,0,.275,12.31
105,2014,321,2224,8.43,7.15,0,0,.275,12.31
105,2014,321,2230,8.35,7.15,0,0,.274,12.31
105,2014,321,2236,8.27,6.859,0,0,.275,12.31
105,2014,321,2242,8.2,6.734,0,0,.274,12.31
105,2014,321,2248,8.12,6.387,0,0,.275,12.31
105,2014,321,2254,8.03,6.258,0,0,.274,12.31
105,2014,321,2300,7.94,6.322,0,0,.275,12.31
105,2014,321,2306,7.84,6.156,0,0,.275,12.31
105,2014,321,2312,7.74,5.974,0,0,.275,12.31
105,2014,321,2318,7.63,5.905,0,0,.275,12.31
105,2014,321,2324,7.53,5.746,0,0,.275,12.31
105,2014,321,2330,7.42,5.724,0,0,.274,12.31
105,2014,321,2336,7.32,5.863,0,0,.275,12.31
105,2014,321,2342,7.22,5.874,0,0,.274,12.31
105,2014,321,2348,7.13,5.772,0,0,.275,12.31
105,2014,321,2354,7.04,5.769,0,0,.275,12.31
105,2014,322,0,6.949,5.724,0,0,.275,12.31
105,2014,322,6,6.866,5.662,0,0,.274,12.31
105,2014,322,12,6.789,5.531,0,0,.275,12.31
105,2014,322,18,6.713,5.474,0,0,.274,12.31
105,2014,322,24,6.638,5.426,0,0,.274,12.31
105,2014,322,30,6.56,5.269,0,0,.274,12.31
105,2014,322,36,6.48,5.146,0,0,.274,12.31
105,2014,322,42,6.4,5.119,0,0,.274,12.31
105,2014,322,48,6.316,4.993,0,0,.273,12.31
105,2014,322,54,6.23,4.756,0,0,.273,12.31
105,2014,322,100,6.14,4.548,0,0,.273,12.31
105,2014,322,106,6.046,4.301,0,0,.274,12.31
105,2014,322,112,5.947,4.064,0,0,.273,12.31
105,2014,322,118,5.843,4.014,0,0,.273,12.31
105,2014,322,124,5.735,3.955,0,0,.273,12.31
105,2014,322,130,5.626,3.875,0,0,.273,12.31
105,2014,322,136,5.516,3.793,0,0,.273,12.31
105,2014,322,142,5.405,3.885,0,0,.273,12.31
105,2014,322,148,5.292,3.762,0,0,.273,12.31
105,2014,322,154,5.183,3.566,0,0,.273,12.31
105,2014,322,200,5.077,3.545,0,0,.272,12.31
105,2014,322,206,4.974,3.623,0,0,.271,12.31
105,2014,322,212,4.874,3.513,0,0,.271,12.31
105,2014,322,218,4.779,3.481,0,0,.271,12.31
105,2014,322,224,4.683,3.447,0,0,.271,12.31
105,2014,322,230,4.587,3.464,0,0,.271,12.31
105,2014,322,236,4.492,3.326,0,0,.271,12.31
105,2014,322,242,4.4,3.236,0,0,.271,12.32
105,2014,322,248,4.307,2.866,0,0,.27,12.31
105,2014,322,254,4.215,2.384,0,0,.271,12.31
105,2014,322,300,4.12,2.005,0,0,.271,12.32
105,2014,322,306,4.017,1.844,0,0,.271,12.32
105,2014,322,312,3.906,1.706,0,0,.269,12.32
105,2014,322,318,3.777,1.443,0,0,.269,12.32
105,2014,322,324,3.632,1.37,0,0,.269,12.32
105,2014,322,330,3.476,1.047,0,0,.269,12.32
105,2014,322,336,3.314,.657,0,0,.27,12.32
105,2014,322,342,3.152,.407,0,0,.269,12.32
105,2014,322,348,2.988,.525,0,0,.269,12.32
105,2014,322,354,2.813,.423,0,0,.269,12.32
105,2014,322,400,2.634,.237,0,0,.269,12.32
105,2014,322,406,2.451,-.042,0,0,.269,12.32
105,2014,322,412,2.272,-.251,0,0,.27,12.32
105,2014,322,418,2.089,-.373,0,0,.268,12.32
105,2014,322,424,1.905,-.593,0,0,.268,12.32
105,2014,322,430,1.723,-.669,0,0,.268,12.32
105,2014,322,436,1.546,-.821,0,0,.268,12.32
105,2014,322,442,1.37,-.9,0,0,.268,12.32
105,2014,322,448,1.195,-1.251,0,0,.268,12.32
105,2014,322,454,1.018,-1.362,0,0,.268,12.32
105,2014,322,500,.84,-1.696,0,0,.267,12.32
105,2014,322,506,.667,-1.947,0,0,.266,12.32
105,2014,322,512,.488,-1.847,0,0,.266,12.32
105,2014,322,518,.308,-2.091,0,0,.266,12.32
105,2014,322,524,.128,-2.063,0,0,.266,12.32
105,2014,322,530,-.049,-2.162,0,0,.265,12.32
105,2014,322,536,-.228,-2.351,0,0,.266,12.32
105,2014,322,542,-.404,-2.445,0,0,.266,12.32
105,2014,322,548,-.579,-2.477,0,0,.266,12.32
105,2014,322,554,-.746,-2.608,0,0,.266,12.32
105,2014,322,600,-.912,-2.609,0,0,.266,12.32
105,2014,322,606,-1.072,-2.808,0,0,.265,12.32
105,2014,322,612,-1.23,-2.809,0,0,.263,12.32
105,2014,322,618,-1.377,-3.072,0,0,.263,12.32
105,2014,322,624,-1.524,-3.075,0,0,.264,12.32
105,2014,322,630,-1.668,-3.275,0,0,.264,12.32
105,2014,322,636,-1.81,-3.479,0,0,.263,12.32
105,2014,322,642,-1.952,-3.402,0,0,.263,12.32
105,2014,322,648,-2.091,-3.364,0,0,.264,12.32
105,2014,322,654,-2.227,-3.369,0,0,.263,12.32
105,2014,322,700,-2.361,-3.633,0,0,.264,12.32
105,2014,322,706,-2.491,-3.685,0,0,.263,12.32
105,2014,322,712,-2.617,-3.792,0,0,.263,12.32
105,2014,322,718,-2.74,-3.759,0,0,.263,12.32
105,2014,322,724,-2.859,-3.849,0,0,.262,12.32
105,2014,322,730,-2.979,-3.896,0,0,.263,12.32
105,2014,322,736,-3.095,-3.999,0,0,.262,12.32
105,2014,322,742,-3.21,-3.936,0,0,.262,12.32
105,2014,322,748,-3.324,-4.06,0,0,.262,12.32
105,2014,322,754,-3.43,-3.958,0,0,.262,12.32
105,2014,322,800,-3.532,-3.971,0,0,.262,12.32
105,2014,322,806,-3.634,-4.026,0,0,.261,12.32
105,2014,322,812,-3.732,-4.171,0,0,.26,12.32
105,2014,322,818,-3.828,-4.255,0,0,.26,12.32
105,2014,322,824,-3.921,-4.277,0,0,.26,12.32
105,2014,322,830,-4.01,-4.352,0,0,.26,12.32
105,2014,322,836,-4.097,-4.264,0,0,.26,12.32
105,2014,322,842,-4.178,-4.097,0,0,.26,12.32
105,2014,322,848,-4.256,-3.74,0,0,.26,12.32
105,2014,322,854,-4.332,-3.706,0,0,.26,12.32
105,2014,322,900,-4.397,-2.985,0,0,.258,12.32
105,2014,322,906,-4.45,-1.696,0,0,.258,12.32
105,2014,322,912,-4.481,-.77,0,0,.258,12.32
105,2014,322,918,-4.481,-.17,0,0,.258,12.32
105,2014,322,924,-4.44,-.145,0,0,.258,12.32
105,2014,322,930,-4.355,.184,0,0,.258,12.32
105,2014,322,936,-4.227,.454,0,0,.257,12.32
105,2014,322,942,-4.061,.445,0,0,.257,12.32
105,2014,322,948,-3.864,.544,0,0,.257,12.32
105,2014,322,954,-3.644,.436,0,0,.257,12.32
105,2014,322,1000,-3.405,1.06,0,0,.257,12.32
105,2014,322,1006,-3.154,1.337,0,0,.256,12.32
105,2014,322,1012,-2.894,1.354,0,0,.256,12.32
105,2014,322,1018,-2.625,2.142,0,0,.255,12.32
105,2014,322,1024,-2.345,.743,0,0,.255,12.32
105,2014,322,1030,-2.067,1.401,0,0,.255,12.32
105,2014,322,1036,-1.793,1.348,0,0,.255,12.32
105,2014,322,1042,-1.523,1.574,0,0,.255,12.32
105,2014,322,1048,-1.261,1.687,0,0,.255,12.32
105,2014,322,1054,-1.004,2.203,0,0,.255,12.32
105,2014,322,1100,-.751,1.484,0,0,.254,12.32
105,2014,322,1106,-.507,1.643,0,0,.253,12.32
105,2014,322,1112,-.274,1.753,0,0,.253,12.32
105,2014,322,1118,-.054,2.403,0,0,.253,12.32
105,2014,322,1124,.154,2.323,0,0,.253,12.32
105,2014,322,1130,.36,1.746,0,0,.253,12.32
105,2014,322,1136,.559,2.134,0,0,.253,12.32
105,2014,322,1142,.75,1.987,0,0,.252,12.32
105,2014,322,1148,.933,2.626,0,0,.253,12.32
105,2014,322,1154,1.108,2.598,0,0,.252,12.32
105,2014,322,1200,1.286,2.256,0,0,.252,12.32
105,2014,322,1206,1.467,2.708,0,0,.253,12.32
105,2014,322,1212,1.645,2.36,0,0,.253,12.32
105,2014,322,1218,1.819,3.137,0,0,.252,12.32
105,2014,322,1224,1.992,2.688,0,0,.252,12.32
105,2014,322,1230,2.157,2.385,0,0,.252,12.32
105,2014,322,1236,2.308,2.641,0,0,.252,12.32
105,2014,322,1242,2.441,2.223,0,0,.252,12.32
105,2014,322,1248,2.562,2.816,0,0,.252,12.31
105,2014,322,1254,2.677,2.483,0,0,.252,12.31
105,2014,322,1300,2.783,2.261,0,0,.252,12.31
105,2014,322,1306,2.88,2.017,0,0,.252,12.32
105,2014,322,1312,2.964,1.346,0,0,.252,12.32
105,2014,322,1318,3.026,1.707,0,0,.252,12.32
105,2014,322,1324,3.07,2.183,0,0,.252,12.32
105,2014,322,1330,3.103,1.329,0,0,.252,12.32
105,2014,322,1336,3.124,1.723,0,0,.252,12.32
105,2014,322,1342,3.134,2.308,0,0,.252,12.32
105,2014,322,1348,3.138,2.049,0,0,.251,12.32
105,2014,322,1354,3.152,1.909,0,0,.25,12.32
105,2014,322,1400,3.174,2.476,0,0,.249,12.32
105,2014,322,1406,3.2,1.8,0,0,.249,12.32
105,2014,322,1412,3.229,1.404,0,0,.249,12.32
105,2014,322,1418,3.252,.996,0,0,.25,12.32
105,2014,322,1424,3.265,1.474,0,0,.25,12.32
105,2014,322,1430,3.263,.577,0,0,.25,12.32
105,2014,322,1436,3.243,.177,0,0,.249,12.32
105,2014,322,1442,3.2,.238,0,0,.249,12.32
105,2014,322,1448,3.134,-.019,0,0,.25,12.32
105,2014,322,1454,3.038,-.398,0,0,.25,12.32
105,2014,322,1500,2.912,-.268,0,0,.249,12.32
105,2014,322,1506,2.77,-.259,0,0,.25,12.32
105,2014,322,1512,2.621,-.33,0,0,.25,12.32
105,2014,322,1518,2.463,-.399,0,0,.25,12.32
105,2014,322,1524,2.3,-.451,0,0,.249,12.32
105,2014,322,1530,2.132,-.553,0,0,.249,12.32
105,2014,322,1536,1.969,-.567,0,0,.25,12.32
105,2014,322,1542,1.805,-.559,0,0,.249,12.32
105,2014,322,1548,1.637,-.668,0,0,.249,12.32
105,2014,322,1554,1.472,-.805,0,0,.249,12.32
105,2014,322,1600,1.309,-.877,0,0,.249,12.32
105,2014,322,1606,1.146,-.989,0,0,.249,12.32
105,2014,322,1612,.985,-1.018,0,0,.249,12.32
105,2014,322,1618,.83,-1.069,0,0,.249,12.32
105,2014,322,1624,.675,-1.179,0,0,.249,12.32
105,2014,322,1630,.531,-1.075,0,0,.249,12.32
105,2014,322,1636,.389,-1.179,0,0,.248,12.32
105,2014,322,1642,.248,-1.228,0,0,.249,12.32
105,2014,322,1648,.11,-1.278,0,0,.249,12.32
105,2014,322,1654,-.019,-1.396,0,0,.249,12.32
105,2014,322,1700,-.147,-1.396,0,0,.248,12.32
105,2014,322,1706,-.271,-1.461,0,0,.248,12.32
105,2014,322,1712,-.393,-1.509,0,0,.249,12.32
105,2014,322,1718,-.51,-1.686,0,0,.249,12.32
105,2014,322,1724,-.626,-1.813,0,0,.248,12.32
105,2014,322,1730,-.743,-1.908,0,0,.247,12.32
105,2014,322,1736,-.859,-1.984,0,0,.247,12.32
105,2014,322,1742,-.975,-2.23,0,0,.247,12.32
105,2014,322,1748,-1.09,-2.386,0,0,.247,12.32
105,2014,322,1754,-1.203,-2.353,0,0,.247,12.32
105,2014,322,1800,-1.321,-2.497,0,0,.246,12.32
105,2014,322,1806,-1.443,-2.786,0,0,.246,12.32
105,2014,322,1812,-1.567,-2.945,0,0,.246,12.32
105,2014,322,1818,-1.695,-2.813,0,0,.246,12.32
105,2014,322,1824,-1.824,-3.034,0,0,.246,12.32
105,2014,322,1830,-1.952,-2.933,0,0,.246,12.32
105,2014,322,1836,-2.077,-2.917,0,0,.246,12.32
105,2014,322,1842,-2.203,-2.899,0,0,.246,12.32
105,2014,322,1848,-2.326,-3.174,0,0,.246,12.32
105,2014,322,1854,-2.448,-3.255,0,0,.246,12.32
105,2014,322,1900,-2.567,-3.496,0,0,.246,12.32
105,2014,322,1906,-2.682,-3.428,0,0,.245,12.32
105,2014,322,1912,-2.797,-3.528,0,0,.244,12.32
105,2014,322,1918,-2.919,-3.662,0,0,.244,12.32
105,2014,322,1924,-3.037,-3.898,0,0,.244,12.32
105,2014,322,1930,-3.154,-3.604,0,0,.244,12.32
105,2014,322,1936,-3.272,-3.758,0,0,.244,12.32
105,2014,322,1942,-3.385,-3.982,0,0,.244,12.32
105,2014,322,1948,-3.495,-4.368,0,0,.244,12.32
105,2014,322,1954,-3.605,-4.338,0,0,.244,12.32
105,2014,322,2000,-3.721,-4.481,0,0,.244,12.32
105,2014,322,2006,-3.835,-4.654,0,0,.244,12.32
105,2014,322,2012,-3.952,-4.674,0,0,.244,12.32
105,2014,322,2018,-4.065,-4.696,0,0,.244,12.32
105,2014,322,2024,-4.179,-4.649,0,0,.243,12.32
105,2014,322,2030,-4.293,-4.674,0,0,.243,12.32
105,2014,322,2036,-4.407,-4.781,0,0,.243,12.32
105,2014,322,2042,-4.514,-4.836,0,0,.243,12.32
105,2014,322,2048,-4.622,-5.077,0,0,.244,12.32
105,2014,322,2054,-4.731,-5.13,0,0,.243,12.32
105,2014,322,2100,-4.837,-4.963,0,0,.243,12.32
105,2014,322,2106,-4.938,-4.983,0,0,.242,12.32
105,2014,322,2112,-5.036,-5.288,0,0,.242,12.32
105,2014,322,2118,-5.13,-5.221,0,0,.241,12.32
105,2014,322,2124,-5.226,-5.294,0,0,.241,12.32
105,2014,322,2130,-5.324,-5.446,0,0,.241,12.32
105,2014,322,2136,-5.418,-5.526,0,0,.241,12.32
105,2014,322,2142,-5.508,-5.547,0,0,.241,12.32
105,2014,322,2148,-5.597,-5.547,0,0,.241,12.32
105,2014,322,2154,-5.685,-5.354,0,0,.241,12.32
105,2014,322,2200,-5.769,-5.568,0,0,.24,12.32
105,2014,322,2206,-5.85,-5.555,0,0,.239,12.32
105,2014,322,2212,-5.927,-5.276,0,0,.239,12.32
105,2014,322,2218,-6.002,-5.114,0,0,.239,12.32
105,2014,322,2224,-6.073,-5.577,0,0,.239,12.32
105,2014,322,2230,-6.138,-5.069,0,0,.239,12.32
105,2014,322,2236,-6.199,-5.3,0,0,.239,12.32
105,2014,322,2242,-6.252,-5.174,0,0,.239,12.32
105,2014,322,2248,-6.306,-5.388,0,0,.238,12.32
105,2014,322,2254,-6.355,-5.62,0,0,.238,12.32
105,2014,322,2300,-6.4,-5.447,0,0,.238,12.32
105,2014,322,2306,-6.444,-5.529,0,0,.238,12.32
105,2014,322,2312,-6.486,-5.553,0,0,.238,12.32
105,2014,322,2318,-6.527,-5.669,0,0,.238,12.32
105,2014,322,2324,-6.569,-5.637,0,0,.238,12.32
105,2014,322,2330,-6.612,-5.83,0,0,.238,12.32
105,2014,322,2336,-6.657,-6.004,0,0,.238,12.32
105,2014,322,2342,-6.705,-6.02,0,0,.237,12.32
105,2014,322,2348,-6.756,-5.958,0,0,.237,12.32
105,2014,322,2354,-6.808,-6.206,0,0,.236,12.32
105,2014,323,0,-6.862,-6.482,0,0,.235,12.32
105,2014,323,6,-6.917,-6.368,0,0,.236,12.32
105,2014,323,12,-6.974,-6.442,0,0,.236,12.32
105,2014,323,18,-7.03,-6.415,0,0,.236,12.32
105,2014,323,24,-7.08,-6.397,0,0,.235,12.32
105,2014,323,30,-7.14,-6.208,0,0,.235,12.32
105,2014,323,36,-7.19,-6.107,0,0,.235,12.32
105,2014,323,42,-7.24,-6.321,0,0,.234,12.32
105,2014,323,48,-7.29,-6.274,0,0,.233,12.32
105,2014,323,54,-7.33,-6.232,0,0,.233,12.32
105,2014,323,100,-7.37,-6.128,0,0,.233,12.32
105,2014,323,106,-7.42,-6.073,0,0,.233,12.32
105,2014,323,112,-7.46,-6.177,0,0,.233,12.32
105,2014,323,118,-7.49,-6.017,0,0,.233,12.32
105,2014,323,124,-7.53,-5.96,0,0,.232,12.32
105,2014,323,130,-7.56,-6.19,0,0,.232,12.32
105,2014,323,136,-7.58,-6.29,0,0,.232,12.32
105,2014,323,142,-7.61,-6.035,0,0,.232,12.32
105,2014,323,148,-7.63,-6.045,0,0,.232,12.32
105,2014,323,154,-7.65,-6.04,0,0,.231,12.32
105,2014,323,200,-7.66,-6.301,0,0,.23,12.32
105,2014,323,206,-7.68,-6.112,0,0,.23,12.32
105,2014,323,212,-7.69,-6.175,0,0,.23,12.32
105,2014,323,218,-7.7,-6.377,0,0,.23,12.32
105,2014,323,224,-7.71,-6.346,0,0,.229,12.32
105,2014,323,230,-7.72,-6.347,0,0,.228,12.32
105,2014,323,236,-7.74,-6.339,0,0,.228,12.32
105,2014,323,242,-7.75,-6.449,0,0,.228,12.32
105,2014,323,248,-7.76,-6.262,0,0,.228,12.32
105,2014,323,254,-7.76,-6.283,0,0,.227,12.32
105,2014,323,300,-7.76,-6.516,0,0,.227,12.32
105,2014,323,306,-7.76,-6.227,0,0,.227,12.32
105,2014,323,312,-7.76,-6.213,0,0,.227,12.32
105,2014,323,318,-7.77,-6.267,0,0,.226,12.32
105,2014,323,324,-7.77,-6.249,0,0,.227,12.32
105,2014,323,330,-7.78,-6.466,0,0,.226,12.32
105,2014,323,336,-7.78,-6.382,0,0,.225,12.32
105,2014,323,342,-7.79,-6.445,0,0,.225,12.32
105,2014,323,348,-7.8,-6.507,0,0,.225,12.32
105,2014,323,354,-7.81,-6.567,0,0,.225,12.32
105,2014,323,400,-7.83,-6.687,0,0,.225,12.32
105,2014,323,406,-7.85,-6.842,0,0,.224,12.32
105,2014,323,412,-7.87,-6.903,0,0,.224,12.32
105,2014,323,418,-7.9,-6.958,0,0,.224,12.32
105,2014,323,424,-7.93,-6.847,0,0,.223,12.32
105,2014,323,430,-7.96,-6.934,0,0,.223,12.32
105,2014,323,436,-7.99,-7,0,0,.223,12.32
105,2014,323,442,-8.01,-6.853,0,0,.223,12.32
105,2014,323,448,-8.04,-6.637,0,0,.223,12.32
105,2014,323,454,-8.07,-6.899,0,0,.222,12.32
105,2014,323,500,-8.1,-7.2,0,0,.222,12.32
105,2014,323,506,-8.13,-7.09,0,0,.222,12.32
105,2014,323,512,-8.16,-7.26,0,0,.222,12.32
105,2014,323,518,-8.2,-6.921,0,0,.222,12.32
105,2014,323,524,-8.23,-7.14,0,0,.22,12.32
105,2014,323,530,-8.27,-7.34,0,0,.219,12.32
105,2014,323,536,-8.31,-7.44,0,0,.219,12.32
105,2014,323,542,-8.34,-7.13,0,0,.22,12.32
105,2014,323,548,-8.37,-7.05,0,0,.22,12.32
105,2014,323,554,-8.4,-7.03,0,0,.219,12.32
105,2014,323,600,-8.43,-7.63,0,0,.219,12.32
105,2014,323,606,-8.46,-7.87,0,0,.219,12.32
105,2014,323,612,-8.48,-7.61,0,0,.219,12.32
105,2014,323,618,-8.51,-7.52,0,0,.219,12.32
105,2014,323,624,-8.53,-7.43,0,0,.218,12.32
105,2014,323,630,-8.55,-7.77,0,0,.218,12.32
105,2014,323,636,-8.57,-7.68,0,0,.219,12.32
105,2014,323,642,-8.6,-7.58,0,0,.218,12.32
105,2014,323,648,-8.63,-7.75,0,0,.216,12.32
105,2014,323,654,-8.66,-7.76,0,0,.216,12.32
105,2014,323,700,-8.69,-7.77,0,0,.216,12.32
105,2014,323,706,-8.72,-7.94,0,0,.216,12.32
105,2014,323,712,-8.75,-7.91,0,0,.216,12.32
105,2014,323,718,-8.78,-7.85,0,0,.216,12.32
105,2014,323,724,-8.81,-7.7,0,0,.216,12.32
105,2014,323,730,-8.84,-7.82,0,0,.216,12.32
105,2014,323,736,-8.87,-7.88,0,0,.214,12.32
105,2014,323,742,-8.9,-7.95,0,0,.214,12.32
105,2014,323,748,-8.93,-7.86,0,0,.214,12.32
105,2014,323,754,-8.95,-7.62,0,0,.214,12.32
105,2014,323,800,-8.97,-7.51,0,0,.214,12.32
105,2014,323,806,-8.99,-7.37,0,0,.214,12.32
105,2014,323,812,-9.01,-7.8,0,0,.213,12.32
105,2014,323,818,-9.03,-7.77,0,0,.213,12.32
105,2014,323,824,-9.04,-7.6,0,0,.213,12.32
105,2014,323,830,-9.06,-7.4,0,0,.213,12.32
105,2014,323,836,-9.07,-7.43,0,0,.213,12.32
105,2014,323,842,-9.09,-7.25,0,0,.213,12.32
105,2014,323,848,-9.09,-6.86,0,0,.211,12.32
105,2014,323,854,-9.09,-6.687,0,0,.211,12.32
105,2014,323,900,-9.08,-5.977,0,0,.211,12.32
105,2014,323,906,-9.06,-4.292,0,0,.211,12.32
105,2014,323,912,-9.02,-2.932,0,0,.21,12.32
105,2014,323,918,-8.94,-1.668,0,0,.209,12.32
105,2014,323,924,-8.82,-1.046,0,0,.209,12.32
105,2014,323,930,-8.64,-.171,0,0,.209,12.32
105,2014,323,936,-8.42,-.157,0,0,.208,12.32
105,2014,323,942,-8.14,.673,0,0,.208,12.32
105,2014,323,948,-7.83,1.191,0,0,.206,12.32
105,2014,323,954,-7.49,1.051,0,0,.206,12.32
105,2014,323,1000,-7.11,1.617,0,0,.206,12.32
105,2014,323,1006,-6.718,1.426,0,0,.205,12.32
105,2014,323,1012,-6.309,1.941,0,0,.205,12.32
105,2014,323,1018,-5.89,1.371,0,0,.205,12.32
105,2014,323,1024,-5.469,1.519,0,0,.204,12.32
105,2014,323,1030,-5.055,1.416,0,0,.203,12.32
105,2014,323,1036,-4.643,1.378,0,0,.203,12.32
105,2014,323,1042,-4.238,2.033,0,0,.202,12.32
105,2014,323,1048,-3.835,2.54,0,0,.202,12.32
105,2014,323,1054,-3.433,3.109,0,0,.202,12.32
105,2014,323,1100,-3.033,3.259,0,0,.201,12.32
105,2014,323,1106,-2.638,3.046,0,0,.201,12.32
105,2014,323,1112,-2.245,2.759,0,0,.201,12.31
105,2014,323,1118,-1.859,3.048,0,0,.202,12.32
105,2014,323,1124,-1.483,3.212,0,0,.2,12.32
105,2014,323,1130,-1.119,3.93,0,0,.2,12.32
105,2014,323,1136,-.77,4.249,0,0,.2,12.31
105,2014,323,1142,-.423,3.185,0,0,.199,12.31
105,2014,323,1148,-.083,3.321,0,0,.199,12.32
105,2014,323,1154,.244,3.403,0,0,.199,12.31
105,2014,323,1200,.556,4.659,0,0,.199,12.31
105,2014,323,1206,.847,4.124,0,0,.199,12.31
105,2014,323,1212,1.133,3.679,0,0,.199,12.31
105,2014,323,1218,1.41,4.18,0,0,.199,12.31
105,2014,323,1224,1.681,4.107,0,0,.199,12.31
105,2014,323,1230,1.943,4.46,0,0,.199,12.31
105,2014,323,1236,2.191,3.134,0,0,.199,12.31
105,2014,323,1242,2.436,4.797,0,0,.199,12.31
105,2014,323,1248,2.674,5.174,0,0,.199,12.31
105,2014,323,1254,2.905,4.749,0,0,.199,12.31
105,2014,323,1300,3.141,5.916,0,0,.199,12.31
105,2014,323,1306,3.377,4.897,0,0,.199,12.31
105,2014,323,1312,3.604,5.669,0,0,.199,12.31
105,2014,323,1318,3.822,4.816,0,0,.199,12.31
105,2014,323,1324,4.027,4.619,0,0,.199,12.31
105,2014,323,1330,4.21,6.099,0,0,.199,12.31
105,2014,323,1336,4.38,5.724,0,0,.199,12.31
105,2014,323,1342,4.549,5.06,0,0,.199,12.31
105,2014,323,1348,4.705,4.352,0,0,.199,12.31
105,2014,323,1354,4.848,5.683,0,0,.199,12.31
105,2014,323,1400,4.974,4.912,0,0,.199,12.31
105,2014,323,1406,5.091,4.137,0,0,.199,12.31
105,2014,323,1412,5.194,4.137,0,0,.2,12.31
105,2014,323,1418,5.284,3.848,0,0,.199,12.31
105,2014,323,1424,5.355,3.1,0,0,.2,12.31
105,2014,323,1430,5.396,2.6,0,0,.199,12.31
105,2014,323,1436,5.403,2.884,0,0,.2,12.31
105,2014,323,1442,5.384,2.776,0,0,.199,12.31
105,2014,323,1448,5.341,2.338,0,0,.2,12.31
105,2014,323,1454,5.278,2.373,0,0,.199,12.31
105,2014,323,1500,5.199,2.261,0,0,.2,12.31
105,2014,323,1506,5.101,2.158,0,0,.199,12.31
105,2014,323,1512,4.987,1.84,0,0,.2,12.31
105,2014,323,1518,4.863,1.569,0,0,.199,12.31
105,2014,323,1524,4.729,1.704,0,0,.2,12.31
105,2014,323,1530,4.589,1.762,0,0,.199,12.31
105,2014,323,1536,4.444,1.812,0,0,.2,12.31
105,2014,323,1542,4.299,2.018,0,0,.199,12.31
105,2014,323,1548,4.156,1.934,0,0,.199,12.32
105,2014,323,1554,4.018,1.727,0,0,.199,12.32
105,2014,323,1600,3.884,1.521,0,0,.2,12.31
105,2014,323,1606,3.753,1.555,0,0,.199,12.32
105,2014,323,1612,3.626,1.799,0,0,.199,12.32
105,2014,323,1618,3.505,1.602,0,0,.199,12.32
105,2014,323,1624,3.387,1.546,0,0,.199,12.32
105,2014,323,1630,3.271,1.506,0,0,.199,12.31
105,2014,323,1636,3.157,1.181,0,0,.199,12.31
105,2014,323,1642,3.043,1.153,0,0,.199,12.31
105,2014,323,1648,2.927,.926,0,0,.199,12.31
105,2014,323,1654,2.805,.782,0,0,.199,12.32
105,2014,323,1700,2.685,.64,0,0,.199,12.32
105,2014,323,1706,2.562,.543,0,0,.199,12.32
105,2014,323,1712,2.434,.179,0,0,.199,12.32
105,2014,323,1718,2.303,-.038,0,0,.199,12.32
105,2014,323,1724,2.172,-.259,0,0,.199,12.32
105,2014,323,1730,2.036,-.255,0,0,.199,12.32
105,2014,323,1736,1.899,-.535,0,0,.199,12.32
105,2014,323,1742,1.756,-.859,0,0,.199,12.32
105,2014,323,1748,1.605,-1.136,0,0,.199,12.32
105,2014,323,1754,1.448,-1.384,0,0,.199,12.32
105,2014,323,1800,1.286,-1.489,0,0,.199,12.32
105,2014,323,1806,1.12,-1.831,0,0,.199,12.32
105,2014,323,1812,.951,-1.743,0,0,.199,12.32
105,2014,323,1818,.777,-1.675,0,0,.199,12.32
105,2014,323,1824,.6,-1.641,0,0,.199,12.32
105,2014,323,1830,.424,-1.425,0,0,.199,12.32
105,2014,323,1836,.256,-1.641,0,0,.199,12.32
105,2014,323,1842,.092,-1.864,0,0,.199,12.32
105,2014,323,1848,-.065,-1.877,0,0,.199,12.32
105,2014,323,1854,-.216,-1.746,0,0,.199,12.32
105,2014,323,1900,-.359,-1.44,0,0,.199,12.32
105,2014,323,1906,-.489,-1.455,0,0,.199,12.32
105,2014,323,1912,-.612,-1.447,0,0,.199,12.32
105,2014,323,1918,-.726,-1.34,0,0,.199,12.32
105,2014,323,1924,-.832,-1.296,0,0,.199,12.32
105,2014,323,1930,-.926,-1.174,0,0,.199,12.32
105,2014,323,1936,-1.007,-1.108,0,0,.199,12.32
105,2014,323,1942,-1.078,-.824,0,0,.199,12.32
105,2014,323,1948,-1.139,-.979,0,0,.199,12.32
105,2014,323,1954,-1.19,-.845,0,0,.199,12.32
105,2014,323,2000,-1.235,-.666,0,0,.199,12.32
105,2014,323,2006,-1.27,-.549,0,0,.199,12.32
105,2014,323,2012,-1.299,-.612,0,0,.199,12.32
105,2014,323,2018,-1.32,-.617,0,0,.199,12.32
105,2014,323,2024,-1.338,-.538,0,0,.199,12.32
105,2014,323,2030,-1.351,-.745,0,0,.199,12.32
105,2014,323,2036,-1.365,-.819,0,0,.199,12.32
105,2014,323,2042,-1.381,-.763,0,0,.199,12.32
105,2014,323,2048,-1.395,-.709,0,0,.199,12.32
105,2014,323,2054,-1.407,-.625,0,0,.199,12.32
105,2014,323,2100,-1.418,-.673,0,0,.199,12.32
105,2014,323,2106,-1.426,-.738,0,0,.199,12.32
105,2014,323,2112,-1.433,-.847,0,0,.199,12.32
105,2014,323,2118,-1.441,-.581,0,0,.199,12.32
105,2014,323,2124,-1.45,-.891,0,0,.199,12.32
105,2014,323,2130,-1.457,-.85,0,0,.199,12.32
105,2014,323,2136,-1.469,-.708,0,0,.199,12.32
105,2014,323,2142,-1.482,-.763,0,0,.199,12.32
105,2014,323,2148,-1.5,-.871,0,0,.199,12.32
105,2014,323,2154,-1.521,-.999,0,0,.199,12.32
105,2014,323,2200,-1.547,-1.264,0,0,.199,12.32
105,2014,323,2206,-1.576,-1.107,0,0,.199,12.32
105,2014,323,2212,-1.611,-.882,0,0,.199,12.32
105,2014,323,2218,-1.648,-.772,0,0,.199,12.32
105,2014,323,2224,-1.684,-.548,0,0,.199,12.32
105,2014,323,2230,-1.715,-.453,0,0,.199,12.32
105,2014,323,2236,-1.742,-.442,0,0,.199,12.32
105,2014,323,2242,-1.765,-.029,0,0,.199,12.32
105,2014,323,2248,-1.779,-.031,0,0,.199,12.32
105,2014,323,2254,-1.787,.303,0,0,.199,12.32
105,2014,323,2300,-1.784,.651,0,0,.199,12.32
105,2014,323,2306,-1.768,.616,0,0,.199,12.32
105,2014,323,2312,-1.742,.756,0,0,.199,12.32
105,2014,323,2318,-1.703,.548,0,0,.199,12.32
105,2014,323,2324,-1.655,.931,0,0,.199,12.32
105,2014,323,2330,-1.602,.394,0,0,.199,12.32
105,2014,323,2336,-1.549,.064,0,0,.199,12.32
105,2014,323,2342,-1.499,.507,0,0,.199,12.32
105,2014,323,2348,-1.452,.521,0,0,.199,12.32
105,2014,323,2354,-1.408,.562,0,0,.199,12.32
105,2014,324,0,-1.361,.748,0,0,.199,12.32
105,2014,324,6,-1.313,.557,0,0,.199,12.32
105,2014,324,12,-1.265,.658,0,0,.199,12.32
105,2014,324,18,-1.219,1.016,0,0,.199,12.32
105,2014,324,24,-1.173,.447,0,0,.199,12.32
105,2014,324,30,-1.127,.851,0,0,.199,12.32
105,2014,324,36,-1.083,1.105,0,0,.199,12.32
105,2014,324,42,-1.037,1.263,0,0,.199,12.32
105,2014,324,48,-.99,1.243,0,0,.199,12.32
105,2014,324,54,-.94,1.277,0,0,.199,12.32
105,2014,324,100,-.884,1.259,0,0,.199,12.32
105,2014,324,106,-.824,1.287,0,0,.199,12.32
105,2014,324,112,-.763,1.531,0,0,.199,12.32
105,2014,324,118,-.699,1.599,0,0,.199,12.32
105,2014,324,124,-.632,1.269,0,0,.199,12.32
105,2014,324,130,-.565,.999,0,0,.199,12.32
105,2014,324,136,-.505,.976,0,0,.199,12.32
105,2014,324,142,-.453,.668,0,0,.199,12.32
105,2014,324,148,-.41,.633,0,0,.199,12.32
105,2014,324,154,-.376,.609,0,0,.199,12.32
105,2014,324,200,-.351,.696,0,0,.199,12.32
105,2014,324,206,-.336,.781,0,0,.199,12.32
105,2014,324,212,-.323,.447,0,0,.199,12.32
105,2014,324,218,-.321,.478,0,0,.199,12.32
105,2014,324,224,-.321,.381,0,0,.199,12.32
105,2014,324,230,-.326,.602,0,0,.199,12.32
105,2014,324,236,-.336,.755,0,0,.199,12.32
105,2014,324,242,-.347,.641,0,0,.199,12.32
105,2014,324,248,-.357,.453,0,0,.199,12.32
105,2014,324,254,-.371,.568,0,0,.199,12.32
105,2014,324,300,-.383,.653,0,0,.199,12.32
105,2014,324,306,-.393,.726,0,0,.199,12.32
105,2014,324,312,-.404,.552,0,0,.199,12.32
105,2014,324,318,-.414,.163,0,0,.199,12.32
105,2014,324,324,-.426,.233,0,0,.199,12.32
105,2014,324,330,-.442,.248,0,0,.199,12.32
105,2014,324,336,-.46,.012,0,0,.199,12.32
105,2014,324,342,-.481,.286,0,0,.199,12.32
105,2014,324,348,-.503,.303,0,0,.199,12.32
105,2014,324,354,-.525,.358,0,0,.199,12.32
105,2014,324,400,-.547,.319,0,0,.199,12.32
105,2014,324,406,-.566,-.28,0,0,.199,12.32
105,2014,324,412,-.588,-.076,0,0,.199,12.32
105,2014,324,418,-.611,-.02,0,0,.199,12.32
105,2014,324,424,-.637,.032,0,0,.199,12.32
105,2014,324,430,-.667,-.024,0,0,.199,12.32
105,2014,324,436,-.699,.132,0,0,.199,12.32
105,2014,324,442,-.736,-.37,0,0,.199,12.32
105,2014,324,448,-.773,-.768,0,0,.199,12.32
105,2014,324,454,-.815,-.695,0,0,.199,12.32
105,2014,324,500,-.861,-.843,0,0,.199,12.32
105,2014,324,506,-.917,-1.225,0,0,.199,12.32
105,2014,324,512,-.979,-1.284,0,0,.199,12.32
105,2014,324,518,-1.048,-1.196,0,0,.199,12.32
105,2014,324,524,-1.123,-1.276,0,0,.199,12.32
105,2014,324,530,-1.203,-1.237,0,0,.199,12.32
105,2014,324,536,-1.285,-1.025,0,0,.199,12.32
105,2014,324,542,-1.364,-1.337,0,0,.199,12.32
105,2014,324,548,-1.449,-1.353,0,0,.199,12.32
105,2014,324,554,-1.533,-1.647,0,0,.199,12.32
105,2014,324,600,-1.615,-1.97,0,0,.199,12.32
105,2014,324,606,-1.699,-2.139,0,0,.199,12.32
105,2014,324,612,-1.78,-1.777,0,0,.199,12.32
105,2014,324,618,-1.862,-2.177,0,0,.199,12.32
105,2014,324,624,-1.946,-2.378,0,0,.199,12.32
105,2014,324,630,-2.031,-2.564,0,0,.199,12.32
105,2014,324,636,-2.118,-2.436,0,0,.199,12.32
105,2014,324,642,-2.206,-2.266,0,0,.199,12.32
105,2014,324,648,-2.292,-2.757,0,0,.199,12.32
105,2014,324,654,-2.379,-2.707,0,0,.199,12.32
105,2014,324,700,-2.465,-2.78,0,0,.199,12.32
105,2014,324,706,-2.549,-3.138,0,0,.199,12.32
105,2014,324,712,-2.638,-3.345,0,0,.199,12.32
105,2014,324,718,-2.726,-3.053,0,0,.199,12.32
105,2014,324,724,-2.817,-2.743,0,0,.199,12.32
105,2014,324,730,-2.904,-2.692,0,0,.199,12.32
105,2014,324,736,-2.983,-2.758,0,0,.199,12.32
105,2014,324,742,-3.054,-2.805,0,0,.199,12.32
105,2014,324,748,-3.122,-2.683,0,0,.199,12.32
105,2014,324,754,-3.182,-2.388,0,0,.199,12.32
105,2014,324,800,-3.235,-2.261,0,0,.199,12.32
105,2014,324,806,-3.282,-2.115,0,0,.199,12.32
105,2014,324,812,-3.325,-1.89,0,0,.199,12.32
105,2014,324,818,-3.361,-1.709,0,0,.199,12.32
105,2014,324,824,-3.39,-1.89,0,0,.199,12.32
105,2014,324,830,-3.41,-1.205,0,0,.199,12.32
105,2014,324,836,-3.422,-1.306,0,0,.199,12.32
105,2014,324,842,-3.428,-.651,0,0,.199,12.32
105,2014,324,848,-3.414,-.459,0,0,.199,12.32
105,2014,324,854,-3.393,-.261,0,0,.199,12.32
105,2014,324,900,-3.359,-.025,0,0,.199,12.32
105,2014,324,906,-3.314,.382,0,0,.198,12.32
105,2014,324,912,-3.256,.502,0,0,.197,12.32
105,2014,324,918,-3.185,.751,0,0,.197,12.32
105,2014,324,924,-3.101,1.092,0,0,.197,12.32
105,2014,324,930,-3.006,1.414,0,0,.197,12.32
105,2014,324,936,-2.898,1.764,0,0,.197,12.32
105,2014,324,942,-2.776,1.988,0,0,.197,12.32
105,2014,324,948,-2.64,2.257,0,0,.196,12.32
105,2014,324,954,-2.491,2.477,0,0,.196,12.32
105,2014,324,1000,-2.328,2.687,0,0,.196,12.31
105,2014,324,1006,-2.153,2.903,0,0,.196,12.32
105,2014,324,1012,-1.971,3.031,0,0,.196,12.31
105,2014,324,1018,-1.779,3.141,0,0,.196,12.32
105,2014,324,1024,-1.582,3.37,0,0,.196,12.31
105,2014,324,1030,-1.381,3.631,0,0,.195,12.31
105,2014,324,1036,-1.178,3.901,0,0,.194,12.31
105,2014,324,1042,-.967,4.184,0,0,.194,12.31
105,2014,324,1048,-.753,4.585,0,0,.194,12.31
105,2014,324,1054,-.536,5.032,0,0,.194,12.31
105,2014,324,1100,-.315,5.296,0,0,.194,12.31
105,2014,324,1106,-.081,5.509,0,0,.194,12.31
105,2014,324,1112,.161,5.988,0,0,.194,12.31
105,2014,324,1118,.408,6.497,0,0,.194,12.31
105,2014,324,1124,.664,6.812,0,0,.194,12.31
105,2014,324,1130,.93,7.01,0,0,.194,12.31
105,2014,324,1136,1.2,7.92,0,0,.194,12.31
105,2014,324,1142,1.478,8.37,0,0,.194,12.31
105,2014,324,1148,1.774,8.38,0,0,.194,12.31
105,2014,324,1154,2.078,8.97,0,0,.194,12.31
105,2014,324,1200,2.399,10.66,0,0,.194,12.31
105,2014,324,1206,2.74,11.21,0,0,.194,12.31
105,2014,324,1212,3.11,10.94,0,0,.194,12.31
105,2014,324,1218,3.513,12.19,0,0,.194,12.31
105,2014,324,1224,3.939,12.21,0,0,.194,12.31
105,2014,324,1230,4.392,12.96,0,0,.194,12.31
105,2014,324,1236,4.856,13.33,0,0,.194,12.31
105,2014,324,1242,5.335,12.85,0,0,.194,12.31
105,2014,324,1248,5.817,12.9,0,0,.194,12.31
105,2014,324,1254,6.295,13.53,0,0,.194,12.31
105,2014,324,1300,6.771,13.61,0,0,.194,12.31
105,2014,324,1306,7.23,14.6,0,0,.194,12.31
105,2014,324,1312,7.68,14.38,0,0,.194,12.3
105,2014,324,1318,8.11,14.28,0,0,.194,12.3
105,2014,324,1324,8.53,15.4,0,0,.194,12.3
105,2014,324,1330,8.94,15.12,0,0,.194,12.3
105,2014,324,1336,9.34,15.11,0,0,.194,12.3
105,2014,324,1342,9.72,14.8,0,0,.195,12.3
105,2014,324,1348,10.08,15.28,0,0,.194,12.3
105,2014,324,1354,10.43,14.37,0,0,.194,12.3
105,2014,324,1400,10.75,15.66,0,0,.194,12.3
105,2014,324,1406,11.05,14.34,0,0,.194,12.3
105,2014,324,1412,11.34,13.19,0,0,.195,12.3
105,2014,324,1418,11.6,12.81,0,0,.195,12.3
105,2014,324,1424,11.82,12.52,0,0,.195,12.3
105,2014,324,1430,11.99,11.95,0,0,.195,12.3
105,2014,324,1436,12.12,11.75,0,0,.195,12.31
105,2014,324,1442,12.22,11.4,0,0,.195,12.3
105,2014,324,1448,12.28,11.27,0,0,.195,12.3
105,2014,324,1454,12.3,11.25,0,0,.195,12.31
105,2014,324,1500,12.3,11.19,0,0,.195,12.31
105,2014,324,1506,12.28,11.39,0,0,.195,12.31
105,2014,324,1512,12.24,11.05,0,0,.196,12.31
105,2014,324,1518,12.19,11.07,0,0,.197,12.31
105,2014,324,1524,12.13,11.24,0,0,.197,12.31
105,2014,324,1530,12.06,10.81,0,0,.197,12.31
105,2014,324,1536,11.99,10.58,0,0,.197,12.31
105,2014,324,1542,11.91,10.63,0,0,.197,12.31
105,2014,324,1548,11.82,10.66,0,0,.198,12.31
105,2014,324,1554,11.74,10.35,0,0,.198,12.3
105,2014,324,1600,11.65,10.75,0,0,.198,12.31
105,2014,324,1606,11.55,10.53,0,0,.198,12.31
105,2014,324,1612,11.46,10.01,0,0,.198,12.31
105,2014,324,1618,11.36,9.95,0,0,.199,12.31
105,2014,324,1624,11.26,9.8,0,0,.199,12.31
105,2014,324,1630,11.16,9.99,0,0,.2,12.31
105,2014,324,1636,11.05,9.49,0,0,.201,12.31
105,2014,324,1642,10.93,9.65,0,0,.199,12.31
105,2014,324,1648,10.82,9.08,0,0,.201,12.31
105,2014,324,1654,10.71,9.06,0,0,.201,12.31
105,2014,324,1700,10.59,9,0,0,.201,12.31
105,2014,324,1706,10.47,8.84,0,0,.201,12.31
105,2014,324,1712,10.36,8.41,0,0,.202,12.31
105,2014,324,1718,10.24,8.44,0,0,.202,12.31
105,2014,324,1724,10.11,8.29,0,0,.202,12.31
105,2014,324,1730,9.97,7.97,0,0,.202,12.31
105,2014,324,1736,9.83,7.92,0,0,.202,12.31
105,2014,324,1742,9.68,7.55,0,0,.202,12.31
105,2014,324,1748,9.54,7.34,0,0,.202,12.31
105,2014,324,1754,9.38,6.958,0,0,.202,12.31
105,2014,324,1800,9.21,6.401,0,0,.202,12.31
105,2014,324,1806,9.03,5.916,0,0,.202,12.31
105,2014,324,1812,8.84,5.471,0,0,.203,12.31
105,2014,324,1818,8.65,4.889,0,0,.203,12.31
105,2014,324,1824,8.44,3.919,0,0,.203,12.31
105,2014,324,1830,8.21,3.336,0,0,.203,12.31
105,2014,324,1836,7.98,3.043,0,0,.203,12.31
105,2014,324,1842,7.74,2.327,0,0,.203,12.31
105,2014,324,1848,7.47,3.371,0,0,.204,12.31
105,2014,324,1854,7.2,4.564,0,0,.203,12.31
105,2014,324,1900,6.94,5.42,0,0,.203,12.31
105,2014,324,1906,6.69,5.961,0,0,.203,12.31
105,2014,324,1912,6.461,5.26,0,0,.203,12.31
105,2014,324,1918,6.259,5.399,0,0,.202,12.31
105,2014,324,1924,6.075,4.928,0,0,.203,12.31
105,2014,324,1930,5.9,5.158,0,0,.202,12.31
105,2014,324,1936,5.736,4.931,0,0,.202,12.31
105,2014,324,1942,5.58,4.923,0,0,.202,12.31
105,2014,324,1948,5.44,4.922,0,0,.202,12.31
105,2014,324,1954,5.302,4.717,0,0,.202,12.31
105,2014,324,2000,5.171,4.585,0,0,.202,12.31
105,2014,324,2006,5.041,4.659,0,0,.202,12.31
105,2014,324,2012,4.915,4.958,0,0,.202,12.31
105,2014,324,2018,4.801,4.681,0,0,.202,12.31
105,2014,324,2024,4.695,4.735,0,0,.202,12.31
105,2014,324,2030,4.592,4.548,0,0,.202,12.31
105,2014,324,2036,4.492,4.644,0,0,.202,12.31
105,2014,324,2042,4.396,4.289,0,0,.202,12.31
105,2014,324,2048,4.302,4.521,0,0,.202,12.31
105,2014,324,2054,4.213,4.427,0,0,.202,12.31
105,2014,324,2100,4.127,4.146,0,0,.202,12.31
105,2014,324,2106,4.049,4.286,0,0,.202,12.31
105,2014,324,2112,3.97,3.429,0,0,.202,12.32
105,2014,324,2118,3.89,3.028,0,0,.202,12.31
105,2014,324,2124,3.803,2.923,0,0,.203,12.31
105,2014,324,2130,3.704,2.337,0,0,.202,12.31
105,2014,324,2136,3.595,2.162,0,0,.202,12.31
105,2014,324,2142,3.478,2.039,0,0,.202,12.31
105,2014,324,2148,3.352,1.75,0,0,.203,12.31
105,2014,324,2154,3.217,1.606,0,0,.202,12.31
105,2014,324,2200,3.072,1.335,0,0,.202,12.31
105,2014,324,2206,2.921,1.238,0,0,.202,12.31
105,2014,324,2212,2.76,1.145,0,0,.202,12.31
105,2014,324,2218,2.596,1.098,0,0,.202,12.31
105,2014,324,2224,2.435,.983,0,0,.202,12.31
105,2014,324,2230,2.273,.81,0,0,.202,12.31
105,2014,324,2236,2.104,.732,0,0,.202,12.31
105,2014,324,2242,1.938,.814,0,0,.202,12.31
105,2014,324,2248,1.774,.745,0,0,.202,12.32
105,2014,324,2254,1.616,.452,0,0,.202,12.32
105,2014,324,2300,1.46,.628,0,0,.202,12.32
105,2014,324,2306,1.307,.711,0,0,.202,12.32
105,2014,324,2312,1.157,.492,0,0,.202,12.32
105,2014,324,2318,1.014,.961,0,0,.202,12.31
105,2014,324,2324,.88,.724,0,0,.202,12.32
105,2014,324,2330,.752,.88,0,0,.202,12.32
105,2014,324,2336,.63,1.136,0,0,.202,12.32
105,2014,324,2342,.516,1.172,0,0,.202,12.32
105,2014,324,2348,.414,1.106,0,0,.202,12.32
105,2014,324,2354,.321,.994,0,0,.202,12.32
105,2014,325,0,.237,.853,0,0,.202,12.32
105,2014,325,6,.159,.97,0,0,.202,12.32
105,2014,325,12,.087,1.057,0,0,.202,12.32
105,2014,325,18,.023,1.071,0,0,.202,12.32
105,2014,325,24,-.031,.874,0,0,.202,12.32
105,2014,325,30,-.081,.982,0,0,.202,12.32
105,2014,325,36,-.126,.698,0,0,.202,12.32
105,2014,325,42,-.167,.941,0,0,.202,12.32
105,2014,325,48,-.207,.918,0,0,.202,12.32
105,2014,325,54,-.243,.885,0,0,.202,12.32
105,2014,325,100,-.275,1.054,0,0,.202,12.32
105,2014,325,106,-.304,.763,0,0,.202,12.32
105,2014,325,112,-.327,.825,0,0,.202,12.32
105,2014,325,118,-.345,.762,0,0,.202,12.32
105,2014,325,124,-.356,.756,0,0,.202,12.32
105,2014,325,130,-.366,.324,0,0,.202,12.32
105,2014,325,136,-.375,.502,0,0,.202,12.32
105,2014,325,142,-.385,.428,0,0,.202,12.32
105,2014,325,148,-.4,.335,0,0,.202,12.32
105,2014,325,154,-.412,.17,0,0,.202,12.32
105,2014,325,200,-.426,.268,0,0,.202,12.32
105,2014,325,206,-.442,-.006,0,0,.202,12.32
105,2014,325,212,-.461,-.246,0,0,.202,12.32
105,2014,325,218,-.486,-.327,0,0,.202,12.32
105,2014,325,224,-.515,-.078,0,0,.202,12.32
105,2014,325,230,-.547,-.343,0,0,.202,12.32
105,2014,325,236,-.581,-.404,0,0,.202,12.32
105,2014,325,242,-.617,-.27,0,0,.202,12.32
105,2014,325,248,-.655,-.537,0,0,.202,12.32
105,2014,325,254,-.696,-.716,0,0,.202,12.32
105,2014,325,300,-.74,-.719,0,0,.202,12.32
105,2014,325,306,-.789,-.602,0,0,.202,12.32
105,2014,325,312,-.84,-.735,0,0,.201,12.32
105,2014,325,318,-.894,-.6,0,0,.202,12.32
105,2014,325,324,-.948,-.79,0,0,.202,12.32
105,2014,325,330,-1,-.832,0,0,.202,12.32
105,2014,325,336,-1.054,-.808,0,0,.201,12.32
105,2014,325,342,-1.105,-.863,0,0,.2,12.32
105,2014,325,348,-1.154,-.944,0,0,.2,12.32
105,2014,325,354,-1.2,-.851,0,0,.2,12.32
105,2014,325,400,-1.246,-1.025,0,0,.199,12.32
105,2014,325,406,-1.291,-.939,0,0,.199,12.32
105,2014,325,412,-1.332,-1.076,0,0,.199,12.32
105,2014,325,418,-1.373,-1.058,0,0,.199,12.32
105,2014,325,424,-1.413,-1.044,0,0,.199,12.32
105,2014,325,430,-1.451,-1.215,0,0,.199,12.32
105,2014,325,436,-1.489,-1.111,0,0,.199,12.32
105,2014,325,442,-1.525,-1.409,0,0,.199,12.32
105,2014,325,448,-1.562,-1.449,0,0,.199,12.32
105,2014,325,454,-1.6,-1.324,0,0,.199,12.32
105,2014,325,500,-1.642,-1.591,0,0,.199,12.32
105,2014,325,506,-1.686,-1.743,0,0,.199,12.32
105,2014,325,512,-1.735,-1.451,0,0,.199,12.32
105,2014,325,518,-1.788,-1.476,0,0,.197,12.32
105,2014,325,524,-1.836,-1.409,0,0,.197,12.32
105,2014,325,530,-1.879,-1.428,0,0,.197,12.32
105,2014,325,536,-1.92,-1.583,0,0,.197,12.32
105,2014,325,542,-1.96,-1.683,0,0,.197,12.32
105,2014,325,548,-2.001,-1.921,0,0,.197,12.32
105,2014,325,554,-2.044,-2.266,0,0,.197,12.32
105,2014,325,600,-2.098,-2.321,0,0,.197,12.32
105,2014,325,606,-2.158,-2.667,0,0,.197,12.32
105,2014,325,612,-2.225,-2.933,0,0,.197,12.32
105,2014,325,618,-2.303,-3.005,0,0,.197,12.32
105,2014,325,624,-2.392,-3.107,0,0,.197,12.32
105,2014,325,630,-2.491,-3.082,0,0,.197,12.32
105,2014,325,636,-2.596,-3.016,0,0,.196,12.32
105,2014,325,642,-2.703,-3.192,0,0,.196,12.32
105,2014,325,648,-2.812,-3.491,0,0,.196,12.32
105,2014,325,654,-2.923,-3.347,0,0,.197,12.32
105,2014,325,700,-3.037,-3.562,0,0,.196,12.32
105,2014,325,706,-3.151,-3.321,0,0,.196,12.32
105,2014,325,712,-3.261,-3.53,0,0,.196,12.32
105,2014,325,718,-3.368,-3.772,0,0,.195,12.32
105,2014,325,724,-3.478,-3.752,0,0,.194,12.32
105,2014,325,730,-3.584,-3.572,0,0,.194,12.32
105,2014,325,736,-3.691,-3.676,0,0,.194,12.32
105,2014,325,742,-3.798,-3.887,0,0,.194,12.32
105,2014,325,748,-3.903,-4.364,0,0,.194,12.32
105,2014,325,754,-4.009,-4.306,0,0,.194,12.32
105,2014,325,800,-4.114,-4.328,0,0,.194,12.32
105,2014,325,806,-4.217,-3.911,0,0,.194,12.32
105,2014,325,812,-4.317,-4.064,0,0,.194,12.32
105,2014,325,818,-4.415,-4.383,0,0,.194,12.32
105,2014,325,824,-4.508,-4.296,0,0,.194,12.32
105,2014,325,830,-4.599,-4.47,0,0,.193,12.32
105,2014,325,836,-4.691,-4.88,0,0,.192,12.32
105,2014,325,842,-4.78,-4.676,0,0,.191,12.32
105,2014,325,848,-4.864,-4.728,0,0,.191,12.32
105,2014,325,854,-4.944,-4.209,0,0,.192,12.32
105,2014,325,900,-5.015,-3.651,0,0,.191,12.32
105,2014,325,906,-5.076,-2.764,0,0,.191,12.32
105,2014,325,912,-5.12,-1,0,0,.191,12.32
105,2014,325,918,-5.139,.728,0,0,.191,12.32
105,2014,325,924,-5.123,1.748,0,0,.19,12.32
105,2014,325,930,-5.063,2.063,0,0,.189,12.32
105,2014,325,936,-4.951,1.796,0,0,.188,12.32
105,2014,325,942,-4.786,2.293,0,0,.188,12.32
105,2014,325,948,-4.576,2.224,0,0,.188,12.32
105,2014,325,954,-4.325,2.677,0,0,.187,12.32
105,2014,325,1000,-4.035,2.846,0,0,.186,12.32
105,2014,325,1006,-3.711,2.137,0,0,.186,12.32
105,2014,325,1012,-3.364,2.132,0,0,.186,12.32
105,2014,325,1018,-3.003,2.609,0,0,.186,12.32
105,2014,325,1024,-2.638,2.75,0,0,.186,12.32
105,2014,325,1030,-2.27,2.058,0,0,.186,12.32
105,2014,325,1036,-1.9,2.344,0,0,.186,12.32
105,2014,325,1042,-1.549,2.668,0,0,.186,12.32
105,2014,325,1048,-1.209,2.404,0,0,.185,12.32
105,2014,325,1054,-.883,2.398,0,0,.185,12.32
105,2014,325,1100,-.569,2.696,0,0,.186,12.32
105,2014,325,1106,-.273,2.925,0,0,.185,12.32
105,2014,325,1112,.005,2.087,0,0,.183,12.32
105,2014,325,1118,.271,2.988,0,0,.184,12.32
105,2014,325,1124,.518,2.989,0,0,.183,12.32
105,2014,325,1130,.758,3.397,0,0,.183,12.32
105,2014,325,1136,.993,2.706,0,0,.183,12.32
105,2014,325,1142,1.215,3.159,0,0,.183,12.32
105,2014,325,1148,1.432,3.723,0,0,.184,12.32
105,2014,325,1154,1.647,3.356,0,0,.183,12.32
105,2014,325,1200,1.858,3.671,0,0,.183,12.32
105,2014,325,1206,2.069,3.865,0,0,.183,12.32
105,2014,325,1212,2.284,4.121,0,0,.183,12.32
105,2014,325,1218,2.499,4.257,0,0,.183,12.32
105,2014,325,1224,2.713,3.664,0,0,.183,12.32
105,2014,325,1230,2.923,3.97,0,0,.183,12.32
105,2014,325,1236,3.12,3.91,0,0,.183,12.32
105,2014,325,1242,3.294,3.904,0,0,.183,12.32
105,2014,325,1248,3.448,2.989,0,0,.184,12.32
105,2014,325,1254,3.585,3.411,0,0,.183,12.32
105,2014,325,1300,3.701,3.529,0,0,.183,12.32
105,2014,325,1306,3.795,3.925,0,0,.183,12.32
105,2014,325,1312,3.877,3.903,0,0,.183,12.32
105,2014,325,1318,3.947,3.98,0,0,.183,12.32
105,2014,325,1324,4.015,3.719,0,0,.184,12.32
105,2014,325,1330,4.085,4.606,0,0,.183,12.32
105,2014,325,1336,4.16,4.942,0,0,.183,12.32
105,2014,325,1342,4.245,4.445,0,0,.183,12.31
105,2014,325,1348,4.339,4.076,0,0,.184,12.31
105,2014,325,1354,4.439,4.381,0,0,.183,12.31
105,2014,325,1400,4.543,5.085,0,0,.183,12.31
105,2014,325,1406,4.651,4.501,0,0,.183,12.31
105,2014,325,1412,4.759,3.395,0,0,.183,12.31
105,2014,325,1418,4.853,2.629,0,0,.183,12.32
105,2014,325,1424,4.904,2.534,0,0,.183,12.32
105,2014,325,1430,4.913,2.743,0,0,.184,12.32
105,2014,325,1436,4.899,2.967,0,0,.183,12.31
105,2014,325,1442,4.871,2.487,0,0,.183,12.31
105,2014,325,1448,4.824,2.156,0,0,.183,12.32
105,2014,325,1454,4.756,2.236,0,0,.183,12.32
105,2014,325,1500,4.672,2.054,0,0,.183,12.32
105,2014,325,1506,4.568,1.842,0,0,.183,12.32
105,2014,325,1512,4.447,1.965,0,0,.183,12.32
105,2014,325,1518,4.314,1.711,0,0,.183,12.32
105,2014,325,1524,4.172,1.839,0,0,.183,12.32
105,2014,325,1530,4.028,1.832,0,0,.183,12.32
105,2014,325,1536,3.883,1.763,0,0,.184,12.32
105,2014,325,1542,3.739,1.613,0,0,.183,12.32
105,2014,325,1548,3.591,1.611,0,0,.184,12.32
105,2014,325,1554,3.446,1.563,0,0,.183,12.32
105,2014,325,1600,3.303,1.348,0,0,.184,12.32
105,2014,325,1606,3.165,1.34,0,0,.183,12.32
105,2014,325,1612,3.027,1.329,0,0,.183,12.32
105,2014,325,1618,2.892,1.102,0,0,.183,12.32
105,2014,325,1624,2.765,1.032,0,0,.183,12.32
105,2014,325,1630,2.639,1.238,0,0,.183,12.32
105,2014,325,1636,2.512,1.13,0,0,.183,12.32
105,2014,325,1642,2.384,.848,0,0,.183,12.32
105,2014,325,1648,2.256,.75,0,0,.183,12.32
105,2014,325,1654,2.132,.565,0,0,.183,12.32
105,2014,325,1700,2.009,.667,0,0,.183,12.32
105,2014,325,1706,1.887,.611,0,0,.183,12.32
105,2014,325,1712,1.765,.4,0,0,.183,12.32