,4.232,1.882,0,0,.3,12.31
105,2014,345,1648,4.116,2.079,0,0,.3,12.31
105,2014,345,1654,4.004,2.159,0,0,.299,12.31
105,2014,345,1700,3.898,2.222,0,0,.299,12.31
105,2014,345,1706,3.797,2.073,0,0,.298,12.31
105,2014,345,1712,3.702,2.193,0,0,.299,12.31
105,2014,345,1718,3.611,2.19,0,0,.299,12.31
105,2014,345,1724,3.526,2.15,0,0,.299,12.31
105,2014,345,1730,3.448,2.064,0,0,.299,12.31
105,2014,345,1736,3.371,2.089,0,0,.298,12.31
105,2014,345,1742,3.295,1.791,0,0,.297,12.31
105,2014,345,1748,3.22,1.63,0,0,.297,12.31
105,2014,345,1754,3.146,1.695,0,0,.298,12.31
105,2014,345,1800,3.074,1.784,0,0,.297,12.31
105,2014,345,1806,3.001,1.699,0,0,.297,12.31
105,2014,345,1812,2.928,1.66,0,0,.297,12.31
105,2014,345,1818,2.857,1.705,0,0,.297,12.31
105,2014,345,1824,2.787,1.753,0,0,.297,12.31
105,2014,345,1830,2.72,1.775,0,0,.297,12.31
105,2014,345,1836,2.656,1.674,0,0,.297,12.31
105,2014,345,1842,2.591,1.642,0,0,.297,12.31
105,2014,345,1848,2.528,1.739,0,0,.297,12.31
105,2014,345,1854,2.466,1.628,0,0,.297,12.31
105,2014,345,1900,2.407,1.644,0,0,.296,12.31
105,2014,345,1906,2.348,1.544,0,0,.296,12.31
105,2014,345,1912,2.289,1.643,0,0,.296,12.31
105,2014,345,1918,2.232,1.768,0,0,.296,12.31
105,2014,345,1924,2.176,1.872,0,0,.296,12.31
105,2014,345,1930,2.119,2.143,0,0,.296,12.31
105,2014,345,1936,2.065,2.121,0,0,.296,12.32
105,2014,345,1942,2.016,2.17,0,0,.295,12.31
105,2014,345,1948,1.969,2.198,0,0,.296,12.31
105,2014,345,1954,1.925,2.275,0,0,.296,12.31
105,2014,345,2000,1.883,2.043,0,0,.296,12.31
105,2014,345,2006,1.844,2,0,0,.296,12.31
105,2014,345,2012,1.807,2.015,0,0,.296,12.31
105,2014,345,2018,1.773,1.955,0,0,.296,12.31
105,2014,345,2024,1.74,1.985,0,0,.295,12.31
105,2014,345,2030,1.708,1.963,0,0,.293,12.31
105,2014,345,2036,1.677,2.074,0,0,.293,12.31
105,2014,345,2042,1.645,1.901,0,0,.294,12.31
105,2014,345,2048,1.614,1.8,0,0,.293,12.31
105,2014,345,2054,1.584,1.837,0,0,.294,12.31
105,2014,345,2100,1.555,1.684,0,0,.294,12.31
105,2014,345,2106,1.526,1.196,0,0,.294,12.31
105,2014,345,2112,1.496,1.153,0,0,.293,12.31
105,2014,345,2118,1.463,1.062,0,0,.294,12.31
105,2014,345,2124,1.427,1.098,0,0,.294,12.31
105,2014,345,2130,1.39,1.099,0,0,.293,12.31
105,2014,345,2136,1.352,1.17,0,0,.294,12.31
105,2014,345,2142,1.313,1.176,0,0,.294,12.31
105,2014,345,2148,1.274,1.037,0,0,.293,12.31
105,2014,345,2154,1.234,.897,0,0,.293,12.31
105,2014,345,2200,1.194,.927,0,0,.292,12.31
105,2014,345,2206,1.153,.824,0,0,.292,12.31
105,2014,345,2212,1.109,.785,0,0,.292,12.31
105,2014,345,2218,1.064,.626,0,0,.291,12.31
105,2014,345,2224,1.019,.558,0,0,.292,12.32
105,2014,345,2230,.974,.677,0,0,.292,12.31
105,2014,345,2236,.93,.739,0,0,.292,12.31
105,2014,345,2242,.887,.886,0,0,.292,12.31
105,2014,345,2248,.844,.905,0,0,.291,12.31
105,2014,345,2254,.805,.637,0,0,.291,12.31
105,2014,345,2300,.768,.431,0,0,.291,12.31
105,2014,345,2306,.733,.601,0,0,.292,12.31
105,2014,345,2312,.7,.829,0,0,.292,12.31
105,2014,345,2318,.67,1.147,0,0,.291,12.31
105,2014,345,2324,.644,1.304,0,0,.29,12.31
105,2014,345,2330,.622,1.642,0,0,.29,12.31
105,2014,345,2336,.606,1.72,0,0,.29,12.31
105,2014,345,2342,.593,2.002,0,0,.291,12.31
105,2014,345,2348,.583,1.894,0,0,.29,12.31
105,2014,345,2354,.584,2.035,0,0,.29,12.31
105,2014,346,0,.583,2.182,0,0,.29,12.31
105,2014,346,6,.584,2.211,0,0,.29,12.31
105,2014,346,12,.584,2.02,0,0,.291,12.31
105,2014,346,18,.593,2.124,0,0,.291,12.31
105,2014,346,24,.597,2.154,0,0,.29,12.31
105,2014,346,30,.605,2.277,0,0,.29,12.31
105,2014,346,36,.614,2.302,0,0,.29,12.31
105,2014,346,42,.62,2.118,0,0,.289,12.31
105,2014,346,48,.628,2.109,0,0,.288,12.31
105,2014,346,54,.636,2.114,0,0,.288,12.31
105,2014,346,100,.644,2.177,0,0,.289,12.31
105,2014,346,106,.647,2.171,0,0,.289,12.31
105,2014,346,112,.656,1.991,0,0,.288,12.31
105,2014,346,118,.657,2.01,0,0,.288,12.31
105,2014,346,124,.663,2.003,0,0,.288,12.31
105,2014,346,130,.667,1.813,0,0,.289,12.31
105,2014,346,136,.667,1.848,0,0,.288,12.31
105,2014,346,142,.669,2.014,0,0,.288,12.31
105,2014,346,148,.677,2.158,0,0,.288,12.31
105,2014,346,154,.677,2.048,0,0,.288,12.31
105,2014,346,200,.682,2.043,0,0,.289,12.31
105,2014,346,206,.688,2.157,0,0,.288,12.31
105,2014,346,212,.695,2.115,0,0,.288,12.31
105,2014,346,218,.698,2.192,0,0,.288,12.31
105,2014,346,224,.706,1.895,0,0,.289,12.31
105,2014,346,230,.709,1.883,0,0,.288,12.31
105,2014,346,236,.709,1.833,0,0,.288,12.31
105,2014,346,242,.713,1.87,0,0,.287,12.31
105,2014,346,248,.718,1.757,0,0,.287,12.31
105,2014,346,254,.719,1.796,0,0,.287,12.31
105,2014,346,300,.719,1.87,0,0,.287,12.31
105,2014,346,306,.719,1.852,0,0,.286,12.31
105,2014,346,312,.72,1.972,0,0,.287,12.31
105,2014,346,318,.729,2.023,0,0,.287,12.31
105,2014,346,324,.731,2.014,0,0,.287,12.31
105,2014,346,330,.74,1.966,0,0,.286,12.31
105,2014,346,336,.748,2.088,0,0,.286,12.31
105,2014,346,342,.757,2.038,0,0,.286,12.31
105,2014,346,348,.767,2.247,0,0,.286,12.31
105,2014,346,354,.778,2.243,0,0,.286,12.31
105,2014,346,400,.79,2.359,0,0,.285,12.31
105,2014,346,406,.805,2.503,0,0,.285,12.31
105,2014,346,412,.822,2.356,0,0,.285,12.31
105,2014,346,418,.841,2.345,0,0,.285,12.31
105,2014,346,424,.863,2.411,0,0,.285,12.31
105,2014,346,430,.887,2.652,0,0,.286,12.31
105,2014,346,436,.912,2.787,0,0,.285,12.31
105,2014,346,442,.94,2.423,0,0,.285,12.31
105,2014,346,448,.967,2.454,0,0,.285,12.31
105,2014,346,454,.997,2.596,0,0,.285,12.31
105,2014,346,500,1.028,2.617,0,0,.285,12.31
105,2014,346,506,1.06,2.427,0,0,.284,12.31
105,2014,346,512,1.092,2.382,0,0,.283,12.31
105,2014,346,518,1.122,2.441,0,0,.283,12.31
105,2014,346,524,1.152,2.512,0,0,.283,12.31
105,2014,346,530,1.179,2.491,0,0,.283,12.31
105,2014,346,536,1.206,2.464,0,0,.283,12.31
105,2014,346,542,1.231,2.704,0,0,.283,12.31
105,2014,346,548,1.255,2.711,0,0,.283,12.31
105,2014,346,554,1.279,2.669,0,0,.283,12.31
105,2014,346,600,1.301,2.808,0,0,.283,12.31
105,2014,346,606,1.326,2.693,0,0,.283,12.31
105,2014,346,612,1.352,2.645,0,0,.282,12.31
105,2014,346,618,1.377,2.724,0,0,.282,12.31
105,2014,346,624,1.403,2.928,0,0,.282,12.31
105,2014,346,630,1.428,2.643,0,0,.282,12.31
105,2014,346,636,1.453,2.595,0,0,.282,12.31
105,2014,346,642,1.478,2.61,0,0,.282,12.31
105,2014,346,648,1.502,2.744,0,0,.282,12.31
105,2014,346,654,1.525,2.821,0,0,.282,12.31
105,2014,346,700,1.548,2.829,0,0,.282,12.31
105,2014,346,706,1.571,2.792,0,0,.282,12.31
105,2014,346,712,1.593,2.802,0,0,.282,12.31
105,2014,346,718,1.616,2.779,0,0,.281,12.31
105,2014,346,724,1.637,2.68,0,0,.281,12.31
105,2014,346,730,1.657,2.62,0,0,.281,12.31
105,2014,346,736,1.677,2.833,0,0,.281,12.31
105,2014,346,742,1.696,2.817,0,0,.28,12.31
105,2014,346,748,1.714,2.78,0,0,.28,12.31
105,2014,346,754,1.732,2.813,0,0,.28,12.31
105,2014,346,800,1.749,2.731,0,0,.28,12.31
105,2014,346,806,1.767,2.872,0,0,.28,12.31
105,2014,346,812,1.783,2.825,0,0,.28,12.31
105,2014,346,818,1.8,2.719,0,0,.28,12.31
105,2014,346,824,1.815,2.862,0,0,.28,12.31
105,2014,346,830,1.831,2.735,0,0,.28,12.31
105,2014,346,836,1.844,2.786,0,0,.28,12.31
105,2014,346,842,1.857,2.824,0,0,.28,12.31
105,2014,346,848,1.871,2.875,0,0,.28,12.31
105,2014,346,854,1.884,2.798,0,0,.279,12.31
105,2014,346,900,1.897,2.852,0,0,.279,12.31
105,2014,346,906,1.91,3.059,0,0,.279,12.31
105,2014,346,912,1.927,3.087,0,0,.279,12.31
105,2014,346,918,1.943,3.312,0,0,.279,12.31
105,2014,346,924,1.963,3.501,0,0,.278,12.31
105,2014,346,930,1.988,3.563,0,0,.278,12.31
105,2014,346,936,2.018,3.675,0,0,.278,12.31
105,2014,346,942,2.055,3.922,0,0,.278,12.31
105,2014,346,948,2.097,3.993,0,0,.277,12.31
105,2014,346,954,2.147,3.938,0,0,.278,12.31
105,2014,346,1000,2.203,3.959,0,0,.278,12.31
105,2014,346,1006,2.263,3.946,0,0,.277,12.31
105,2014,346,1012,2.328,4.074,0,0,.278,12.31
105,2014,346,1018,2.394,4.534,0,0,.277,12.31
105,2014,346,1024,2.465,4.621,0,0,.277,12.31
105,2014,346,1030,2.544,4.58,0,0,.277,12.31
105,2014,346,1036,2.63,4.574,0,0,.276,12.31
105,2014,346,1042,2.72,4.664,0,0,.276,12.31
105,2014,346,1048,2.812,4.733,0,0,.276,12.31
105,2014,346,1054,2.904,4.642,0,0,.277,12.31
105,2014,346,1100,2.995,4.853,0,0,.276,12.31
105,2014,346,1106,3.085,5.059,0,0,.276,12.31
105,2014,346,1112,3.173,4.98,0,0,.276,12.31
105,2014,346,1118,3.265,4.794,0,0,.276,12.31
105,2014,346,1124,3.355,4.944,0,0,.275,12.31
105,2014,346,1130,3.443,5.167,0,0,.275,12.31
105,2014,346,1136,3.527,5.009,0,0,.275,12.31
105,2014,346,1142,3.61,5.084,0,0,.275,12.31
105,2014,346,1148,3.691,5.278,0,0,.275,12.31
105,2014,346,1154,3.77,5.293,0,0,.275,12.31
105,2014,346,1200,3.848,5.457,0,0,.274,12.31
105,2014,346,1206,3.925,5.925,0,0,.274,12.31
105,2014,346,1212,4.006,6.18,0,0,.274,12.31
105,2014,346,1218,4.093,6.147,0,0,.274,12.31
105,2014,346,1224,4.19,6.06,0,0,.275,12.31
105,2014,346,1230,4.292,6.209,0,0,.274,12.31
105,2014,346,1236,4.4,6.263,0,0,.274,12.31
105,2014,346,1242,4.509,6.406,0,0,.274,12.31
105,2014,346,1248,4.62,6.504,0,0,.274,12.31
105,2014,346,1254,4.729,6.529,0,0,.274,12.31
105,2014,346,1300,4.838,6.248,0,0,.274,12.31
105,2014,346,1306,4.947,6.148,0,0,.273,12.31
105,2014,346,1312,5.051,6.234,0,0,.273,12.31
105,2014,346,1318,5.146,6.165,0,0,.273,12.31
105,2014,346,1324,5.233,6.379,0,0,.273,12.31
105,2014,346,1330,5.313,6.309,0,0,.273,12.31
105,2014,346,1336,5.387,6.376,0,0,.274,12.31
105,2014,346,1342,5.456,6.225,0,0,.274,12.31
105,2014,346,1348,5.52,6.489,0,0,.273,12.31
105,2014,346,1354,5.58,6.254,0,0,.273,12.31
105,2014,346,1400,5.639,6.263,0,0,.274,12.31
105,2014,346,1406,5.694,6.204,0,0,.273,12.31
105,2014,346,1412,5.742,6.474,0,0,.273,12.31
105,2014,346,1418,5.788,6.342,0,0,.272,12.31
105,2014,346,1424,5.835,6.867,0,0,.273,12.31
105,2014,346,1430,5.881,6.695,0,0,.271,12.31
105,2014,346,1436,5.932,6.447,0,0,.271,12.31
105,2014,346,1442,5.985,6.577,0,0,.272,12.31
105,2014,346,1448,6.038,6.631,0,0,.272,12.31
105,2014,346,1454,6.09,7.03,0,0,.273,12.31
105,2014,346,1500,6.143,7.07,0,0,.273,12.31
105,2014,346,1506,6.197,7.1,0,0,.272,12.31
105,2014,346,1512,6.255,6.613,0,0,.273,12.31
105,2014,346,1518,6.313,6.732,0,0,.273,12.31
105,2014,346,1524,6.37,6.789,0,0,.271,12.31
105,2014,346,1530,6.422,7.02,0,0,.271,12.31
105,2014,346,1536,6.471,6.838,0,0,.271,12.31
105,2014,346,1542,6.517,6.643,0,0,.271,12.31
105,2014,346,1548,6.558,6.589,0,0,.271,12.31
105,2014,346,1554,6.593,6.425,0,0,.271,12.31
105,2014,346,1600,6.621,6.234,0,0,.271,12.31
105,2014,346,1606,6.64,6.224,0,0,.271,12.31
105,2014,346,1612,6.647,6.425,0,0,.271,12.31
105,2014,346,1618,6.648,6.239,0,0,.271,12.31
105,2014,346,1624,6.647,5.974,0,0,.271,12.31
105,2014,346,1630,6.637,6.003,0,0,.271,12.31
105,2014,346,1636,6.62,5.947,0,0,.271,12.31
105,2014,346,1642,6.6,5.946,0,0,.271,12.31
105,2014,346,1648,6.574,5.869,0,0,.271,12.31
105,2014,346,1654,6.547,5.785,0,0,.27,12.31
105,2014,346,1700,6.514,5.728,0,0,.271,12.31
105,2014,346,1706,6.479,5.695,0,0,.271,12.31
105,2014,346,1712,6.44,5.528,0,0,.27,12.31
105,2014,346,1718,6.398,5.409,0,0,.269,12.31
105,2014,346,1724,6.352,5.231,0,0,.269,12.31
105,2014,346,1730,6.301,5.096,0,0,.269,12.31
105,2014,346,1736,6.246,4.833,0,0,.269,12.31
105,2014,346,1742,6.184,4.68,0,0,.269,12.31
105,2014,346,1748,6.114,4.637,0,0,.269,12.31
105,2014,346,1754,6.038,4.723,0,0,.27,12.31
105,2014,346,1800,5.958,4.715,0,0,.269,12.31
105,2014,346,1806,5.877,4.769,0,0,.269,12.31
105,2014,346,1812,5.793,4.868,0,0,.269,12.31
105,2014,346,1818,5.714,4.731,0,0,.269,12.31
105,2014,346,1824,5.638,4.758,0,0,.269,12.31
105,2014,346,1830,5.566,4.731,0,0,.269,12.31
105,2014,346,1836,5.498,4.777,0,0,.269,12.31
105,2014,346,1842,5.434,4.671,0,0,.269,12.31
105,2014,346,1848,5.375,4.793,0,0,.269,12.31
105,2014,346,1854,5.318,4.67,0,0,.269,12.31
105,2014,346,1900,5.264,4.685,0,0,.269,12.31
105,2014,346,1906,5.214,4.652,0,0,.269,12.31
105,2014,346,1912,5.167,4.646,0,0,.269,12.31
105,2014,346,1918,5.12,4.545,0,0,.268,12.31
105,2014,346,1924,5.074,4.516,0,0,.269,12.31
105,2014,346,1930,5.029,4.439,0,0,.269,12.31
105,2014,346,1936,4.985,4.301,0,0,.269,12.31
105,2014,346,1942,4.941,4.282,0,0,.268,12.31
105,2014,346,1948,4.898,4.275,0,0,.268,12.31
105,2014,346,1954,4.854,4.171,0,0,.268,12.31
105,2014,346,2000,4.81,4.091,0,0,.268,12.31
105,2014,346,2006,4.764,4.104,0,0,.268,12.31
105,2014,346,2012,4.718,3.933,0,0,.268,12.31
105,2014,346,2018,4.668,3.732,0,0,.268,12.31
105,2014,346,2024,4.615,3.589,0,0,.267,12.31
105,2014,346,2030,4.557,3.11,0,0,.267,12.31
105,2014,346,2036,4.49,2.7,0,0,.267,12.31
105,2014,346,2042,4.411,2.257,0,0,.267,12.31
105,2014,346,2048,4.318,2.094,0,0,.267,12.31
105,2014,346,2054,4.211,2.127,0,0,.268,12.31
105,2014,346,2100,4.09,1.766,0,0,.267,12.31
105,2014,346,2106,3.956,1.591,0,0,.268,12.31
105,2014,346,2112,3.813,1.316,0,0,.266,12.31
105,2014,346,2118,3.662,1.241,0,0,.267,12.31
105,2014,346,2124,3.506,1.128,0,0,.267,12.31
105,2014,346,2130,3.348,1.137,0,0,.267,12.31
105,2014,346,2136,3.184,.86,0,0,.266,12.31
105,2014,346,2142,3.017,.828,0,0,.266,12.31
105,2014,346,2148,2.849,.68,0,0,.267,12.31
105,2014,346,2154,2.682,.603,0,0,.267,12.31
105,2014,346,2200,2.518,.369,0,0,.267,12.31
105,2014,346,2206,2.353,.22,0,0,.267,12.31
105,2014,346,2212,2.189,.454,0,0,.267,12.31
105,2014,346,2218,2.029,.603,0,0,.267,12.31
105,2014,346,2224,1.876,.343,0,0,.268,12.32
105,2014,346,2230,1.728,.312,0,0,.266,12.32
105,2014,346,2236,1.58,.331,0,0,.266,12.31
105,2014,346,2242,1.438,.438,0,0,.266,12.31
105,2014,346,2248,1.301,.267,0,0,.266,12.31
105,2014,346,2254,1.168,.216,0,0,.266,12.31
105,2014,346,2300,1.042,.455,0,0,.266,12.32
105,2014,346,2306,.919,.359,0,0,.266,12.32
105,2014,346,2312,.804,.312,0,0,.266,12.32
105,2014,346,2318,.697,.187,0,0,.266,12.31
105,2014,346,2324,.596,.25,0,0,.265,12.31
105,2014,346,2330,.498,.531,0,0,.266,12.31
105,2014,346,2336,.409,.343,0,0,.265,12.32
105,2014,346,2342,.32,.312,0,0,.265,12.31
105,2014,346,2348,.23,.578,0,0,.265,12.32
105,2014,346,2354,.148,.425,0,0,.265,12.32
105,2014,347,0,.068,.585,0,0,.265,12.31
105,2014,347,6,-.007,.343,0,0,.266,12.32
105,2014,347,12,-.076,.175,0,0,.265,12.31
105,2014,347,18,-.143,.033,0,0,.265,12.32
105,2014,347,24,-.21,-.012,0,0,.264,12.31
105,2014,347,30,-.276,.459,0,0,.264,12.32
105,2014,347,36,-.341,-.21,0,0,.264,12.32
105,2014,347,42,-.405,-.27,0,0,.263,12.32
105,2014,347,48,-.47,-.025,0,0,.264,12.32
105,2014,347,54,-.534,-.327,0,0,.264,12.32
105,2014,347,100,-.6,-.373,0,0,.263,12.32
105,2014,347,106,-.665,-.486,0,0,.264,12.32
105,2014,347,112,-.728,-.486,0,0,.264,12.32
105,2014,347,118,-.789,-.413,0,0,.263,12.31
105,2014,347,124,-.849,-.55,0,0,.263,12.31
105,2014,347,130,-.907,-.461,0,0,.263,12.31
105,2014,347,136,-.959,-.65,0,0,.263,12.32
105,2014,347,142,-1.01,-.595,0,0,.263,12.32
105,2014,347,148,-1.059,-.636,0,0,.264,12.31
105,2014,347,154,-1.111,-.954,0,0,.263,12.32
105,2014,347,200,-1.164,-1.023,0,0,.264,12.32
105,2014,347,206,-1.217,-1.132,0,0,.263,12.32
105,2014,347,212,-1.275,-1.348,0,0,.264,12.32
105,2014,347,218,-1.332,-1.197,0,0,.264,12.32
105,2014,347,224,-1.393,-1.631,0,0,.264,12.32
105,2014,347,230,-1.456,-2.048,0,0,.264,12.32
105,2014,347,236,-1.519,-2.028,0,0,.263,12.32
105,2014,347,242,-1.587,-2.022,0,0,.264,12.32
105,2014,347,248,-1.653,-1.779,0,0,.263,12.32
105,2014,347,254,-1.724,-1.998,0,0,.263,12.32
105,2014,347,300,-1.793,-2.176,0,0,.263,12.32
105,2014,347,306,-1.858,-2.186,0,0,.262,12.32
105,2014,347,312,-1.923,-2.258,0,0,.263,12.32
105,2014,347,318,-1.987,-2.445,0,0,.262,12.32
105,2014,347,324,-2.048,-2.374,0,0,.262,12.32
105,2014,347,330,-2.11,-2.074,0,0,.261,12.32
105,2014,347,336,-2.171,-2.133,0,0,.262,12.32
105,2014,347,342,-2.23,-2.099,0,0,.262,12.32
105,2014,347,348,-2.288,-1.996,0,0,.262,12.32
105,2014,347,354,-2.345,-2.139,0,0,.261,12.32
105,2014,347,400,-2.402,-2.078,0,0,.261,12.32
105,2014,347,406,-2.459,-2.1,0,0,.261,12.32
105,2014,347,412,-2.514,-2.125,0,0,.261,12.32
105,2014,347,418,-2.568,-2.28,0,0,.26,12.32
105,2014,347,424,-2.625,-2.691,0,0,.261,12.32
105,2014,347,430,-2.682,-2.541,0,0,.261,12.32
105,2014,347,436,-2.74,-2.393,0,0,.26,12.32
105,2014,347,442,-2.798,-2.291,0,0,.26,12.32
105,2014,347,448,-2.855,-2.276,0,0,.26,12.32
105,2014,347,454,-2.912,-2.253,0,0,.26,12.32
105,2014,347,500,-2.968,-2.37,0,0,.26,12.32
105,2014,347,506,-3.021,-2.265,0,0,.26,12.32
105,2014,347,512,-3.072,-2.491,0,0,.26,12.32
105,2014,347,518,-3.121,-2.638,0,0,.26,12.32
105,2014,347,524,-3.166,-2.569,0,0,.26,12.32
105,2014,347,530,-3.212,-2.731,0,0,.26,12.32
105,2014,347,536,-3.257,-2.672,0,0,.26,12.32
105,2014,347,542,-3.302,-2.58,0,0,.26,12.32
105,2014,347,548,-3.348,-2.873,0,0,.26,12.32
105,2014,347,554,-3.393,-3.233,0,0,.259,12.32
105,2014,347,600,-3.438,-3.555,0,0,.258,12.32
105,2014,347,606,-3.483,-3.454,0,0,.258,12.32
105,2014,347,612,-3.529,-3.533,0,0,.258,12.32
105,2014,347,618,-3.577,-3.642,0,0,.258,12.32
105,2014,347,624,-3.626,-3.78,0,0,.258,12.32
105,2014,347,630,-3.676,-3.736,0,0,.258,12.32
105,2014,347,636,-3.726,-3.774,0,0,.258,12.32
105,2014,347,642,-3.777,-3.627,0,0,.258,12.32
105,2014,347,648,-3.827,-3.87,0,0,.258,12.32
105,2014,347,654,-3.875,-3.815,0,0,.258,12.32
105,2014,347,700,-3.921,-3.464,0,0,.258,12.32
105,2014,347,706,-3.966,-3.288,0,0,.258,12.32
105,2014,347,712,-4.01,-3.309,0,0,.258,12.32
105,2014,347,718,-4.051,-3.378,0,0,.258,12.32
105,2014,347,724,-4.091,-3.815,0,0,.257,12.32
105,2014,347,730,-4.127,-3.641,0,0,.257,12.32
105,2014,347,736,-4.162,-3.44,0,0,.257,12.32
105,2014,347,742,-4.197,-3.433,0,0,.257,12.32
105,2014,347,748,-4.23,-3.738,0,0,.257,12.32
105,2014,347,754,-4.263,-3.533,0,0,.256,12.32
105,2014,347,800,-4.295,-3.456,0,0,.257,12.32
105,2014,347,806,-4.326,-3.197,0,0,.256,12.32
105,2014,347,812,-4.354,-3.159,0,0,.256,12.32
105,2014,347,818,-4.379,-3.545,0,0,.256,12.32
105,2014,347,824,-4.4,-3.914,0,0,.256,12.32
105,2014,347,830,-4.42,-4.002,0,0,.257,12.32
105,2014,347,836,-4.441,-3.832,0,0,.256,12.32
105,2014,347,842,-4.465,-3.861,0,0,.255,12.32
105,2014,347,848,-4.491,-3.491,0,0,.255,12.32
105,2014,347,854,-4.516,-3.221,0,0,.255,12.32
105,2014,347,900,-4.537,-2.827,0,0,.255,12.32
105,2014,347,906,-4.548,-2.599,0,0,.255,12.32
105,2014,347,912,-4.549,-2.619,0,0,.255,12.32
105,2014,347,918,-4.546,-2.448,0,0,.255,12.32
105,2014,347,924,-4.531,-2.127,0,0,.254,12.32
105,2014,347,930,-4.509,-1.252,0,0,.255,12.32
105,2014,347,936,-4.479,.131,0,0,.253,12.32
105,2014,347,942,-4.43,.803,0,0,.253,12.32
105,2014,347,948,-4.35,2.229,0,0,.253,12.32
105,2014,347,954,-4.229,3.255,0,0,.253,12.32
105,2014,347,1000,-4.064,4,0,0,.253,12.32
105,2014,347,1006,-3.858,4.126,0,0,.252,12.31
105,2014,347,1012,-3.612,4.443,0,0,.252,12.31
105,2014,347,1018,-3.334,3.745,0,0,.251,12.31
105,2014,347,1024,-3.026,3.858,0,0,.251,12.31
105,2014,347,1030,-2.705,4.192,0,0,.251,12.31
105,2014,347,1036,-2.383,4.7,0,0,.251,12.31
105,2014,347,1042,-2.055,5.088,0,0,.251,12.31
105,2014,347,1048,-1.722,4.781,0,0,.252,12.31
105,2014,347,1054,-1.384,4.832,0,0,.252,12.31
105,2014,347,1100,-1.043,5.151,0,0,.251,12.31
105,2014,347,1106,-.704,4.895,0,0,.251,12.31
105,2014,347,1112,-.36,5.276,0,0,.251,12.31
105,2014,347,1118,-.019,5.642,0,0,.252,12.31
105,2014,347,1124,.329,5.949,0,0,.251,12.31
105,2014,347,1130,.675,5.898,0,0,.25,12.31
105,2014,347,1136,1.024,5.621,0,0,.25,12.31
105,2014,347,1142,1.365,5.559,0,0,.25,12.31
105,2014,347,1148,1.687,6.019,0,0,.249,12.31
105,2014,347,1154,1.994,5.929,0,0,.249,12.31
105,2014,347,1200,2.287,6.595,0,0,.25,12.31
105,2014,347,1206,2.572,6.713,0,0,.25,12.31
105,2014,347,1212,2.843,6.514,0,0,.25,12.31
105,2014,347,1218,3.104,6.138,0,0,.249,12.31
105,2014,347,1224,3.354,6.385,0,0,.249,12.31
105,2014,347,1230,3.589,7.32,0,0,.25,12.31
105,2014,347,1236,3.821,7.08,0,0,.25,12.31
105,2014,347,1242,4.05,7.05,0,0,.249,12.31
105,2014,347,1248,4.274,7.16,0,0,.25,12.31
105,2014,347,1254,4.49,6.69,0,0,.25,12.31
105,2014,347,1300,4.699,7.04,0,0,.249,12.31
105,2014,347,1306,4.896,8.1,0,0,.249,12.31
105,2014,347,1312,5.085,7.9,0,0,.249,12.31
105,2014,347,1318,5.276,8.2,0,0,.25,12.31
105,2014,347,1324,5.466,8.39,0,0,.249,12.31
105,2014,347,1330,5.653,8.05,0,0,.249,12.31
105,2014,347,1336,5.832,8.15,0,0,.25,12.31
105,2014,347,1342,6.016,7.59,0,0,.25,12.31
105,2014,347,1348,6.194,7.55,0,0,.25,12.31
105,2014,347,1354,6.358,7.83,0,0,.25,12.31
105,2014,347,1400,6.504,8.68,0,0,.249,12.31
105,2014,347,1406,6.645,8.5,0,0,.249,12.31
105,2014,347,1412,6.788,8.11,0,0,.25,12.31
105,2014,347,1418,6.929,7.78,0,0,.25,12.31
105,2014,347,1424,7.06,7.22,0,0,.249,12.31
105,2014,347,1430,7.17,7.41,0,0,.25,12.31
105,2014,347,1436,7.25,7.24,0,0,.249,12.31
105,2014,347,1442,7.32,7.17,0,0,.249,12.31
105,2014,347,1448,7.38,7.19,0,0,.25,12.31
105,2014,347,1454,7.41,6.984,0,0,.249,12.31
105,2014,347,1500,7.44,6.798,0,0,.249,12.31
105,2014,347,1506,7.44,6.88,0,0,.249,12.31
105,2014,347,1512,7.44,6.916,0,0,.249,12.31
105,2014,347,1518,7.42,6.939,0,0,.249,12.31
105,2014,347,1524,7.4,6.905,0,0,.25,12.31
105,2014,347,1530,7.37,6.794,0,0,.249,12.31
105,2014,347,1536,7.34,6.718,0,0,.249,12.31
105,2014,347,1542,7.3,6.636,0,0,.249,12.31
105,2014,347,1548,7.26,6.653,0,0,.249,12.31
105,2014,347,1554,7.22,6.642,0,0,.249,12.31
105,2014,347,1600,7.18,6.641,0,0,.25,12.31
105,2014,347,1606,7.13,6.704,0,0,.25,12.31
105,2014,347,1612,7.09,6.683,0,0,.249,12.31
105,2014,347,1618,7.05,6.556,0,0,.249,12.31
105,2014,347,1624,7,6.453,0,0,.25,12.31
105,2014,347,1630,6.961,6.551,0,0,.249,12.31
105,2014,347,1636,6.918,6.417,0,0,.248,12.31
105,2014,347,1642,6.875,6.408,0,0,.248,12.31
105,2014,347,1648,6.831,6.334,0,0,.249,12.31
105,2014,347,1654,6.787,6.274,0,0,.249,12.31
105,2014,347,1700,6.742,6.194,0,0,.249,12.31
105,2014,347,1706,6.693,5.977,0,0,.249,12.31
105,2014,347,1712,6.643,5.678,0,0,.249,12.31
105,2014,347,1718,6.589,5.675,0,0,.248,12.31
105,2014,347,1724,6.53,5.471,0,0,.249,12.31
105,2014,347,1730,6.465,5.137,0,0,.249,12.31
105,2014,347,1736,6.391,4.941,0,0,.249,12.31
105,2014,347,1742,6.308,4.608,0,0,.248,12.31
105,2014,347,1748,6.213,4.236,0,0,.249,12.31
105,2014,347,1754,6.107,3.729,0,0,.249,12.31
105,2014,347,1800,5.99,3.627,0,0,.248,12.31
105,2014,347,1806,5.864,3.877,0,0,.249,12.31
105,2014,347,1812,5.726,3.414,0,0,.249,12.31
105,2014,347,1818,5.578,2.579,0,0,.249,12.31
105,2014,347,1824,5.422,2.404,0,0,.248,12.31
105,2014,347,1830,5.258,1.918,0,0,.249,12.31
105,2014,347,1836,5.092,2.027,0,0,.249,12.31
105,2014,347,1842,4.921,1.649,0,0,.249,12.31
105,2014,347,1848,4.742,1.465,0,0,.249,12.31
105,2014,347,1854,4.558,1.493,0,0,.249,12.31
105,2014,347,1900,4.37,.939,0,0,.248,12.31
105,2014,347,1906,4.181,1.108,0,0,.249,12.31
105,2014,347,1912,3.992,.579,0,0,.249,12.31
105,2014,347,1918,3.799,.727,0,0,.249,12.31
105,2014,347,1924,3.604,.799,0,0,.248,12.31
105,2014,347,1930,3.415,.563,0,0,.249,12.31
105,2014,347,1936,3.228,.274,0,0,.249,12.31
105,2014,347,1942,3.043,.829,0,0,.249,12.31
105,2014,347,1948,2.863,.82,0,0,.249,12.31
105,2014,347,1954,2.694,.092,0,0,.249,12.31
105,2014,347,2000,2.535,.072,0,0,.249,12.31
105,2014,347,2006,2.378,.108,0,0,.249,12.31
105,2014,347,2012,2.224,.322,0,0,.249,12.31
105,2014,347,2018,2.075,.536,0,0,.249,12.31
105,2014,347,2024,1.935,.514,0,0,.249,12.32
105,2014,347,2030,1.803,.819,0,0,.249,12.32
105,2014,347,2036,1.676,.906,0,0,.249,12.31
105,2014,347,2042,1.557,-.011,0,0,.249,12.31
105,2014,347,2048,1.447,-.051,0,0,.249,12.31
105,2014,347,2054,1.34,-.32,0,0,.249,12.31
105,2014,347,2100,1.235,-.646,0,0,.249,12.31
105,2014,347,2106,1.129,-.64,0,0,.249,12.32
105,2014,347,2112,1.02,-.579,0,0,.249,12.32
105,2014,347,2118,.905,-.52,0,0,.249,12.32
105,2014,347,2124,.789,-1.027,0,0,.248,12.32
105,2014,347,2130,.673,-1.182,0,0,.248,12.32
105,2014,347,2136,.556,-1.307,0,0,.247,12.32
105,2014,347,2142,.443,-1.405,0,0,.247,12.32
105,2014,347,2148,.334,-1.108,0,0,.247,12.32
105,2014,347,2154,.224,-1.05,0,0,.247,12.32
105,2014,347,2200,.121,-1.041,0,0,.247,12.32
105,2014,347,2206,.025,-.716,0,0,.247,12.32
105,2014,347,2212,-.061,-.719,0,0,.247,12.32
105,2014,347,2218,-.138,-.821,0,0,.247,12.31
105,2014,347,2224,-.208,-.558,0,0,.246,12.32
105,2014,347,2230,-.269,-.371,0,0,.246,12.31
105,2014,347,2236,-.324,-.43,0,0,.246,12.32
105,2014,347,2242,-.374,-.347,0,0,.246,12.32
105,2014,347,2248,-.419,-.223,0,0,.246,12.32
105,2014,347,2254,-.458,.095,0,0,.246,12.32
105,2014,347,2300,-.492,.14,0,0,.246,12.32
105,2014,347,2306,-.521,.229,0,0,.246,12.32
105,2014,347,2312,-.544,.511,0,0,.246,12.32
105,2014,347,2318,-.561,.68,0,0,.246,12.32
105,2014,347,2324,-.572,.86,0,0,.246,12.31
105,2014,347,2330,-.576,.824,0,0,.246,12.32
105,2014,347,2336,-.571,.984,0,0,.245,12.31
105,2014,347,2342,-.562,1.248,0,0,.245,12.31
105,2014,347,2348,-.549,1.606,0,0,.246,12.31
105,2014,347,2354,-.53,1.443,0,0,.246,12.31
105,2014,348,0,-.506,1.541,0,0,.246,12.31
105,2014,348,6,-.477,1.698,0,0,.246,12.31
105,2014,348,12,-.444,1.695,0,0,.246,12.31
105,2014,348,18,-.409,1.717,0,0,.246,12.31
105,2014,348,24,-.372,1.625,0,0,.245,12.31
105,2014,348,30,-.335,2.132,0,0,.244,12.31
105,2014,348,36,-.297,2.122,0,0,.244,12.31
105,2014,348,42,-.258,2.09,0,0,.244,12.31
105,2014,348,48,-.219,1.728,0,0,.244,12.31
105,2014,348,54,-.178,1.56,0,0,.244,12.31
105,2014,348,100,-.141,1.45,0,0,.244,12.31
105,2014,348,106,-.109,1.527,0,0,.244,12.31
105,2014,348,112,-.084,1.509,0,0,.244,12.31
105,2014,348,118,-.063,1.39,0,0,.244,12.31
105,2014,348,124,-.048,1.257,0,0,.244,12.31
105,2014,348,130,-.036,1.149,0,0,.244,12.31
105,2014,348,136,-.028,1.225,0,0,.244,12.31
105,2014,348,142,-.028,1.174,0,0,.244,12.31
105,2014,348,148,-.029,1.144,0,0,.244,12.31
105,2014,348,154,-.034,1.223,0,0,.244,12.31
105,2014,348,200,-.044,1.148,0,0,.244,12.31
105,2014,348,206,-.057,.888,0,0,.244,12.31
105,2014,348,212,-.075,.631,0,0,.244,12.31
105,2014,348,218,-.095,.744,0,0,.244,12.31
105,2014,348,224,-.119,.433,0,0,.244,12.31
105,2014,348,230,-.146,-.627,0,0,.244,12.31
105,2014,348,236,-.179,-1.006,0,0,.244,12.31
105,2014,348,242,-.219,-.946,0,0,.244,12.31
105,2014,348,248,-.268,-.998,0,0,.244,12.32
105,2014,348,254,-.327,-.892,0,0,.244,12.32
105,2014,348,300,-.395,-.889,0,0,.244,12.32
105,2014,348,306,-.469,-.905,0,0,.244,12.32
105,2014,348,312,-.546,-1.191,0,0,.243,12.32
105,2014,348,318,-.624,-1.377,0,0,.243,12.32
105,2014,348,324,-.703,-1.301,0,0,.244,12.32
105,2014,348,330,-.782,-1.258,0,0,.243,12.31
105,2014,348,336,-.864,-1.467,0,0,.243,12.31
105,2014,348,342,-.941,-1.948,0,0,.243,12.31
105,2014,348,348,-1.019,-2.018,0,0,.243,12.32
105,2014,348,354,-1.103,-1.785,0,0,.243,12.32
105,2014,348,400,-1.188,-2.164,0,0,.243,12.32
105,2014,348,406,-1.272,-2.441,0,0,.243,12.32
105,2014,348,412,-1.357,-2.31,0,0,.243,12.32
105,2014,348,418,-1.445,-2.453,0,0,.243,12.32
105,2014,348,424,-1.532,-2.61,0,0,.243,12.32
105,2014,348,430,-1.621,-2.579,0,0,.243,12.32
105,2014,348,436,-1.71,-2.383,0,0,.243,12.32
105,2014,348,442,-1.796,-2.37,0,0,.243,12.32
105,2014,348,448,-1.883,-2.097,0,0,.243,12.32
105,2014,348,454,-1.969,-2.388,0,0,.242,12.32
105,2014,348,500,-2.051,-2.785,0,0,.242,12.32
105,2014,348,506,-2.129,-2.457,0,0,.242,12.32
105,2014,348,512,-2.206,-2.291,0,0,.242,12.32
105,2014,348,518,-2.279,-2.36,0,0,.241,12.32
105,2014,348,524,-2.346,-2.293,0,0,.241,12.32
105,2014,348,530,-2.407,-1.937,0,0,.241,12.32
105,2014,348,536,-2.455,-1.927,0,0,.241,12.32
105,2014,348,542,-2.492,-1.545,0,0,.24,12.32
105,2014,348,548,-2.515,-1.318,0,0,.241,12.32
105,2014,348,554,-2.526,-1.306,0,0,.241,12.32
105,2014,348,600,-2.524,-1.066,0,0,.241,12.32
105,2014,348,606,-2.51,-.628,0,0,.241,12.32
105,2014,348,612,-2.487,-.758,0,0,.24,12.32
105,2014,348,618,-2.454,-.721,0,0,.24,12.32
105,2014,348,624,-2.414,-.55,0,0,.24,12.32
105,2014,348,630,-2.368,-.716,0,0,.239,12.32
105,2014,348,636,-2.318,-.759,0,0,.24,12.32
105,2014,348,642,-2.266,-.721,0,0,.24,12.32
105,2014,348,648,-2.212,-.576,0,0,.24,12.32
105,2014,348,654,-2.159,-.525,0,0,.241,12.32
105,2014,348,700,-2.104,-.301,0,0,.24,12.32
105,2014,348,706,-2.049,-.06,0,0,.241,12.32
105,2014,348,712,-1.993,-.003,0,0,.239,12.32
105,2014,348,718,-1.936,-.436,0,0,.239,12.32
105,2014,348,724,-1.879,-.725,0,0,.239,12.32
105,2014,348,730,-1.826,-.602,0,0,.239,12.32
105,2014,348,736,-1.777,-.762,0,0,.239,12.32
105,2014,348,742,-1.735,-.57,0,0,.239,12.32
105,2014,348,748,-1.698,-.608,0,0,.239,12.32
105,2014,348,754,-1.668,-.708,0,0,.239,12.32
105,2014,348,800,-1.644,-.85,0,0,.239,12.31
105,2014,348,806,-1.627,-.982,0,0,.239,12.31
105,2014,348,812,-1.616,-1.077,0,0,.239,12.31
105,2014,348,818,-1.607,-1.152,0,0,.239,12.31
105,2014,348,824,-1.61,-1.255,0,0,.239,12.32
105,2014,348,830,-1.617,-1.334,0,0,.239,12.31
105,2014,348,836,-1.63,-1.86,0,0,.239,12.32
105,2014,348,842,-1.645,-2.19,0,0,.239,12.32
105,2014,348,848,-1.669,-2.039,0,0,.239,12.32
105,2014,348,854,-1.702,-1.71,0,0,.238,12.32
105,2014,348,900,-1.741,-1.412,0,0,.239,12.32
105,2014,348,906,-1.781,-1.54,0,0,.239,12.32
105,2014,348,912,-1.82,-1.369,0,0,.239,12.32
105,2014,348,918,-1.857,-1.199,0,0,.238,12.32
105,2014,348,924,-1.891,-.365,0,0,.239,12.32
105,2014,348,930,-1.915,.153,0,0,.239,12.32
105,2014,348,936,-1.925,.444,0,0,.239,12.32
105,2014,348,942,-1.909,.859,0,0,.238,12.32
105,2014,348,948,-1.876,1.385,0,0,.237,12.32
105,2014,348,954,-1.821,1.711,0,0,.237,12.32
105,2014,348,1000,-1.745,1.862,0,0,.238,12.32
105,2014,348,1006,-1.651,2.269,0,0,.237,12.31
105,2014,348,1012,-1.543,2.69,0,0,.237,12.31
105,2014,348,1018,-1.421,2.988,0,0,.238,12.31
105,2014,348,1024,-1.287,3.304,0,0,.237,12.31
105,2014,348,1030,-1.137,3.691,0,0,.237,12.31
105,2014,348,1036,-.973,3.844,0,0,.237,12.31
105,2014,348,1042,-.797,3.732,0,0,.236,12.31
105,2014,348,1048,-.609,4,0,0,.236,12.31
105,2014,348,1054,-.415,4.371,0,0,.236,12.31
105,2014,348,1100,-.214,4.823,0,0,.236,12.31
105,2014,348,1106,-.009,5.106,0,0,.236,12.31
105,2014,348,1112,.199,5.224,0,0,.236,12.31
105,2014,348,1118,.412,5.56,0,0,.236,12.31
105,2014,348,1124,.631,6.25,0,0,.235,12.31
105,2014,348,1130,.858,6.868,0,0,.236,12.31
105,2014,348,1136,1.091,7.41,0,0,.235,12.31
105,2014,348,1142,1.329,7.63,0,0,.235,12.31
105,2014,348,1148,1.578,7.48,0,0,.235,12.31
105,2014,348,1154,1.833,7.74,0,0,.235,12.31
105,2014,348,1200,2.086,8.03,0,0,.235,12.31
105,2014,348,1206,2.346,8.41,0,0,.236,12.31
105,2014,348,1212,2.61,8.61,0,0,.235,12.31
105,2014,348,1218,2.871,8.7,0,0,.235,12.31
105,2014,348,1224,3.142,9.02,0,0,.235,12.31
105,2014,348,1230,3.413,9.27,0,0,.235,12.31
105,2014,348,1236,3.681,9.65,0,0,.235,12.31
105,2014,348,1242,3.955,9.67,0,0,.235,12.31
105,2014,348,1248,4.228,9.74,0,0,.234,12.31
105,2014,348,1254,4.494,9.88,0,0,.234,12.31
105,2014,348,1300,4.759,10.22,0,0,.235,12.31
105,2014,348,1306,5.018,10.05,0,0,.234,12.31
105,2014,348,1312,5.268,10.31,0,0,.234,12.31
105,2014,348,1318,5.518,10.52,0,0,.234,12.31
105,2014,348,1324,5.762,10.82,0,0,.233,12.31
105,2014,348,1330,5.999,10.93,0,0,.233,12.31
105,2014,348,1336,6.24,11.02,0,0,.234,12.31
105,2014,348,1342,6.478,10.83,0,0,.234,12.31
105,2014,348,1348,6.705,11.19,0,0,.234,12.31
105,2014,348,1354,6.93,11.17,0,0,.233,12.31
105,2014,348,1400,7.15,11.01,0,0,.233,12.31
105,2014,348,1406,7.36,11.3,0,0,.233,12.31
105,2014,348,1412,7.57,11.36,0,0,.233,12.31
105,2014,348,1418,7.77,11.56,0,0,.233,12.31
105,2014,348,1424,7.96,11.74,0,0,.233,12.31
105,2014,348,1430,8.15,11.71,0,0,.233,12.31
105,2014,348,1436,8.33,11.89,0,0,.233,12.31
105,2014,348,1442,8.52,11.85,0,0,.233,12.31
105,2014,348,1448,8.69,11.98,0,0,.233,12.31
105,2014,348,1454,8.86,12.04,0,0,.232,12.31
105,2014,348,1500,9.02,11.75,0,0,.232,12.31
105,2014,348,1506,9.17,11.87,0,0,.233,12.31
105,2014,348,1512,9.32,11.8,0,0,.233,12.31
105,2014,348,1518,9.46,11.71,0,0,.233,12.31
105,2014,348,1524,9.59,11.75,0,0,.233,12.31
105,2014,348,1530,9.71,11.88,0,0,.233,12.31
105,2014,348,1536,9.82,11.93,0,0,.233,12.31
105,2014,348,1542,9.93,11.87,0,0,.233,12.31
105,2014,348,1548,10.04,11.81,0,0,.233,12.31
105,2014,348,1554,10.13,11.69,0,0,.233,12.31
105,2014,348,1600,10.22,11.66,0,0,.233,12.31
105,2014,348,1606,10.3,11.53,0,0,.232,12.3
105,2014,348,1612,10.37,11.44,0,0,.233,12.31
105,2014,348,1618,10.44,11.4,0,0,.233,12.31
105,2014,348,1624,10.49,11.55,0,0,.233,12.31
105,2014,348,1630,10.54,11.43,0,0,.233,12.31
105,2014,348,1636,10.59,11.3,0,0,.232,12.31
105,2014,348,1642,10.63,11.31,0,0,.233,12.31
105,2014,348,1648,10.66,11.22,0,0,.232,12.31
105,2014,348,1654,10.69,11.16,0,0,.233,12.31
105,2014,348,1700,10.71,11.15,0,0,.232,12.31
105,2014,348,1706,10.73,11.09,0,0,.233,12.31
105,2014,348,1712,10.74,10.86,0,0,.232,12.31
105,2014,348,1718,10.75,10.82,0,0,.233,12.31
105,2014,348,1724,10.75,10.78,0,0,.232,12.31
105,2014,348,1730,10.75,10.57,0,0,.232,12.31
105,2014,348,1736,10.74,10.55,0,0,.233,12.31
105,2014,348,1742,10.73,10.39,0,0,.232,12.31
105,2014,348,1748,10.71,10.23,0,0,.233,12.31
105,2014,348,1754,10.69,10.17,0,0,.232,12.31
105,2014,348,1800,10.67,9.99,0,0,.233,12.31
105,2014,348,1806,10.63,9.87,0,0,.233,12.31
105,2014,348,1812,10.59,9.84,0,0,.233,12.31
105,2014,348,1818,10.55,9.66,0,0,.233,12.31
105,2014,348,1824,10.5,9.54,0,0,.233,12.31
105,2014,348,1830,10.45,9.43,0,0,.233,12.31
105,2014,348,1836,10.39,9.38,0,0,.233,12.31
105,2014,348,1842,10.33,9.49,0,0,.233,12.31
105,2014,348,1848,10.27,9.67,0,0,.233,12.31
105,2014,348,1854,10.21,9.37,0,0,.233,12.31
105,2014,348,1900,10.15,9.62,0,0,.233,12.31
105,2014,348,1906,10.09,9.66,0,0,.232,12.31
105,2014,348,1912,10.03,9.47,0,0,.233,12.31
105,2014,348,1918,9.97,9.64,0,0,.233,12.31
105,2014,348,1924,9.92,9.58,0,0,.232,12.31
105,2014,348,1930,9.87,9.56,0,0,.233,12.31
105,2014,348,1936,9.82,9.5,0,0,.232,12.31
105,2014,348,1942,9.77,9.35,0,0,.233,12.31
105,2014,348,1948,9.72,9.3,0,0,.233,12.31
105,2014,348,1954,9.68,9.38,0,0,.233,12.31
105,2014,348,2000,9.63,9.16,0,0,.232,12.31
105,2014,348,2006,9.58,9.13,0,0,.233,12.31
105,2014,348,2012,9.53,9.11,0,0,.233,12.31
105,2014,348,2018,9.48,9.33,0,0,.233,12.31
105,2014,348,2024,9.43,9.31,0,0,.233,12.31
105,2014,348,2030,9.39,9.21,0,0,.232,12.31
105,2014,348,2036,9.34,9.21,0,0,.233,12.31
105,2014,348,2042,9.3,9.36,0,0,.233,12.31
105,2014,348,2048,9.26,9.6,0,0,.233,12.31
105,2014,348,2054,9.23,9.27,0,0,.232,12.31
105,2014,348,2100,9.2,9.24,0,0,.232,12.31
105,2014,348,2106,9.17,9.15,0,0,.232,12.31
105,2014,348,2112,9.14,9.12,0,0,.232,12.31
105,2014,348,2118,9.12,9.4,0,0,.232,12.31
105,2014,348,2124,9.09,9.42,0,0,.232,12.31
105,2014,348,2130,9.07,9.43,0,0,.232,12.31
105,2014,348,2136,9.06,9.56,0,0,.232,12.31
105,2014,348,2142,9.04,9.37,0,0,.233,12.31
105,2014,348,2148,9.03,9.28,0,0,.232,12.31
105,2014,348,2154,9.02,9.45,0,0,.232,12.31
105,2014,348,2200,9.01,9.39,0,0,.232,12.31
105,2014,348,2206,9,9.3,0,0,.232,12.31
105,2014,348,2212,8.99,9.34,0,0,.232,12.31
105,2014,348,2218,8.98,9.09,0,0,.232,12.31
105,2014,348,2224,8.97,9.04,0,0,.232,12.31
105,2014,348,2230,8.95,8.86,0,0,.231,12.31
105,2014,348,2236,8.94,8.76,0,0,.232,12.31
105,2014,348,2242,8.92,8.8,0,0,.232,12.31
105,2014,348,2248,8.9,8.75,0,0,.232,12.31
105,2014,348,2254,8.88,8.52,0,0,.232,12.31
105,2014,348,2300,8.85,8.43,0,0,.232,12.31
105,2014,348,2306,8.82,8.4,0,0,.232,12.31
105,2014,348,2312,8.78,8.36,0,0,.232,12.31
105,2014,348,2318,8.74,8.55,0,0,.232,12.31
105,2014,348,2324,8.7,8.64,0,0,.232,12.31
105,2014,348,2330,8.66,8.52,0,0,.231,12.31
105,2014,348,2336,8.62,8.53,0,0,.232,12.31
105,2014,348,2342,8.58,8.52,0,0,.232,12.31
105,2014,348,2348,8.55,8.36,0,0,.232,12.31
105,2014,348,2354,8.51,8.08,0,0,.232,12.31
105,2014,349,0,8.48,7.6,0,0,.232,12.31
105,2014,349,6,8.44,7.46,0,0,.232,12.31
105,2014,349,12,8.4,7.43,0,0,.232,12.31
105,2014,349,18,8.35,7.21,0,0,.231,12.31
105,2014,349,24,8.31,7.08,0,0,.232,12.31
105,2014,349,30,8.25,6.918,0,0,.232,12.31
105,2014,349,36,8.19,6.641,0,0,.232,12.31
105,2014,349,42,8.12,6.472,0,0,.232,12.31
105,2014,349,48,8.04,6.426,0,0,.232,12.31
105,2014,349,54,7.95,6.232,0,0,.232,12.31
105,2014,349,100,7.86,6.017,0,0,.232,12.31
105,2014,349,106,7.76,5.994,0,0,.232,12.31
105,2014,349,112,7.65,6.023,0,0,.232,12.31
105,2014,349,118,7.54,5.713,0,0,.232,12.31
105,2014,349,124,7.44,5.427,0,0,.232,12.31
105,2014,349,130,7.34,5.279,0,0,.232,12.31
105,2014,349,136,7.23,5.117,0,0,.231,12.31
105,2014,349,142,7.13,5.381,0,0,.232,12.31
105,2014,349,148,7.02,5.104,0,0,.23,12.31
105,2014,349,154,6.914,4.817,0,0,.231,12.31
105,2014,349,200,6.803,4.621,0,0,.231,12.31
105,2014,349,206,6.689,4.374,0,0,.231,12.31
105,2014,349,212,6.572,4.747,0,0,.231,12.31
105,2014,349,218,6.451,4.881,0,0,.231,12.31
105,2014,349,224,6.329,4.848,0,0,.23,12.31
105,2014,349,230,6.211,4.32,0,0,.23,12.31
105,2014,349,236,6.098,4.228,0,0,.23,12.31
105,2014,349,242,5.986,3.966,0,0,.23,12.31
105,2014,349,248,5.873,3.922,0,0,.23,12.31
105,2014,349,254,5.759,3.281,0,0,.23,12.31
105,2014,349,300,5.64,3.157,0,0,.23,12.31
105,2014,349,306,5.514,2.965,0,0,.23,12.31
105,2014,349,312,5.385,3.521,0,0,.23,12.31
105,2014,349,318,5.255,3.349,0,0,.23,12.31
105,2014,349,324,5.127,3.373,0,0,.23,12.31
105,2014,349,330,5.007,3.322,0,0,.231,12.31
105,2014,349,336,4.889,3.035,0,0,.23,12.31
105,2014,349,342,4.77,2.686,0,0,.23,12.31
105,2014,349,348,4.65,2.643,0,0,.23,12.31
105,2014,349,354,4.53,2.383,0,0,.23,12.31
105,2014,349,400,4.409,2.242,0,0,.23,12.31
105,2014,349,406,4.287,2.704,0,0,.229,12.31
105,2014,349,412,4.169,2.355,0,0,.229,12.31
105,2014,349,418,4.051,2.391,0,0,.23,12.31
105,2014,349,424,3.929,1.642,0,0,.23,12.31
105,2014,349,430,3.807,1.443,0,0,.229,12.31
105,2014,349,436,3.683,1.602,0,0,.229,12.31
105,2014,349,442,3.557,1.634,0,0,.229,12.31
105,2014,349,448,3.432,1.052,0,0,.229,12.31
105,2014,349,454,3.308,1.26,0,0,.23,12.31
105,2014,349,500,3.184,1.55,0,0,.23,12.31
105,2014,349,506,3.064,1.646,0,0,.229,12.31
105,2014,349,512,2.954,2.613,0,0,.23,12.31
105,2014,349,518,2.856,2.605,0,0,.229,12.31
105,2014,349,524,2.774,2.791,0,0,.229,12.31
105,2014,349,530,2.71,2.861,0,0,.229,12.31
105,2014,349,536,2.663,2.982,0,0,.229,12.31
105,2014,349,542,2.63,3.097,0,0,.23,12.31
105,2014,349,548,2.61,3.12,0,0,.229,12.31
105,2014,349,554,2.599,3.348,0,0,.229,12.31
105,2014,349,600,2.599,3.266,0,0,.229,12.31
105,2014,349,606,2.605,3.475,0,0,.23,12.31
105,2014,349,612,2.617,3.356,0,0,.227,12.31
105,2014,349,618,2.636,3.418,0,0,.227,12.31
105,2014,349,624,2.656,3.576,0,0,.227,12.31
105,2014,349,630,2.681,3.75,0,0,.227,12.31
105,2014,349,636,2.707,3.899,0,0,.227,12.31
105,2014,349,642,2.739,3.907,0,0,.227,12.31
105,2014,349,648,2.773,3.889,0,0,.227,12.31
105,2014,349,654,2.809,4.047,0,0,.228,12.31
105,2014,349,700,2.848,4.077,0,0,.227,12.31
105,2014,349,706,2.888,4.046,0,0,.227,12.31
105,2014,349,712,2.93,4.112,0,0,.227,12.31
105,2014,349,718,2.973,4.124,0,0,.227,12.31
105,2014,349,724,3.017,4.283,0,0,.227,12.31
105,2014,349,730,3.061,4.364,0,0,.227,12.31
105,2014,349,736,3.106,4.212,0,0,.227,12.31
105,2014,349,742,3.153,4.356,0,0,.227,12.31
105,2014,349,748,3.198,4.304,0,0,.227,12.31
105,2014,349,754,3.243,4.431,0,0,.227,12.31
105,2014,349,800,3.288,4.483,0,0,.227,12.31
105,2014,349,806,3.332,4.272,0,0,.227,12.31
105,2014,349,812,3.374,4.297,0,0,.227,12.31
105,2014,349,818,3.416,4.461,0,0,.227,12.31
105,2014,349,824,3.457,4.362,0,0,.227,12.31
105,2014,349,830,3.495,4.25,0,0,.227,12.31
105,2014,349,836,3.534,4.401,0,0,.227,12.31
105,2014,349,842,3.57,4.701,0,0,.228,12.31
105,2014,349,848,3.606,4.634,0,0,.227,12.31
105,2014,349,854,3.643,4.624,0,0,.227,12.31
105,2014,349,900,3.678,4.686,0,0,.227,12.31
105,2014,349,906,3.714,4.956,0,0,.227,12.31
105,2014,349,912,3.75,5.148,0,0,.227,12.31
105,2014,349,918,3.788,5.442,0,0,.228,12.31
105,2014,349,924,3.832,5.619,0,0,.227,12.31
105,2014,349,930,3.88,5.874,0,0,.227,12.31
105,2014,349,936,3.935,6.096,0,0,.227,12.31
105,2014,349,942,3.996,6.163,0,0,.227,12.31
105,2014,349,948,4.065,6.397,0,0,.227,12.31
105,2014,349,954,4.138,6.728,0,0,.227,12.31
105,2014,349,1000,4.218,7.01,0,0,.227,12.31
105,2014,349,1006,4.305,7.48,0,0,.227,12.31
105,2014,349,1012,4.4,7.5,0,0,.227,12.31
105,2014,349,1018,4.502,7.76,0,0,.227,12.31
105,2014,349,1024,4.612,8.35,0,0,.227,12.31
105,2014,349,1030,4.73,8.46,0,0,.226,12.31
105,2014,349,1036,4.858,9.44,0,0,.226,12.31
105,2014,349,1042,5,10.33,0,0,.226,12.31
105,2014,349,1048,5.157,10.93,0,0,.225,12.31
105,2014,349,1054,5.334,11.34,0,0,.226,12.31
105,2014,349,1100,5.531,11.26,0,0,.225,12.31
105,2014,349,1106,5.75,11.76,0,0,.225,12.31
105,2014,349,1112,5.988,11.42,0,0,.224,12.31
105,2014,349,1118,6.235,11.34,0,0,.224,12.31
105,2014,349,1124,6.481,11.72,0,0,.224,12.31
105,2014,349,1130,6.73,12.27,0,0,.224,12.31
105,2014,349,1136,6.986,11.88,0,0,.224,12.31
105,2014,349,1142,7.24,11.6,0,0,.224,12.31
105,2014,349,1148,7.49,11.95,0,0,.224,12.31
105,2014,349,1154,7.73,11.59,0,0,.224,12.31
105,2014,349,1200,7.97,11.89,0,0,.224,12.31
105,2014,349,1206,8.2,11.81,0,0,.224,12.31
105,2014,349,1212,8.42,12.2,0,0,.224,12.31
105,2014,349,1218,8.64,12.09,0,0,.224,12.31
105,2014,349,1224,8.84,11.8,0,0,.224,12.3
105,2014,349,1230,9.04,11.73,0,0,.224,12.3
105,2014,349,1236,9.23,12.09,0,0,.223,12.31
105,2014,349,1242,9.4,11.93,0,0,.224,12.31
105,2014,349,1248,9.56,11.86,0,0,.224,12.3
105,2014,349,1254,9.72,12.47,0,0,.224,12.3
105,2014,349,1300,9.87,13.03,0,0,.224,12.3
105,2014,349,1306,10.02,12.19,0,0,.224,12.31
105,2014,349,1312,10.17,12.78,0,0,.224,12.3
105,2014,349,1318,10.31,13.61,0,0,.224,12.3
105,2014,349,1324,10.46,13.22,0,0,.223,12.3
105,2014,349,1330,10.61,13.58,0,0,.223,12.3
105,2014,349,1336,10.77,14.19,0,0,.223,12.3
105,2014,349,1342,10.92,14.42,0,0,.223,12.3
105,2014,349,1348,11.08,13.88,0,0,.222,12.3
105,2014,349,1354,11.24,14.01,0,0,.345,12.3
105,2014,349,1400,11.4,14.91,0,0,.658,12.3
105,2014,349,1406,11.56,13.68,0,0,.658,12.3
105,2014,349,1412,11.71,13.02,0,0,.657,12.3
105,2014,349,1418,11.85,12.03,0,0,.657,12.3
105,2014,349,1424,11.97,12.1,0,0,.657,12.3
105,2014,349,1430,12.06,11.62,0,0,.657,12.3
105,2014,349,1436,12.13,11.4,0,0,.657,12.3
105,2014,349,1442,12.16,10.92,0,0,.657,12.31
105,2014,349,1448,12.18,10.8,0,0,.657,12.31
105,2014,349,1454,12.16,10.35,0,0,.656,12.31
105,2014,349,1500,12.13,10.2,0,0,.656,12.31
105,2014,349,1506,12.06,10.19,0,0,.656,12.31
105,2014,349,1512,11.98,10.27,0,0,.657,12.31
105,2014,349,1518,11.89,9.98,0,0,.656,12.31
105,2014,349,1524,11.79,9.72,0,0,.657,12.31
105,2014,349,1530,11.68,9.55,0,0,.657,12.31
105,2014,349,1536,11.56,9.32,0,0,.657,12.31
105,2014,349,1542,11.44,9.27,0,0,.657,12.31
105,2014,349,1548,11.32,9.3,0,0,.657,12.31
105,2014,349,1554,11.19,9.21,0,0,.657,12.31
105,2014,349,1600,11.07,9.14,0,0,.657,12.31
105,2014,349,1606,10.95,9.1,0,0,.658,12.31
105,2014,349,1612,10.82,9.19,0,0,.657,12.31
105,2014,349,1618,10.71,9.04,0,0,.658,12.31
105,2014,349,1624,10.59,8.95,0,0,.658,12.31
105,2014,349,1630,10.48,8.87,0,0,.658,12.31
105,2014,349,1636,10.37,8.67,0,0,.658,12.31
105,2014,349,1642,10.25,8.73,0,0,.658,12.31
105,2014,349,1648,10.14,8.49,0,0,.658,12.31
105,2014,349,1654,10.03,8.43,0,0,.658,12.31
105,2014,349,1700,9.92,8.39,0,0,.657,12.31
105,2014,349,1706,9.81,8.11,0,0,.657,12.31
105,2014,349,1712,9.7,8.06,0,0,.658,12.31
105,2014,349,1718,9.59,7.81,0,0,.658,12.31
105,2014,349,1724,9.48,7.32,0,0,.658,12.31
105,2014,349,1730,9.36,6.981,0,0,.658,12.31
105,2014,349,1736,9.23,6.74,0,0,.658,12.31
105,2014,349,1742,9.1,6.549,0,0,.658,12.31
105,2014,349,1748,8.96,6.131,0,0,.658,12.31
105,2014,349,1754,8.81,5.69,0,0,.658,12.31
105,2014,349,1800,8.66,5.7,0,0,.657,12.31
105,2014,349,1806,8.49,5.474,0,0,.658,12.31
105,2014,349,1812,8.31,5.23,0,0,.658,12.31
105,2014,349,1818,8.14,4.849,0,0,.658,12.31
105,2014,349,1824,7.96,4.715,0,0,.658,12.31
105,2014,349,1830,7.77,4.51,0,0,.658,12.31
105,2014,349,1836,7.57,4.42,0,0,.658,12.31
105,2014,349,1842,7.38,4.08,0,0,.658,12.31
105,2014,349,1848,7.18,3.745,0,0,.659,12.31
105,2014,349,1854,6.986,3.472,0,0,.658,12.31
105,2014,349,1900,6.787,3.397,0,0,.658,12.31
105,2014,349,1906,6.585,2.992,0,0,.658,12.31
105,2014,349,1912,6.386,2.972,0,0,.658,12.31
105,2014,349,1918,6.183,2.429,0,0,.657,12.31
105,2014,349,1924,5.977,2.636,0,0,.658,12.31
105,2014,349,1930,5.772,2.411,0,0,.658,12.31
105,2014,349,1936,5.571,2.147,0,0,.658,12.31
105,2014,349,1942,5.367,2.177,0,0,.658,12.31
105,2014,349,1948,5.163,2.162,0,0,.657,12.31
105,2014,349,1954,4.962,2.005,0,0,.658,12.31
105,2014,349,2000,4.768,2.054,0,0,.658,12.31
105,2014,349,2006,4.575,1.686,0,0,.657,12.31
105,2014,349,2012,4.387,1.598,0,0,.657,12.31
105,2014,349,2018,4.201,1.661,0,0,.658,12.31
105,2014,349,2024,4.023,2.182,0,0,.659,12.31
105,2014,349,2030,3.85,2.258,0,0,.657,12.31
105,2014,349,2036,3.682,2.002,0,0,.656,12.31
105,2014,349,2042,3.52,1.305,0,0,.658,12.31
105,2014,349,2048,3.368,1.262,0,0,.657,12.31
105,2014,349,2054,3.224,1.804,0,0,.657,12.31
105,2014,349,2100,3.08,2.383,0,0,.659,12.31
105,2014,349,2106,2.943,1.658,0,0,.657,12.31
105,2014,349,2112,2.815,1.179,0,0,.657,12.31
105,2014,349,2118,2.694,1.194,0,0,.657,12.31
105,2014,349,2124,2.581,1.657,0,0,.657,12.31
105,2014,349,2130,2.469,1.524,0,0,.657,12.31
105,2014,349,2136,2.36,1.234,0,0,.657,12.31
105,2014,349,2142,2.256,1.274,0,0,.657,12.31
105,2014,349,2148,2.155,.825,0,0,.657,12.31
105,2014,349,2154,2.058,.873,0,0,.656,12.31
105,2014,349,2200,1.964,1.19,0,0,.657,12.31
105,2014,349,2206,1.876,1.526,0,0,.657,12.31
105,2014,349,2212,1.789,1.168,0,0,.657,12.31
105,2014,349,2218,1.704,.911,0,0,.658,12.31
105,2014,349,2224,1.619,.757,0,0,.657,12.31
105,2014,349,2230,1.535,.833,0,0,.657,12.31
105,2014,349,2236,1.453,1.038,0,0,.657,12.31
105,2014,349,2242,1.373,1.024,0,0,.657,12.31
105,2014,349,2248,1.295,.538,0,0,.655,12.31
105,2014,349,2254,1.218,.364,0,0,.658,12.31
105,2014,349,2300,1.144,.568,0,0,.656,12.31
105,2014,349,2306,1.073,1.295,0,0,.658,12.32
105,2014,349,2312,1.002,1.441,0,0,.658,12.31
105,2014,349,2318,.935,.776,0,0,.658,12.31
105,2014,349,2324,.872,.783,0,0,.657,12.31
105,2014,349,2330,.813,.911,0,0,.657,12.31
105,2014,349,2336,.756,.415,0,0,.658,12.31
105,2014,349,2342,.7,.543,0,0,.657,12.31
105,2014,349,2348,.646,.575,0,0,.656,12.31
105,2014,349,2354,.593,1.054,0,0,.657,12.31
105,2014,350,0,.542,.674,0,0,.657,12.31
105,2014,350,6,.495,.674,0,0,.657,12.31
105,2014,350,12,.45,.6,0,0,.657,12.31
105,2014,350,18,.408,.488,0,0,.658,12.31
105,2014,350,24,.366,.399,0,0,.657,12.31
105,2014,350,30,.327,.308,0,0,.657,12.31
105,2014,350,36,.285,.339,0,0,.657,12.32
105,2014,350,42,.246,.671,0,0,.657,12.31
105,2014,350,48,.208,.827,0,0,.657,12.31
105,2014,350,54,.173,.741,0,0,.656,12.31
105,2014,350,100,.141,.748,0,0,.658,12.31
105,2014,350,106,.112,.331,0,0,.656,12.31
105,2014,350,112,.085,.624,0,0,.657,12.31
105,2014,350,118,.059,.568,0,0,.657,12.31
105,2014,350,124,.037,.139,0,0,.657,12.31
105,2014,350,130,.016,.474,0,0,.658,12.31
105,2014,350,136,-.005,.508,0,0,.657,12.31
105,2014,350,142,-.026,.536,0,0,.656,12.31
105,2014,350,148,-.046,.434,0,0,.657,12.31
105,2014,350,154,-.066,.013,0,0,.657,12.31
105,2014,350,200,-.085,.417,0,0,.658,12.31
105,2014,350,206,-.105,.252,0,0,.656,12.31
105,2014,350,212,-.126,.141,0,0,.657,12.31
105,2014,350,218,-.149,.226,0,0,.656,12.31
105,2014,350,224,-.171,.71,0,0,.658,12.31
105,2014,350,230,-.193,.072,0,0,.657,12.31
105,2014,350,236,-.214,-.273,0,0,.657,12.32
105,2014,350,242,-.235,.13,0,0,.657,12.31
105,2014,350,248,-.257,-.005,0,0,.657,12.31
105,2014,350,254,-.28,-.226,0,0,.657,12.31
105,2014,350,300,-.305,-.216,0,0,.657,12.31
105,2014,350,306,-.331,-.315,0,0,.657,12.31
105,2014,350,312,-.357,-.348,0,0,.657,12.32
105,2014,350,318,-.385,-.224,0,0,.657,12.32
105,2014,350,324,-.413,-.117,0,0,.657,12.32
105,2014,350,330,-.438,-.121,0,0,.657,12.32
105,2014,350,336,-.464,-.042,0,0,.658,12.32
105,2014,350,342,-.488,.097,0,0,.658,12.32
105,2014,350,348,-.51,.073,0,0,.658,12.32
105,2014,350,354,-.529,-.238,0,0,.657,12.32
105,2014,350,400,-.548,-.449,0,0,.657,12.32
105,2014,350,406,-.567,-.341,0,0,.657,12.32
105,2014,350,412,-.588,-.529,0,0,.657,12.32
105,2014,350,418,-.611,-.532,0,0,.657,12.32
105,2014,350,424,-.638,-.195,0,0,.657,12.32
105,2014,350,430,-.665,-.309,0,0,.657,12.32
105,2014,350,436,-.695,-.306,0,0,.657,12.32
105,2014,350,442,-.724,-.418,0,0,.657,12.31
105,2014,350,448,-.753,-.263,0,0,.656,12.32
105,2014,350,454,-.778,-.384,0,0,.657,12.31
105,2014,350,500,-.801,-.109,0,0,.657,12.31
105,2014,350,506,-.817,-.157,0,0,.656,12.31
105,2014,350,512,-.829,-.202,0,0,.657,12.31
105,2014,350,518,-.838,-.196,0,0,.656,12.31
105,2014,350,524,-.84,.276,0,0,.657,12.31
105,2014,350,530,-.841,.131,0,0,.657,12.31
105,2014,350,536,-.835,.303,0,0,.657,12.31
105,2014,350,542,-.83,.23,0,0,.657,12.31
105,2014,350,548,-.82,-.079,0,0,.657,12.31
105,2014,350,554,-.817,-.089,0,0,.657,12.31
105,2014,350,600,-.809,-.264,0,0,.657,12.31
105,2014,350,606,-.809,-.394,0,0,.657,12.31
105,2014,350,612,-.813,-.394,0,0,.658,12.31
105,2014,350,618,-.822,-.321,0,0,.656,12.31
105,2014,350,624,-.834,-.375,0,0,.656,12.31
105,2014,350,630,-.849,-.653,0,0,.657,12.31
105,2014,350,636,-.866,-.666,0,0,.658,12.31
105,2014,350,642,-.884,-.778,0,0,.657,12.31
105,2014,350,648,-.904,-.726,0,0,.657,12.31
105,2014,350,654,-.928,-.494,0,0,.656,12.31
105,2014,350,700,-.953,-.802,0,0,.657,12.31
105,2014,350,706,-.981,-.775,0,0,.658,12.31
105,2014,350,712,-1.01,-.768,0,0,.657,12.31
105,2014,350,718,-1.04,-.398,0,0,.656,12.32
105,2014,350,724,-1.072,-.327,0,0,.657,12.32
105,2014,350,730,-1.102,-.858,0,0,.658,12.32
105,2014,350,736,-1.13,-1.206,0,0,.657,12.32
105,2014,350,742,-1.157,-.986,0,0,.657,12.32
105,2014,350,748,-1.184,-.786,0,0,.657,12.32
105,2014,350,754,-1.211,-.967,0,0,.658,12.32
105,2014,350,800,-1.239,-.559,0,0,.658,12.32
105,2014,350,806,-1.265,-.661,0,0,.657,12.32
105,2014,350,812,-1.29,-.879,0,0,.657,12.32
105,2014,350,818,-1.312,-1.151,0,0,.657,12.32
105,2014,350,824,-1.335,-1.279,0,0,.656,12.32
105,2014,350,830,-1.359,-1.468,0,0,.657,12.32
105,2014,350,836,-1.386,-1.277,0,0,.656,12.32
105,2014,350,842,-1.415,-1.173,0,0,.658,12.32
105,2014,350,848,-1.447,-1.375,0,0,.656,12.32
105,2014,350,854,-1.479,-1.004,0,0,.657,12.32
105,2014,350,900,-1.51,-.959,0,0,.657,12.32
105,2014,350,906,-1.537,-.349,0,0,.657,12.32
105,2014,350,912,-1.558,-.195,0,0,.657,12.32
105,2014,350,918,-1.569,.349,0,0,.658,12.31
105,2014,350,924,-1.565,.839,0,0,.657,12.31
105,2014,350,930,-1.545,1.867,0,0,.656,12.31
105,2014,350,936,-1.503,2.585,0,0,.657,12.31
105,2014,350,942,-1.434,3.467,0,0,.657,12.31
105,2014,350,948,-1.336,4.138,0,0,.656,12.31
105,2014,350,954,-1.21,4.272,0,0,.658,12.31
105,2014,350,1000,-1.056,4.697,0,0,.657,12.31
105,2014,350,1006,-.875,5.154,0,0,.657,12.31
105,2014,350,1012,-.669,5.574,0,0,.658,12.31
105,2014,350,1018,-.44,6.046,0,0,.657,12.31
105,2014,350,1024,-.184,6.935,0,0,.656,12.31
105,2014,350,1030,.102,7.13,0,0,.656,12.31
105,2014,350,1036,.418,7.6,0,0,.657,12.31
105,2014,350,1042,.759,7.87,0,0,.656,12.31
105,2014,350,1048,1.118,8.27,0,0,.657,12.31
105,2014,350,1054,1.484,8.99,0,0,.657,12.31
105,2014,350,1100,1.872,8.48,0,0,.658,12.31
105,2014,350,1106,2.268,8.16,0,0,.658,12.31
105,2014,350,1112,2.66,7.89,0,0,.658,12.31
105,2014,350,1118,3.024,8.06,0,0,.658,12.31
105,2014,350,1124,3.365,8.39,0,0,.659,12.31
105,2014,350,1130,3.679,9.12,0,0,.658,12.31
105,2014,350,1136,3.986,9.48,0,0,.659,12.31
105,2014,350,1142,4.294,9.49,0,0,.656,12.31
105,2014,350,1148,4.601,9.3,0,0,.658,12.31
105,2014,350,1154,4.904,9.19,0,0,.657,12.31
105,2014,350,1200,5.186,9.17,0,0,.657,12.31
105,2014,350,1206,5.452,9.74,0,0,.657,12.31
105,2014,350,1212,5.705,9.41,0,0,.658,12.31
105,2014,350,1218,5.941,9.23,0,0,.659,12.31
105,2014,350,1224,6.167,9.06,0,0,.658,12.31
105,2014,350,1230,6.375,9.28,0,0,.658,12.31
105,2014,350,1236,6.562,8.99,0,0,.658,12.31
105,2014,350,1242,6.733,8.76,0,0,.657,12.31
105,2014,350,1248,6.889,8.96,0,0,.658,12.31
105,2014,350,1254,7.03,8.66,0,0,.658,12.31
105,2014,350,1300,7.15,8.94,0,0,.657,12.31
105,2014,350,1306,7.25,8.91,0,0,.658,12.31
105,2014,350,1312,7.34,8.43,0,0,.658,12.31
105,2014,350,1318,7.42,8.47,0,0,.658,12.31
105,2014,350,1324,7.49,8.36,0,0,.658,12.31
105,2014,350,1330,7.55,8.28,0,0,.658,12.31
105,2014,350,1336,7.61,8.35,0,0,.658,12.31
105,2014,350,1342,7.66,8.18,0,0,.657,12.31
105,2014,350,1348,7.71,8.04,0,0,.658,12.31
105,2014,350,1354,7.74,7.67,0,0,.657,12.31
105,2014,350,1400,7.77,7.53,0,0,.657,12.31
105,2014,350,1406,7.8,7.54,0,0,.658,12.31
105,2014,350,1412,7.82,7.45,0,0,.66,12.31
105,2014,350,1418,7.83,7.45,0,0,.659,12.31
105,2014,350,1424,7.84,7.33,0,0,.658,12.31
105,2014,350,1430,7.84,7.31,0,0,.658,12.31
105,2014,350,1436,7.84,7.46,0,0,.658,12.31
105,2014,350,1442,7.85,7.76,0,0,.66,12.31
105,2014,350,1448,7.85,8.12,0,0,.658,12.31
105,2014,350,1454,7.86,8.72,0,0,.657,12.31
105,2014,350,1500,7.87,8.89,0,0,.658,12.31
105,2014,350,1506,7.91,8.78,0,0,.658,12.31
105,2014,350,1512,7.95,8.67,0,0,.657,12.31
105,2014,350,1518,8,8.42,0,0,.658,12.31
105,2014,350,1524,8.05,8.24,0,0,.66,12.31
105,2014,350,1530,8.1,8.07,0,0,.657,12.31
105,2014,350,1536,8.14,8.04,0,0,.657,12.31
105,2014,350,1542,8.17,8,0,0,.657,12.31
105,2014,350,1548,8.19,7.97,0,0,.659,12.31
105,2014,350,1554,8.21,7.97,0,0,.659,12.31
105,2014,350,1600,8.23,7.95,0,0,.659,12.31
105,2014,350,1606,8.24,7.94,0,0,.659,12.31
105,2014,350,1612,8.25,7.93,0,0,.658,12.31
105,2014,350,1618,8.25,7.9,0,0,.658,12.31
105,2014,350,1624,8.26,7.95,0,0,.658,12.31
105,2014,350,1630,8.26,7.91,0,0,.658,12.31
105,2014,350,1636,8.26,7.85,0,0,.659,12.31
105,2014,350,1642,8.26,7.72,0,0,.659,12.31
105,2014,350,1648,8.26,7.72,0,0,.656,12.31
105,2014,350,1654,8.25,7.8,0,0,.658,12.31
105,2014,350,1700,8.25,7.78,0,0,.659,12.31
105,2014,350,1706,8.24,7.8,0,0,.658,12.31
105,2014,350,1712,8.23,7.84,0,0,.659,12.31
105,2014,350,1718,8.22,7.86,0,0,.655,12.31
105,2014,350,1724,8.22,7.94,0,0,.659,12.31
105,2014,350,1730,8.21,7.96,0,0,.657,12.31
105,2014,350,1736,8.2,7.91,0,0,.657,12.31
105,2014,350,1742,8.2,7.94,0,0,.658,12.31
105,2014,350,1748,8.2,7.95,0,0,.658,12.31
105,2014,350,1754,8.19,7.88,0,0,.658,12.31
105,2014,350,1800,8.19,7.97,0,0,.658,12.31
105,2014,350,1806,8.19,7.88,0,0,.659,12.31
105,2014,350,1812,8.18,7.91,0,0,.657,12.31
105,2014,350,1818,8.18,7.88,0,0,.658,12.31
105,2014,350,1824,8.17,7.8,0,0,.658,12.31
105,2014,350,1830,8.17,7.79,0,0,.657,12.31
105,2014,350,1836,8.16,7.68,0,0,.658,12.31
105,2014,350,1842,8.14,7.62,0,0,.658,12.31
105,2014,350,1848,8.13,7.62,0,0,.658,12.31
105,2014,350,1854,8.11,7.61,0,0,.658,12.31
105,2014,350,1900,8.1,7.65,0,0,.658,12.31
105,2014,350,1906,8.08,7.59,0,0,.657,12.31
105,2014,350,1912,8.06,7.55,0,0,.659,12.31
105,2014,350,1918,8.04,7.45,0,0,.656,12.31
105,2014,350,1924,8.02,7.36,0,0,.656,12.31
105,2014,350,1930,8,7.32,0,0,.658,12.31
105,2014,350,1936,7.97,7.36,0,0,.658,12.31
105,2014,350,1942,7.95,7.43,0,0,.658,12.31
105,2014,350,1948,7.93,7.51,0,0,.658,12.31
105,2014,350,1954,7.91,7.51,0,0,.657,12.31
105,2014,350,2000,7.88,7.74,0,0,.659,12.31
105,2014,350,2006,7.86,7.46,0,0,.657,12.31
105,2014,350,2012,7.84,7.35,0,0,.656,12.31
105,2014,350,2018,7.82,7.44,0,0,.659,12.31
105,2014,350,2024,7.81,7.33,0,0,.658,12.31
105,2014,350,2030,7.79,7.37,0,0,.659,12.31
105,2014,350,2036,7.77,7.35,0,0,.659,12.31
105,2014,350,2042,7.75,7.51,0,0,.657,12.31
105,2014,350,2048,7.73,7.51,0,0,.658,12.31
105,2014,350,2054,7.71,7.44,0,0,.659,12.31
105,2014,350,2100,7.7,7.48,0,0,.658,12.31
105,2014,350,2106,7.68,7.47,0,0,.658,12.31
105,2014,350,2112,7.66,7.52,0,0,.658,12.31
105,2014,350,2118,7.65,7.32,0,0,.658,12.31
105,2014,350,2124,7.64,7.36,0,0,.658,12.31
105,2014,350,2130,7.63,7.43,0,0,.659,12.31
105,2014,350,2136,7.61,7.4,0,0,.656,12.31
105,2014,350,2142,7.6,7.42,0,0,.658,12.31
105,2014,350,2148,7.59,7.4,0,0,.658,12.31
105,2014,350,2154,7.58,7.51,0,0,.66,12.31
105,2014,350,2200,7.57,7.55,0,0,.658,12.31
105,2014,350,2206,7.56,7.39,0,0,.658,12.31
105,2014,350,2212,7.55,7.48,0,0,.658,12.31
105,2014,350,2218,7.54,7.51,0,0,.658,12.31
105,2014,350,2224,7.53,7.67,0,0,.659,12.31
105,2014,350,2230,7.53,7.66,0,0,.658,12.31
105,2014,350,2236,7.52,7.73,0,0,.658,12.31
105,2014,350,2242,7.52,7.77,0,0,.659,12.31
105,2014,350,2248,7.52,7.72,0,0,.659,12.31
105,2014,350,2254,7.52,7.7,0,0,.659,12.31
105,2014,350,2300,7.53,7.58,0,0,.657,12.31
105,2014,350,2306,7.53,7.62,0,0,.659,12.31
105,2014,350,2312,7.53,7.6,0,0,.659,12.31
105,2014,350,2318,7.53,7.58,0,0,.659,12.31
105,2014,350,2324,7.54,7.7,0,0,.657,12.31
105,2014,350,2330,7.55,7.63,0,0,.658,12.31
105,2014,350,2336,7.55,7.6,0,0,.659,12.31
105,2014,350,2342,7.55,7.6,0,0,.658,12.31
105,2014,350,2348,7.56,7.53,0,0,.658,12.31
105,2014,350,2354,7.56,7.57,0,0,.658,12.31
105,2014,351,0,7.56,7.54,0,0,.657,12.31
105,2014,351,6,7.56,7.61,0,0,.658,12.31
105,2014,351,12,7.57,7.62,0,0,.658,12.31
105,2014,351,18,7.57,7.61,0,0,.659,12.31
105,2014,351,24,7.57,7.61,0,0,.657,12.31
105,2014,351,30,7.57,7.58,0,0,.659,12.31
105,2014,351,36,7.58,7.58,0,0,.657,12.31
105,2014,351,42,7.58,7.51,0,0,.658,12.31
105,2014,351,48,7.58,7.36,0,0,.658,12.31
105,2014,351,54,7.57,7.3,0,0,.658,12.31
105,2014,351,100,7.56,7.06,0,0,.658,12.31
105,2014,351,106,7.55,6.948,0,0,.657,12.31
105,2014,351,112,7.53,6.895,0,0,.658,12.31
105,2014,351,118,7.51,6.752,0,0,.658,12.31
105,2014,351,124,7.48,6.608,0,0,.657,12.31
105,2014,351,130,7.44,6.328,0,0,.658,12.31
105,2014,351,136,7.39,6.029,0,0,.655,12.31
105,2014,351,142,7.33,5.906,0,0,.657,12.31
105,2014,351,148,7.26,5.741,0,0,.656,12.31
105,2014,351,154,7.18,5.509,0,0,.658,12.31
105,2014,351,200,7.08,5.444,0,0,.659,12.31
105,2014,351,206,6.982,5.225,0,0,.658,12.31
105,2014,351,212,6.875,5.157,0,0,.658,12.31
105,2014,351,218,6.761,5.023,0,0,.658,12.31
105,2014,351,224,6.647,5.064,0,0,.658,12.31
105,2014,351,230,6.529,5.094,0,0,.657,12.31
105,2014,351,236,6.407,5.061,0,0,.658,12.31
105,2014,351,242,6.284,5.096,0,0,.657,12.31
105,2014,351,248,6.164,4.673,0,0,.657,12.31
105,2014,351,254,6.044,4.674,0,0,.658,12.31
105,2014,351,300,5.925,4.611,0,0,.658,12.31
105,2014,351,306,5.809,4.54,0,0,.659,12.31
105,2014,351,312,5.692,4.459,0,0,.658,12.31
105,2014,351,318,5.572,4.409,0,0,.658,12.31
105,2014,351,324,5.45,4.174,0,0,.658,12.31
105,2014,351,330,5.328,4.163,0,0,.656,12.31
105,2014,351,336,5.207,3.96,0,0,.658,12.31
105,2014,351,342,5.088,3.921,0,0,.657,12.31
105,2014,351,348,4.971,3.908,0,0,.659,12.31
105,2014,351,354,4.853,4.054,0,0,.658,12.31
105,2014,351,400,4.736,3.948,0,0,.658,12.31
105,2014,351,406,4.621,3.892,0,0,.658,12.31
105,2014,351,412,4.509,3.857,0,0,.659,12.31
105,2014,351,418,4.401,3.645,0,0,.658,12.31
105,2014,351,424,4.295,3.757,0,0,.657,12.31
105,2014,351,430,4.197,3.51,0,0,.658,12.31
105,2014,351,436,4.098,3.673,0,0,.657,12.31
105,2014,351,442,4.001,3.511,0,0,.658,12.31
105,2014,351,448,3.907,3.488,0,0,.659,12.31
105,2014,351,454,3.816,3.547,0,0,.657,12.31
105,2014,351,500,3.728,3.393,0,0,.656,12.31
105,2014,351,506,3.641,3.517,0,0,.659,12.31
105,2014,351,512,3.558,3.305,0,0,.657,12.31
105,2014,351,518,3.48,3.244,0,0,.657,12.31
105,2014,351,524,3.403,3.381,0,0,.658,12.31
105,2014,351,530,3.328,3.456,0,0,.658,12.31
105,2014,351,536,3.257,3.421,0,0,.658,12.31
105,2014,351,542,3.19,3.227,0,0,.658,12.31
105,2014,351,548,3.128,3.308,0,0,.658,12.31
105,2014,351,554,3.069,3.347,0,0,.658,12.31
105,2014,351,600,3.014,3.294,0,0,.657,12.31
105,2014,351,606,2.961,3.062,0,0,.657,12.31
105,2014,351,612,2.91,3.076,0,0,.657,12.31
105,2014,351,618,2.857,3.1,0,0,.657,12.31
105,2014,351,624,2.806,3.239,0,0,.657,12.31
105,2014,351,630,2.757,3.161,0,0,.659,12.31
105,2014,351,636,2.707,2.996,0,0,.657,12.31
105,2014,351,642,2.657,2.829,0,0,.657,12.31
105,2014,351,648,2.605,2.88,0,0,.657,12.31
105,2014,351,654,2.552,2.979,0,0,.659,12.31
105,2014,351,700,2.5,2.896,0,0,.656,12.31
105,2014,351,706,2.448,2.861,0,0,.656,12.31
105,2014,351,712,2.397,2.561,0,0,.657,12.31
105,2014,351,718,2.346,1.663,0,0,.658,12.31
105,2014,351,724,2.289,1.406,0,0,.658,12.31
105,2014,351,730,2.231,1.602,0,0,.657,12.31
105,2014,351,736,2.165,1.405,0,0,.658,12.31
105,2014,351,742,2.094,1.069,0,0,.657,12.31
105,2014,351,748,2.017,1.002,0,0,.657,12.31
105,2014,351,754,1.935,1.646,0,0,.657,12.31
105,2014,351,800,1.85,1.02,0,0,.657,12.31
105,2014,351,806,1.764,.422,0,0,.656,12.31
105,2014,351,812,1.679,.356,0,0,.658,12.31
105,2014,351,818,1.59,.276,0,0,.659,12.31
105,2014,351,824,1.5,.276,0,0,.657,12.31
105,2014,351,830,1.406,.159,0,0,.658,12.31
105,2014,351,836,1.312,-.013,0,0,.657,12.31
105,2014,351,842,1.219,.304,0,0,.657,12.31
105,2014,351,848,1.127,.151,0,0,.659,12.32
105,2014,351,854,1.034,.247,0,0,.657,12.32
105,2014,351,900,.944,.602,0,0,.657,12.31
105,2014,351,906,.859,.833,0,0,.658,12.31
105,2014,351,912,.78,.232,0,0,.657,12.31
105,2014,351,918,.707,.662,0,0,.657,12.31
105,2014,351,924,.641,1.206,0,0,.657,12.31
105,2014,351,930,.583,1.537,0,0,.656,12.31
105,2014,351,936,.534,2.143,0,0,.657,12.31
105,2014,351,942,.504,3.065,0,0,.657,12.31
105,2014,351,948,.502,3.699,0,0,.657,12.31
105,2014,351,954,.533,4.727,0,0,.657,12.31
105,2014,351,1000,.611,5.764,0,0,.657,12.31
105,2014,351,1006,.742,6.826,0,0,.658,12.31
105,2014,351,1012,.931,7.66,0,0,.658,12.31
105,2014,351,1018,1.182,7.75,0,0,.657,12.31
105,2014,351,1024,1.489,9.14,0,0,.658,12.31
105,2014,351,1030,1.84,9.78,0,0,.659,12.31
105,2014,351,1036,2.232,10.61,0,0,.658,12.31
105,2014,351,1042,2.655,11.04,0,0,.658,12.31
105,2014,351,1048,3.098,11.42,0,0,.657,12.31
105,2014,351,1054,3.559,12.05,0,0,.658,12.31
105,2014,351,1100,4.03,12.27,0,0,.657,12.31
105,2014,351,1106,4.507,12.55,0,0,.657,12.31
105,2014,351,1112,4.985,13.71,0,0,.657,12.31
105,2014,351,1118,5.463,13.17,0,0,.658,12.31
105,2014,351,1124,5.936,13.29,0,0,.657,12.31
105,2014,351,1130,6.396,13.77,0,0,.658,12.31
105,2014,351,1136,6.843,13.39,0,0,.656,12.31
105,2014,351,1142,7.27,13.78,0,0,.659,12.31
105,2014,351,1148,7.67,13.44,0,0,.658,12.31
105,2014,351,1154,8.05,13.93,0,0,.658,12.31
105,2014,351,1200,8.41,14.17,0,0,.658,12.31
105,2014,351,1206,8.76,14.8,0,0,.659,12.31
105,2014,351,1212,9.1,14.55,0,0,.659,12.3
105,2014,351,1218,9.44,14.6,0,0,.658,12.31
105,2014,351,1224,9.77,13.11,0,0,.658,12.3
105,2014,351,1230,10.08,14.39,0,0,.657,12.3
105,2014,351,1236,10.37,14.7,0,0,.657,12.3
105,2014,351,1242,10.65,13.4,0,0,.658,12.3
105,2014,351,1248,10.91,12.03,0,0,.658,12.3
105,2014,351,1254,11.14,11.28,0,0,.658,12.31
105,2014,351,1300,11.31,11.42,0,0,.657,12.31
105,2014,351,1306,11.43,11.44,0,0,.657,12.31
105,2014,351,1312,11.51,11.44,0,0,.657,12.31
105,2014,351,1318,11.55,12.09,0,0,.658,12.31
105,2014,351,1324,11.58,12.1,0,0,.657,12.31
105,2014,351,1330,11.61,13.87,0,0,.658,12.31
105,2014,351,1336,11.65,14.09,0,0,.657,12.3
105,2014,351,1342,11.7,13.87,0,0,.657,12.3
105,2014,351,1348,11.78,14.56,0,0,.657,12.3
105,2014,351,1354,11.88,14.39,0,0,.656,12.3
105,2014,351,1400,12,14.23,0,0,.657,12.3
105,2014,351,1406,12.13,13.95,0,0,.658,12.3
105,2014,351,1412,12.27,13.86,0,0,.657,12.3
105,2014,351,1418,12.4,12.96,0,0,.657,12.3
105,2014,351,1424,12.52,12.71,0,0,.656,12.31
105,2014,351,1430,12.61,12.92,0,0,.656,12.3
105,2014,351,1436,12.68,12.54,0,0,.656,12.31
105,2014,351,1442,12.72,12.18,0,0,.655,12.31
105,2014,351,1448,12.75,11.89,0,0,.655,12.31
105,2014,351,1454,12.74,11.85,0,0,.655,12.31
105,2014,351,1500,12.72,11.8,0,0,.656,12.31
105,2014,351,1506,12.67,11.66,0,0,.655,12.31
105,2014,351,1512,12.62,11.47,0,0,.656,12.31
105,2014,351,1518,12.54,11.56,0,0,.656,12.31
105,2014,351,1524,12.46,11.47,0,0,.655,12.31
105,2014,351,1530,12.37,11.34,0,0,.656,12.31
105,2014,351,1536,12.28,11.04,0,0,.656,12.31
105,2014,351,1542,12.18,10.67,0,0,.656,12.31
105,2014,351,1548,12.07,10.49,0,0,.656,12.31
105,2014,351,1554,11.96,10.45,0,0,.657,12.31
105,2014,351,1600,11.84,10.31,0,0,.657,12.31
105,2014,351,1606,11.72,10.5,0,0,.657,12.31
105,2014,351,1612,11.59,10.38,0,0,.657,12.31
105,2014,351,1618,11.47,10.49,0,0,.657,12.31
105,2014,351,1624,11.35,10.06,0,0,.657,12.31
105,2014,351,1630,11.23,9.97,0,0,.657,12.31
105,2014,351,1636,11.11,9.92,0,0,.658,12.31
105,2014,351,1642,10.99,9.69,0,0,.657,12.31
105,2014,351,1648,10.86,9.54,0,0,.657,12.31
105,2014,351,1654,10.74,9.21,0,0,.657,12.31
105,2014,351,1700,10.61,9.25,0,0,.658,12.31
105,2014,351,1706,10.49,9.24,0,0,.657,12.31
105,2014,351,1712,10.36,8.81,0,0,.658,12.31
105,2014,351,1718,10.23,8.64,0,0,.657,12.31
105,2014,351,1724,10.1,9.03,0,0,.657,12.31
105,2014,351,1730,9.97,8.82,0,0,.658,12.31
105,2014,351,1736,9.84,8.36,0,0,.658,12.31
105,2014,351,1742,9.72,7.75,0,0,.658,12.31
105,2014,351,1748,9.59,7.33,0,0,.658,12.31
105,2014,351,1754,9.46,7.53,0,0,.658,12.31
105,2014,351,1800,9.32,7.6,0,0,.658,12.31
105,2014,351,1806,9.17,7.85,0,0,.658,12.31
105,2014,351,1812,9.02,7.32,0,0,.658,12.31
105,2014,351,1818,8.87,6.945,0,0,.658,12.31
105,2014,351,1824,8.73,6.678,0,0,.658,12.31
105,2014,351,1830,8.57,6.42,0,0,.658,12.31
105,2014,351,1836,8.41,6.248,0,0,.658,12.31
105,2014,351,1842,8.25,6.844,0,0,.658,12.31
105,2014,351,1848,8.08,6.61,0,0,.658,12.31
105,2014,351,1854,7.92,6.766,0,0,.658,12.31
105,2014,351,1900,7.75,6.283,0,0,.658,12.31
105,2014,351,1906,7.6,6.078,0,0,.658,12.31
105,2014,351,1912,7.44,5.961,0,0,.658,12.31
105,2014,351,1918,7.29,5.707,0,0,.658,12.31
105,2014,351,1924,7.14,5.384,0,0,.658,12.31
105,2014,351,1930,6.983,5.39,0,0,.658,12.31
105,2014,351,1936,6.823,5.541,0,0,.658,12.31
105,2014,351,1942,6.663,5.514,0,0,.657,12.31
105,2014,351,1948,6.509,4.698,0,0,.658,12.31
105,2014,351,1954,6.358,4.641,0,0,.658,12.31
105,2014,351,2000,6.203,4.577,0,0,.658,12.31
105,2014,351,2006,6.047,4.908,0,0,.657,12.31
105,2014,351,2012,5.894,4.541,0,0,.658,12.31
105,2014,351,2018,5.748,4.286,0,0,.658,12.31
105,2014,351,2024,5.607,4.259,0,0,.658,12.31
105,2014,351,2030,5.463,4.164,0,0,.658,12.31
105,2014,351,2036,5.317,4.266,0,0,.657,12.31
105,2014,351,2042,5.17,3.664,0,0,.658,12.31
105,2014,351,2048,5.024,3.539,0,0,.657,12.31
105,2014,351,2054,4.879,4.098,0,0,.658,12.31
105,2014,351,2100,4.732,3.879,0,0,.657,12.31
105,2014,351,2106,4.589,4.11,0,0,.659,12.31
105,2014,351,2112,4.453,3.851,0,0,.656,12.31
105,2014,351,2118,4.326,3.899,0,0,.657,12.31
105,2014,351,2124,4.209,3.828,0,0,.658,12.31
105,2014,351,2130,4.103,3.841,0,0,.657,12.31
105,2014,351,2136,4.001,3.989,0,0,.659,12.31
105,2014,351,2142,3.903,3.739,0,0,.658,12.31
105,2014,351,2148,3.81,3.728,0,0,.657,12.31
105,2014,351,2154,3.719,3.338,0,0,.658,12.31
105,2014,351,2200,3.632,3.081,0,0,.657,12.31
105,2014,351,2206,3.543,2.857,0,0,.658,12.31
105,2014,351,2212,3.452,2.864,0,0,.657,12.31
105,2014,351,2218,3.358,2.856,0,0,.657,12.31
105,2014,351,2224,3.259,2.498,0,0,.657,12.31
105,2014,351,2230,3.157,2.321,0,0,.658,12.31
105,2014,351,2236,3.053,2.617,0,0,.658,12.31
105,2014,351,2242,2.945,2.973,0,0,.657,12.31
105,2014,351,2248,2.841,2.659,0,0,.657,12.31
105,2014,351,2254,2.741,2.692,0,0,.657,12.31
105,2014,351,2300,2.647,2.492,0,0,.657,12.31
105,2014,351,2306,2.556,2.773,0,0,.658,12.31
105,2014,351,2312,2.469,2.551,0,0,.657,12.31
105,2014,351,2318,2.389,2.505,0,0,.657,12.31
105,2014,351,2324,2.315,2.88,0,0,.657,12.31
105,2014,351,2330,2.25,2.864,0,0,.658,12.31
105,2014,351,2336,2.196,2.548,0,0,.657,12.31
105,2014,351,2342,2.15,1.941,0,0,.657,12.31
105,2014,351,2348,2.102,2.028,0,0,.657,12.32
105,2014,351,2354,2.053,1.744,0,0,.657,12.31
105,2014,352,0,1.998,1.85,0,0,.658,12.32
105,2014,352,6,1.937,1.651,0,0,.657,12.31
105,2014,352,12,1.868,1.874,0,0,.658,12.31
105,2014,352,18,1.794,1.885,0,0,.657,12.32
105,2014,352,24,1.716,1.664,0,0,.657,12.32
105,2014,352,30,1.637,1.836,0,0,.658,12.31
105,2014,352,36,1.56,1.791,0,0,.658,12.31
105,2014,352,42,1.486,2.37,0,0,.658,12.31
105,2014,352,48,1.416,2.12,0,0,.657,12.31
105,2014,352,54,1.356,1.723,0,0,.657,12.31
105,2014,352,100,1.301,1.968,0,0,.657,12.31
105,2014,352,106,1.25,1.597,0,0,.657,12.31
105,2014,352,112,1.2,1.575,0,0,.657,12.32
105,2014,352,118,1.15,2.018,0,0,.657,12.32
105,2014,352,124,1.098,1.803,0,0,.657,12.32
105,2014,352,130,1.046,1.418,0,0,.657,12.32
105,2014,352,136,.995,1.057,0,0,.657,12.32
105,2014,352,142,.942,1.344,0,0,.656,12.32
105,2014,352,148,.887,1.493,0,0,.656,12.32
105,2014,352,154,.831,1.497,0,0,.657,12.32
105,2014,352,200,.778,1.457,0,0,.658,12.32
105,2014,352,206,.725,1.002,0,0,.656,12.32
105,2014,352,212,.673,.879,0,0,.657,12.32
105,2014,352,218,.62,.92,0,0,.657,12.31
105,2014,352,224,.564,.491,0,0,.657,12.31
105,2014,352,230,.505,.409,0,0,.657,12.31
105,2014,352,236,.442,.135,0,0,.657,12.31
105,2014,352,242,.373,.119,0,0,.657,12.32
105,2014,352,248,.297,-.137,0,0,.657,12.32
105,2014,352,254,.216,.001,0,0,.657,12.32
105,2014,352,300,.135,-.058,0,0,.656,12.32
105,2014,352,306,.052,.003,0,0,.657,12.32
105,2014,352,312,-.028,-.075,0,0,.656,12.32
105,2014,352,318,-.107,-.1,0,0,.657,12.32
105,2014,352,324,-.185,-.065,0,0,.657,12.31
105,2014,352,330,-.259,.146,0,0,.658,12.31
105,2014,352,336,-.328,.097,0,0,.658,12.31
105,2014,352,342,-.395,.1,0,0,.656,12.31
105,2014,352,348,-.458,.208,0,0,.656,12.32
105,2014,352,354,-.516,.132,0,0,.656,12.32
105,2014,352,400,-.57,.461,0,0,.656,12.32
105,2014,352,406,-.62,.092,0,0,.656,12.32
105,2014,352,412,-.665,.223,0,0,.657,12.32
105,2014,352,418,-.701,.466,0,0,.658,12.31
105,2014,352,424,-.728,1.03,0,0,.657,12.32
105,2014,352,430,-.743,1.159,0,0,.656,12.31
105,2014,352,436,-.746,1.089,0,0,.657,12.31
105,2014,352,442,-.745,1.064,0,0,.657,12.31
105,2014,352,448,-.731,1.213,0,0,.657,12.31
105,2014,352,454,-.712,1.252,0,0,.656,12.31
105,2014,352,500,-.686,1.42,0,0,.656,12.31
105,2014,352,506,-.655,1.656,0,0,.656,12.31
105,2014,352,512,-.616,1.665,0,0,.656,12.31
105,2014,352,518,-.573,1.84,0,0,.657,12.31
105,2014,352,524,-.524,1.748,0,0,.656,12.32
105,2014,352,530,-.472,1.846,0,0,.657,12.32
105,2014,352,536,-.417,1.831,0,0,.656,12.32
105,2014,352,542,-.362,1.607,0,0,.657,12.32
105,2014,352,548,-.309,1.582,0,0,.656,12.32
105,2014,352,554,-.258,1.538,0,0,.657,12.32
105,2014,352,600,-.213,1.485,0,0,.656,12.32
105,2014,352,606,-.173,.976,0,0,.656,12.32
105,2014,352,612,-.143,.849,0,0,.656,12.32
105,2014,352,618,-.125,.494,0,0,.656,12.31
105,2014,352,624,-.121,.452,0,0,.657,12.31
105,2014,352,630,-.124,.498,0,0,.656,12.31
105,2014,352,636,-.139,.747,0,0,.656,12.31
105,2014,352,642,-.164,.47,0,0,.656,12.31
105,2014,352,648,-.187,.224,0,0,.656,12.31
105,2014,352,654,-.216,.062,0,0,.657,12.32
105,2014,352,700,-.25,-.376,0,0,.656,12.32
105,2014,352,706,-.291,-.147,0,0,.657,12.32
105,2014,352,712,-.341,-.261,0,0,.657,12.32
105,2014,352,718,-.398,-.724,0,0,.657,12.32
105,2014,352,724,-.463,-.654,0,0,.656,12.32
105,2014,352,730,-.534,-.9,0,0,.657,12.32
105,2014,352,736,-.611,-.754,0,0,.657,12.32
105,2014,352,742,-.69,-.472,0,0,.657,12.32
105,2014,352,748,-.77,-.106,0,0,.656,12.32
105,2014,352,754,-.842,-.399,0,0,.656,12.32
105,2014,352,800,-.907,-.732,0,0,.656,12.32
105,2014,352,806,-.966,-.737,0,0,.657,12.32
105,2014,352,812,-1.024,-.363,0,0,.657,12.32
105,2014,352,818,-1.084,-.512,0,0,.656,12.32
105,2014,352,824,-1.144,-.77,0,0,.656,12.32
105,2014,352,830,-1.204,-.887,0,0,.656,12.32
105,2014,352,836,-1.265,-1.164,0,0,.657,12.32
105,2014,352,842,-1.327,-1.238,0,0,.657,12.32
105,2014,352,848,-1.392,-1.143,0,0,.656,12.32
105,2014,352,854,-1.458,-.972,0,0,.656,12.32
105,2014,352,900,-1.523,-.972,0,0,.657,12.32
105,2014,352,906,-1.588,-1.061,0,0,.657,12.32
105,2014,352,912,-1.649,-.953,0,0,.657,12.32
105,2014,352,918,-1.702,-.549,0,0,.657,12.32
105,2014,352,924,-1.746,-.1,0,0,.657,12.32
105,2014,352,930,-1.783,.461,0,0,.657,12.32
105,2014,352,936,-1.812,.907,0,0,.656,12.32
105,2014,352,942,-1.827,1.438,0,0,.657,12.32
105,2014,352,948,-1.811,2.473,0,0,.657,12.32
105,2014,352,954,-1.769,3.527,0,0,.656,12.31
105,2014,352,1000,-1.69,3.809,0,0,.657,12.31
105,2014,352,1006,-1.568,3.569,0,0,.656,12.31
105,2014,352,1012,-1.404,3.902,0,0,.657,12.31
105,2014,352,1018,-1.201,3.259,0,0,.657,12.31
105,2014,352,1024,-.973,3.626,0,0,.656,12.32
105,2014,352,1030,-.736,3.347,0,0,.656,12.32
105,2014,352,1036,-.503,2.977,0,0,.657,12.31
105,2014,352,1042,-.275,2.701,0,0,.657,12.32
105,2014,352,1048,-.058,3.863,0,0,.657,12.32
105,2014,352,1054,.146,4.342,0,0,.657,12.31
105,2014,352,1100,.349,4.456,0,0,.656,12.31
105,2014,352,1106,.561,5.205,0,0,.657,12.31
105,2014,352,1112,.784,5.493,0,0,.657,12.31
105,2014,352,1118,1.022,5.483,0,0,.657,12.31
105,2014,352,1124,1.274,5.829,0,0,.656,12.31
105,2014,352,1130,1.541,5.91,0,0,.657,12.31
105,2014,352,1136,1.817,5.347,0,0,.657,12.31
105,2014,352,1142,2.094,5.915,0,0,.656,12.31
105,2014,352,1148,2.371,4.967,0,0,.656,12.31
105,2014,352,1154,2.638,4.178,0,0,.657,12.31
105,2014,352,1200,2.878,4.224,0,0,.657,12.32
105,2014,352,1206,3.09,4.901,0,0,.657,12.31
105,2014,352,1212,3.276,4.871,0,0,.658,12.31
105,2014,352,1218,3.44,4.63,0,0,.656,12.31
105,2014,352,1224,3.591,4.51,0,0,.657,12.31
105,2014,352,1230,3.729,4.422,0,0,.656,12.31
105,2014,352,1236,3.854,5.844,0,0,.656,12.31
105,2014,352,1242,3.973,6.422,0,0,.657,12.31
105,2014,352,1248,4.108,6.8,0,0,.658,12.31
105,2014,352,1254,4.274,6.228,0,0,.657,12.31
105,2014,352,1300,4.464,5.477,0,0,.657,12.31
105,2014,352,1306,4.659,5.498,0,0,.658,12.31
105,2014,352,1312,4.843,4.835,0,0,.657,12.31
105,2014,352,1318,5,5.724,0,0,.657,12.31
105,2014,352,1324,5.139,5.823,0,0,.657,12.31
105,2014,352,1330,5.265,5.57,0,0,.658,12.31
105,2014,352,1336,5.383,6.11,0,0,.658,12.31
105,2014,352,1342,5.496,6.699,0,0,.657,12.31
105,2014,352,1348,5.607,6.497,0,0,.657,12.31
105,2014,352,1354,5.718,5.768,0,0,.657,12.31
105,2014,352,1400,5.822,6.742,0,0,.658,12.31
105,2014,352,1406,5.926,5.743,0,0,.657,12.31
105,2014,352,1412,6.023,5.592,0,0,.656,12.31
105,2014,352,1418,6.107,4.986,0,0,.658,12.31
105,2014,352,1424,6.172,4.798,0,0,.658,12.31
105,2014,352,1430,6.211,4.482,0,0,.657,12.31
105,2014,352,1436,6.22,4.351,0,0,.657,12.31
105,2014,352,1442,6.211,4.167,0,0,.658,12.31
105,2014,352,1448,6.176,4.187,0,0,.657,12.31
105,2014,352,1454,6.121,3.977,0,0,.658,12.31
105,2014,352,1500,6.052,3.879,0,0,.658,12.31
105,2014,352,1506,5.966,3.78,0,0,.658,12.31
105,2014,352,1512,5.866,3.848,0,0,.658,12.31
105,2014,352,1518,5.759,4.077,0,0,.658,12.31
105,2014,352,1524,5.652,3.954,0,0,.657,12.32
105,2014,352,1530,5.542,3.826,0,0,.658,12.32
105,2014,352,1536,5.432,3.753,0,0,.658,12.32
105,2014,352,1542,5.324,3.676,0,0,.657,12.32
105,2014,352,1548,5.219,3.717,0,0,.657,12.32
105,2014,352,1554,5.118,3.575,0,0,.658,12.32
105,2014,352,1600,5.017,3.637,0,0,.657,12.31
105,2014,352,1606,4.917,3.545,0,0,.657,12.31
105,2014,352,1612,4.82,3.377,0,0,.657,12.31
105,2014,352,1618,4.725,3.329,0,0,.658,12.31
105,2014,352,1624,4.629,3.246,0,0,.657,12.31
105,2014,352,1630,4.531,3.291,0,0,.657,12.31
105,2014,352,1636,4.433,3.114,0,0,.658,12.32
105,2014,352,1642,4.337,3.172,0,0,.658,12.32
105,2014,352,1648,4.242,3.075,0,0,.658,12.32
105,2014,352,1654,4.149,2.979,0,0,.657,12.32
105,2014,352,1700,4.058,2.879,0,0,.657,12.32
105,2014,352,1706,3.97,2.828,0,0,.657,12.32
105,2014,352,1712,3.884,2.781,0,0,.657,12.32
105,2014,352,1718,3.8,2.633,0,0,.657,12.32
105,2014,352,1724,3.717,2.405,0,0,.657,12.32
105,2014,352,1730,3.635,2.209,0,0,.657,12.32
105,2014,352,1736,3.55,2.111,0,0,.656,12.31
105,2014,352,1742,3.459,1.815,0,0,.657,12.31
105,2014,352,1748,3.361,1.567,0,0,.657,12.31
105,2014,352,1754,3.255,1.183,0,0,.658,12.31
105,2014,352,1800,3.14,1.169,0,0,.657,12.31
105,2014,352,1806,3.017,1.11,0,0,.657,12.31
105,2014,352,1812,2.888,1.011,0,0,.657,12.31
105,2014,352,1818,2.755,.798,0,0,.658,12.31
105,2014,352,1824,2.619,.896,0,0,.657,12.31
105,2014,352,1830,2.479,.761,0,0,.657,12.31
105,2014,352,1836,2.338,.833,0,0,.657,12.31
105,2014,352,1842,2.198,.952,0,0,.656,12.31
105,2014,352,1848,2.064,.828,0,0,.657,12.31
105,2014,352,1854,1.939,.78,0,0,.657,12.31
105,2014,352,1900,1.818,.925,0,0,.658,12.31
105,2014,352,1906,1.7,.689,0,0,.657,12.31
105,2014,352,1912,1.589,.815,0,0,.657,12.31
105,2014,352,1918,1.486,.9,0,0,.656,12.31
105,2014,352,1924,1.391,.962,0,0,.656,12.31
105,2014,352,1930,1.303,1.084,0,0,.656,12.31
105,2014,352,1936,1.226,1.1,0,0,.657,12.32
105,2014,352,1942,1.158,1.272,0,0,.656,12.31
105,2014,352,1948,1.096,1.381,0,0,.657,12.32
105,2014,352,1954,1.041,1.448,0,0,.657,12.32
105,2014,352,2000,.994,1.409,0,0,.657,12.31
105,2014,352,2006,.955,1.429,0,0,.657,12.31
105,2014,352,2012,.922,1.474,0,0,.657,12.31
105,2014,352,2018,.897,1.324,0,0,.657,12.31
105,2014,352,2024,.875,1.338,0,0,.656,12.31
105,2014,352,2030,.859,1.594,0,0,.656,12.31
105,2014,352,2036,.845,1.463,0,0,.657,12.31
105,2014,352,2042,.835,1.593,0,0,.656,12.31
105,2014,352,2048,.825,1.527,0,0,.657,12.31
105,2014,352,2054,.825,1.744,0,0,.657,12.31
105,2014,352,2100,.825,1.651,0,0,.657,12.31
105,2014,352,2106,.825,1.694,0,0,.656,12.31
105,2014,352,2112,.827,1.698,0,0,.656,12.31
105,2014,352,2118,.836,1.614,0,0,.657,12.31
105,2014,352,2124,.842,1.468,0,0,.657,12.31
105,2014,352,2130,.846,1.392,0,0,.657,12.31
105,2014,352,2136,.847,1.296,0,0,.657,12.31
105,2014,352,2142,.847,1.363,0,0,.656,12.31
105,2014,352,2148,.846,1.459,0,0,.655,12.31
105,2014,352,2154,.846,1.438,0,0,.657,12.31
105,2014,352,2200,.839,1.512,0,0,.657,12.31
105,2014,352,2206,.836,1.379,0,0,.656,12.31
105,2014,352,2212,.833,1.378,0,0,.656,12.31
105,2014,352,2218,.825,1.218,0,0,.657,12.31
105,2014,352,2224,.822,1.162,0,0,.657,12.31
105,2014,352,2230,.812,1.135,0,0,.657,12.31
105,2014,352,2236,.8,1.326,0,0,.657,12.31
105,2014,352,2242,.789,1.4,0,0,.657,12.31
105,2014,352,2248,.779,1.429,0,0,.657,12.31
105,2014,352,2254,.772,1.428,0,0,.656,12.31
105,2014,352,2300,.764,1.387,0,0,.657,12.31
105,2014,352,2306,.762,1.477,0,0,.656,12.31
105,2014,352,2312,.762,1.59,0,0,.657,12.31
105,2014,352,2318,.766,1.535,0,0,.656,12.31
105,2014,352,2324,.773,1.516,0,0,.657,12.32
105,2014,352,2330,.782,1.41,0,0,.657,12.31
105,2014,352,2336,.791,1.542,0,0,.657,12.32
105,2014,352,2342,.801,1.457,0,0,.656,12.31
105,2014,352,2348,.81,1.503,0,0,.656,12.31
105,2014,352,2354,.819,1.433,0,0,.657,12.31
105,2014,353,0,.826,1.442,0,0,.656,12.31
105,2014,353,6,.835,1.383,0,0,.657,12.31
105,2014,353,12,.842,1.338,0,0,.657,12.31
105,2014,353,18,.846,1.339,0,0,.656,12.31
105,2014,353,24,.846,1.264,0,0,.657,12.31
105,2014,353,30,.846,1.37,0,0,.656,12.31
105,2014,353,36,.846,1.351,0,0,.657,12.31
105,2014,353,42,.846,1.277,0,0,.657,12.31
105,2014,353,48,.846,1.046,0,0,.657,12.31
105,2014,353,54,.836,.9,0,0,.657,12.31
105,2014,353,100,.828,.932,0,0,.656,12.31
105,2014,353,106,.814,.976,0,0,.657,12.31
105,2014,353,112,.798,1.034,0,0,.657,12.31
105,2014,353,118,.78,1.143,0,0,.656,12.31
105,2014,353,124,.764,1.184,0,0,.656,12.31
105,2014,353,130,.748,1.058,0,0,.657,12.31
105,2014,353,136,.735,1.137,0,0,.657,12.31
105,2014,353,142,.722,1.143,0,0,.657,12.31
105,2014,353,148,.712,1.091,0,0,.656,12.31
105,2014,353,154,.702,1.08,0,0,.657,12.31
105,2014,353,200,.695,1.106,0,0,.658,12.31
105,2014,353,206,.689,1.153,0,0,.656,12.31
105,2014,353,212,.679,1.148,0,0,.657,12.31
105,2014,353,218,.676,1.16,0,0,.656,12.31
105,2014,353,224,.669,1.146,0,0,.657,12.31
105,2014,353,230,.668,1.057,0,0,.656,12.31
105,2014,353,236,.659,1.085,0,0,.656,12.31
105,2014,353,242,.658,1.196,0,0,.657,12.31
105,2014,353,248,.654,1.137,0,0,.657,12.31
105,2014,353,254,.648,1.088,0,0,.657,12.31
105,2014,353,300,.648,1.054,0,0,.657,12.31
105,2014,353,306,.639,1.06,0,0,.657,12.32
105,2014,353,312,.638,1.056,0,0,.657,12.32
105,2014,353,318,.629,1.01,0,0,.656,12.31
105,2014,353,324,.625,1.054,0,0,.656,12.31
105,2014,353,330,.617,.953,0,0,.657,12.31
105,2014,353,336,.61,1.072,0,0,.656,12.31
105,2014,353,342,.605,1.024,0,0,.657,12.31
105,2014,353,348,.597,.973,0,0,.658,12.31
105,2014,353,354,.59,1.041,0,0,.657,12.31
105,2014,353,400,.586,1.018,0,0,.657,12.31
105,2014,353,406,.576,1.053,0,0,.656,12.32
105,2014,353,412,.576,.974,0,0,.656,12.31
105,2014,353,418,.571,1.024,0,0,.657,12.32
105,2014,353,424,.565,1.012,0,0,.656,12.31
105,2014,353,430,.565,1.017,0,0,.656,12.32
105,2014,353,436,.562,.982,0,0,.657,12.31
105,2014,353,442,.555,.81,0,0,.657,12.31
105,2014,353,448,.555,.818,0,0,.656,12.31
105,2014,353,454,.545,.825,0,0,.657,12.31
105,2014,353,500,.536,.937,0,0,.657,12.32
105,2014,353,506,.527,.885,0,0,.657,12.32
105,2014,353,512,.516,.783,0,0,.656,12.32
105,2014,353,518,.506,.865,0,0,.657,12.32
105,2014,353,524,.498,.921,0,0,.656,12.32
105,2014,353,530,.491,.974,0,0,.657,12.31
105,2014,353,536,.487,1.038,0,0,.658,12.32
105,2014,353,542,.48,1.109,0,0,.657,12.31
105,2014,353,548,.48,1.018,0,0,.656,12.32
105,2014,353,554,.481,1.078,0,0,.656,12.32
105,2014,353,600,.489,1.059,0,0,.656,12.31
105,2014,353,606,.491,1.054,0,0,.657,12.32
105,2014,353,612,.495,.999,0,0,.658,12.31
105,2014,353,618,.502,1.087,0,0,.657,12.31
105,2014,353,624,.502,1.022,0,0,.657,12.31
105,2014,353,630,.511,1.089,0,0,.656,12.32
105,2014,353,636,.512,1.186,0,0,.657,12.32
105,2014,353,642,.519,1.119,0,0,.656,12.32
105,2014,353,648,.523,1.154,0,0,.657,12.32
105,2014,353,654,.533,1.088,0,0,.656,12.31
105,2014,353,700,.539,1.087,0,0,.657,12.31
105,2014,353,706,.546,1.148,0,0,.656,12.32
105,2014,353,712,.555,1.134,0,0,.657,12.32
105,2014,353,718,.563,1.227,0,0,.656,12.32
105,2014,353,724,.57,1.2,0,0,.657,12.32
105,2014,353,730,.576,1.164,0,0,.657,12.32
105,2014,353,736,.585,1.206,0,0,.656,12.32
105,2014,353,742,.591,1.271,0,0,.656,12.32
105,2014,353,748,.6,1.293,0,0,.656,12.32
105,2014,353,754,.612,1.271,0,0,.657,12.32
105,2014,353,800,.624,1.29,0,0,.656,12.32
105,2014,353,806,.637,1.25,0,0,.656,12.32
105,2014,353,812,.651,1.35,0,0,.657,12.32
105,2014,353,818,.664,1.221,0,0,.657,12.32
105,2014,353,824,.676,1.243,0,0,.657,12.32
105,2014,353,830,.688,1.257,0,0,.656,12.32
105,2014,353,836,.699,1.297,0,0,.656,12.31
105,2014,353,842,.708,1.259,0,0,.657,12.32
105,2014,353,848,.717,1.28,0,0,.656,12.31
105,2014,353,854,.726,1.387,0,0,.656,12.31
105,2014,353,900,.735,1.394,0,0,.656,12.31
105,2014,353,906,.745,1.444,0,0,.656,12.31
105,2014,353,912,.756,1.56,0,0,.656,12.31
105,2014,353,918,.767,1.616,0,0,.658,12.31
105,2014,353,924,.78,1.622,0,0,.656,12.31
105,2014,353,930,.796,1.654,0,0,.657,12.31
105,2014,353,936,.813,1.74,0,0,.656,12.31
105,2014,353,942,.833,1.828,0,0,.657,12.31
105,2014,353,948,.855,1.883,0,0,.657,12.31
105,2014,353,954,.878,1.938,0,0,.656,12.31
105,2014,353,1000,.906,2.001,0,0,.657,12.31
105,2014,353,1006,.935,2.049,0,0,.656,12.31
105,2014,353,1012,.967,2.092,0,0,.657,12.31
105,2014,353,1018,1.004,2.153,0,0,.656,12.32
105,2014,353,1024,1.044,2.259,0,0,.657,12.32
105,2014,353,1030,1.088,2.332,0,0,.657,12.32
105,2014,353,1036,1.136,2.387,0,0,.657,12.32
105,2014,353,1042,1.186,2.414,0,0,.657,12.32
105,2014,353,1048,1.24,2.46,0,0,.657,12.32
105,2014,353,1054,1.295,2.602,0,0,.656,12.32
105,2014,353,1100,1.35,2.666,0,0,.657,12.31
105,2014,353,1106,1.406,2.671,0,0,.657,12.32
105,2014,353,1112,1.464,2.653,0,0,.657,12.32
105,2014,353,1118,1.523,2.902,0,0,.657,12.32
105,2014,353,1124,1.581,2.923,0,0,.657,12.32
105,2014,353,1130,1.643,2.981,0,0,.656,12.31
105,2014,353,1136,1.708,3.02,0,0,.657,12.31
105,2014,353,1142,1.774,3.047,0,0,.657,12.31
105,2014,353,1148,1.842,3.224,0,0,.657,12.31
105,2014,353,1154,1.913,3.306,0,0,.657,12.31
105,2014,353,1200,1.985,3.251,0,0,.657,12.31
105,2014,353,1206,2.058,3.329,0,0,.657,12.31
105,2014,353,1212,2.132,3.357,0,0,.657,12.31
105,2014,353,1218,2.205,3.438,0,0,.657,12.31
105,2014,353,1224,2.278,3.414,0,0,.657,12.31
105,2014,353,1230,2.35,3.602,0,0,.657,12.31
105,2014,353,1236,2.419,3.531,0,0,.657,12.31
105,2014,353,1242,2.489,3.5,0,0,.657,12.32
105,2014,353,1248,2.559,3.799,0,0,.658,12.31
105,2014,353,1254,2.631,3.649,0,0,.657,12.31
105,2014,353,1300,2.703,3.916,0,0,.657,12.31
105,2014,353,1306,2.775,3.927,0,0,.656,12.31
105,2014,353,1312,2.849,4.069,0,0,.657,12.31
105,2014,353,1318,2.926,4.053,0,0,.658,12.31
105,2014,353,1324,3.004,4.271,0,0,.657,12.31
105,2014,353,1330,3.084,4.36,0,0,.657,12.31
105,2014,353,1336,3.166,4.361,0,0,.659,12.31
105,2014,353,1342,3.249,4.29,0,0,.657,12.31
105,2014,353,1348,3.334,3.997,0,0,.657,12.31
105,2014,353,1354,3.416,3.875,0,0,.658,12.31
105,2014,353,1400,3.492,3.979,0,0,.656,12.31
105,2014,353,1406,3.559,3.963,0,0,.657,12.31
105,2014,353,1412,3.62,4.03,0,0,.657,12.31
105,2014,353,1418,3.674,4.318,0,0,.658,12.31
105,2014,353,1424,3.725,4.158,0,0,.658,12.31
105,2014,353,1430,3.773,4.147,0,0,.657,12.31
105,2014,353,1436,3.82,4.281,0,0,.657,12.31
105,2014,353,1442,3.864,4.25,0,0,.656,12.31
105,2014,353,1448,3.906,4.318,0,0,.657,12.31
105,2014,353,1454,3.948,4.353,0,0,.658,12.31
105,2014,353,1500,3.989,4.409,0,0,.657,12.31
105,2014,353,1506,4.032,4.495,0,0,.656,12.31
105,2014,353,1512,4.075,4.233,0,0,.657,12.31
105,2014,353,1518,4.115,4.245,0,0,.657,12.32
105,2014,353,1524,4.152,4.377,0,0,.657,12.32
105,2014,353,1530,4.186,4.524,0,0,.657,12.31
105,2014,353,1536,4.218,4.412,0,0,.657,12.32
105,2014,353,1542,4.249,4.526,0,0,.657,12.32
105,2014,353,1548,4.277,4.278,0,0,.657,12.32
105,2014,353,1554,4.301,4.188,0,0,.658,12.32
105,2014,353,1600,4.321,4.11,0,0,.657,12.32
105,2014,353,1606,4.335,4.286,0,0,.657,12.32
105,2014,353,1612,4.344,4.391,0,0,.658,12.31
105,2014,353,1618,4.348,4.429,0,0,.657,12.31
105,2014,353,1624,4.358,4.4,0,0,.658,12.31
105,2014,353,1630,4.358,4.517,0,0,.656,12.31
105,2014,353,1636,4.368,4.518,0,0,.657,12.31
105,2014,353,1642,4.369,4.451,0,0,.658,12.31
105,2014,353,1648,4.371,4.274,0,0,.657,12.31
105,2014,353,1654,4.37,4.135,0,0,.657,12.31
105,2014,353,1700,4.365,3.843,0,0,.658,12.31
105,2014,353,1706,4.352,3.42,0,0,.656,12.31
105,2014,353,1712,4.328,3.259,0,0,.657,12.31
105,2014,353,1718,4.291,3.192,0,0,.656,12.31
105,2014,353,1724,4.239,2.834,0,0,.657,12.31
105,2014,353,1730,4.175,2.609,0,0,.658,12.31
105,2014,353,1736,4.098,2.496,0,0,.658,12.31