,22.32,23.54,0,0,.24,12.3
105,2013,269,1212,22.42,24.11,0,0,.239,12.3
105,2013,269,1218,22.54,24.14,0,0,.239,12.29
105,2013,269,1224,22.66,23.56,0,0,.239,12.29
105,2013,269,1230,22.77,24.5,0,0,.239,12.29
105,2013,269,1236,22.88,24.58,0,0,.238,12.29
105,2013,269,1242,23,24.37,0,0,.236,12.29
105,2013,269,1248,23.14,24.99,0,0,.236,12.3
105,2013,269,1254,23.26,24.97,0,0,.236,12.29
105,2013,269,1300,23.4,24.94,0,0,.235,12.29
105,2013,269,1306,23.54,25.27,0,0,.235,12.29
105,2013,269,1312,23.68,24.84,0,0,.235,12.29
105,2013,269,1318,23.8,24.72,0,0,.235,12.29
105,2013,269,1324,23.9,25.04,0,0,.234,12.29
105,2013,269,1330,23.98,25.45,0,0,.234,12.29
105,2013,269,1336,24.06,26.19,0,0,.234,12.29
105,2013,269,1342,24.15,26.11,0,0,.234,12.29
105,2013,269,1348,24.25,26.3,0,0,.232,12.29
105,2013,269,1354,24.36,26.76,0,0,.232,12.29
105,2013,269,1400,24.48,26.61,0,0,.232,12.29
105,2013,269,1406,24.6,27.02,0,0,.231,12.29
105,2013,269,1412,24.73,26.32,0,0,.231,12.29
105,2013,269,1418,24.83,26.33,0,0,.231,12.29
105,2013,269,1424,24.91,26.36,0,0,.231,12.29
105,2013,269,1430,24.99,26.42,0,0,.23,12.29
105,2013,269,1436,25.06,26.63,0,0,.229,12.29
105,2013,269,1442,25.14,26.68,0,0,.229,12.29
105,2013,269,1448,25.24,25.85,0,0,.229,12.29
105,2013,269,1454,25.32,24.98,0,0,.229,12.29
105,2013,269,1500,25.38,24.09,0,0,.229,12.29
105,2013,269,1506,25.42,23.84,0,0,.229,12.29
105,2013,269,1512,25.42,23.49,0,0,.229,12.29
105,2013,269,1518,25.4,23.28,0,0,.229,12.29
105,2013,269,1524,25.35,23.21,0,0,.229,12.29
105,2013,269,1530,25.28,23.09,0,0,.229,12.29
105,2013,269,1536,25.2,22.7,0,0,.229,12.29
105,2013,269,1542,25.1,22.64,0,0,.229,12.3
105,2013,269,1548,25,22.59,0,0,.229,12.3
105,2013,269,1554,24.9,22.45,0,0,.229,12.3
105,2013,269,1600,24.8,22.24,0,0,.229,12.3
105,2013,269,1606,24.7,22.14,0,0,.229,12.29
105,2013,269,1612,24.59,21.99,0,0,.229,12.3
105,2013,269,1618,24.48,21.84,0,0,.229,12.3
105,2013,269,1624,24.37,21.91,0,0,.229,12.3
105,2013,269,1630,24.27,21.78,0,0,.229,12.3
105,2013,269,1636,24.17,21.88,0,0,.229,12.3
105,2013,269,1642,24.06,21.93,0,0,.229,12.3
105,2013,269,1648,23.97,21.98,0,0,.229,12.3
105,2013,269,1654,23.89,22,0,0,.229,12.3
105,2013,269,1700,23.83,21.84,0,0,.229,12.3
105,2013,269,1706,23.76,21.6,0,0,.229,12.3
105,2013,269,1712,23.7,21.37,0,0,.229,12.3
105,2013,269,1718,23.62,21.23,0,0,.229,12.3
105,2013,269,1724,23.54,20.99,0,0,.228,12.3
105,2013,269,1730,23.43,20.89,0,0,.228,12.3
105,2013,269,1736,23.32,20.58,0,0,.228,12.3
105,2013,269,1742,23.19,20.41,0,0,.229,12.3
105,2013,269,1748,23.06,19.86,0,0,.229,12.3
105,2013,269,1754,22.91,19.25,0,0,.229,12.3
105,2013,269,1800,22.76,19.1,0,0,.229,12.3
105,2013,269,1806,22.61,19.09,0,0,.23,12.3
105,2013,269,1812,22.44,18.83,0,0,.23,12.3
105,2013,269,1818,22.27,18.76,0,0,.23,12.3
105,2013,269,1824,22.1,18.68,0,0,.231,12.3
105,2013,269,1830,21.92,18.44,0,0,.231,12.3
105,2013,269,1836,21.74,18.29,0,0,.231,12.3
105,2013,269,1842,21.55,17.95,0,0,.231,12.3
105,2013,269,1848,21.34,17.86,0,0,.231,12.3
105,2013,269,1854,21.12,17.49,0,0,.231,12.3
105,2013,269,1900,20.91,17.33,0,0,.231,12.3
105,2013,269,1906,20.7,17.06,0,0,.231,12.3
105,2013,269,1912,20.49,16.95,0,0,.231,12.3
105,2013,269,1918,20.28,16.69,0,0,.23,12.3
105,2013,269,1924,20.06,16.56,0,0,.23,12.3
105,2013,269,1930,19.82,16.44,0,0,.23,12.3
105,2013,269,1936,19.58,15.98,0,0,.229,12.3
105,2013,269,1942,19.34,15.81,0,0,.229,12.3
105,2013,269,1948,19.11,15.71,0,0,.229,12.3
105,2013,269,1954,18.87,15.53,0,0,.229,12.3
105,2013,269,2000,18.65,15.4,0,0,.228,12.3
105,2013,269,2006,18.44,15.18,0,0,.228,12.3
105,2013,269,2012,18.23,14.59,0,0,.229,12.3
105,2013,269,2018,18.02,15.15,0,0,.229,12.3
105,2013,269,2024,17.85,15.14,0,0,.228,12.3
105,2013,269,2030,17.69,15.01,0,0,.228,12.3
105,2013,269,2036,17.53,14.83,0,0,.228,12.3
105,2013,269,2042,17.38,14.64,0,0,.229,12.3
105,2013,269,2048,17.23,14.8,0,0,.228,12.3
105,2013,269,2054,17.09,14.79,0,0,.228,12.3
105,2013,269,2100,16.96,14.14,0,0,.228,12.3
105,2013,269,2106,16.83,14.69,0,0,.228,12.3
105,2013,269,2112,16.7,14.71,0,0,.228,12.3
105,2013,269,2118,16.57,14.29,0,0,.228,12.3
105,2013,269,2124,16.45,14.19,0,0,.228,12.3
105,2013,269,2130,16.34,14.19,0,0,.229,12.3
105,2013,269,2136,16.23,14.25,0,0,.228,12.3
105,2013,269,2142,16.12,14.04,0,0,.228,12.3
105,2013,269,2148,16.02,14.1,0,0,.228,12.3
105,2013,269,2154,15.91,13.8,0,0,.228,12.3
105,2013,269,2200,15.8,13.95,0,0,.228,12.3
105,2013,269,2206,15.7,13.86,0,0,.228,12.3
105,2013,269,2212,15.61,13.61,0,0,.228,12.3
105,2013,269,2218,15.52,13.65,0,0,.228,12.3
105,2013,269,2224,15.43,13.66,0,0,.228,12.3
105,2013,269,2230,15.35,13.78,0,0,.228,12.3
105,2013,269,2236,15.28,13.52,0,0,.228,12.3
105,2013,269,2242,15.21,13.53,0,0,.228,12.3
105,2013,269,2248,15.14,13.5,0,0,.228,12.3
105,2013,269,2254,15.07,13.35,0,0,.228,12.3
105,2013,269,2300,15,13.19,0,0,.228,12.3
105,2013,269,2306,14.93,13.47,0,0,.228,12.3
105,2013,269,2312,14.88,13.57,0,0,.228,12.3
105,2013,269,2318,14.83,13.27,0,0,.228,12.3
105,2013,269,2324,14.79,13.54,0,0,.228,12.3
105,2013,269,2330,14.76,13.34,0,0,.227,12.3
105,2013,269,2336,14.72,13.38,0,0,.228,12.3
105,2013,269,2342,14.67,13.33,0,0,.227,12.3
105,2013,269,2348,14.63,13.12,0,0,.228,12.3
105,2013,269,2354,14.59,12.95,0,0,.228,12.3
105,2013,270,0,14.54,13.18,0,0,.228,12.3
105,2013,270,6,14.48,13.18,0,0,.228,12.3
105,2013,270,12,14.43,13.22,0,0,.227,12.3
105,2013,270,18,14.4,13.16,0,0,.227,12.3
105,2013,270,24,14.36,13.09,0,0,.227,12.3
105,2013,270,30,14.33,13.17,0,0,.227,12.3
105,2013,270,36,14.29,12.99,0,0,.227,12.3
105,2013,270,42,14.25,13,0,0,.227,12.3
105,2013,270,48,14.21,13.11,0,0,.227,12.3
105,2013,270,54,14.18,12.9,0,0,.227,12.3
105,2013,270,100,14.15,12.98,0,0,.227,12.3
105,2013,270,106,14.13,12.85,0,0,.227,12.3
105,2013,270,112,14.1,12.41,0,0,.227,12.3
105,2013,270,118,14.08,12.83,0,0,.227,12.3
105,2013,270,124,14.06,12.91,0,0,.227,12.3
105,2013,270,130,14.04,12.78,0,0,.228,12.3
105,2013,270,136,14.03,13.05,0,0,.227,12.3
105,2013,270,142,14.04,12.99,0,0,.227,12.3
105,2013,270,148,14.06,12.76,0,0,.227,12.3
105,2013,270,154,14.09,13.01,0,0,.227,12.3
105,2013,270,200,14.11,13.25,0,0,.227,12.3
105,2013,270,206,14.14,13.31,0,0,.227,12.3
105,2013,270,212,14.18,13.33,0,0,.227,12.3
105,2013,270,218,14.21,13.41,0,0,.227,12.3
105,2013,270,224,14.25,13.48,0,0,.227,12.3
105,2013,270,230,14.3,13.49,0,0,.227,12.3
105,2013,270,236,14.35,13.5,0,0,.227,12.3
105,2013,270,242,14.41,13.41,0,0,.227,12.3
105,2013,270,248,14.45,13.36,0,0,.227,12.3
105,2013,270,254,14.49,13.39,0,0,.227,12.3
105,2013,270,300,14.53,13.41,0,0,.227,12.3
105,2013,270,306,14.56,13.41,0,0,.226,12.3
105,2013,270,312,14.58,13.41,0,0,.227,12.3
105,2013,270,318,14.59,13.42,0,0,.227,12.3
105,2013,270,324,14.6,13.29,0,0,.227,12.3
105,2013,270,330,14.61,13.13,0,0,.227,12.3
105,2013,270,336,14.61,13.33,0,0,.228,12.3
105,2013,270,342,14.61,13.38,0,0,.229,12.3
105,2013,270,348,14.59,13.06,0,0,.231,12.3
105,2013,270,354,14.57,13.21,0,0,.233,12.3
105,2013,270,400,14.54,13.28,0,0,.235,12.3
105,2013,270,406,14.51,13.08,0,0,.238,12.3
105,2013,270,412,14.48,13.3,0,0,.24,12.3
105,2013,270,418,14.46,13.41,0,0,.243,12.3
105,2013,270,424,14.45,13.24,0,0,.245,12.3
105,2013,270,430,14.45,13.46,0,0,.247,12.3
105,2013,270,436,14.48,13.5,0,0,.249,12.3
105,2013,270,442,14.52,13.53,0,0,.251,12.3
105,2013,270,448,14.56,13.59,0,0,.252,12.3
105,2013,270,454,14.61,13.68,0,0,.254,12.3
105,2013,270,500,14.67,13.72,0,0,.257,12.3
105,2013,270,506,14.72,13.85,0,0,.258,12.3
105,2013,270,512,14.77,13.9,0,0,.26,12.3
105,2013,270,518,14.83,13.9,0,0,.26,12.3
105,2013,270,524,14.89,13.87,0,0,.262,12.3
105,2013,270,530,14.94,13.92,0,0,.263,12.3
105,2013,270,536,15,14.06,0,0,.264,12.3
105,2013,270,542,15.04,13.87,0,0,.265,12.3
105,2013,270,548,15.08,13.87,0,0,.265,12.3
105,2013,270,554,15.11,13.87,0,0,.265,12.3
105,2013,270,600,15.14,13.81,0,0,.266,12.3
105,2013,270,606,15.15,13.93,0,0,.266,12.3
105,2013,270,612,15.16,13.92,0,0,.268,12.3
105,2013,270,618,15.16,13.89,0,0,.267,12.3
105,2013,270,624,15.17,13.87,0,0,.268,12.3
105,2013,270,630,15.16,13.96,0,0,.267,12.3
105,2013,270,636,15.16,14.06,0,0,.268,12.3
105,2013,270,642,15.17,13.99,0,0,.268,12.3
105,2013,270,648,15.18,14.18,0,0,.268,12.3
105,2013,270,654,15.19,14.28,0,0,.268,12.3
105,2013,270,700,15.21,14.38,0,0,.268,12.3
105,2013,270,706,15.24,14.36,0,0,.268,12.3
105,2013,270,712,15.28,14.42,0,0,.268,12.3
105,2013,270,718,15.33,14.52,0,0,.267,12.3
105,2013,270,724,15.39,14.5,0,0,.267,12.3
105,2013,270,730,15.44,14.57,0,0,.268,12.3
105,2013,270,736,15.49,14.78,0,0,.268,12.3
105,2013,270,742,15.55,15.05,0,0,.268,12.3
105,2013,270,748,15.61,15.19,0,0,.267,12.3
105,2013,270,754,15.68,15.15,0,0,.268,12.3
105,2013,270,800,15.75,15.29,0,0,.268,12.3
105,2013,270,806,15.82,15.16,0,0,.268,12.3
105,2013,270,812,15.9,15.34,0,0,.268,12.3
105,2013,270,818,15.98,15.4,0,0,.268,12.3
105,2013,270,824,16.06,15.52,0,0,.268,12.3
105,2013,270,830,16.15,15.6,0,0,.268,12.3
105,2013,270,836,16.23,15.69,0,0,.268,12.3
105,2013,270,842,16.33,16.04,0,0,.268,12.3
105,2013,270,848,16.42,16.73,0,0,.268,12.3
105,2013,270,854,16.55,17.02,0,0,.268,12.3
105,2013,270,900,16.68,17.2,0,0,.268,12.3
105,2013,270,906,16.83,17.49,0,0,.268,12.3
105,2013,270,912,16.98,17.77,0,0,.268,12.3
105,2013,270,918,17.14,17.79,0,0,.268,12.3
105,2013,270,924,17.29,17.68,0,0,.267,12.3
105,2013,270,930,17.43,17.88,0,0,.268,12.3
105,2013,270,936,17.57,18.08,0,0,.268,12.3
105,2013,270,942,17.7,18.37,0,0,.268,12.3
105,2013,270,948,17.84,18.58,0,0,.268,12.3
105,2013,270,954,17.97,18.31,0,0,.268,12.3
105,2013,270,1000,18.1,18.3,0,0,.268,12.3
105,2013,270,1006,18.22,18.47,0,0,.268,12.3
105,2013,270,1012,18.32,18.55,0,0,.268,12.3
105,2013,270,1018,18.42,19.05,0,0,.268,12.3
105,2013,270,1024,18.54,19.56,0,0,.268,12.3
105,2013,270,1030,18.66,19.4,0,0,.268,12.3
105,2013,270,1036,18.8,19.22,0,0,.268,12.3
105,2013,270,1042,18.92,19.47,0,0,.268,12.3
105,2013,270,1048,19.04,19.61,0,0,.268,12.3
105,2013,270,1054,19.16,19.81,0,0,.268,12.3
105,2013,270,1100,19.27,20.58,0,0,.268,12.3
105,2013,270,1106,19.39,22.6,0,0,.269,12.3
105,2013,270,1112,19.57,22.61,0,0,.27,12.3
105,2013,270,1118,19.8,23.23,0,0,.271,12.3
105,2013,270,1124,20.04,22.25,0,0,.274,12.3
105,2013,270,1130,20.26,21.64,0,0,.278,12.3
105,2013,270,1136,20.44,21.96,0,0,.284,12.3
105,2013,270,1142,20.62,22.86,0,0,.29,12.3
105,2013,270,1148,20.81,22.68,0,0,.298,12.3
105,2013,270,1154,20.99,23.34,0,0,.307,12.3
105,2013,270,1200,21.17,23.56,0,0,.317,12.3
105,2013,270,1206,21.36,23.34,0,0,.329,12.3
105,2013,270,1212,21.54,23.18,0,0,.341,12.3
105,2013,270,1218,21.7,22.5,0,0,.351,12.3
105,2013,270,1224,21.82,22.23,0,0,.36,12.3
105,2013,270,1230,21.93,21.44,0,0,.368,12.3
105,2013,270,1236,21.99,21.29,0,0,.376,12.3
105,2013,270,1242,22.03,21.58,0,0,.384,12.3
105,2013,270,1248,22.05,21.82,0,0,.392,12.3
105,2013,270,1254,22.08,23.38,0,0,.397,12.3
105,2013,270,1300,22.14,23.2,0,0,.401,12.3
105,2013,270,1306,22.23,23.46,0,0,.403,12.3
105,2013,270,1312,22.32,23.38,0,0,.406,12.3
105,2013,270,1318,22.42,23.07,0,0,.408,12.3
105,2013,270,1324,22.51,23.68,0,0,.408,12.3
105,2013,270,1330,22.6,22.82,0,0,.408,12.3
105,2013,270,1336,22.69,22.52,0,0,.408,12.3
105,2013,270,1342,22.76,22.32,0,0,.407,12.3
105,2013,270,1348,22.81,21.68,0,0,.407,12.3
105,2013,270,1354,22.81,21.79,0,0,.407,12.3
105,2013,270,1400,22.81,22.96,0,0,.407,12.3
105,2013,270,1406,22.82,24.26,0,0,.407,12.3
105,2013,270,1412,22.87,25.25,0,0,.407,12.3
105,2013,270,1418,22.97,25.42,0,0,.407,12.3
105,2013,270,1424,23.1,25.37,0,0,.407,12.29
105,2013,270,1430,23.23,25.24,0,0,.407,12.29
105,2013,270,1436,23.38,25.3,0,0,.406,12.29
105,2013,270,1442,23.52,24.98,0,0,.406,12.29
105,2013,270,1448,23.66,24.35,0,0,.406,12.29
105,2013,270,1454,23.78,23.57,0,0,.406,12.29
105,2013,270,1500,23.88,23.43,0,0,.405,12.29
105,2013,270,1506,23.96,22.67,0,0,.405,12.3
105,2013,270,1512,24,22.51,0,0,.405,12.3
105,2013,270,1518,24.02,21.89,0,0,.405,12.3
105,2013,270,1524,23.99,21.56,0,0,.405,12.3
105,2013,270,1530,23.93,21.49,0,0,.405,12.3
105,2013,270,1536,23.86,20.95,0,0,.404,12.3
105,2013,270,1542,23.76,21.13,0,0,.404,12.3
105,2013,270,1548,23.65,20.64,0,0,.402,12.3
105,2013,270,1554,23.53,20.67,0,0,.402,12.3
105,2013,270,1600,23.4,20.67,0,0,.4,12.3
105,2013,270,1606,23.28,20.35,0,0,.4,12.3
105,2013,270,1612,23.15,20.37,0,0,.399,12.3
105,2013,270,1618,23.02,20.31,0,0,.397,12.3
105,2013,270,1624,22.9,20.4,0,0,.398,12.3
105,2013,270,1630,22.8,20.3,0,0,.396,12.3
105,2013,270,1636,22.69,20.32,0,0,.396,12.3
105,2013,270,1642,22.59,20.28,0,0,.395,12.3
105,2013,270,1648,22.5,20.2,0,0,.395,12.3
105,2013,270,1654,22.41,20.13,0,0,.394,12.3
105,2013,270,1700,22.33,20.16,0,0,.393,12.3
105,2013,270,1706,22.25,20.11,0,0,.393,12.3
105,2013,270,1712,22.18,19.96,0,0,.392,12.3
105,2013,270,1718,22.11,19.77,0,0,.391,12.3
105,2013,270,1724,22.03,19.3,0,0,.391,12.3
105,2013,270,1730,21.94,19.1,0,0,.391,12.3
105,2013,270,1736,21.84,19.1,0,0,.389,12.3
105,2013,270,1742,21.74,18.86,0,0,.389,12.3
105,2013,270,1748,21.63,19.1,0,0,.388,12.3
105,2013,270,1754,21.54,19.39,0,0,.387,12.3
105,2013,270,1800,21.46,19.12,0,0,.386,12.3
105,2013,270,1806,21.39,18.8,0,0,.386,12.3
105,2013,270,1812,21.31,18.82,0,0,.385,12.3
105,2013,270,1818,21.22,18.55,0,0,.383,12.3
105,2013,270,1824,21.12,18.19,0,0,.384,12.3
105,2013,270,1830,20.99,18.06,0,0,.383,12.3
105,2013,270,1836,20.86,17.94,0,0,.383,12.3
105,2013,270,1842,20.73,17.52,0,0,.381,12.3
105,2013,270,1848,20.59,17.39,0,0,.38,12.3
105,2013,270,1854,20.45,17.66,0,0,.38,12.3
105,2013,270,1900,20.31,17.37,0,0,.378,12.3
105,2013,270,1906,20.17,17.42,0,0,.378,12.3
105,2013,270,1912,20.03,17.05,0,0,.376,12.3
105,2013,270,1918,19.89,16.98,0,0,.376,12.3
105,2013,270,1924,19.75,16.9,0,0,.375,12.3
105,2013,270,1930,19.6,16.54,0,0,.373,12.3
105,2013,270,1936,19.46,16.28,0,0,.373,12.3
105,2013,270,1942,19.29,16.38,0,0,.373,12.3
105,2013,270,1948,19.11,16.35,0,0,.371,12.3
105,2013,270,1954,18.94,15.89,0,0,.371,12.3
105,2013,270,2000,18.77,15.36,0,0,.37,12.3
105,2013,270,2006,18.6,15.76,0,0,.369,12.3
105,2013,270,2012,18.43,15.69,0,0,.368,12.3
105,2013,270,2018,18.25,15.26,0,0,.367,12.3
105,2013,270,2024,18.08,14.89,0,0,.367,12.3
105,2013,270,2030,17.9,14.46,0,0,.366,12.3
105,2013,270,2036,17.73,14.56,0,0,.366,12.3
105,2013,270,2042,17.56,14.61,0,0,.365,12.3
105,2013,270,2048,17.4,14.73,0,0,.364,12.3
105,2013,270,2054,17.27,14.66,0,0,.364,12.3
105,2013,270,2100,17.16,14.79,0,0,.364,12.3
105,2013,270,2106,17.09,16.19,0,0,.362,12.3
105,2013,270,2112,17.07,16.29,0,0,.362,12.3
105,2013,270,2118,17.09,16.39,0,0,.361,12.3
105,2013,270,2124,17.12,16.19,0,0,.36,12.3
105,2013,270,2130,17.15,16.42,0,0,.36,12.3
105,2013,270,2136,17.19,16.22,0,0,.359,12.3
105,2013,270,2142,17.21,16.32,0,0,.359,12.3
105,2013,270,2148,17.25,16.14,0,0,.359,12.3
105,2013,270,2154,17.28,16.41,0,0,.357,12.3
105,2013,270,2200,17.31,16.4,0,0,.357,12.3
105,2013,270,2206,17.35,16.46,0,0,.356,12.3
105,2013,270,2212,17.38,16.53,0,0,.356,12.3
105,2013,270,2218,17.42,16.68,0,0,.356,12.3
105,2013,270,2224,17.46,16.77,0,0,.357,12.3
105,2013,270,2230,17.5,16.69,0,0,.356,12.3
105,2013,270,2236,17.54,16.83,0,0,.356,12.3
105,2013,270,2242,17.58,16.4,0,0,.356,12.3
105,2013,270,2248,17.61,16.42,0,0,.356,12.3
105,2013,270,2254,17.63,16.24,0,0,.356,12.3
105,2013,270,2300,17.64,16.35,0,0,.356,12.3
105,2013,270,2306,17.65,16.44,0,0,.357,12.3
105,2013,270,2312,17.66,16.38,0,0,.359,12.3
105,2013,270,2318,17.66,16.4,0,0,.366,12.3
105,2013,270,2324,17.66,16.45,0,0,.379,12.3
105,2013,270,2330,17.66,16.33,0,0,.394,12.3
105,2013,270,2336,17.66,16.18,0,0,.412,12.3
105,2013,270,2342,17.65,16.35,0,0,.435,12.3
105,2013,270,2348,17.65,16.19,0,0,.46,12.3
105,2013,270,2354,17.64,15.98,0,0,.486,12.3
105,2013,271,0,17.63,15.94,0,0,.515,12.3
105,2013,271,6,17.61,16.19,0,0,.545,12.3
105,2013,271,12,17.6,16.16,0,0,.574,12.3
105,2013,271,18,17.59,16,0,0,.6,12.3
105,2013,271,24,17.58,16.29,0,0,.626,12.3
105,2013,271,30,17.57,16.29,0,0,.649,12.3
105,2013,271,36,17.57,16.11,0,0,.666,12.3
105,2013,271,42,17.56,16.11,0,0,.681,12.3
105,2013,271,48,17.55,16.05,0,0,.694,12.3
105,2013,271,54,17.53,15.81,0,0,.701,12.3
105,2013,271,100,17.49,15.47,0,0,.704,12.3
105,2013,271,106,17.44,15.33,0,0,.703,12.3
105,2013,271,112,17.37,15.51,0,0,.703,12.3
105,2013,271,118,17.3,15.19,0,0,.703,12.3
105,2013,271,124,17.23,15.02,0,0,.703,12.3
105,2013,271,130,17.17,14.84,0,0,.7,12.3
105,2013,271,136,17.09,14.55,0,0,.695,12.3
105,2013,271,142,17,14.34,0,0,.688,12.3
105,2013,271,148,16.91,14.25,0,0,.683,12.3
105,2013,271,154,16.81,14.18,0,0,.676,12.3
105,2013,271,200,16.71,14.09,0,0,.671,12.3
105,2013,271,206,16.61,14.03,0,0,.665,12.3
105,2013,271,212,16.52,14.04,0,0,.659,12.3
105,2013,271,218,16.45,14.08,0,0,.653,12.3
105,2013,271,224,16.38,14.11,0,0,.646,12.3
105,2013,271,230,16.33,14.09,0,0,.641,12.3
105,2013,271,236,16.29,14.11,0,0,.633,12.3
105,2013,271,242,16.26,14.11,0,0,.627,12.3
105,2013,271,248,16.23,14.05,0,0,.621,12.3
105,2013,271,254,16.2,14.15,0,0,.616,12.3
105,2013,271,300,16.18,14.08,0,0,.609,12.3
105,2013,271,306,16.16,14.14,0,0,.604,12.3
105,2013,271,312,16.14,14.2,0,0,.598,12.3
105,2013,271,318,16.13,14.22,0,0,.592,12.3
105,2013,271,324,16.12,14.26,0,0,.587,12.3
105,2013,271,330,16.11,14.22,0,0,.581,12.3
105,2013,271,336,16.1,14.23,0,0,.575,12.3
105,2013,271,342,16.1,14.23,0,0,.571,12.3
105,2013,271,348,16.1,14.26,0,0,.566,12.3
105,2013,271,354,16.1,14.32,0,0,.561,12.3
105,2013,271,400,16.1,14.27,0,0,.556,12.3
105,2013,271,406,16.11,14.31,0,0,.552,12.3
105,2013,271,412,16.11,14.45,0,0,.547,12.3
105,2013,271,418,16.11,14.35,0,0,.542,12.3
105,2013,271,424,16.12,14.37,0,0,.538,12.3
105,2013,271,430,16.13,14.48,0,0,.534,12.3
105,2013,271,436,16.14,14.45,0,0,.53,12.3
105,2013,271,442,16.16,14.5,0,0,.526,12.3
105,2013,271,448,16.17,14.53,0,0,.522,12.3
105,2013,271,454,16.19,14.6,0,0,.519,12.3
105,2013,271,500,16.2,14.6,0,0,.516,12.3
105,2013,271,506,16.22,14.46,0,0,.512,12.3
105,2013,271,512,16.23,14.48,0,0,.509,12.3
105,2013,271,518,16.24,14.58,0,0,.505,12.3
105,2013,271,524,16.24,14.41,0,0,.502,12.3
105,2013,271,530,16.24,14.25,0,0,.5,12.3
105,2013,271,536,16.23,14.37,0,0,.497,12.3
105,2013,271,542,16.21,14.33,0,0,.494,12.3
105,2013,271,548,16.18,14.07,0,0,.491,12.3
105,2013,271,554,16.14,13.88,0,0,.488,12.3
105,2013,271,600,16.1,13.77,0,0,.484,12.3
105,2013,271,606,16.05,13.73,0,0,.483,12.3
105,2013,271,612,15.99,13.65,0,0,.48,12.3
105,2013,271,618,15.93,13.66,0,0,.477,12.3
105,2013,271,624,15.88,13.53,0,0,.475,12.3
105,2013,271,630,15.82,13.47,0,0,.472,12.3
105,2013,271,636,15.76,13.45,0,0,.469,12.3
105,2013,271,642,15.7,13.4,0,0,.468,12.3
105,2013,271,648,15.65,13.33,0,0,.465,12.3
105,2013,271,654,15.59,13.29,0,0,.464,12.3
105,2013,271,700,15.54,13.31,0,0,.462,12.3
105,2013,271,706,15.49,13.33,0,0,.46,12.3
105,2013,271,712,15.45,13.33,0,0,.459,12.3
105,2013,271,718,15.41,13.35,0,0,.456,12.3
105,2013,271,724,15.38,13.41,0,0,.455,12.31
105,2013,271,730,15.35,13.77,0,0,.453,12.3
105,2013,271,736,15.33,14.36,0,0,.452,12.31
105,2013,271,742,15.35,14.44,0,0,.45,12.31
105,2013,271,748,15.38,14.68,0,0,.448,12.3
105,2013,271,754,15.45,15.44,0,0,.447,12.3
105,2013,271,800,15.54,15.61,0,0,.445,12.3
105,2013,271,806,15.64,16.24,0,0,.443,12.3
105,2013,271,812,15.77,16.29,0,0,.442,12.3
105,2013,271,818,15.92,16.25,0,0,.44,12.3
105,2013,271,824,16.07,18,0,0,.439,12.3
105,2013,271,830,16.25,17.59,0,0,.436,12.3
105,2013,271,836,16.44,17.34,0,0,.436,12.3
105,2013,271,842,16.62,17.28,0,0,.434,12.3
105,2013,271,848,16.79,17.33,0,0,.433,12.3
105,2013,271,854,16.94,17.44,0,0,.432,12.3
105,2013,271,900,17.08,17.47,0,0,.431,12.3
105,2013,271,906,17.22,17.66,0,0,.43,12.3
105,2013,271,912,17.36,17.77,0,0,.429,12.3
105,2013,271,918,17.49,17.99,0,0,.428,12.3
105,2013,271,924,17.63,18.39,0,0,.426,12.3
105,2013,271,930,17.76,18.58,0,0,.426,12.3
105,2013,271,936,17.9,18.74,0,0,.425,12.3
105,2013,271,942,18.05,18.65,0,0,.423,12.3
105,2013,271,948,18.19,18.89,0,0,.422,12.3
105,2013,271,954,18.33,18.89,0,0,.422,12.3
105,2013,271,1000,18.47,19.22,0,0,.422,12.3
105,2013,271,1006,18.6,19.2,0,0,.42,12.3
105,2013,271,1012,18.74,19.6,0,0,.42,12.3
105,2013,271,1018,18.88,19.61,0,0,.419,12.3
105,2013,271,1024,19.02,19.63,0,0,.419,12.3
105,2013,271,1030,19.16,19.83,0,0,.419,12.3
105,2013,271,1036,19.3,19.75,0,0,.419,12.3
105,2013,271,1042,19.43,20.18,0,0,.419,12.3
105,2013,271,1048,19.55,20.03,0,0,.419,12.3
105,2013,271,1054,19.68,19.99,0,0,.419,12.3
105,2013,271,1100,19.79,20,0,0,.42,12.3
105,2013,271,1106,19.9,20.06,0,0,.42,12.3
105,2013,271,1112,20,20.18,0,0,.42,12.3
105,2013,271,1118,20.1,20.86,0,0,.421,12.3
105,2013,271,1124,20.21,22.21,0,0,.423,12.3
105,2013,271,1130,20.36,22.86,0,0,.425,12.3
105,2013,271,1136,20.56,23.83,0,0,.429,12.3
105,2013,271,1142,20.78,22.33,0,0,.433,12.3
105,2013,271,1148,20.99,23.27,0,0,.435,12.3
105,2013,271,1154,21.19,23.53,0,0,.438,12.3
105,2013,271,1200,21.39,23.79,0,0,.442,12.3
105,2013,271,1206,21.6,24.06,0,0,.445,12.3
105,2013,271,1212,21.81,23.54,0,0,.447,12.3
105,2013,271,1218,22,22.83,0,0,.451,12.3
105,2013,271,1224,22.15,23.57,0,0,.452,12.3
105,2013,271,1230,22.3,23.79,0,0,.454,12.3
105,2013,271,1236,22.45,24.1,0,0,.454,12.3
105,2013,271,1242,22.6,24.92,0,0,.455,12.3
105,2013,271,1248,22.76,25.34,0,0,.454,12.29
105,2013,271,1254,22.93,24.78,0,0,.454,12.29
105,2013,271,1300,23.1,24.08,0,0,.453,12.3
105,2013,271,1306,23.25,22.97,0,0,.453,12.3
105,2013,271,1312,23.34,23.13,0,0,.453,12.3
105,2013,271,1318,23.39,23.23,0,0,.453,12.3
105,2013,271,1324,23.43,23.21,0,0,.452,12.3
105,2013,271,1330,23.46,23.65,0,0,.453,12.3
105,2013,271,1336,23.49,23.77,0,0,.453,12.3
105,2013,271,1342,23.54,23.5,0,0,.452,12.3
105,2013,271,1348,23.58,24.77,0,0,.452,12.3
105,2013,271,1354,23.64,25.57,0,0,.451,12.29
105,2013,271,1400,23.72,24.26,0,0,.45,12.29
105,2013,271,1406,23.8,23.55,0,0,.449,12.3
105,2013,271,1412,23.86,24.26,0,0,.448,12.3
105,2013,271,1418,23.91,25.55,0,0,.447,12.29
105,2013,271,1424,23.97,24.94,0,0,.444,12.29
105,2013,271,1430,24.03,25.77,0,0,.443,12.29
105,2013,271,1436,24.11,25.13,0,0,.441,12.29
105,2013,271,1442,24.19,24.05,0,0,.44,12.29
105,2013,271,1448,24.26,23.97,0,0,.439,12.29
105,2013,271,1454,24.32,23.51,0,0,.437,12.29
105,2013,271,1500,24.37,22.95,0,0,.435,12.29
105,2013,271,1506,24.4,22.21,0,0,.434,12.29
105,2013,271,1512,24.4,22.43,0,0,.434,12.29
105,2013,271,1518,24.37,22.46,0,0,.433,12.3
105,2013,271,1524,24.33,21.9,0,0,.432,12.3
105,2013,271,1530,24.25,21.2,0,0,.432,12.3
105,2013,271,1536,24.15,21.27,0,0,.43,12.3
105,2013,271,1542,24.03,20.91,0,0,.43,12.3
105,2013,271,1548,23.9,21.14,0,0,.429,12.3
105,2013,271,1554,23.78,21.32,0,0,.428,12.3
105,2013,271,1600,23.68,21.15,0,0,.427,12.3
105,2013,271,1606,23.57,20.84,0,0,.425,12.3
105,2013,271,1612,23.45,20.84,0,0,.424,12.3
105,2013,271,1618,23.34,20.75,0,0,.422,12.3
105,2013,271,1624,23.23,20.68,0,0,.422,12.3
105,2013,271,1630,23.12,20.79,0,0,.421,12.3
105,2013,271,1636,23.02,20.8,0,0,.419,12.3
105,2013,271,1642,22.93,20.54,0,0,.419,12.3
105,2013,271,1648,22.85,20.29,0,0,.419,12.3
105,2013,271,1654,22.76,20.3,0,0,.418,12.3
105,2013,271,1700,22.66,20.17,0,0,.418,12.3
105,2013,271,1706,22.57,20.12,0,0,.416,12.3
105,2013,271,1712,22.47,20.28,0,0,.415,12.3
105,2013,271,1718,22.38,20.52,0,0,.415,12.3
105,2013,271,1724,22.31,20.6,0,0,.414,12.3
105,2013,271,1730,22.26,20.5,0,0,.413,12.3
105,2013,271,1736,22.22,20.08,0,0,.412,12.3
105,2013,271,1742,22.17,19.65,0,0,.411,12.3
105,2013,271,1748,22.11,19.38,0,0,.411,12.3
105,2013,271,1754,22.03,19,0,0,.411,12.3
105,2013,271,1800,21.95,19.01,0,0,.41,12.3
105,2013,271,1806,21.86,19.01,0,0,.409,12.3
105,2013,271,1812,21.76,19.04,0,0,.408,12.3
105,2013,271,1818,21.68,18.73,0,0,.407,12.3
105,2013,271,1824,21.59,18.59,0,0,.406,12.3
105,2013,271,1830,21.52,18.5,0,0,.405,12.3
105,2013,271,1836,21.44,18.52,0,0,.404,12.3
105,2013,271,1842,21.37,18.51,0,0,.403,12.3
105,2013,271,1848,21.29,18.46,0,0,.403,12.3
105,2013,271,1854,21.22,18.5,0,0,.401,12.3
105,2013,271,1900,21.14,18.24,0,0,.4,12.3
105,2013,271,1906,21.06,18.05,0,0,.4,12.3
105,2013,271,1912,20.99,18.22,0,0,.399,12.3
105,2013,271,1918,20.91,18.08,0,0,.397,12.3
105,2013,271,1924,20.82,17.78,0,0,.397,12.3
105,2013,271,1930,20.72,17.39,0,0,.396,12.3
105,2013,271,1936,20.61,16.92,0,0,.395,12.3
105,2013,271,1942,20.46,16.44,0,0,.396,12.3
105,2013,271,1948,20.28,16.52,0,0,.394,12.3
105,2013,271,1954,20.08,16.28,0,0,.393,12.3
105,2013,271,2000,19.87,16.41,0,0,.393,12.3
105,2013,271,2006,19.67,16.32,0,0,.391,12.3
105,2013,271,2012,19.49,15.8,0,0,.39,12.3
105,2013,271,2018,19.32,15.92,0,0,.389,12.3
105,2013,271,2024,19.15,15.63,0,0,.389,12.3
105,2013,271,2030,18.97,15.5,0,0,.388,12.3
105,2013,271,2036,18.81,15.3,0,0,.386,12.3
105,2013,271,2042,18.64,15.18,0,0,.386,12.3
105,2013,271,2048,18.48,15.05,0,0,.384,12.3
105,2013,271,2054,18.31,15.43,0,0,.384,12.3
105,2013,271,2100,18.18,16.05,0,0,.383,12.3
105,2013,271,2106,18.09,16.99,0,0,.383,12.3
105,2013,271,2112,18.07,17.22,0,0,.381,12.3
105,2013,271,2118,18.09,17.26,0,0,.381,12.3
105,2013,271,2124,18.12,17.35,0,0,.38,12.3
105,2013,271,2130,18.18,17.29,0,0,.379,12.3
105,2013,271,2136,18.23,17.39,0,0,.379,12.3
105,2013,271,2142,18.29,17.32,0,0,.378,12.3
105,2013,271,2148,18.34,17.44,0,0,.378,12.3
105,2013,271,2154,18.39,17.21,0,0,.377,12.3
105,2013,271,2200,18.44,17.38,0,0,.375,12.3
105,2013,271,2206,18.47,17.02,0,0,.375,12.3
105,2013,271,2212,18.49,16.97,0,0,.375,12.3
105,2013,271,2218,18.5,16.54,0,0,.375,12.3
105,2013,271,2224,18.47,16.18,0,0,.375,12.3
105,2013,271,2230,18.42,16.02,0,0,.375,12.3
105,2013,271,2236,18.35,15.68,0,0,.374,12.3
105,2013,271,2242,18.25,15.4,0,0,.374,12.3
105,2013,271,2248,18.14,15.34,0,0,.374,12.3
105,2013,271,2254,18.02,15.08,0,0,.374,12.3
105,2013,271,2300,17.9,15.01,0,0,.374,12.3
105,2013,271,2306,17.78,15.38,0,0,.374,12.3
105,2013,271,2312,17.67,15.18,0,0,.374,12.3
105,2013,271,2318,17.56,14.75,0,0,.373,12.3
105,2013,271,2324,17.44,14.97,0,0,.374,12.3
105,2013,271,2330,17.32,15.05,0,0,.373,12.3
105,2013,271,2336,17.22,14.84,0,0,.373,12.3
105,2013,271,2342,17.13,14.26,0,0,.373,12.3
105,2013,271,2348,17.02,14.23,0,0,.373,12.3
105,2013,271,2354,16.89,13.92,0,0,.375,12.3
105,2013,272,0,16.77,13.9,0,0,.378,12.3
105,2013,272,6,16.64,14.5,0,0,.386,12.3
105,2013,272,12,16.53,14.27,0,0,.397,12.3
105,2013,272,18,16.44,14.14,0,0,.413,12.3
105,2013,272,24,16.37,14.41,0,0,.431,12.3
105,2013,272,30,16.32,14.06,0,0,.452,12.3
105,2013,272,36,16.26,14.06,0,0,.477,12.3
105,2013,272,42,16.2,14.03,0,0,.504,12.3
105,2013,272,48,16.13,13.79,0,0,.534,12.3
105,2013,272,54,16.06,13.76,0,0,.564,12.3
105,2013,272,100,15.98,13.71,0,0,.594,12.3
105,2013,272,106,15.91,13.48,0,0,.623,12.3
105,2013,272,112,15.84,13.57,0,0,.652,12.3
105,2013,272,118,15.77,13.55,0,0,.675,12.3
105,2013,272,124,15.69,13.47,0,0,.698,12.3
105,2013,272,130,15.62,13.39,0,0,.718,12.3
105,2013,272,136,15.54,13.41,0,0,.736,12.3
105,2013,272,142,15.48,13.22,0,0,.751,12.3
105,2013,272,148,15.43,13.12,0,0,.761,12.3
105,2013,272,154,15.38,13.05,0,0,.77,12.3
105,2013,272,200,15.34,12.92,0,0,.773,12.3
105,2013,272,206,15.29,12.8,0,0,.773,12.3
105,2013,272,212,15.24,12.76,0,0,.773,12.3
105,2013,272,218,15.19,12.63,0,0,.773,12.31
105,2013,272,224,15.14,12.59,0,0,.772,12.31
105,2013,272,230,15.07,12.54,0,0,.768,12.31
105,2013,272,236,15,12.54,0,0,.758,12.31
105,2013,272,242,14.93,12.4,0,0,.752,12.3
105,2013,272,248,14.85,12.43,0,0,.742,12.31
105,2013,272,254,14.79,12.42,0,0,.734,12.31
105,2013,272,300,14.73,12.34,0,0,.726,12.31
105,2013,272,306,14.68,12.32,0,0,.717,12.31
105,2013,272,312,14.63,12.29,0,0,.709,12.31
105,2013,272,318,14.59,12.32,0,0,.7,12.3
105,2013,272,324,14.54,12.19,0,0,.694,12.3
105,2013,272,330,14.49,12.24,0,0,.685,12.3
105,2013,272,336,14.44,12.32,0,0,.677,12.3
105,2013,272,342,14.41,12.34,0,0,.671,12.3
105,2013,272,348,14.38,12.31,0,0,.663,12.3
105,2013,272,354,14.36,12.13,0,0,.657,12.3
105,2013,272,400,14.34,12.17,0,0,.65,12.3
105,2013,272,406,14.31,12.19,0,0,.643,12.3
105,2013,272,412,14.28,11.97,0,0,.638,12.3
105,2013,272,418,14.23,11.97,0,0,.632,12.3
105,2013,272,424,14.18,12.09,0,0,.625,12.3
105,2013,272,430,14.13,11.8,0,0,.619,12.31
105,2013,272,436,14.08,11.74,0,0,.613,12.31
105,2013,272,442,14.02,11.87,0,0,.606,12.3
105,2013,272,448,13.97,11.9,0,0,.6,12.31
105,2013,272,454,13.92,12.06,0,0,.594,12.31
105,2013,272,500,13.87,12.04,0,0,.589,12.31
105,2013,272,506,13.84,12.04,0,0,.583,12.31
105,2013,272,512,13.81,12.09,0,0,.577,12.31
105,2013,272,518,13.79,12.03,0,0,.572,12.31
105,2013,272,524,13.77,11.81,0,0,.567,12.31
105,2013,272,530,13.75,11.9,0,0,.562,12.31
105,2013,272,536,13.73,11.77,0,0,.557,12.31
105,2013,272,542,13.7,11.89,0,0,.553,12.31
105,2013,272,548,13.67,11.87,0,0,.548,12.31
105,2013,272,554,13.63,11.79,0,0,.544,12.31
105,2013,272,600,13.61,12.11,0,0,.54,12.31
105,2013,272,606,13.59,12.21,0,0,.535,12.31
105,2013,272,612,13.6,12.21,0,0,.53,12.31
105,2013,272,618,13.61,12.39,0,0,.527,12.31
105,2013,272,624,13.63,12.54,0,0,.523,12.31
105,2013,272,630,13.67,12.6,0,0,.52,12.31
105,2013,272,636,13.71,12.51,0,0,.516,12.31
105,2013,272,642,13.76,12.42,0,0,.513,12.31
105,2013,272,648,13.8,12.36,0,0,.509,12.31
105,2013,272,654,13.82,12.4,0,0,.506,12.31
105,2013,272,700,13.85,12.45,0,0,.503,12.31
105,2013,272,706,13.87,12.53,0,0,.501,12.31
105,2013,272,712,13.89,12.54,0,0,.498,12.31
105,2013,272,718,13.92,12.65,0,0,.495,12.31
105,2013,272,724,13.95,12.82,0,0,.492,12.31
105,2013,272,730,13.99,13.2,0,0,.489,12.3
105,2013,272,736,14.03,13.88,0,0,.486,12.3
105,2013,272,742,14.09,14.41,0,0,.483,12.31
105,2013,272,748,14.17,14.86,0,0,.482,12.3
105,2013,272,754,14.28,15.35,0,0,.479,12.3
105,2013,272,800,14.42,15.64,0,0,.476,12.3
105,2013,272,806,14.57,15.3,0,0,.473,12.3
105,2013,272,812,14.73,14.83,0,0,.471,12.3
105,2013,272,818,14.87,14.72,0,0,.469,12.3
105,2013,272,824,15.01,14.97,0,0,.467,12.3
105,2013,272,830,15.14,15.09,0,0,.465,12.3
105,2013,272,836,15.26,15.75,0,0,.464,12.3
105,2013,272,842,15.38,16.43,0,0,.462,12.3
105,2013,272,848,15.51,16.41,0,0,.459,12.3
105,2013,272,854,15.64,16.61,0,0,.459,12.3
105,2013,272,900,15.78,16.56,0,0,.457,12.3
105,2013,272,906,15.92,16.7,0,0,.455,12.3
105,2013,272,912,16.06,16.63,0,0,.453,12.3
105,2013,272,918,16.21,17.02,0,0,.452,12.3
105,2013,272,924,16.36,17.26,0,0,.45,12.3
105,2013,272,930,16.52,17.27,0,0,.449,12.3
105,2013,272,936,16.68,17.54,0,0,.447,12.3
105,2013,272,942,16.85,17.64,0,0,.446,12.3
105,2013,272,948,17.01,17.79,0,0,.445,12.3
105,2013,272,954,17.18,18.25,0,0,.443,12.3
105,2013,272,1000,17.35,18.22,0,0,.441,12.3
105,2013,272,1006,17.53,18.22,0,0,.44,12.3
105,2013,272,1012,17.69,18.56,0,0,.439,12.3
105,2013,272,1018,17.85,18.98,0,0,.437,12.3
105,2013,272,1024,18.02,19.56,0,0,.436,12.3
105,2013,272,1030,18.2,20.49,0,0,.434,12.3
105,2013,272,1036,18.41,20.43,0,0,.433,12.3
105,2013,272,1042,18.62,20.07,0,0,.431,12.3
105,2013,272,1048,18.83,20.56,0,0,.43,12.3
105,2013,272,1054,19.03,21.31,0,0,.431,12.3
105,2013,272,1100,19.25,21.7,0,0,.428,12.3
105,2013,272,1106,19.48,21.82,0,0,.428,12.3
105,2013,272,1112,19.71,22.02,0,0,.428,12.3
105,2013,272,1118,19.94,22.81,0,0,.428,12.3
105,2013,272,1124,20.17,23,0,0,.428,12.3
105,2013,272,1130,20.4,23.56,0,0,.428,12.3
105,2013,272,1136,20.65,23.6,0,0,.429,12.3
105,2013,272,1142,20.89,22.72,0,0,.43,12.3
105,2013,272,1148,21.1,22.22,0,0,.43,12.3
105,2013,272,1154,21.26,22.45,0,0,.429,12.3
105,2013,272,1200,21.41,22.19,0,0,.43,12.3
105,2013,272,1206,21.53,24.14,0,0,.43,12.3
105,2013,272,1212,21.67,23.72,0,0,.429,12.3
105,2013,272,1218,21.82,24.78,0,0,.429,12.29
105,2013,272,1224,22,25.45,0,0,.429,12.29
105,2013,272,1230,22.2,24.64,0,0,.43,12.29
105,2013,272,1236,22.41,23.1,0,0,.431,12.3
105,2013,272,1242,22.57,23.66,0,0,.431,12.3
105,2013,272,1248,22.69,25.37,0,0,.431,12.29
105,2013,272,1254,22.83,25.87,0,0,.432,12.29
105,2013,272,1300,23,26.35,0,0,.434,12.29
105,2013,272,1306,23.19,26.2,0,0,.435,12.29
105,2013,272,1312,23.39,26.74,0,0,.436,12.29
105,2013,272,1318,23.58,26.34,0,0,.437,12.29
105,2013,272,1324,23.77,26.56,0,0,.437,12.29
105,2013,272,1330,23.95,26.28,0,0,.438,12.29
105,2013,272,1336,24.11,26.55,0,0,.439,12.29
105,2013,272,1342,24.26,26.59,0,0,.439,12.29
105,2013,272,1348,24.39,26.97,0,0,.438,12.29
105,2013,272,1354,24.52,27.06,0,0,.438,12.29
105,2013,272,1400,24.65,26.82,0,0,.438,12.29
105,2013,272,1406,24.76,26.37,0,0,.438,12.29
105,2013,272,1412,24.87,26.55,0,0,.438,12.29
105,2013,272,1418,24.97,25.42,0,0,.438,12.29
105,2013,272,1424,25.04,25.23,0,0,.438,12.29
105,2013,272,1430,25.08,25.71,0,0,.438,12.29
105,2013,272,1436,25.1,25.81,0,0,.438,12.29
105,2013,272,1442,25.13,25.38,0,0,.438,12.29
105,2013,272,1448,25.15,22.45,0,0,.438,12.29
105,2013,272,1454,25.15,23.04,0,0,.437,12.29
105,2013,272,1500,25.12,23.27,0,0,.437,12.29
105,2013,272,1506,25.09,21.85,0,0,.438,12.29
105,2013,272,1512,25.02,22.51,0,0,.437,12.29
105,2013,272,1518,24.93,22.09,0,0,.437,12.3
105,2013,272,1524,24.82,21.37,0,0,.437,12.3
105,2013,272,1530,24.68,22.05,0,0,.435,12.3
105,2013,272,1536,24.55,21.7,0,0,.435,12.3
105,2013,272,1542,24.43,21.71,0,0,.433,12.3
105,2013,272,1548,24.31,21.59,0,0,.433,12.3
105,2013,272,1554,24.19,21.6,0,0,.432,12.3
105,2013,272,1600,24.07,21.39,0,0,.431,12.3
105,2013,272,1606,23.96,21.06,0,0,.43,12.3
105,2013,272,1612,23.83,20.99,0,0,.429,12.3
105,2013,272,1618,23.71,20.83,0,0,.429,12.3
105,2013,272,1624,23.59,20.81,0,0,.427,12.3
105,2013,272,1630,23.47,20.61,0,0,.426,12.3
105,2013,272,1636,23.35,20.76,0,0,.424,12.3
105,2013,272,1642,23.23,20.53,0,0,.424,12.3
105,2013,272,1648,23.12,20.56,0,0,.423,12.3
105,2013,272,1654,23.01,20.44,0,0,.422,12.3
105,2013,272,1700,22.9,20.36,0,0,.422,12.3
105,2013,272,1706,22.81,20.33,0,0,.421,12.3
105,2013,272,1712,22.71,20.28,0,0,.42,12.3
105,2013,272,1718,22.62,20.21,0,0,.42,12.3
105,2013,272,1724,22.53,20.19,0,0,.419,12.3
105,2013,272,1730,22.45,20.02,0,0,.418,12.3
105,2013,272,1736,22.36,19.97,0,0,.418,12.3
105,2013,272,1742,22.27,19.95,0,0,.416,12.3
105,2013,272,1748,22.19,19.75,0,0,.416,12.3
105,2013,272,1754,22.1,18.87,0,0,.416,12.3
105,2013,272,1800,22,19.03,0,0,.415,12.3
105,2013,272,1806,21.87,18.66,0,0,.415,12.3
105,2013,272,1812,21.74,18.53,0,0,.413,12.3
105,2013,272,1818,21.61,18.43,0,0,.413,12.3
105,2013,272,1824,21.47,18.2,0,0,.412,12.3
105,2013,272,1830,21.31,17.91,0,0,.411,12.3
105,2013,272,1836,21.15,17.84,0,0,.41,12.3
105,2013,272,1842,20.98,17.48,0,0,.41,12.3
105,2013,272,1848,20.78,17.39,0,0,.409,12.3
105,2013,272,1854,20.59,17.38,0,0,.408,12.3
105,2013,272,1900,20.39,16.9,0,0,.407,12.3
105,2013,272,1906,20.19,16.6,0,0,.406,12.3
105,2013,272,1912,19.98,16.55,0,0,.405,12.3
105,2013,272,1918,19.78,16.33,0,0,.403,12.3
105,2013,272,1924,19.6,16.22,0,0,.403,12.3
105,2013,272,1930,19.43,16.1,0,0,.401,12.3
105,2013,272,1936,19.27,15.99,0,0,.4,12.3
105,2013,272,1942,19.08,15.7,0,0,.398,12.3
105,2013,272,1948,18.9,15.67,0,0,.399,12.3
105,2013,272,1954,18.72,15.6,0,0,.397,12.3
105,2013,272,2000,18.56,15.09,0,0,.397,12.3
105,2013,272,2006,18.4,14.96,0,0,.396,12.3
105,2013,272,2012,18.23,15.15,0,0,.395,12.3
105,2013,272,2018,18.07,15.16,0,0,.394,12.3
105,2013,272,2024,17.92,15.2,0,0,.393,12.3
105,2013,272,2030,17.79,14.81,0,0,.393,12.3
105,2013,272,2036,17.67,14.54,0,0,.392,12.3
105,2013,272,2042,17.54,14.82,0,0,.392,12.3
105,2013,272,2048,17.42,14.6,0,0,.39,12.3
105,2013,272,2054,17.31,14.55,0,0,.389,12.3
105,2013,272,2100,17.19,14.52,0,0,.389,12.3
105,2013,272,2106,17.07,14.29,0,0,.388,12.3
105,2013,272,2112,16.96,13.89,0,0,.388,12.3
105,2013,272,2118,16.83,14.12,0,0,.387,12.3
105,2013,272,2124,16.69,14.09,0,0,.386,12.3
105,2013,272,2130,16.57,14.21,0,0,.386,12.3
105,2013,272,2136,16.45,13.82,0,0,.384,12.3
105,2013,272,2142,16.33,13.87,0,0,.384,12.3
105,2013,272,2148,16.22,13.78,0,0,.383,12.3
105,2013,272,2154,16.1,13.57,0,0,.383,12.3
105,2013,272,2200,15.99,13.7,0,0,.382,12.3
105,2013,272,2206,15.88,13.68,0,0,.381,12.3
105,2013,272,2212,15.79,13.61,0,0,.381,12.3
105,2013,272,2218,15.7,13.59,0,0,.381,12.3
105,2013,272,2224,15.62,13.44,0,0,.38,12.3
105,2013,272,2230,15.55,13.04,0,0,.378,12.3
105,2013,272,2236,15.47,13.1,0,0,.378,12.3
105,2013,272,2242,15.38,12.75,0,0,.378,12.3
105,2013,272,2248,15.3,13.35,0,0,.378,12.3
105,2013,272,2254,15.22,12.88,0,0,.376,12.3
105,2013,272,2300,15.16,13.38,0,0,.376,12.31
105,2013,272,2306,15.12,13.37,0,0,.375,12.31
105,2013,272,2312,15.08,13.4,0,0,.375,12.31
105,2013,272,2318,15.05,13.72,0,0,.375,12.31
105,2013,272,2324,15.04,13.72,0,0,.374,12.3
105,2013,272,2330,15.04,13.19,0,0,.373,12.31
105,2013,272,2336,15.02,13.49,0,0,.373,12.3
105,2013,272,2342,14.99,13.32,0,0,.372,12.3
105,2013,272,2348,14.97,13.46,0,0,.373,12.3
105,2013,272,2354,14.94,13.25,0,0,.371,12.3
105,2013,273,0,14.9,13.23,0,0,.37,12.3
105,2013,273,6,14.86,13.08,0,0,.37,12.3
105,2013,273,12,14.8,12.79,0,0,.37,12.3
105,2013,273,18,14.73,12.88,0,0,.37,12.3
105,2013,273,24,14.68,12.74,0,0,.37,12.3
105,2013,273,30,14.63,12.57,0,0,.37,12.3
105,2013,273,36,14.58,12.47,0,0,.369,12.3
105,2013,273,42,14.53,12.54,0,0,.369,12.3
105,2013,273,48,14.48,12.1,0,0,.37,12.3
105,2013,273,54,14.41,11.92,0,0,.369,12.3
105,2013,273,100,14.34,12.28,0,0,.369,12.3
105,2013,273,106,14.27,12.3,0,0,.369,12.3
105,2013,273,112,14.2,12.21,0,0,.369,12.3
105,2013,273,118,14.15,12.08,0,0,.369,12.3
105,2013,273,124,14.09,12.09,0,0,.369,12.3
105,2013,273,130,14.03,12.14,0,0,.37,12.31
105,2013,273,136,13.98,11.99,0,0,.37,12.31
105,2013,273,142,13.93,11.85,0,0,.373,12.31
105,2013,273,148,13.88,11.86,0,0,.378,12.31
105,2013,273,154,13.83,11.73,0,0,.386,12.31
105,2013,273,200,13.77,11.73,0,0,.396,12.31
105,2013,273,206,13.72,11.79,0,0,.409,12.3
105,2013,273,212,13.66,11.83,0,0,.427,12.31
105,2013,273,218,13.63,11.66,0,0,.445,12.31
105,2013,273,224,13.59,11.6,0,0,.464,12.31
105,2013,273,230,13.56,11.5,0,0,.486,12.31
105,2013,273,236,13.52,11.55,0,0,.51,12.31
105,2013,273,242,13.48,11.46,0,0,.532,12.31
105,2013,273,248,13.45,11.41,0,0,.552,12.31
105,2013,273,254,13.42,11.44,0,0,.569,12.31
105,2013,273,300,13.38,11.42,0,0,.584,12.31
105,2013,273,306,13.36,11.26,0,0,.594,12.31
105,2013,273,312,13.33,11.34,0,0,.601,12.31
105,2013,273,318,13.29,11.31,0,0,.604,12.31
105,2013,273,324,13.24,11.2,0,0,.605,12.31
105,2013,273,330,13.2,11.1,0,0,.604,12.31
105,2013,273,336,13.16,10.96,0,0,.605,12.31
105,2013,273,342,13.12,10.9,0,0,.604,12.31
105,2013,273,348,13.07,10.94,0,0,.605,12.31
105,2013,273,354,13.02,10.89,0,0,.605,12.31
105,2013,273,400,12.97,10.77,0,0,.604,12.31
105,2013,273,406,12.93,10.86,0,0,.602,12.31
105,2013,273,412,12.88,10.92,0,0,.601,12.31
105,2013,273,418,12.84,10.85,0,0,.597,12.31
105,2013,273,424,12.81,10.79,0,0,.593,12.31
105,2013,273,430,12.79,10.76,0,0,.589,12.31
105,2013,273,436,12.76,10.78,0,0,.584,12.31
105,2013,273,442,12.73,10.76,0,0,.58,12.31
105,2013,273,448,12.7,10.7,0,0,.576,12.31
105,2013,273,454,12.68,10.71,0,0,.572,12.31
105,2013,273,500,12.66,10.71,0,0,.567,12.31
105,2013,273,506,12.64,10.7,0,0,.563,12.31
105,2013,273,512,12.63,10.69,0,0,.559,12.31
105,2013,273,518,12.62,10.69,0,0,.555,12.31
105,2013,273,524,12.61,10.78,0,0,.551,12.31
105,2013,273,530,12.6,10.77,0,0,.546,12.31
105,2013,273,536,12.57,10.69,0,0,.543,12.31
105,2013,273,542,12.55,10.9,0,0,.54,12.31
105,2013,273,548,12.53,10.65,0,0,.536,12.31
105,2013,273,554,12.51,10.78,0,0,.532,12.31
105,2013,273,600,12.49,10.78,0,0,.529,12.31
105,2013,273,606,12.48,10.75,0,0,.525,12.31
105,2013,273,612,12.48,10.69,0,0,.522,12.31
105,2013,273,618,12.47,10.61,0,0,.518,12.31
105,2013,273,624,12.46,10.49,0,0,.515,12.31
105,2013,273,630,12.45,10.61,0,0,.511,12.31
105,2013,273,636,12.44,10.58,0,0,.508,12.31
105,2013,273,642,12.43,10.38,0,0,.505,12.31
105,2013,273,648,12.41,10.68,0,0,.503,12.31
105,2013,273,654,12.4,10.64,0,0,.5,12.31
105,2013,273,700,12.4,10.67,0,0,.497,12.31
105,2013,273,706,12.39,10.86,0,0,.495,12.31
105,2013,273,712,12.38,10.78,0,0,.492,12.31
105,2013,273,718,12.38,10.79,0,0,.489,12.31
105,2013,273,724,12.36,10.81,0,0,.487,12.31
105,2013,273,730,12.35,10.87,0,0,.484,12.31
105,2013,273,736,12.34,11,0,0,.482,12.31
105,2013,273,742,12.34,10.98,0,0,.48,12.31
105,2013,273,748,12.34,10.91,0,0,.478,12.31
105,2013,273,754,12.34,10.96,0,0,.475,12.31
105,2013,273,800,12.35,11.14,0,0,.473,12.31
105,2013,273,806,12.37,11.99,0,0,.471,12.31
105,2013,273,812,12.43,13.75,0,0,.469,12.31
105,2013,273,818,12.53,14.49,0,0,.467,12.31
105,2013,273,824,12.69,15.22,0,0,.464,12.31
105,2013,273,830,12.88,14.42,0,0,.462,12.31
105,2013,273,836,13.11,14.14,0,0,.46,12.31
105,2013,273,842,13.33,15.37,0,0,.459,12.3
105,2013,273,848,13.55,16.46,0,0,.457,12.3
105,2013,273,854,13.81,16.42,0,0,.455,12.3
105,2013,273,900,14.12,17.51,0,0,.454,12.3
105,2013,273,906,14.44,18.47,0,0,.452,12.3
105,2013,273,912,14.78,19.39,0,0,.451,12.3
105,2013,273,918,15.14,19.14,0,0,.449,12.3
105,2013,273,924,15.52,20.37,0,0,.446,12.3
105,2013,273,930,15.91,20.45,0,0,.445,12.3
105,2013,273,936,16.3,21.22,0,0,.444,12.3
105,2013,273,942,16.69,22.26,0,0,.442,12.3
105,2013,273,948,17.08,22.11,0,0,.441,12.3
105,2013,273,954,17.45,22.52,0,0,.439,12.3
105,2013,273,1000,17.81,23.65,0,0,.438,12.3
105,2013,273,1006,18.15,23.65,0,0,.436,12.3
105,2013,273,1012,18.48,22.39,0,0,.435,12.3
105,2013,273,1018,18.78,22.11,0,0,.433,12.3
105,2013,273,1024,19.04,23.28,0,0,.433,12.3
105,2013,273,1030,19.31,22.95,0,0,.431,12.3
105,2013,273,1036,19.58,23.68,0,0,.431,12.3
105,2013,273,1042,19.83,23.19,0,0,.43,12.3
105,2013,273,1048,20.08,24.13,0,0,.429,12.3
105,2013,273,1054,20.34,24.49,0,0,.428,12.3
105,2013,273,1100,20.6,24.73,0,0,.427,12.29
105,2013,273,1106,20.86,25.22,0,0,.427,12.3
105,2013,273,1112,21.11,25.33,0,0,.426,12.29
105,2013,273,1118,21.35,25.82,0,0,.425,12.29
105,2013,273,1124,21.61,25.38,0,0,.424,12.29
105,2013,273,1130,21.86,24.17,0,0,.424,12.29
105,2013,273,1136,22.07,24.91,0,0,.422,12.29
105,2013,273,1142,22.29,25.25,0,0,.422,12.29
105,2013,273,1148,22.51,25.81,0,0,.422,12.29
105,2013,273,1154,22.71,25.05,0,0,.422,12.29
105,2013,273,1200,22.91,25.75,0,0,.421,12.29
105,2013,273,1206,23.1,26.61,0,0,.421,12.29
105,2013,273,1212,23.32,27.41,0,0,.421,12.29
105,2013,273,1218,23.54,27.04,0,0,.42,12.29
105,2013,273,1224,23.77,27.61,0,0,.419,12.29
105,2013,273,1230,24.01,25.57,0,0,.42,12.29
105,2013,273,1236,24.2,24.23,0,0,.419,12.29
105,2013,273,1242,24.3,24.31,0,0,.419,12.29
105,2013,273,1248,24.35,23.54,0,0,.419,12.29
105,2013,273,1254,24.38,22.83,0,0,.42,12.29
105,2013,273,1300,24.36,21.3,0,0,.42,12.29
105,2013,273,1306,24.31,23.44,0,0,.422,12.29
105,2013,273,1312,24.26,25.23,0,0,.425,12.29
105,2013,273,1318,24.26,25.57,0,0,.429,12.29
105,2013,273,1324,24.31,26.4,0,0,.433,12.29
105,2013,273,1330,24.4,26.79,0,0,.437,12.29
105,2013,273,1336,24.53,25.06,0,0,.444,12.29
105,2013,273,1342,24.63,23.74,0,0,.452,12.29
105,2013,273,1348,24.68,24.22,0,0,.46,12.29
105,2013,273,1354,24.7,22.91,0,0,.47,12.29
105,2013,273,1400,24.67,22.3,0,0,.479,12.29
105,2013,273,1406,24.61,22.35,0,0,.489,12.3
105,2013,273,1412,24.52,22.64,0,0,.499,12.3
105,2013,273,1418,24.44,24.54,0,0,.506,12.3
105,2013,273,1424,24.39,24.24,0,0,.515,12.29
105,2013,273,1430,24.38,26.12,0,0,.521,12.29
105,2013,273,1436,24.41,26.09,0,0,.526,12.29
105,2013,273,1442,24.48,24.27,0,0,.528,12.29
105,2013,273,1448,24.54,24.54,0,0,.529,12.29
105,2013,273,1454,24.61,24.1,0,0,.529,12.29
105,2013,273,1500,24.68,23.65,0,0,.529,12.29
105,2013,273,1506,24.72,22.95,0,0,.53,12.3
105,2013,273,1512,24.73,22.18,0,0,.53,12.3
105,2013,273,1518,24.69,22.11,0,0,.529,12.3
105,2013,273,1524,24.62,22,0,0,.53,12.3
105,2013,273,1530,24.54,21.55,0,0,.529,12.3
105,2013,273,1536,24.44,21.41,0,0,.529,12.3
105,2013,273,1542,24.32,21.39,0,0,.528,12.3
105,2013,273,1548,24.19,21.48,0,0,.524,12.3
105,2013,273,1554,24.06,21.25,0,0,.521,12.3
105,2013,273,1600,23.94,21.04,0,0,.519,12.3
105,2013,273,1606,23.81,20.97,0,0,.515,12.3
105,2013,273,1612,23.68,20.79,0,0,.513,12.3
105,2013,273,1618,23.56,20.52,0,0,.51,12.3
105,2013,273,1624,23.42,20.25,0,0,.508,12.3
105,2013,273,1630,23.27,20.27,0,0,.505,12.3
105,2013,273,1636,23.13,20.13,0,0,.504,12.3
105,2013,273,1642,22.99,20.12,0,0,.502,12.3
105,2013,273,1648,22.86,20.13,0,0,.5,12.3
105,2013,273,1654,22.74,19.99,0,0,.498,12.3
105,2013,273,1700,22.62,19.89,0,0,.495,12.3
105,2013,273,1706,22.51,19.92,0,0,.492,12.3
105,2013,273,1712,22.4,19.7,0,0,.49,12.3
105,2013,273,1718,22.29,19.7,0,0,.487,12.3
105,2013,273,1724,22.18,19.52,0,0,.486,12.3
105,2013,273,1730,22.08,19.56,0,0,.484,12.3
105,2013,273,1736,21.99,19.34,0,0,.483,12.3
105,2013,273,1742,21.89,19.05,0,0,.48,12.3
105,2013,273,1748,21.78,19.04,0,0,.478,12.3
105,2013,273,1754,21.65,18.69,0,0,.476,12.3
105,2013,273,1800,21.53,18.47,0,0,.474,12.3
105,2013,273,1806,21.4,18.42,0,0,.471,12.3
105,2013,273,1812,21.28,18.29,0,0,.47,12.3
105,2013,273,1818,21.15,18.1,0,0,.469,12.3
105,2013,273,1824,21.03,17.97,0,0,.466,12.3
105,2013,273,1830,20.89,17.81,0,0,.464,12.3
105,2013,273,1836,20.77,17.62,0,0,.463,12.3
105,2013,273,1842,20.65,17.46,0,0,.461,12.3
105,2013,273,1848,20.53,17.23,0,0,.46,12.3
105,2013,273,1854,20.41,17.09,0,0,.458,12.3
105,2013,273,1900,20.29,16.87,0,0,.457,12.3
105,2013,273,1906,20.15,16.68,0,0,.454,12.3
105,2013,273,1912,20,16.55,0,0,.453,12.3
105,2013,273,1918,19.83,15.47,0,0,.451,12.3
105,2013,273,1924,19.63,15.83,0,0,.45,12.3
105,2013,273,1930,19.43,16,0,0,.447,12.3
105,2013,273,1936,19.22,15.48,0,0,.447,12.3
105,2013,273,1942,19,15.16,0,0,.445,12.3
105,2013,273,1948,18.78,15.54,0,0,.444,12.3
105,2013,273,1954,18.57,15.34,0,0,.442,12.3
105,2013,273,2000,18.35,15.24,0,0,.441,12.3
105,2013,273,2006,18.15,15.15,0,0,.44,12.3
105,2013,273,2012,17.95,14.5,0,0,.439,12.3
105,2013,273,2018,17.77,14.59,0,0,.437,12.3
105,2013,273,2024,17.59,14.41,0,0,.435,12.3
105,2013,273,2030,17.41,13.98,0,0,.434,12.3
105,2013,273,2036,17.24,14.38,0,0,.433,12.3
105,2013,273,2042,17.09,14.4,0,0,.432,12.3
105,2013,273,2048,16.95,13.79,0,0,.432,12.3
105,2013,273,2054,16.8,13.56,0,0,.43,12.3
105,2013,273,2100,16.66,13.42,0,0,.43,12.3
105,2013,273,2106,16.52,13.31,0,0,.428,12.3
105,2013,273,2112,16.38,13.37,0,0,.427,12.3
105,2013,273,2118,16.25,13.16,0,0,.426,12.3
105,2013,273,2124,16.13,13.45,0,0,.424,12.3
105,2013,273,2130,16,13.76,0,0,.424,12.3
105,2013,273,2136,15.89,13.69,0,0,.423,12.3
105,2013,273,2142,15.78,13.26,0,0,.422,12.3
105,2013,273,2148,15.69,13.75,0,0,.421,12.3
105,2013,273,2154,15.62,13.83,0,0,.42,12.3
105,2013,273,2200,15.57,13.77,0,0,.419,12.3
105,2013,273,2206,15.53,13.7,0,0,.418,12.3
105,2013,273,2212,15.5,13.54,0,0,.417,12.3
105,2013,273,2218,15.45,13.5,0,0,.416,12.3
105,2013,273,2224,15.39,13.63,0,0,.415,12.3
105,2013,273,2230,15.35,13.56,0,0,.414,12.3
105,2013,273,2236,15.31,13.35,0,0,.414,12.3
105,2013,273,2242,15.26,13.41,0,0,.413,12.3
105,2013,273,2248,15.21,13.45,0,0,.412,12.3
105,2013,273,2254,15.17,13.43,0,0,.411,12.3
105,2013,273,2300,15.14,13.33,0,0,.41,12.31
105,2013,273,2306,15.1,13.3,0,0,.409,12.31
105,2013,273,2312,15.06,13.22,0,0,.408,12.31
105,2013,273,2318,15.02,13.19,0,0,.407,12.3
105,2013,273,2324,14.98,13.13,0,0,.406,12.31
105,2013,273,2330,14.95,13.08,0,0,.406,12.3
105,2013,273,2336,14.91,13.05,0,0,.405,12.3
105,2013,273,2342,14.88,12.97,0,0,.403,12.3
105,2013,273,2348,14.84,12.87,0,0,.403,12.3
105,2013,273,2354,14.81,12.8,0,0,.402,12.3
105,2013,274,0,14.78,12.83,0,0,.402,12.3
105,2013,274,6,14.74,12.79,0,0,.401,12.3
105,2013,274,12,14.71,12.79,0,0,.4,12.3
105,2013,274,18,14.68,12.81,0,0,.399,12.3
105,2013,274,24,14.66,12.71,0,0,.398,12.3
105,2013,274,30,14.63,12.63,0,0,.398,12.3
105,2013,274,36,14.6,12.64,0,0,.397,12.3
105,2013,274,42,14.57,12.56,0,0,.397,12.3
105,2013,274,48,14.52,12.45,0,0,.396,12.3
105,2013,274,54,14.47,12.46,0,0,.395,12.3
105,2013,274,100,14.41,12.51,0,0,.395,12.3
105,2013,274,106,14.35,12.59,0,0,.394,12.3
105,2013,274,112,14.3,12.68,0,0,.393,12.3
105,2013,274,118,14.26,12.73,0,0,.393,12.3
105,2013,274,124,14.23,12.78,0,0,.393,12.3
105,2013,274,130,14.22,12.76,0,0,.392,12.3
105,2013,274,136,14.21,12.74,0,0,.392,12.3
105,2013,274,142,14.21,12.7,0,0,.392,12.3
105,2013,274,148,14.21,12.64,0,0,.392,12.3
105,2013,274,154,14.2,12.68,0,0,.392,12.3
105,2013,274,200,14.19,12.73,0,0,.392,12.3
105,2013,274,206,14.18,12.72,0,0,.392,12.3
105,2013,274,212,14.17,12.65,0,0,.392,12.3
105,2013,274,218,14.15,12.57,0,0,.392,12.31
105,2013,274,224,14.13,12.49,0,0,.393,12.3
105,2013,274,230,14.1,12.5,0,0,.397,12.31
105,2013,274,236,14.07,12.67,0,0,.403,12.3
105,2013,274,242,14.04,12.64,0,0,.41,12.3
105,2013,274,248,14.02,12.64,0,0,.42,12.3
105,2013,274,254,13.99,12.62,0,0,.432,12.3
105,2013,274,300,13.97,12.64,0,0,.446,12.3
105,2013,274,306,13.95,12.69,0,0,.461,12.3
105,2013,274,312,13.93,12.72,0,0,.478,12.3
105,2013,274,318,13.92,12.72,0,0,.497,12.3
105,2013,274,324,13.91,12.67,0,0,.517,12.3
105,2013,274,330,13.91,12.67,0,0,.536,12.3
105,2013,274,336,13.91,12.62,0,0,.553,12.3
105,2013,274,342,13.92,12.54,0,0,.568,12.3
105,2013,274,348,13.93,12.53,0,0,.58,12.3
105,2013,274,354,13.94,12.5,0,0,.591,12.3
105,2013,274,400,13.94,12.37,0,0,.595,12.31
105,2013,274,406,13.94,12.32,0,0,.596,12.3
105,2013,274,412,13.92,12.44,0,0,.597,12.3
105,2013,274,418,13.9,12.23,0,0,.596,12.3
105,2013,274,424,13.88,12.35,0,0,.597,12.3
105,2013,274,430,13.85,12.2,0,0,.597,12.3
105,2013,274,436,13.83,12.41,0,0,.596,12.3
105,2013,274,442,13.81,12.42,0,0,.594,12.3
105,2013,274,448,13.8,12.4,0,0,.59,12.3
105,2013,274,454,13.78,12.36,0,0,.585,12.3
105,2013,274,500,13.77,12.43,0,0,.581,12.3
105,2013,274,506,13.77,12.43,0,0,.577,12.31
105,2013,274,512,13.76,12.36,0,0,.573,12.3
105,2013,274,518,13.75,12.26,0,0,.568,12.3
105,2013,274,524,13.73,12.39,0,0,.565,12.3
105,2013,274,530,13.72,12.5,0,0,.561,12.3
105,2013,274,536,13.72,12.47,0,0,.557,12.3
105,2013,274,542,13.73,12.46,0,0,.552,12.3
105,2013,274,548,13.74,12.49,0,0,.549,12.3
105,2013,274,554,13.76,12.54,0,0,.545,12.3
105,2013,274,600,13.78,12.63,0,0,.541,12.3
105,2013,274,606,13.82,12.79,0,0,.537,12.3
105,2013,274,612,13.87,12.91,0,0,.534,12.3
105,2013,274,618,13.92,13.05,0,0,.53,12.3
105,2013,274,624,13.99,13.15,0,0,.526,12.3
105,2013,274,630,14.06,13.26,0,0,.523,12.3
105,2013,274,636,14.13,13.34,0,0,.52,12.3
105,2013,274,642,14.21,13.45,0,0,.517,12.3
105,2013,274,648,14.28,13.55,0,0,.513,12.3
105,2013,274,654,14.36,13.62,0,0,.51,12.3
105,2013,274,700,14.44,13.73,0,0,.507,12.3
105,2013,274,706,14.52,13.84,0,0,.504,12.3
105,2013,274,712,14.6,13.98,0,0,.501,12.3
105,2013,274,718,14.68,14.09,0,0,.499,12.3
105,2013,274,724,14.77,14.24,0,0,.496,12.3
105,2013,274,730,14.85,14.32,0,0,.494,12.3
105,2013,274,736,14.94,14.55,0,0,.491,12.3
105,2013,274,742,15.04,14.82,0,0,.489,12.3
105,2013,274,748,15.14,15.05,0,0,.486,12.3
105,2013,274,754,15.25,15.21,0,0,.483,12.3
105,2013,274,800,15.36,15.41,0,0,.482,12.3
105,2013,274,806,15.48,15.45,0,0,.48,12.3
105,2013,274,812,15.6,15.6,0,0,.477,12.3
105,2013,274,818,15.72,15.64,0,0,.475,12.3
105,2013,274,824,15.85,15.98,0,0,.472,12.3
105,2013,274,830,15.98,16.14,0,0,.47,12.3
105,2013,274,836,16.11,16.37,0,0,.469,12.3
105,2013,274,842,16.24,16.4,0,0,.466,12.3
105,2013,274,848,16.38,16.65,0,0,.464,12.3
105,2013,274,854,16.53,16.88,0,0,.463,12.3
105,2013,274,900,16.68,17.22,0,0,.461,12.3
105,2013,274,906,16.84,17.33,0,0,.46,12.3
105,2013,274,912,17,17.59,0,0,.458,12.3
105,2013,274,918,17.15,18.04,0,0,.456,12.3
105,2013,274,924,17.32,18.18,0,0,.454,12.3
105,2013,274,930,17.48,18.82,0,0,.453,12.3
105,2013,274,936,17.67,20.51,0,0,.451,12.3
105,2013,274,942,17.89,21.18,0,0,.45,12.3
105,2013,274,948,18.14,20.75,0,0,.448,12.3
105,2013,274,954,18.41,20.51,0,0,.446,12.3
105,2013,274,1000,18.67,21.01,0,0,.445,12.3
105,2013,274,1006,18.94,22.47,0,0,.443,12.3
105,2013,274,1012,19.23,22.64,0,0,.442,12.3
105,2013,274,1018,19.55,21.75,0,0,.441,12.3
105,2013,274,1024,19.83,21.37,0,0,.439,12.3
105,2013,274,1030,20.1,21.63,0,0,.438,12.3
105,2013,274,1036,20.34,21.89,0,0,.438,12.3
105,2013,274,1042,20.56,22.45,0,0,.436,12.3
105,2013,274,1048,20.78,22.87,0,0,.436,12.3
105,2013,274,1054,20.99,23.61,0,0,.434,12.3
105,2013,274,1100,21.21,23.66,0,0,.433,12.3
105,2013,274,1106,21.44,23.61,0,0,.433,12.3
105,2013,274,1112,21.69,24.89,0,0,.432,12.3
105,2013,274,1118,21.94,25.35,0,0,.431,12.29
105,2013,274,1124,22.22,25.47,0,0,.428,12.29
105,2013,274,1130,22.52,26.05,0,0,.427,12.29
105,2013,274,1136,22.82,27.1,0,0,.427,12.29
105,2013,274,1142,23.13,26.14,0,0,.424,12.29
105,2013,274,1148,23.46,26.85,0,0,.423,12.29
105,2013,274,1154,23.77,28.04,0,0,.421,12.29
105,2013,274,1200,24.08,28.27,0,0,.42,12.29
105,2013,274,1206,24.39,28.2,0,0,.418,12.29
105,2013,274,1212,24.69,28.16,0,0,.416,12.29
105,2013,274,1218,24.99,28.34,0,0,.416,12.29
105,2013,274,1224,25.28,28.41,0,0,.415,12.29
105,2013,274,1230,25.56,28.81,0,0,.414,12.29
105,2013,274,1236,25.84,28.35,0,0,.413,12.29
105,2013,274,1242,26.12,29.87,0,0,.413,12.29
105,2013,274,1248,26.4,28.68,0,0,.411,12.29
105,2013,274,1254,26.65,29.48,0,0,.411,12.29
105,2013,274,1300,26.86,29.57,0,0,.411,12.29
105,2013,274,1306,27.06,30.3,0,0,.411,12.29
105,2013,274,1312,27.27,30.38,0,0,.411,12.29
105,2013,274,1318,27.47,30.81,0,0,.41,12.29
105,2013,274,1324,27.67,31.04,0,0,.411,12.29
105,2013,274,1330,27.87,30.89,0,0,.411,12.29
105,2013,274,1336,28.05,30.51,0,0,.411,12.29
105,2013,274,1342,28.22,29.49,0,0,.411,12.29
105,2013,274,1348,28.36,28.54,0,0,.411,12.29
105,2013,274,1354,28.47,27.86,0,0,.411,12.29
105,2013,274,1400,28.5,27.86,0,0,.411,12.29
105,2013,274,1406,28.5,28.18,0,0,.413,12.29
105,2013,274,1412,28.49,27.18,0,0,.416,12.29
105,2013,274,1418,28.47,25.96,0,0,.422,12.29
105,2013,274,1424,28.4,25.65,0,0,.429,12.29
105,2013,274,1430,28.29,25.67,0,0,.437,12.29
105,2013,274,1436,28.15,25.35,0,0,.447,12.29
105,2013,274,1442,28,24.66,0,0,.458,12.29
105,2013,274,1448,27.83,24.68,0,0,.469,12.29
105,2013,274,1454,27.66,24.82,0,0,.481,12.29
105,2013,274,1500,27.51,24.78,0,0,.493,12.29
105,2013,274,1506,27.39,24.9,0,0,.506,12.29
105,2013,274,1512,27.28,24.71,0,0,.517,12.29
105,2013,274,1518,27.18,24.56,0,0,.529,12.29
105,2013,274,1524,27.08,24.46,0,0,.537,12.29
105,2013,274,1530,26.98,24.24,0,0,.544,12.29
105,2013,274,1536,26.88,24.03,0,0,.549,12.29
105,2013,274,1542,26.77,23.99,0,0,.551,12.29
105,2013,274,1548,26.66,24.13,0,0,.55,12.29
105,2013,274,1554,26.56,24.03,0,0,.55,12.29
105,2013,274,1600,26.46,24.39,0,0,.551,12.29
105,2013,274,1606,26.37,24.41,0,0,.551,12.29
105,2013,274,1612,26.3,24.7,0,0,.551,12.29
105,2013,274,1618,26.25,24.76,0,0,.549,12.29
105,2013,274,1624,26.21,24.37,0,0,.549,12.29
105,2013,274,1630,26.17,24.22,0,0,.544,12.3
105,2013,274,1636,26.13,23.99,0,0,.541,12.3
105,2013,274,1642,26.07,23.73,0,0,.538,12.3
105,2013,274,1648,26,23.49,0,0,.535,12.3
105,2013,274,1654,25.92,23.13,0,0,.532,12.3
105,2013,274,1700,25.82,22.89,0,0,.528,12.29
105,2013,274,1706,25.71,22.79,0,0,.525,12.29
105,2013,274,1712,25.59,22.36,0,0,.522,12.29
105,2013,274,1718,25.46,21.98,0,0,.519,12.29
105,2013,274,1724,25.32,21.81,0,0,.515,12.29
105,2013,274,1730,25.18,21.82,0,0,.512,12.3
105,2013,274,1736,25.03,21.61,0,0,.509,12.3
105,2013,274,1742,24.87,21.23,0,0,.507,12.3
105,2013,274,1748,24.71,21.1,0,0,.504,12.3
105,2013,274,1754,24.55,21.18,0,0,.502,12.3
105,2013,274,1800,24.39,20.84,0,0,.499,12.29
105,2013,274,1806,24.24,20.81,0,0,.497,12.29
105,2013,274,1812,24.09,20.67,0,0,.494,12.3
105,2013,274,1818,23.95,20.29,0,0,.491,12.3
105,2013,274,1824,23.78,20.39,0,0,.489,12.3
105,2013,274,1830,23.62,20.37,0,0,.486,12.29
105,2013,274,1836,23.46,20.16,0,0,.485,12.3
105,2013,274,1842,23.31,20.02,0,0,.483,12.3
105,2013,274,1848,23.14,19.31,0,0,.481,12.3
105,2013,274,1854,22.95,19.32,0,0,.479,12.3
105,2013,274,1900,22.75,19.33,0,0,.477,12.3
105,2013,274,1906,22.54,18.72,0,0,.475,12.3
105,2013,274,1912,22.33,19.14,0,0,.474,12.3
105,2013,274,1918,22.13,18.47,0,0,.472,12.3
105,2013,274,1924,21.94,18.79,0,0,.47,12.3
105,2013,274,1930,21.75,18.34,0,0,.469,12.3
105,2013,274,1936,21.57,18.47,0,0,.467,12.3
105,2013,274,1942,21.38,18.44,0,0,.465,12.3
105,2013,274,1948,21.2,18.41,0,0,.464,12.3
105,2013,274,1954,21.04,17.99,0,0,.462,12.3
105,2013,274,2000,20.88,17.55,0,0,.46,12.3
105,2013,274,2006,20.72,18.23,0,0,.458,12.3
105,2013,274,2012,20.56,18.12,0,0,.457,12.3
105,2013,274,2018,20.41,17.43,0,0,.455,12.3
105,2013,274,2024,20.27,17.79,0,0,.454,12.3
105,2013,274,2030,20.14,17.77,0,0,.453,12.3
105,2013,274,2036,19.99,17.26,0,0,.452,12.3
105,2013,274,2042,19.85,17.08,0,0,.45,12.3
105,2013,274,2048,19.72,17.51,0,0,.448,12.3
105,2013,274,2054,19.59,17.54,0,0,.447,12.3
105,2013,274,2100,19.47,17.48,0,0,.445,12.3
105,2013,274,2106,19.37,17.45,0,0,.444,12.3
105,2013,274,2112,19.28,17.43,0,0,.442,12.3
105,2013,274,2118,19.19,17.32,0,0,.442,12.3
105,2013,274,2124,19.11,17.12,0,0,.44,12.3
105,2013,274,2130,19.02,17.12,0,0,.439,12.3
105,2013,274,2136,18.93,17.13,0,0,.437,12.3
105,2013,274,2142,18.85,17.12,0,0,.436,12.3
105,2013,274,2148,18.79,17.01,0,0,.434,12.3
105,2013,274,2154,18.73,16.98,0,0,.433,12.3
105,2013,274,2200,18.67,16.63,0,0,.432,12.3
105,2013,274,2206,18.61,16.76,0,0,.431,12.3
105,2013,274,2212,18.55,16.85,0,0,.43,12.3
105,2013,274,2218,18.5,16.53,0,0,.429,12.3
105,2013,274,2224,18.44,16.52,0,0,.428,12.3
105,2013,274,2230,18.38,16.49,0,0,.427,12.3
105,2013,274,2236,18.33,16.48,0,0,.427,12.3
105,2013,274,2242,18.27,16.32,0,0,.425,12.3
105,2013,274,2248,18.22,16.52,0,0,.424,12.3
105,2013,274,2254,18.17,16.48,0,0,.423,12.3
105,2013,274,2300,18.13,16.36,0,0,.422,12.3
105,2013,274,2306,18.08,16.15,0,0,.421,12.3
105,2013,274,2312,18.03,16.27,0,0,.42,12.3
105,2013,274,2318,17.99,16.43,0,0,.419,12.3
105,2013,274,2324,17.96,16.47,0,0,.419,12.3
105,2013,274,2330,17.94,16.33,0,0,.417,12.3
105,2013,274,2336,17.92,16.37,0,0,.417,12.3
105,2013,274,2342,17.9,16.26,0,0,.416,12.3
105,2013,274,2348,17.88,16.39,0,0,.414,12.3
105,2013,274,2354,17.86,16.5,0,0,.414,12.3
105,2013,275,0,17.86,16.43,0,0,.413,12.3
105,2013,275,6,17.86,16.4,0,0,.412,12.3
105,2013,275,12,17.87,16.46,0,0,.411,12.3
105,2013,275,18,17.87,16.45,0,0,.411,12.3
105,2013,275,24,17.88,16.48,0,0,.409,12.3
105,2013,275,30,17.89,16.51,0,0,.409,12.3
105,2013,275,36,17.91,16.46,0,0,.408,12.3
105,2013,275,42,17.91,16.48,0,0,.408,12.3
105,2013,275,48,17.91,16.49,0,0,.406,12.3
105,2013,275,54,17.92,16.39,0,0,.406,12.3
105,2013,275,100,17.92,16.48,0,0,.405,12.3
105,2013,275,106,17.92,16.5,0,0,.403,12.3
105,2013,275,112,17.94,16.46,0,0,.403,12.3
105,2013,275,118,17.95,16.44,0,0,.403,12.3
105,2013,275,124,17.96,16.44,0,0,.402,12.3
105,2013,275,130,17.97,16.44,0,0,.4,12.3
105,2013,275,136,17.97,16.41,0,0,.4,12.3
105,2013,275,142,17.97,16.4,0,0,.399,12.3
105,2013,275,148,17.96,16.2,0,0,.398,12.3
105,2013,275,154,17.94,16.04,0,0,.398,12.3
105,2013,275,200,17.92,16.02,0,0,.397,12.3
105,2013,275,206,17.88,15.92,0,0,.397,12.3
105,2013,275,212,17.84,16.25,0,0,.396,12.3
105,2013,275,218,17.8,15.76,0,0,.395,12.3
105,2013,275,224,17.75,16.25,0,0,.395,12.3
105,2013,275,230,17.72,16.12,0,0,.394,12.3
105,2013,275,236,17.68,15.96,0,0,.393,12.3
105,2013,275,242,17.64,16.03,0,0,.393,12.3
105,2013,275,248,17.59,16.15,0,0,.392,12.3
105,2013,275,254,17.56,16.2,0,0,.391,12.3
105,2013,275,300,17.55,16.21,0,0,.39,12.3
105,2013,275,306,17.56,16.19,0,0,.389,12.3
105,2013,275,312,17.57,15.98,0,0,.389,12.3
105,2013,275,318,17.56,15.82,0,0,.389,12.3
105,2013,275,324,17.53,15.93,0,0,.389,12.3
105,2013,275,330,17.5,15.84,0,0,.388,12.3
105,2013,275,336,17.46,15.58,0,0,.388,12.3
105,2013,275,342,17.41,15.75,0,0,.388,12.3
105,2013,275,348,17.36,15.86,0,0,.387,12.3
105,2013,275,354,17.33,15.89,0,0,.387,12.3
105,2013,275,400,17.31,15.8,0,0,.387,12.3
105,2013,275,406,17.28,15.74,0,0,.387,12.3
105,2013,275,412,17.25,15.72,0,0,.386,12.3
105,2013,275,418,17.23,15.79,0,0,.386,12.3
105,2013,275,424,17.21,15.81,0,0,.385,12.3
105,2013,275,430,17.21,15.66,0,0,.384,12.3
105,2013,275,436,17.19,15.59,0,0,.384,12.3
105,2013,275,442,17.16,15.3,0,0,.384,12.3
105,2013,275,448,17.12,15.59,0,0,.384,12.3
105,2013,275,454,17.08,15.62,0,0,.384,12.3
105,2013,275,500,17.07,15.68,0,0,.384,12.3
105,2013,275,506,17.07,15.71,0,0,.383,12.3
105,2013,275,512,17.07,15.61,0,0,.383,12.3
105,2013,275,518,17.07,15.57,0,0,.383,12.3
105,2013,275,524,17.06,15.62,0,0,.383,12.3
105,2013,275,530,17.06,15.7,0,0,.381,12.3
105,2013,275,536,17.07,15.56,0,0,.381,12.3
105,2013,275,542,17.07,15.42,0,0,.381,12.3
105,2013,275,548,17.06,15.36,0,0,.381,12.3
105,2013,275,554,17.04,15.34,0,0,.381,12.3
105,2013,275,600,17.01,15.15,0,0,.38,12.3
105,2013,275,606,16.96,15.34,0,0,.38,12.3
105,2013,275,612,16.92,15.39,0,0,.379,12.3
105,2013,275,618,16.89,15.44,0,0,.378,12.3
105,2013,275,624,16.87,15.44,0,0,.378,12.3
105,2013,275,630,16.87,15.41,0,0,.378,12.3
105,2013,275,636,16.86,15.41,0,0,.378,12.3
105,2013,275,642,16.85,15.42,0,0,.376,12.3
105,2013,275,648,16.85,15.38,0,0,.376,12.3
105,2013,275,654,16.84,15.43,0,0,.375,12.3
105,2013,275,700,16.83,15.45,0,0,.375,12.3
105,2013,275,706,16.82,15.47,0,0,.375,12.3
105,2013,275,712,16.8,15.44,0,0,.375,12.3
105,2013,275,718,16.79,15.51,0,0,.374,12.3
105,2013,275,724,16.79,15.54,0,0,.374,12.3
105,2013,275,730,16.79,15.82,0,0,.373,12.3
105,2013,275,736,16.8,16.23,0,0,.372,12.3
105,2013,275,742,16.83,16.89,0,0,.372,12.3
105,2013,275,748,16.89,17.7,0,0,.371,12.3
105,2013,275,754,16.98,17.89,0,0,.37,12.3
105,2013,275,800,17.1,18.32,0,0,.37,12.3
105,2013,275,806,17.26,18.89,0,0,.37,12.3
105,2013,275,812,17.43,19.1,0,0,.369,12.3
105,2013,275,818,17.63,19.82,0,0,.368,12.3
105,2013,275,824,17.85,19.74,0,0,.367,12.3
105,2013,275,830,18.08,20.19,0,0,.367,12.3
105,2013,275,836,18.33,21.19,0,0,.367,12.3
105,2013,275,842,18.59,21.12,0,0,.365,12.3
105,2013,275,848,18.85,21.83,0,0,.365,12.3
105,2013,275,854,19.11,21.85,0,0,.363,12.3
105,2013,275,900,19.39,22.13,0,0,.364,12.3
105,2013,275,906,19.68,22.82,0,0,.364,12.3
105,2013,275,912,19.99,23.17,0,0,.362,12.3
105,2013,275,918,20.29,23.76,0,0,.363,12.3
105,2013,275,924,20.61,23.54,0,0,.362,12.3
105,2013,275,930,20.94,24.41,0,0,.362,12.3
105,2013,275,936,21.25,24.42,0,0,.363,12.29
105,2013,275,942,21.57,25.29,0,0,.361,12.29
105,2013,275,948,21.9,25.42,0,0,.361,12.29
105,2013,275,954,22.21,25.57,0,0,.361,12.29
105,2013,275,1000,22.54,25.95,0,0,.36,12.29
105,2013,275,1006,22.86,25.65,0,0,.359,12.29
105,2013,275,1012,23.17,26.14,0,0,.359,12.29
105,2013,275,1018,23.47,26.51,0,0,.359,12.29
105,2013,275,1024,23.75,26.64,0,0,.357,12.29
105,2013,275,1030,24.04,27.19,0,0,.356,12.29
105,2013,275,1036,24.32,27.09,0,0,.356,12.29
105,2013,275,1042,24.6,27.97,0,0,.355,12.29
105,2013,275,1048,24.88,28.48,0,0,.354,12.29
105,2013,275,1054,25.17,28.07,0,0,.353,12.29
105,2013,275,1100,25.46,28.65,0,0,.353,12.29
105,2013,275,1106,25.74,27.71,0,0,.353,12.29
105,2013,275,1112,25.99,28.37,0,0,.353,12.29
105,2013,275,1118,26.23,29.04,0,0,.353,12.29
105,2013,275,1124,26.47,28.96,0,0,.351,12.29
105,2013,275,1130,26.7,28.53,0,0,.351,12.29
105,2013,275,1136,26.93,29.51,0,0,.35,12.29
105,2013,275,1142,27.16,30.58,0,0,.35,12.29
105,2013,275,1148,27.41,29.85,0,0,.349,12.29
105,2013,275,1154,27.63,29.92,0,0,.349,12.29
105,2013,275,1200,27.86,29.36,0,0,.349,12.29
105,2013,275,1206,28.05,29.55,0,0,.348,12.29
105,2013,275,1212,28.23,29.72,0,0,.347,12.29
105,2013,275,1218,28.41,29.7,0,0,.347,12.29
105,2013,275,1224,28.59,30.18,0,0,.347,12.29
105,2013,275,1230,28.76,30.49,0,0,.346,12.29
105,2013,275,1236,28.93,30.12,0,0,.346,12.29
105,2013,275,1242,29.09,30.86,0,0,.345,12.29
105,2013,275,1248,29.26,30.48,0,0,.345,12.29
105,2013,275,1254,29.43,30.67,0,0,.345,12.29
105,2013,275,1300,29.59,30.42,0,0,.344,12.29
105,2013,275,1306,29.72,31.21,0,0,.344,12.29
105,2013,275,1312,29.86,30.73,0,0,.344,12.29
105,2013,275,1318,30,30.71,0,0,.344,12.29
105,2013,275,1324,30.12,30.84,0,0,.342,12.29
105,2013,275,1330,30.23,30.81,0,0,.342,12.29
105,2013,275,1336,30.34,31.1,0,0,.342,12.29
105,2013,275,1342,30.45,31.64,0,0,.342,12.29
105,2013,275,1348,30.55,31.02,0,0,.341,12.29
105,2013,275,1354,30.65,31.52,0,0,.341,12.29
105,2013,275,1400,30.74,30.79,0,0,.341,12.29
105,2013,275,1406,30.84,31.73,0,0,.341,12.29
105,2013,275,1412,30.92,30.83,0,0,.34,12.29
105,2013,275,1418,31,30.08,0,0,.339,12.29
105,2013,275,1424,31.05,30.34,0,0,.339,12.29
105,2013,275,1430,31.09,30.75,0,0,.339,12.29
105,2013,275,1436,31.1,30.12,0,0,.339,12.29
105,2013,275,1442,31.11,29.99,0,0,.339,12.29
105,2013,275,1448,31.1,28.68,0,0,.339,12.29
105,2013,275,1454,31.08,27.91,0,0,.339,12.29
105,2013,275,1500,31.03,27.77,0,0,.339,12.29
105,2013,275,1506,30.94,27.17,0,0,.338,12.29
105,2013,275,1512,30.82,26.98,0,0,.338,12.29
105,2013,275,1518,30.66,27.15,0,0,.338,12.29
105,2013,275,1524,30.49,27.12,0,0,.339,12.29
105,2013,275,1530,30.32,26.76,0,0,.339,12.29
105,2013,275,1536,30.16,26.53,0,0,.339,12.29
105,2013,275,1542,29.98,26.17,0,0,.338,12.29
105,2013,275,1548,29.79,26.41,0,0,.339,12.29
105,2013,275,1554,29.61,26.26,0,0,.338,12.29
105,2013,275,1600,29.45,25.88,0,0,.336,12.29
105,2013,275,1606,29.27,25.85,0,0,.337,12.29
105,2013,275,1612,29.1,25.76,0,0,.336,12.29
105,2013,275,1618,28.93,25.46,0,0,.336,12.29
105,2013,275,1624,28.78,25.51,0,0,.336,12.29
105,2013,275,1630,28.62,25.68,0,0,.336,12.29
105,2013,275,1636,28.48,25.52,0,0,.336,12.29
105,2013,275,1642,28.34,25.26,0,0,.336,12.29
105,2013,275,1648,28.2,25.12,0,0,.336,12.29
105,2013,275,1654,28.07,24.89,0,0,.336,12.29
105,2013,275,1700,27.94,24.97,0,0,.336,12.29
105,2013,275,1706,27.8,24.93,0,0,.335,12.29
105,2013,275,1712,27.67,24.84,0,0,.335,12.29
105,2013,275,1718,27.54,24.68,0,0,.335,12.29
105,2013,275,1724,27.41,24.51,0,0,.335,12.29
105,2013,275,1730,27.28,24.41,0,0,.335,12.29
105,2013,275,1736,27.16,24.25,0,0,.335,12.29
105,2013,275,1742,27.03,24.23,0,0,.333,12.29
105,2013,275,1748,26.9,23.98,0,0,.333,12.29
105,2013,275,1754,26.77,23.95,0,0,.333,12.29
105,2013,275,1800,26.65,23.81,0,0,.334,12.29
105,2013,275,1806,26.54,23.68,0,0,.333,12.29
105,2013,275,1812,26.43,23.29,0,0,.333,12.29
105,2013,275,1818,26.31,23.19,0,0,.333,12.29
105,2013,275,1824,26.16,22.37,0,0,.333,12.29
105,2013,275,1830,26,22.56,0,0,.333,12.29
105,2013,275,1836,25.81,22.16,0,0,.333,12.29
105,2013,275,1842,25.62,21.74,0,0,.333,12.29
105,2013,275,1848,25.41,21.86,0,0,.333,12.29
105,2013,275,1854,25.19,21.99,0,0,.333,12.29
105,2013,275,1900,25,21.33,0,0,.331,12.29
105,2013,275,1906,24.82,21.15,0,0,.332,12.29
105,2013,275,1912,24.6,20.54,0,0,.332,12.3
105,2013,275,1918,24.36,20.77,0,0,.331,12.29
105,2013,275,1924,24.12,20.8,0,0,.331,12.29
105,2013,275,1930,23.89,20.42,0,0,.331,12.29
105,2013,275,1936,23.66,19.31,0,0,.331,12.3
105,2013,275,1942,23.43,19.83,0,0,.331,12.3
105,2013,275,1948,23.21,19.86,0,0,.331,12.3
105,2013,275,1954,23.01,20.04,0,0,.331,12.3
105,2013,275,2000,22.82,19.59,0,0,.331,12.3
105,2013,275,2006,22.63,19.69,0,0,.332,12.3
105,2013,275,2012,22.44,19.48,0,0,.332,12.3
105,2013,275,2018,22.26,19.41,0,0,.333,12.3
105,2013,275,2024,22.07,19.31,0,0,.331,12.3
105,2013,275,2030,21.89,19.36,0,0,.332,12.3
105,2013,275,2036,21.73,19.32,0,0,.332,12.3
105,2013,275,2042,21.59,19.03,0,0,.332,12.3
105,2013,275,2048,21.45,19.1,0,0,.332,12.3
105,2013,275,2054,21.32,19.06,0,0,.332,12.3
105,2013,275,2100,21.19,18.78,0,0,.331,12.3
105,2013,275,2106,21.06,18.85,0,0,.33,12.3
105,2013,275,2112,20.95,18.74,0,0,.33,12.3
105,2013,275,2118,20.85,18.7,0,0,.33,12.3
105,2013,275,2124,20.75,18.51,0,0,.33,12.3
105,2013,275,2130,20.65,18.53,0,0,.33,12.3
105,2013,275,2136,20.55,18.52,0,0,.33,12.3
105,2013,275,2142,20.47,18.29,0,0,.329,12.3
105,2013,275,2148,20.38,18.29,0,0,.329,12.3
105,2013,275,2154,20.3,18.25,0,0,.328,12.3
105,2013,275,2200,20.22,18.24,0,0,.328,12.3
105,2013,275,2206,20.15,18.24,0,0,.327,12.3
105,2013,275,2212,20.07,17.88,0,0,.327,12.3
105,2013,275,2218,19.99,17.99,0,0,.327,12.3
105,2013,275,2224,19.92,17.7,0,0,.327,12.3
105,2013,275,2230,19.85,17.86,0,0,.326,12.3
105,2013,275,2236,19.78,17.73,0,0,.327,12.3
105,2013,275,2242,19.71,17.75,0,0,.326,12.3
105,2013,275,2248,19.65,17.5,0,0,.325,12.3
105,2013,275,2254,19.58,17.56,0,0,.326,12.3
105,2013,275,2300,19.52,17.65,0,0,.324,12.3
105,2013,275,2306,19.46,17.59,0,0,.324,12.3
105,2013,275,2312,19.4,17.54,0,0,.324,12.3
105,2013,275,2318,19.34,17.42,0,0,.325,12.3
105,2013,275,2324,19.29,17.34,0,0,.325,12.3
105,2013,275,2330,19.23,17.52,0,0,.323,12.3
105,2013,275,2336,19.17,17.03,0,0,.323,12.3
105,2013,275,2342,19.1,17.31,0,0,.323,12.3
105,2013,275,2348,19.03,17.05,0,0,.323,12.3
105,2013,275,2354,18.96,17.11,0,0,.323,12.3
105,2013,276,0,18.89,17.29,0,0,.322,12.3
105,2013,276,6,18.82,17.1,0,0,.323,12.3
105,2013,276,12,18.75,17.04,0,0,.323,12.3
105,2013,276,18,18.69,17.02,0,0,.323,12.3
105,2013,276,24,18.63,17.18,0,0,.323,12.3
105,2013,276,30,18.57,16.99,0,0,.323,12.3
105,2013,276,36,18.52,17.09,0,0,.322,12.3
105,2013,276,42,18.48,16.95,0,0,.322,12.3
105,2013,276,48,18.44,16.93,0,0,.322,12.3
105,2013,276,54,18.4,17.1,0,0,.321,12.3
105,2013,276,100,18.37,16.85,0,0,.32,12.3
105,2013,276,106,18.33,16.9,0,0,.32,12.3
105,2013,276,112,18.3,17.16,0,0,.32,12.3
105,2013,276,118,18.27,17.02,0,0,.32,12.3
105,2013,276,124,18.26,16.97,0,0,.32,12.3
105,2013,276,130,18.24,16.85,0,0,.32,12.3
105,2013,276,136,18.23,16.72,0,0,.32,12.3
105,2013,276,142,18.21,17.13,0,0,.32,12.3
105,2013,276,148,18.2,17.27,0,0,.319,12.3
105,2013,276,154,18.2,17.21,0,0,.32,12.3
105,2013,276,200,18.21,17.21,0,0,.32,12.3
105,2013,276,206,18.23,17.23,0,0,.32,12.3
105,2013,276,212,18.26,17.16,0,0,.319,12.3
105,2013,276,218,18.28,17.28,0,0,.318,12.3
105,2013,276,224,18.3,17.36,0,0,.318,12.3
105,2013,276,230,18.33,17.46,0,0,.318,12.3
105,2013,276,236,18.37,17.49,0,0,.318,12.3
105,2013,276,242,18.41,17.5,0,0,.318,12.3
105,2013,276,248,18.45,17.37,0,0,.317,12.3
105,2013,276,254,18.47,17.28,0,0,.317,12.3
105,2013,276,300,18.49,17.24,0,0,.317,12.3
105,2013,276,306,18.49,17.31,0,0,.317,12.3
105,2013,276,312,18.49,17.25,0,0,.317,12.3
105,2013,276,318,18.48,17.22,0,0,.317,12.3
105,2013,276,324,18.47,17.22,0,0,.317,12.3
105,2013,276,330,18.45,17.01,0,0,.317,12.3
105,2013,276,336,18.42,16.71,0,0,.317,12.3
105,2013,276,342,18.37,16.3,0,0,.317,12.3
105,2013,276,348,18.3,15.99,0,0,.315,12.3
105,2013,276,354,18.22,15.99,0,0,.316,12.3
105,2013,276,400,18.12,16.09,0,0,.316,12.3
105,2013,276,406,18.04,15.96,0,0,.315,12.3
105,2013,276,412,17.95,16.05,0,0,.315,12.3
105,2013,276,418,17.87,15.83,0,0,.315,12.3
105,2013,276,424,17.8,15.86,0,0,.315,12.3
105,2013,276,430,17.74,16.01,0,0,.315,12.3
105,2013,276,436,17.67,15.65,0,0,.315,12.3
105,2013,276,442,17.6,15.57,0,0,.315,12.3
105,2013,276,448,17.54,15.89,0,0,.314,12.3
105,2013,276,454,17.49,15.71,0,0,.314,12.3
105,2013,276,500,17.44,15.66,0,0,.315,12.3
105,2013,276,506,17.4,15.55,0,0,.314,12.3
105,2013,276,512,17.36,15.45,0,0,.314,12.3
105,2013,276,518,17.31,15.65,0,0,.314,12.3
105,2013,276,524,17.26,15.81,0,0,.314,12.3
105,2013,276,530,17.22,15.6,0,0,.314,12.3
105,2013,276,536,17.18,15.43,0,0,.314,12.3
105,2013,276,542,17.15,15.55,0,0,.314,12.3
105,2013,276,548,17.12,15.16,0,0,.314,12.3
105,2013,276,554,17.1,15.62,0,0,.314,12.3
105,2013,276,600,17.07,15.79,0,0,.314,12.3
105,2013,276,606,17.04,15.42,0,0,.314,12.3
105,2013,276,612,17.01,15.59,0,0,.314,12.3
105,2013,276,618,16.97,15.66,0,0,.314,12.3
105,2013,276,624,16.94,15.43,0,0,.314,12.3
105,2013,276,630,16.91,14.99,0,0,.314,12.3
105,2013,276,636,16.86,15.36,0,0,.314,12.3
105,2013,276,642,16.82,15.24,0,0,.314,12.3
105,2013,276,648,16.78,15.43,0,0,.314,12.3
105,2013,276,654,16.76,15.34,0,0,.314,12.3
105,2013,276,700,16.74,15.65,0,0,.314,12.3
105,2013,276,706,16.73,15.37,0,0,.314,12.3
105,2013,276,712,16.72,15.56,0,0,.314,12.3
105,2013,276,718,16.72,15.78,0,0,.314,12.3
105,2013,276,724,16.72,15.95,0,0,.314,12.3
105,2013,276,730,16.75,16.11,0,0,.314,12.3
105,2013,276,736,16.79,16.15,0,0,.314,12.3
105,2013,276,742,16.84,17.17,0,0,.313,12.3
105,2013,276,748,16.92,17.46,0,0,.314,12.3
105,2013,276,754,17.03,17.52,0,0,.313,12.3
105,2013,276,800,17.16,18.39,0,0,.313,12.3
105,2013,276,806,17.31,19.29,0,0,.312,12.3
105,2013,276,812,17.49,20.02,0,0,.312,12.3
105,2013,276,818,17.69,20.01,0,0,.312,12.3
105,2013,276,824,17.89,19.63,0,0,.312,12.3
105,2013,276,830,18.09,19.78,0,0,.312,12.3
105,2013,276,836,18.28,20.45,0,0,.312,12.3
105,2013,276,842,18.48,21.9,0,0,.311,12.3
105,2013,276,848,18.72,22.15,0,0,.311,12.3
105,2013,276,854,18.99,22.45,0,0,.31,12.3
105,2013,276,900,19.28,23.22,0,0,.309,12.3
105,2013,276,906,19.59,22.94,0,0,.31,12.3
105,2013,276,912,19.91,22.42,0,0,.31,12.3
105,2013,276,918,20.22,22.94,0,0,.31,12.3
105,2013,276,924,20.5,23.74,0,0,.31,12.3
105,2013,276,930,20.78,24.34,0,0,.31,12.3
105,2013,276,936,21.05,24.47,0,0,.311,12.29
105,2013,276,942,21.33,25.46,0,0,.31,12.29
105,2013,276,948,21.63,25.92,0,0,.309,12.29
105,2013,276,954,21.92,26.21,0,0,.309,12.29
105,2013,276,1000,22.23,26.66,0,0,.31,12.29
105,2013,276,1006,22.54,27.11,0,0,.309,12.29
105,2013,276,1012,22.83,28.01,0,0,.308,12.29
105,2013,276,1018,23.15,27.55,0,0,.307,12.29
105,2013,276,1024,23.45,28.13,0,0,.307,12.29
105,2013,276,1030,23.75,27.95,0,0,.306,12.29
105,2013,276,1036,24.04,27.87,0,0,.304,12.29
105,2013,276,1042,24.32,28.03,0,0,.304,12.29
105,2013,276,1048,24.57,27,0,0,.304,12.29
105,2013,276,1054,24.79,26.98,0,0,.304,12.29
105,2013,276,1100,24.97,27.44,0,0,.303,12.29
105,2013,276,1106,25.15,27.9,0,0,.303,12.29
105,2013,276,1112,25.34,28.19,0,0,.303,12.29
105,2013,276,1118,25.52,27.49,0,0,.303,12.29
105,2013,276,1124,25.7,28.14,0,0,.302,12.29
105,2013,276,1130,25.87,29.12,0,0,.301,12.29
105,2013,276,1136,26.06,29.86,0,0,.301,12.29
105,2013,276,1142,26.26,29.47,0,0,.301,12.29
105,2013,276,1148,26.47,29.18,0,0,.302,12.29
105,2013,276,1154,26.64,28.81,0,0,.301,12.29
105,2013,276,1200,26.8,28.35,0,0,.302,12.29
105,2013,276,1206,26.94,27.9,0,0,.302,12.29
105,2013,276,1212,27.06,27.67,0,0,.302,12.29
105,2013,276,1218,27.15,26.53,0,0,.301,12.29
105,2013,276,1224,27.23,26.39,0,0,.302,12.29
105,2013,276,1230,27.31,27.14,0,0,.301,12.29
105,2013,276,1236,27.39,27.98,0,0,.3,12.29
105,2013,276,1242,27.48,28.21,0,0,.3,12.29
105,2013,276,1248,27.55,28.53,0,0,.3,12.29
105,2013,276,1254,27.62,28.04,0,0,.3,12.29
105,2013,276,1300,27.67,28.1,0,0,.3,12.29
105,2013,276,1306,27.72,28.57,0,0,.3,12.29
105,2013,276,1312,27.8,29.65,0,0,.298,12.29
105,2013,276,1318,27.9,29.85,0,0,.298,12.29
105,2013,276,1324,28.02,30.03,0,0,.298,12.29
105,2013,276,1330,28.15,28.91,0,0,.298,12.29
105,2013,276,1336,28.27,29.62,0,0,.298,12.29
105,2013,276,1342,28.37,29.07,0,0,.298,12.29
105,2013,276,1348,28.47,28.94,0,0,.298,12.29
105,2013,276,1354,28.54,29.08,0,0,.298,12.29
105,2013,276,1400,28.61,29.56,0,0,.297,12.29
105,2013,276,1406,28.69,29.39,0,0,.297,12.29
105,2013,276,1412,28.76,30.15,0,0,.297,12.29
105,2013,276,1418,28.84,30.06,0,0,.297,12.29
105,2013,276,1424,28.94,30.12,0,0,.295,12.29
105,2013,276,1430,29.03,29.16,0,0,.295,12.29
105,2013,276,1436,29.11,29.54,0,0,.295,12.29
105,2013,276,1442,29.18,29.18,0,0,.295,12.29
105,2013,276,1448,29.23,28.68,0,0,.295,12.29
105,2013,276,1454,29.25,28.37,0,0,.295,12.29
105,2013,276,1500,29.25,27.89,0,0,.295,12.29
105,2013,276,1506,29.21,27.67,0,0,.295,12.29
105,2013,276,1512,29.16,27.63,0,0,.295,12.29
105,2013,276,1518,29.1,27.6,0,0,.295,12.29
105,2013,276,1524,29.05,27.57,0,0,.295,12.29
105,2013,276,1530,28.99,27.44,0,0,.295,12.29
105,2013,276,1536,28.95,27.72,0,0,.295,12.29
105,2013,276,1542,28.9,27.74,0,0,.295,12.29
105,2013,276,1548,28.86,27.46,0,0,.295,12.29
105,2013,276,1554,28.82,27.29,0,0,.295,12.29
105,2013,276,1600,28.78,26.81,0,0,.295,12.29
105,2013,276,1606,28.73,26.93,0,0,.295,12.29
105,2013,276,1612,28.67,26.83,0,0,.295,12.29
105,2013,276,1618,28.61,26.95,0,0,.295,12.29
105,2013,276,1624,28.56,26.73,0,0,.295,12.29
105,2013,276,1630,28.5,26.52,0,0,.295,12.29
105,2013,276,1636,28.45,26.55,0,0,.295,12.29
105,2013,276,1642,28.38,26.16,0,0,.295,12.29
105,2013,276,1648,28.3,25.99,0,0,.295,12.29
105,2013,276,1654,28.21,25.71,0,0,.295,12.29
105,2013,276,1700,28.1,25.4,0,0,.295,12.29
105,2013,276,1706,27.99,25.35,0,0,.294,12.29
105,2013,276,1712,27.87,25.23,0,0,.295,12.29
105,2013,276,1718,27.74,25.35,0,0,.295,12.29
105,2013,276,1724,27.62,24.84,0,0,.295,12.29
105,2013,276,1730,27.5,24.74,0,0,.295,12.29
105,2013,276,1736,27.4,24.5,0,0,.295,12.29
105,2013,276,1742,27.29,24.49,0,0,.295,12.29
105,2013,276,1748,27.18,24.47,0,0,.295,12.29
105,2013,276,1754,27.06,24.22,0,0,.295,12.29
105,2013,276,1800,26.94,24.22,0,0,.294,12.29
105,2013,276,1806,26.83,23.73,0,0,.295,12.29
105,2013,276,1812,26.71,24.01,0,0,.294,12.29
105,2013,276,1818,26.59,23.98,0,0,.294,12.29
105,2013,276,1824,26.47,23.47,0,0,.295,12.29
105,2013,276,1830,26.34,23.04,0,0,.295,12.29
105,2013,276,1836,26.21,22.84,0,0,.295,12.29
105,2013,276,1842,26.08,22.48,0,0,.295,12.29
105,2013,276,1848,25.93,22.22,0,0,.295,12.29
105,2013,276,1854,25.79,22.39,0,0,.295,12.29
105,2013,276,1900,25.64,22.13,0,0,.295,12.29
105,2013,276,1906,25.48,22.38,0,0,.295,12.29
105,2013,276,1912,25.31,22.11,0,0,.295,12.29
105,2013,276,1918,25.15,21.83,0,0,.295,12.29
105,2013,276,1924,25,21.54,0,0,.295,12.29
105,2013,276,1930,24.86,21.57,0,0,.295,12.29
105,2013,276,1936,24.71,21.46,0,0,.295,12.29
105,2013,276,1942,24.57,21.33,0,0,.294,12.29
105,2013,276,1948,24.42,20.98,0,0,.295,12.29
105,2013,276,1954,24.25,20.81,0,0,.295,12.29
105,2013,276,2000,24.09,21.3,0,0,.295,12.29
105,2013,276,2006,23.92,21.27,0,0,.294,12.29
105,2013,276,2012,23.76,21.15,0,0,.295,12.29
105,2013,276,2018,23.6,21,0,0,.295,12.29
105,2013,276,2024,23.45,20.79,0,0,.295,12.29
105,2013,276,2030,23.31,20.83,0,0,.295,12.3
105,2013,276,2036,23.18,20.73,0,0,.295,12.3
105,2013,276,2042,23.06,20.68,0,0,.295,12.3
105,2013,276,2048,22.96,20.54,0,0,.295,12.3
105,2013,276,2054,22.86,19.85,0,0,.296,12.3
105,2013,276,2100,22.75,20.1,0,0,.296,12.3
105,2013,276,2106,22.63,20.23,0,0,.296,12.3
105,2013,276,2112,22.51,20.28,0,0,.296,12.3
105,2013,276,2118,22.4,20.16,0,0,.297,12.3
105,2013,276,2124,22.28,19.95,0,0,.297,12.3
105,2013,276,2130,22.16,20.18,0,0,.297,12.3
105,2013,276,2136,22.06,19.97,0,0,.297,12.3
105,2013,276,2142,21.95,19.88,0,0,.297,12.3
105,2013,276,2148,21.85,19.63,0,0,.297,12.3
105,2013,276,2154,21.75,19.44,0,0,.297,12.3
105,2013,276,2200,21.66,19.69,0,0,.297,12.3
105,2013,276,2206,21.56,19.59,0,0,.297,12.3
105,2013,276,2212,21.47,19.43,0,0,.297,12.3
105,2013,276,2218,21.38,19.64,0,0,.297,12.3
105,2013,276,2224,21.3,19.59,0,0,.297,12.3
105,2013,276,2230,21.23,19.43,0,0,.297,12.3
105,2013,276,2236,21.17,19.28,0,0,.295,12.3
105,2013,276,2242,21.11,19.2,0,0,.295,12.3
105,2013,276,2248,21.04,19.46,0,0,.295,12.3
105,2013,276,2254,20.98,19.35,0,0,.295,12.3
105,2013,276,2300,20.9,19.12,0,0,.295,12.3
105,2013,276,2306,20.82,18.78,0,0,.295,12.3
105,2013,276,2312,20.73,18.2,0,0,.295,12.3
105,2013,276,2318,20.65,18.62,0,0,.295,12.3
105,2013,276,2324,20.56,18.69,0,0,.295,12.3
105,2013,276,2330,20.47,18.38,0,0,.295,12.3
105,2013,276,2336,20.38,17.88,0,0,.294,12.3
105,2013,276,2342,20.29,18.51,0,0,.294,12.3
105,2013,276,2348,20.21,18.1,0,0,.295,12.3
105,2013,276,2354,20.12,17.71,0,0,.294,12.3
105,2013,277,0,20.02,18.16,0,0,.293,12.3
105,2013,277,6,19.92,18.41,0,0,.293,12.3
105,2013,277,12,19.83,17.92,0,0,.293,12.3
105,2013,277,18,19.74,17.2,0,0,.293,12.3
105,2013,277,24,19.64,17.53,0,0,.293,12.3
105,2013,277,30,19.54,17.97,0,0,.293,12.3
105,2013,277,36,19.46,17.9,0,0,.292,12.3
105,2013,277,42,19.38,17.99,0,0,.292,12.3
105,2013,277,48,19.32,18.09,0,0,.292,12.3
105,2013,277,54,19.26,18.03,0,0,.292,12.3
105,2013,277,100,19.21,17.48,0,0,.292,12.3
105,2013,277,106,19.14,17.15,0,0,.292,12.3
105,2013,277,112,19.06,16.73,0,0,.291,12.3
105,2013,277,118,18.98,17.43,0,0,.291,12.3
105,2013,277,124,18.91,17.59,0,0,.291,12.3
105,2013,277,130,18.86,17.67,0,0,.291,12.3
105,2013,277,136,18.81,17.08,0,0,.291,12.3
105,2013,277,142,18.75,16.99,0,0,.291,12.3
105,2013,277,148,18.68,17.19,0,0,.291,12.3
105,2013,277,154,18.6,17.21,0,0,.291,12.3
105,2013,277,200,18.54,16.92,0,0,.291,12.3
105,2013,277,206,18.46,16.83,0,0,.291,12.3
105,2013,277,212,18.39,16.83,0,0,.291,12.3
105,2013,277,218,18.32,16.83,0,0,.291,12.3
105,2013,277,224,18.26,16.56,0,0,.29,12.3
105,2013,277,230,18.2,16.79,0,0,.291,12.3
105,2013,277,236,18.14,16.76,0,0,.291,12.3
105,2013,277,242,18.08,16.41,0,0,.291,12.3
105,2013,277,248,18.03,16.39,0,0,.291,12.3
105,2013,277,254,17.97,16.01,0,0,.291,12.3
105,2013,277,300,17.92,16.78,0,0,.29,12.3
105,2013,277,306,17.88,16.61,0,0,.29,12.3
105,2013,277,312,17.85,16.14,0,0,.29,12.3
105,2013,277,318,17.81,16.14,0,0,.29,12.3
105,2013,277,324,17.76,16.35,0,0,.29,12.3
105,2013,277,330,17.71,16.57,0,0,.29,12.3
105,2013,277,336,17.67,16.77,0,0,.29,12.3
105,2013,277,342,17.65,16.82,0,0,.29,12.3
105,2013,277,348,17.64,16.43,0,0,.29,12.3
105,2013,277,354,17.64,16.11,0,0,.29,12.3
105,2013,277,400,17.62,16.33,0,0,.29,12.3
105,2013,277,406,17.6,16.45,0,0,.29,12.3
105,2013,277,412,17.57,16.43,0,0,.29,12.3
105,2013,277,418,17.53,16.22,0,0,.29,12.3
105,2013,277,424,17.5,16.34,0,0,.29,12.3
105,2013,277,430,17.46,16.07,0,0,.289,12.3
105,2013,277,436,17.44,15.98,0,0,.29,12.3
105,2013,277,442,17.42,16.09,0,0,.289,12.3
105,2013,277,448,17.39,16.15,0,0,.29,12.3
105,2013,277,454,17.37,15.99,0,0,.289,12.3
105,2013,277,500,17.35,16.06,0,0,.29,12.3
105,2013,277,506,17.33,16.03,0,0,.289,12.3
105,2013,277,512,17.31,15.95,0,0,.289,12.3
105,2013,277,518,17.28,16.13,0,0,.289,12.3
105,2013,277,524,17.26,16.26,0,0,.289,12.3
105,2013,277,530,17.24,16.08,0,0,.289,12.3
105,2013,277,536,17.22,15.47,0,0,.289,12.3
105,2013,277,542,17.2,15.82,0,0,.289,12.3
105,2013,277,548,17.17,15.93,0,0,.289,12.3
105,2013,277,554,17.15,16.04,0,0,.289,12.3
105,2013,277,600,17.14,15.98,0,0,.287,12.3
105,2013,277,606,17.13,15.88,0,0,.287,12.3
105,2013,277,612,17.12,15.83,0,0,.287,12.3
105,2013,277,618,17.11,15.91,0,0,.287,12.3
105,2013,277,624,17.1,15.89,0,0,.288,12.3
105,2013,277,630,17.09,15.99,0,0,.287,12.3
105,2013,277,636,17.07,15.69,0,0,.287,12.3
105,2013,277,642,17.04,15.72,0,0,.287,12.3
105,2013,277,648,17.01,15.91,0,0,.287,12.3
105,2013,277,654,16.98,15.82,0,0,.287,12.3
105,2013,277,700,16.95,15.8,0,0,.287,12.3
105,2013,277,706,16.91,15.18,0,0,.287,12.3
105,2013,277,712,16.87,14.89,0,0,.287,12.3
105,2013,277,718,16.83,15.52,0,0,.287,12.3
105,2013,277,724,16.79,15.67,0,0,.287,12.3
105,2013,277,730,16.77,15.86,0,0,.287,12.3
105,2013,277,736,16.78,16.17,0,0,.287,12.3
105,2013,277,742,16.81,16.21,0,0,.287,12.3
105,2013,277,748,16.84,17.09,0,0,.287,12.3
105,2013,277,754,16.9,17.3,0,0,.287,12.3
105,2013,277,800,16.99,18.47,0,0,.286,12.3
105,2013,277,806,17.12,19.14,0,0,.287,12.3
105,2013,277,812,17.27,18.97,0,0,.286,12.3
105,2013,277,818,17.45,19.81,0,0,.286,12.3
105,2013,277,824,17.64,20.54,0,0,.285,12.3
105,2013,277,830,17.85,20.28,0,0,.284,12.3
105,2013,277,836,18.08,20.06,0,0,.284,12.3
105,2013,277,842,18.33,20.65,0,0,.284,12.3
105,2013,277,848,18.59,21.37,0,0,.284,12.3
105,2013,277,854,18.87,22.27,0,0,.284,12.3
105,2013,277,900,19.15,22.48,0,0,.284,12.3
105,2013,277,906,19.44,22.27,0,0,.283,12.3
105,2013,277,912,19.73,23.17,0,0,.282,12.3
105,2013,277,918,20.05,24.44,0,0,.282,12.3
105,2013,277,924,20.37,24.52,0,0,.282,12.3
105,2013,277,930,20.73,25.13,0,0,.283,12.3
105,2013,277,936,21.1,24.94,0,0,.284,12.3
105,2013,277,942,21.47,25.13,0,0,.284,12.29
105,2013,277,948,21.86,25.38,0,0,.284,12.29
105,2013,277,954,22.25,26,0,0,.283,12.29
105,2013,277,1000,22.64,26.89,0,0,.283,12.29
105,2013,277,1006,23.01,27.02,0,0,.282,12.29
105,2013,277,1012,23.38,27.84,0,0,.281,12.29
105,2013,277,1018,23.73,27,0,0,.28,12.29
105,2013,277,1024,24.08,27.75,0,0,.279,12.29
105,2013,277,1030,24.42,28.15,0,0,.278,12.29
105,2013,277,1036,24.75,28.27,0,0,.277,12.29
105,2013,277,1042,25.08,28.07,0,0,.277,12.29
105,2013,277,1048,25.4,28.92,0,0,.276,12.29
105,2013,277,1054,25.72,29.33,0,0,.277,12.29
105,2013,277,1100,26,29.42,0,0,.277,12.29
105,2013,277,1106,26.28,30.22,0,0,.277,12.29
105,2013,277,1112,26.54,30.33,0,0,.277,12.29
105,2013,277,1118,26.79,29.95,0,0,.276,12.29
105,2013,277,1124,27.07,30.56,0,0,.276,12.29
105,2013,277,1130,27.33,31.09,0,0,.276,12.29
105,2013,277,1136,27.6,31.36,0,0,.275,12.29
105,2013,277,1142,27.85,31.51,0,0,.275,12.29
105,2013,277,1148,28.08,31.72,0,0,.275,12.28
105,2013,277,1154,28.3,31.24,0,0,.275,12.28
105,2013,277,1200,28.53,31.86,0,0,.275,12.28
105,2013,277,1206,28.76,31.1,0,0,.275,12.28
105,2013,277,1212,28.99,31.01,0,0,.275,12.29
105,2013,277,1218,29.21,32.5,0,0,.274,12.29
105,2013,277,1224,29.42,31.32,0,0,.274,12.28
105,2013,277,1230,29.64,31.86,0,0,.274,12.29
105,2013,277,1236,29.85,33.2,0,0,.273,12.29
105,2013,277,1242,30.06,33,0,0,.273,12.29
105,2013,277,1248,30.26,32.58,0,0,.273,12.29
105,2013,277,1254,30.44,31.51,0,0,.273,12.29
105,2013,277,1300,30.6,32.54,0,0,.273,12.29