105,2013,277,1306,31.58,33.21,0,0,.272,12.29
105,2013,277,1312,31.98,32.32,0,0,.272,12.29
105,2013,277,1318,32.65,32.07,0,0,.273,12.29
105,2013,277,1324,33.25,32.41,0,0,.272,12.29
105,2013,277,1330,33.28,32.34,0,0,.271,12.29
105,2013,277,1336,33.13,32.29,0,0,.272,12.29
105,2013,277,1342,32.97,32.86,0,0,.272,12.29
105,2013,277,1348,32.84,31.91,0,0,.272,12.29
105,2013,277,1354,32.74,31.54,0,0,.272,12.29
105,2013,277,1400,32.65,31.92,0,0,.271,12.29
105,2013,277,1406,32.58,31.7,0,0,.271,12.29
105,2013,277,1412,32.52,32.34,0,0,.27,12.29
105,2013,277,1418,32.47,32.35,0,0,.27,12.29
105,2013,277,1424,32.43,32.04,0,0,.271,12.29
105,2013,277,1430,32.4,31.13,0,0,.27,12.29
105,2013,277,1436,32.36,31.63,0,0,.27,12.29
105,2013,277,1442,32.32,31.34,0,0,.27,12.29
105,2013,277,1448,32.27,30.36,0,0,.27,12.29
105,2013,277,1454,32.23,29.56,0,0,.27,12.29
105,2013,277,1500,32.16,28.94,0,0,.27,12.29
105,2013,277,1506,32.07,28.63,0,0,.27,12.29
105,2013,277,1512,31.93,28.38,0,0,.27,12.29
105,2013,277,1518,31.77,28.42,0,0,.269,12.29
105,2013,277,1524,31.61,28.09,0,0,.27,12.29
105,2013,277,1530,31.44,27.74,0,0,.27,12.29
105,2013,277,1536,31.25,27.25,0,0,.27,12.29
105,2013,277,1542,31.05,27.34,0,0,.269,12.29
105,2013,277,1548,30.86,27.36,0,0,.27,12.29
105,2013,277,1554,30.67,27.39,0,0,.27,12.29
105,2013,277,1600,30.49,27.13,0,0,.269,12.29
105,2013,277,1606,30.31,27.15,0,0,.269,12.29
105,2013,277,1612,30.14,26.91,0,0,.269,12.29
105,2013,277,1618,29.99,26.91,0,0,.269,12.29
105,2013,277,1624,29.84,26.87,0,0,.269,12.29
105,2013,277,1630,29.69,26.87,0,0,.27,12.29
105,2013,277,1636,29.56,26.49,0,0,.27,12.29
105,2013,277,1642,29.42,26.36,0,0,.27,12.29
105,2013,277,1648,29.28,25.93,0,0,.269,12.29
105,2013,277,1654,29.13,26.07,0,0,.27,12.29
105,2013,277,1700,28.97,25.88,0,0,.27,12.29
105,2013,277,1706,28.82,25.59,0,0,.27,12.29
105,2013,277,1712,28.67,25.31,0,0,.27,12.29
105,2013,277,1718,28.51,25.14,0,0,.27,12.29
105,2013,277,1724,28.34,24.76,0,0,.27,12.29
105,2013,277,1730,28.18,24.64,0,0,.27,12.29
105,2013,277,1736,28.02,24.49,0,0,.27,12.29
105,2013,277,1742,27.85,24.38,0,0,.27,12.29
105,2013,277,1748,27.68,24.29,0,0,.27,12.29
105,2013,277,1754,27.52,24.4,0,0,.27,12.29
105,2013,277,1800,27.35,24,0,0,.27,12.29
105,2013,277,1806,27.18,23.95,0,0,.27,12.29
105,2013,277,1812,27.02,23.89,0,0,.27,12.29
105,2013,277,1818,26.86,23.79,0,0,.27,12.29
105,2013,277,1824,26.69,23.53,0,0,.27,12.29
105,2013,277,1830,26.53,23.14,0,0,.27,12.29
105,2013,277,1836,26.37,23.18,0,0,.27,12.29
105,2013,277,1842,26.21,22.92,0,0,.27,12.29
105,2013,277,1848,26.06,22.83,0,0,.27,12.29
105,2013,277,1854,25.9,22.63,0,0,.27,12.29
105,2013,277,1900,25.74,22.49,0,0,.27,12.29
105,2013,277,1906,25.57,22.14,0,0,.269,12.29
105,2013,277,1912,25.41,22.21,0,0,.27,12.29
105,2013,277,1918,25.23,22.13,0,0,.27,12.29
105,2013,277,1924,25.06,21.99,0,0,.27,12.29
105,2013,277,1930,24.89,21.85,0,0,.27,12.29
105,2013,277,1936,24.73,21.73,0,0,.27,12.29
105,2013,277,1942,24.56,21.55,0,0,.27,12.29
105,2013,277,1948,24.39,21.38,0,0,.27,12.29
105,2013,277,1954,24.25,21.2,0,0,.27,12.29
105,2013,277,2000,24.1,20.45,0,0,.27,12.29
105,2013,277,2006,23.94,20.99,0,0,.27,12.29
105,2013,277,2012,23.79,20.74,0,0,.27,12.3
105,2013,277,2018,23.63,20.66,0,0,.27,12.29
105,2013,277,2024,23.47,20.68,0,0,.27,12.29
105,2013,277,2030,23.31,20.59,0,0,.27,12.29
105,2013,277,2036,23.16,20.51,0,0,.27,12.3
105,2013,277,2042,23.01,19.56,0,0,.271,12.3
105,2013,277,2048,22.85,20.11,0,0,.271,12.3
105,2013,277,2054,22.71,20.29,0,0,.271,12.3
105,2013,277,2100,22.59,20.19,0,0,.272,12.3
105,2013,277,2106,22.47,20.06,0,0,.272,12.3
105,2013,277,2112,22.36,19.99,0,0,.272,12.3
105,2013,277,2118,22.25,19.48,0,0,.272,12.3
105,2013,277,2124,22.13,19.22,0,0,.272,12.3
105,2013,277,2130,22.01,19.21,0,0,.272,12.3
105,2013,277,2136,21.87,19.33,0,0,.272,12.3
105,2013,277,2142,21.75,19.46,0,0,.272,12.3
105,2013,277,2148,21.64,19.51,0,0,.273,12.3
105,2013,277,2154,21.54,19.63,0,0,.273,12.3
105,2013,277,2200,21.45,19.3,0,0,.273,12.3
105,2013,277,2206,21.35,19.43,0,0,.273,12.3
105,2013,277,2212,21.26,19.46,0,0,.273,12.3
105,2013,277,2218,21.18,19.39,0,0,.273,12.3
105,2013,277,2224,21.11,19.27,0,0,.273,12.3
105,2013,277,2230,21.05,19.46,0,0,.273,12.3
105,2013,277,2236,20.99,19.41,0,0,.273,12.3
105,2013,277,2242,20.94,19.14,0,0,.273,12.3
105,2013,277,2248,20.88,19.08,0,0,.273,12.3
105,2013,277,2254,20.82,19.16,0,0,.273,12.3
105,2013,277,2300,20.75,19.01,0,0,.273,12.3
105,2013,277,2306,20.67,19.06,0,0,.272,12.3
105,2013,277,2312,20.6,18.92,0,0,.272,12.3
105,2013,277,2318,20.53,18.6,0,0,.273,12.3
105,2013,277,2324,20.45,18.36,0,0,.273,12.3
105,2013,277,2330,20.38,18.42,0,0,.272,12.3
105,2013,277,2336,20.31,18.82,0,0,.272,12.3
105,2013,277,2342,20.26,18.88,0,0,.271,12.3
105,2013,277,2348,20.22,18.97,0,0,.271,12.3
105,2013,277,2354,20.19,18.82,0,0,.271,12.3
105,2013,278,0,20.16,18.42,0,0,.272,12.3
105,2013,278,6,20.13,18.66,0,0,.271,12.3
105,2013,278,12,20.11,18.87,0,0,.271,12.3
105,2013,278,18,20.08,18.86,0,0,.271,12.3
105,2013,278,24,20.06,18.72,0,0,.271,12.3
105,2013,278,30,20.05,18.65,0,0,.271,12.3
105,2013,278,36,20.04,18.81,0,0,.271,12.3
105,2013,278,42,20.04,18.82,0,0,.271,12.3
105,2013,278,48,20.04,18.85,0,0,.271,12.3
105,2013,278,54,20.05,18.75,0,0,.272,12.3
105,2013,278,100,20.04,18.75,0,0,.271,12.3
105,2013,278,106,20.03,18.62,0,0,.271,12.3
105,2013,278,112,20.01,18.76,0,0,.271,12.3
105,2013,278,118,20,18.72,0,0,.271,12.3
105,2013,278,124,19.98,18.66,0,0,.271,12.3
105,2013,278,130,19.97,18.78,0,0,.271,12.3
105,2013,278,136,19.97,18.73,0,0,.271,12.3
105,2013,278,142,19.95,18.35,0,0,.271,12.3
105,2013,278,148,19.91,18.26,0,0,.271,12.3
105,2013,278,154,19.87,18.24,0,0,.271,12.3
105,2013,278,200,19.82,18.02,0,0,.271,12.3
105,2013,278,206,19.76,18.15,0,0,.271,12.3
105,2013,278,212,19.71,18.27,0,0,.271,12.3
105,2013,278,218,19.66,18.41,0,0,.271,12.3
105,2013,278,224,19.61,18.37,0,0,.271,12.3
105,2013,278,230,19.57,18.56,0,0,.271,12.3
105,2013,278,236,19.55,18.45,0,0,.271,12.3
105,2013,278,242,19.54,18.2,0,0,.271,12.3
105,2013,278,248,19.53,18.63,0,0,.271,12.3
105,2013,278,254,19.54,18.54,0,0,.271,12.3
105,2013,278,300,19.56,18.43,0,0,.271,12.3
105,2013,278,306,19.56,18.4,0,0,.271,12.3
105,2013,278,312,19.57,18.42,0,0,.271,12.3
105,2013,278,318,19.59,18.41,0,0,.271,12.3
105,2013,278,324,19.61,18.43,0,0,.271,12.3
105,2013,278,330,19.64,18.41,0,0,.271,12.3
105,2013,278,336,19.66,18.47,0,0,.271,12.3
105,2013,278,342,19.68,18.55,0,0,.271,12.3
105,2013,278,348,19.71,18.58,0,0,.271,12.3
105,2013,278,354,19.74,18.63,0,0,.271,12.3
105,2013,278,400,19.78,18.74,0,0,.271,12.3
105,2013,278,406,19.82,18.75,0,0,.271,12.3
105,2013,278,412,19.86,18.81,0,0,.271,12.3
105,2013,278,418,19.9,18.85,0,0,.271,12.3
105,2013,278,424,19.94,18.9,0,0,.271,12.3
105,2013,278,430,19.99,18.96,0,0,.271,12.3
105,2013,278,436,20.03,18.98,0,0,.272,12.3
105,2013,278,442,20.08,18.96,0,0,.271,12.3
105,2013,278,448,20.11,18.84,0,0,.272,12.3
105,2013,278,454,20.14,18.79,0,0,.271,12.3
105,2013,278,500,20.16,18.77,0,0,.271,12.3
105,2013,278,506,20.16,18.8,0,0,.272,12.3
105,2013,278,512,20.17,18.8,0,0,.272,12.3
105,2013,278,518,20.18,18.76,0,0,.272,12.3
105,2013,278,524,20.18,18.76,0,0,.272,12.3
105,2013,278,530,20.18,18.68,0,0,.272,12.3
105,2013,278,536,20.18,18.68,0,0,.272,12.3
105,2013,278,542,20.17,18.77,0,0,.272,12.3
105,2013,278,548,20.15,18.81,0,0,.271,12.3
105,2013,278,554,20.15,18.87,0,0,.272,12.3
105,2013,278,600,20.14,18.6,0,0,.272,12.3
105,2013,278,606,20.12,18.24,0,0,.272,12.3
105,2013,278,612,20.08,18.03,0,0,.272,12.3
105,2013,278,618,20.02,18,0,0,.272,12.3
105,2013,278,624,19.95,18.19,0,0,.271,12.3
105,2013,278,630,19.9,18.26,0,0,.271,12.3
105,2013,278,636,19.85,18.29,0,0,.271,12.3
105,2013,278,642,19.8,18.03,0,0,.271,12.3
105,2013,278,648,19.76,18.26,0,0,.271,12.3
105,2013,278,654,19.72,18.23,0,0,.272,12.3
105,2013,278,700,19.69,17.98,0,0,.271,12.3
105,2013,278,706,19.65,17.9,0,0,.271,12.3
105,2013,278,712,19.61,17.87,0,0,.272,12.3
105,2013,278,718,19.58,18.07,0,0,.271,12.3
105,2013,278,724,19.56,17.96,0,0,.271,12.3
105,2013,278,730,19.53,18.4,0,0,.271,12.3
105,2013,278,736,19.53,18.72,0,0,.271,12.3
105,2013,278,742,19.55,19.03,0,0,.271,12.3
105,2013,278,748,19.6,19.49,0,0,.271,12.3
105,2013,278,754,19.68,19.78,0,0,.271,12.3
105,2013,278,800,19.77,20.44,0,0,.271,12.3
105,2013,278,806,19.88,21.04,0,0,.271,12.3
105,2013,278,812,20.03,21.42,0,0,.271,12.3
105,2013,278,818,20.2,21.49,0,0,.271,12.3
105,2013,278,824,20.38,21.98,0,0,.272,12.3
105,2013,278,830,20.58,22.07,0,0,.272,12.3
105,2013,278,836,20.79,22.59,0,0,.272,12.3
105,2013,278,842,21,23.12,0,0,.273,12.3
105,2013,278,848,21.24,24.12,0,0,.273,12.3
105,2013,278,854,21.48,24.14,0,0,.273,12.29
105,2013,278,900,21.71,24.69,0,0,.274,12.29
105,2013,278,906,21.96,25.31,0,0,.274,12.29
105,2013,278,912,22.25,25.8,0,0,.274,12.29
105,2013,278,918,22.54,26.56,0,0,.273,12.29
105,2013,278,924,22.84,27,0,0,.274,12.29
105,2013,278,930,23.16,26.83,0,0,.274,12.29
105,2013,278,936,23.46,27.6,0,0,.273,12.29
105,2013,278,942,23.79,27.32,0,0,.273,12.29
105,2013,278,948,24.11,27.55,0,0,.273,12.29
105,2013,278,954,24.43,28.22,0,0,.271,12.29
105,2013,278,1000,24.75,28.52,0,0,.272,12.29
105,2013,278,1006,25.06,28.84,0,0,.272,12.29
105,2013,278,1012,25.37,28.7,0,0,.272,12.29
105,2013,278,1018,25.68,28.93,0,0,.272,12.29
105,2013,278,1024,25.98,29.35,0,0,.272,12.29
105,2013,278,1030,26.29,29.23,0,0,.272,12.29
105,2013,278,1036,26.59,29.48,0,0,.272,12.29
105,2013,278,1042,26.89,30.6,0,0,.272,12.29
105,2013,278,1048,27.17,30.34,0,0,.272,12.29
105,2013,278,1054,27.43,30.69,0,0,.272,12.29
105,2013,278,1100,27.69,31.18,0,0,.272,12.29
105,2013,278,1106,27.93,31.81,0,0,.272,12.29
105,2013,278,1112,28.16,32.11,0,0,.272,12.28
105,2013,278,1118,28.38,32.45,0,0,.272,12.28
105,2013,278,1124,28.6,32.22,0,0,.272,12.28
105,2013,278,1130,28.8,31.09,0,0,.272,12.29
105,2013,278,1136,28.98,32.1,0,0,.272,12.29
105,2013,278,1142,29.17,32.05,0,0,.27,12.29
105,2013,278,1148,29.38,32.09,0,0,.27,12.29
105,2013,278,1154,29.57,32.36,0,0,.271,12.29
105,2013,278,1200,29.76,32.48,0,0,.27,12.29
105,2013,278,1206,29.96,32.17,0,0,.271,12.29
105,2013,278,1212,30.15,32.91,0,0,.27,12.29
105,2013,278,1218,30.32,32.8,0,0,.27,12.29
105,2013,278,1224,30.5,32.17,0,0,.27,12.29
105,2013,278,1230,30.65,32.41,0,0,.27,12.29
105,2013,278,1236,30.76,32.18,0,0,.27,12.29
105,2013,278,1242,30.86,31.5,0,0,.27,12.29
105,2013,278,1248,30.94,31.87,0,0,.27,12.29
105,2013,278,1254,31.01,32.57,0,0,.27,12.29
105,2013,278,1300,31.08,31.87,0,0,.27,12.29
105,2013,278,1306,31.13,32.88,0,0,.27,12.29
105,2013,278,1312,31.2,32.74,0,0,.27,12.28
105,2013,278,1318,31.27,33.76,0,0,.269,12.28
105,2013,278,1324,31.37,34.3,0,0,.269,12.28
105,2013,278,1330,31.5,33.49,0,0,.268,12.28
105,2013,278,1336,31.61,33.71,0,0,.269,12.28
105,2013,278,1342,31.73,34.17,0,0,.268,12.28
105,2013,278,1348,31.86,33.18,0,0,.268,12.28
105,2013,278,1354,31.99,33.13,0,0,.268,12.29
105,2013,278,1400,32.1,33.51,0,0,.267,12.29
105,2013,278,1406,32.18,33.24,0,0,.267,12.29
105,2013,278,1412,32.26,33.44,0,0,.267,12.28
105,2013,278,1418,32.33,33.86,0,0,.267,12.29
105,2013,278,1424,32.4,32.88,0,0,.267,12.29
105,2013,278,1430,32.46,32.37,0,0,.267,12.29
105,2013,278,1436,32.51,32.72,0,0,.267,12.29
105,2013,278,1442,32.54,31.86,0,0,.267,12.29
105,2013,278,1448,32.52,30.69,0,0,.267,12.29
105,2013,278,1454,32.46,29.85,0,0,.267,12.29
105,2013,278,1500,32.37,29.82,0,0,.267,12.29
105,2013,278,1506,32.26,29.77,0,0,.267,12.29
105,2013,278,1512,32.16,29.13,0,0,.267,12.29
105,2013,278,1518,32.03,29.09,0,0,.267,12.29
105,2013,278,1524,31.9,28.9,0,0,.267,12.29
105,2013,278,1530,31.77,28.39,0,0,.267,12.29
105,2013,278,1536,31.63,28.4,0,0,.267,12.29
105,2013,278,1542,31.48,28.13,0,0,.267,12.29
105,2013,278,1548,31.31,28.02,0,0,.267,12.29
105,2013,278,1554,31.15,27.95,0,0,.267,12.29
105,2013,278,1600,30.99,27.98,0,0,.267,12.29
105,2013,278,1606,30.84,27.82,0,0,.267,12.29
105,2013,278,1612,30.69,27.64,0,0,.267,12.29
105,2013,278,1618,30.54,27.56,0,0,.267,12.29
105,2013,278,1624,30.38,27.41,0,0,.267,12.29
105,2013,278,1630,30.24,27.26,0,0,.266,12.29
105,2013,278,1636,30.11,27.03,0,0,.266,12.29
105,2013,278,1642,29.97,26.93,0,0,.267,12.29
105,2013,278,1648,29.83,26.8,0,0,.266,12.29
105,2013,278,1654,29.68,26.5,0,0,.264,12.29
105,2013,278,1700,29.53,26.33,0,0,.265,12.29
105,2013,278,1706,29.37,26.22,0,0,.265,12.29
105,2013,278,1712,29.2,25.98,0,0,.265,12.29
105,2013,278,1718,29.02,25.75,0,0,.265,12.29
105,2013,278,1724,28.85,25.72,0,0,.265,12.29
105,2013,278,1730,28.69,25.64,0,0,.265,12.29
105,2013,278,1736,28.53,25.51,0,0,.265,12.29
105,2013,278,1742,28.37,25.58,0,0,.265,12.29
105,2013,278,1748,28.22,25.17,0,0,.265,12.29
105,2013,278,1754,28.07,25.23,0,0,.265,12.29
105,2013,278,1800,27.92,25.08,0,0,.265,12.29
105,2013,278,1806,27.77,24.71,0,0,.265,12.29
105,2013,278,1812,27.63,24.53,0,0,.265,12.29
105,2013,278,1818,27.48,24.43,0,0,.265,12.29
105,2013,278,1824,27.34,24.15,0,0,.265,12.29
105,2013,278,1830,27.19,24.21,0,0,.265,12.29
105,2013,278,1836,27.03,23.95,0,0,.265,12.29
105,2013,278,1842,26.86,23.48,0,0,.265,12.29
105,2013,278,1848,26.68,23.27,0,0,.265,12.29
105,2013,278,1854,26.5,23.24,0,0,.265,12.29
105,2013,278,1900,26.33,23.04,0,0,.265,12.29
105,2013,278,1906,26.15,22.82,0,0,.265,12.29
105,2013,278,1912,25.98,22.82,0,0,.265,12.29
105,2013,278,1918,25.8,22.62,0,0,.265,12.29
105,2013,278,1924,25.63,22.28,0,0,.265,12.29
105,2013,278,1930,25.46,21.95,0,0,.265,12.29
105,2013,278,1936,25.27,21.93,0,0,.265,12.29
105,2013,278,1942,25.1,22.21,0,0,.265,12.29
105,2013,278,1948,24.92,21.96,0,0,.265,12.29
105,2013,278,1954,24.76,21.87,0,0,.265,12.29
105,2013,278,2000,24.61,21.79,0,0,.265,12.29
105,2013,278,2006,24.45,21.79,0,0,.265,12.29
105,2013,278,2012,24.29,21.4,0,0,.265,12.29
105,2013,278,2018,24.13,21,0,0,.265,12.29
105,2013,278,2024,23.97,21.27,0,0,.265,12.29
105,2013,278,2030,23.83,21.35,0,0,.265,12.29
105,2013,278,2036,23.7,21.39,0,0,.265,12.29
105,2013,278,2042,23.59,21.45,0,0,.265,12.29
105,2013,278,2048,23.5,21.43,0,0,.265,12.29
105,2013,278,2054,23.42,21.21,0,0,.265,12.3
105,2013,278,2100,23.35,21.16,0,0,.265,12.29
105,2013,278,2106,23.29,21.15,0,0,.265,12.3
105,2013,278,2112,23.22,20.98,0,0,.265,12.3
105,2013,278,2118,23.16,21.01,0,0,.265,12.3
105,2013,278,2124,23.09,20.97,0,0,.265,12.3
105,2013,278,2130,23.02,20.76,0,0,.266,12.3
105,2013,278,2136,22.94,20.72,0,0,.265,12.3
105,2013,278,2142,22.85,20.58,0,0,.266,12.3
105,2013,278,2148,22.75,20.35,0,0,.266,12.3
105,2013,278,2154,22.64,20.01,0,0,.266,12.3
105,2013,278,2200,22.54,20.35,0,0,.267,12.3
105,2013,278,2206,22.44,20.59,0,0,.267,12.3
105,2013,278,2212,22.35,20.58,0,0,.267,12.3
105,2013,278,2218,22.28,20.63,0,0,.268,12.3
105,2013,278,2224,22.22,20.66,0,0,.267,12.3
105,2013,278,2230,22.18,20.47,0,0,.267,12.3
105,2013,278,2236,22.15,20.36,0,0,.267,12.3
105,2013,278,2242,22.12,20.32,0,0,.267,12.3
105,2013,278,2248,22.08,20.22,0,0,.268,12.3
105,2013,278,2254,22.03,20.32,0,0,.267,12.3
105,2013,278,2300,21.98,20.14,0,0,.267,12.3
105,2013,278,2306,21.92,19.93,0,0,.267,12.3
105,2013,278,2312,21.86,19.95,0,0,.267,12.3
105,2013,278,2318,21.8,20.05,0,0,.267,12.3
105,2013,278,2324,21.74,19.72,0,0,.268,12.3
105,2013,278,2330,21.66,19.49,0,0,.267,12.3
105,2013,278,2336,21.58,19.59,0,0,.267,12.3
105,2013,278,2342,21.5,19.66,0,0,.267,12.3
105,2013,278,2348,21.42,19.62,0,0,.267,12.3
105,2013,278,2354,21.33,18.98,0,0,.267,12.3
105,2013,279,0,21.23,18.95,0,0,.267,12.3
105,2013,279,6,21.14,19.52,0,0,.267,12.3
105,2013,279,12,21.07,19.5,0,0,.267,12.3
105,2013,279,18,21.02,19.6,0,0,.267,12.3
105,2013,279,24,20.98,19.63,0,0,.267,12.3
105,2013,279,30,20.93,19.45,0,0,.267,12.3
105,2013,279,36,20.89,19.26,0,0,.267,12.3
105,2013,279,42,20.83,18.87,0,0,.267,12.3
105,2013,279,48,20.76,18.94,0,0,.267,12.3
105,2013,279,54,20.7,19.25,0,0,.266,12.3
105,2013,279,100,20.65,19.12,0,0,.267,12.3
105,2013,279,106,20.61,18.67,0,0,.267,12.3
105,2013,279,112,20.55,18.65,0,0,.267,12.3
105,2013,279,118,20.5,18.78,0,0,.266,12.3
105,2013,279,124,20.44,18.68,0,0,.266,12.3
105,2013,279,130,20.38,18.39,0,0,.266,12.3
105,2013,279,136,20.31,18.69,0,0,.266,12.3
105,2013,279,142,20.27,18.89,0,0,.265,12.3
105,2013,279,148,20.23,18.74,0,0,.265,12.3
105,2013,279,154,20.18,18.81,0,0,.265,12.3
105,2013,279,200,20.14,18.12,0,0,.266,12.3
105,2013,279,206,20.09,18.43,0,0,.265,12.3
105,2013,279,212,20.03,18.38,0,0,.265,12.3
105,2013,279,218,19.97,18.49,0,0,.265,12.3
105,2013,279,224,19.93,18.69,0,0,.265,12.3
105,2013,279,230,19.89,18.84,0,0,.265,12.3
105,2013,279,236,19.87,18.71,0,0,.265,12.3
105,2013,279,242,19.84,18.53,0,0,.265,12.3
105,2013,279,248,19.81,18.58,0,0,.265,12.3
105,2013,279,254,19.77,18.68,0,0,.265,12.3
105,2013,279,300,19.73,18.7,0,0,.265,12.3
105,2013,279,306,19.7,18.76,0,0,.265,12.3
105,2013,279,312,19.68,18.66,0,0,.265,12.3
105,2013,279,318,19.66,18.55,0,0,.265,12.3
105,2013,279,324,19.64,18.38,0,0,.265,12.3
105,2013,279,330,19.62,18.09,0,0,.265,12.3
105,2013,279,336,19.59,18.1,0,0,.265,12.3
105,2013,279,342,19.56,18.32,0,0,.265,12.3
105,2013,279,348,19.53,18.5,0,0,.265,12.3
105,2013,279,354,19.51,17.95,0,0,.265,12.3
105,2013,279,400,19.49,17.81,0,0,.265,12.3
105,2013,279,406,19.47,18.2,0,0,.264,12.3
105,2013,279,412,19.45,18.3,0,0,.265,12.3
105,2013,279,418,19.45,18.38,0,0,.265,12.3
105,2013,279,424,19.45,18.19,0,0,.264,12.3
105,2013,279,430,19.44,18.16,0,0,.264,12.3
105,2013,279,436,19.43,18.17,0,0,.265,12.3
105,2013,279,442,19.41,18.07,0,0,.265,12.3
105,2013,279,448,19.38,18.05,0,0,.265,12.3
105,2013,279,454,19.36,18.03,0,0,.265,12.3
105,2013,279,500,19.34,18.2,0,0,.265,12.3
105,2013,279,506,19.33,18.08,0,0,.265,12.3
105,2013,279,512,19.31,17.95,0,0,.265,12.3
105,2013,279,518,19.31,17.94,0,0,.264,12.3
105,2013,279,524,19.29,18.06,0,0,.265,12.3
105,2013,279,530,19.28,18.11,0,0,.265,12.3
105,2013,279,536,19.27,18.16,0,0,.265,12.3
105,2013,279,542,19.26,18.06,0,0,.265,12.3
105,2013,279,548,19.25,17.83,0,0,.265,12.3
105,2013,279,554,19.24,17.68,0,0,.265,12.3
105,2013,279,600,19.22,17.81,0,0,.265,12.3
105,2013,279,606,19.21,18.07,0,0,.265,12.3
105,2013,279,612,19.2,18.1,0,0,.264,12.3
105,2013,279,618,19.2,17.99,0,0,.264,12.3
105,2013,279,624,19.19,17.81,0,0,.265,12.3
105,2013,279,630,19.18,17.81,0,0,.265,12.3
105,2013,279,636,19.15,17.69,0,0,.265,12.3
105,2013,279,642,19.12,17.82,0,0,.265,12.3
105,2013,279,648,19.09,17.88,0,0,.265,12.3
105,2013,279,654,19.05,17.98,0,0,.264,12.3
105,2013,279,700,19.03,18.09,0,0,.265,12.3
105,2013,279,706,19,17.43,0,0,.265,12.3
105,2013,279,712,18.98,17.7,0,0,.265,12.3
105,2013,279,718,18.95,17.91,0,0,.265,12.3
105,2013,279,724,18.94,17.98,0,0,.265,12.3
105,2013,279,730,18.93,17.79,0,0,.265,12.3
105,2013,279,736,18.94,18.07,0,0,.264,12.3
105,2013,279,742,18.96,18.93,0,0,.265,12.3
105,2013,279,748,19,19.63,0,0,.265,12.3
105,2013,279,754,19.08,20.24,0,0,.265,12.3
105,2013,279,800,19.19,20.17,0,0,.265,12.3
105,2013,279,806,19.32,21.08,0,0,.264,12.3
105,2013,279,812,19.47,21.29,0,0,.265,12.3
105,2013,279,818,19.65,21.65,0,0,.265,12.3
105,2013,279,824,19.84,21.94,0,0,.265,12.3
105,2013,279,830,20.04,22.9,0,0,.265,12.3
105,2013,279,836,20.27,22.95,0,0,.265,12.3
105,2013,279,842,20.54,23.28,0,0,.266,12.3
105,2013,279,848,20.83,23.32,0,0,.267,12.3
105,2013,279,854,21.11,23.84,0,0,.269,12.29
105,2013,279,900,21.38,24.51,0,0,.272,12.29
105,2013,279,906,21.65,25.34,0,0,.275,12.29
105,2013,279,912,21.93,25.66,0,0,.278,12.29
105,2013,279,918,22.22,25.56,0,0,.28,12.29
105,2013,279,924,22.5,26.15,0,0,.283,12.29
105,2013,279,930,22.77,26.59,0,0,.285,12.29
105,2013,279,936,23.03,26.56,0,0,.287,12.29
105,2013,279,942,23.28,26.3,0,0,.289,12.29
105,2013,279,948,23.53,27.34,0,0,.289,12.29
105,2013,279,954,23.78,26.79,0,0,.289,12.29
105,2013,279,1000,24.05,27.91,0,0,.29,12.29
105,2013,279,1006,24.31,28.75,0,0,.29,12.29
105,2013,279,1012,24.58,28.4,0,0,.29,12.29
105,2013,279,1018,24.84,28.9,0,0,.291,12.29
105,2013,279,1024,25.11,28.87,0,0,.291,12.29
105,2013,279,1030,25.36,27.99,0,0,.292,12.29
105,2013,279,1036,25.59,28.26,0,0,.292,12.29
105,2013,279,1042,25.78,28.45,0,0,.292,12.29
105,2013,279,1048,25.98,29.06,0,0,.294,12.29
105,2013,279,1054,26.17,29.19,0,0,.294,12.29
105,2013,279,1100,26.37,29.18,0,0,.294,12.29
105,2013,279,1106,26.57,29.26,0,0,.294,12.29
105,2013,279,1112,26.79,29.63,0,0,.294,12.29
105,2013,279,1118,27,29.83,0,0,.295,12.29
105,2013,279,1124,27.22,30.17,0,0,.295,12.29
105,2013,279,1130,27.44,30.59,0,0,.295,12.29
105,2013,279,1136,27.66,30.37,0,0,.295,12.29
105,2013,279,1142,27.87,30.63,0,0,.295,12.29
105,2013,279,1148,28.08,30.79,0,0,.295,12.29
105,2013,279,1154,28.28,30.82,0,0,.295,12.29
105,2013,279,1200,28.48,31.21,0,0,.295,12.29
105,2013,279,1206,28.68,30.12,0,0,.295,12.29
105,2013,279,1212,28.86,31.14,0,0,.295,12.29
105,2013,279,1218,29.05,31.3,0,0,.294,12.29
105,2013,279,1224,29.24,31.04,0,0,.295,12.29
105,2013,279,1230,29.41,31.09,0,0,.295,12.29
105,2013,279,1236,29.56,30.64,0,0,.295,12.29
105,2013,279,1242,29.7,30.8,0,0,.294,12.29
105,2013,279,1248,29.84,31.45,0,0,.295,12.29
105,2013,279,1254,29.98,31.62,0,0,.295,12.29
105,2013,279,1300,30.11,31.51,0,0,.294,12.29
105,2013,279,1306,30.24,32.17,0,0,.294,12.29
105,2013,279,1312,30.37,31.5,0,0,.295,12.29
105,2013,279,1318,30.5,31.21,0,0,.295,12.29
105,2013,279,1324,30.61,31.31,0,0,.294,12.29
105,2013,279,1330,30.7,31.35,0,0,.295,12.29
105,2013,279,1336,30.78,30.71,0,0,.295,12.29
105,2013,279,1342,30.84,31.37,0,0,.294,12.29
105,2013,279,1348,30.9,31.12,0,0,.295,12.29
105,2013,279,1354,30.96,31.12,0,0,.295,12.29
105,2013,279,1400,31.01,31.38,0,0,.295,12.29
105,2013,279,1406,31.06,31.26,0,0,.295,12.29
105,2013,279,1412,31.11,31.21,0,0,.295,12.29
105,2013,279,1418,31.17,31.63,0,0,.295,12.29
105,2013,279,1424,31.23,30.62,0,0,.295,12.29
105,2013,279,1430,31.26,30.98,0,0,.295,12.29
105,2013,279,1436,31.29,30.84,0,0,.295,12.29
105,2013,279,1442,31.32,30.77,0,0,.295,12.29
105,2013,279,1448,31.34,30.59,0,0,.295,12.29
105,2013,279,1454,31.36,29.24,0,0,.295,12.29
105,2013,279,1500,31.35,28.84,0,0,.294,12.29
105,2013,279,1506,31.31,28.41,0,0,.295,12.29
105,2013,279,1512,31.24,28.54,0,0,.294,12.29
105,2013,279,1518,31.14,28.09,0,0,.294,12.29
105,2013,279,1524,31.03,28.02,0,0,.294,12.29
105,2013,279,1530,30.9,27.86,0,0,.294,12.29
105,2013,279,1536,30.77,27.75,0,0,.294,12.29
105,2013,279,1542,30.63,27.7,0,0,.294,12.29
105,2013,279,1548,30.49,27.62,0,0,.294,12.29
105,2013,279,1554,30.36,27.44,0,0,.294,12.29
105,2013,279,1600,30.23,27.36,0,0,.294,12.29
105,2013,279,1606,30.1,27.16,0,0,.294,12.29
105,2013,279,1612,29.97,27.1,0,0,.294,12.29
105,2013,279,1618,29.84,26.91,0,0,.294,12.29
105,2013,279,1624,29.71,26.77,0,0,.294,12.29
105,2013,279,1630,29.59,26.6,0,0,.294,12.29
105,2013,279,1636,29.46,26.39,0,0,.294,12.29
105,2013,279,1642,29.33,26.15,0,0,.294,12.29
105,2013,279,1648,29.19,26.07,0,0,.294,12.29
105,2013,279,1654,29.05,25.94,0,0,.295,12.29
105,2013,279,1700,28.92,25.93,0,0,.294,12.29
105,2013,279,1706,28.8,25.92,0,0,.294,12.29
105,2013,279,1712,28.67,25.85,0,0,.301,12.29
105,2013,279,1718,28.54,25.65,0,0,.326,12.29
105,2013,279,1724,28.41,25.36,0,0,.358,12.29
105,2013,279,1730,28.28,25.3,0,0,.392,12.29
105,2013,279,1736,28.16,25.24,0,0,.433,12.29
105,2013,279,1742,28.05,25.1,0,0,.478,12.29
105,2013,279,1748,27.93,24.95,0,0,.526,12.29
105,2013,279,1754,27.81,24.97,0,0,.573,12.29
105,2013,279,1800,27.69,24.87,0,0,.618,12.29
105,2013,279,1806,27.58,24.72,0,0,.663,12.29
105,2013,279,1812,27.47,24.71,0,0,.715,12.29
105,2013,279,1818,27.37,24.77,0,0,.772,12.29
105,2013,279,1824,27.28,24.53,0,0,.826,12.29
105,2013,279,1830,27.17,24.54,0,0,.876,12.29
105,2013,279,1836,27.07,24.45,0,0,.924,12.29
105,2013,279,1842,26.99,24.28,0,0,.96,12.29
105,2013,279,1848,26.92,24.12,0,0,.988,12.29
105,2013,279,1854,26.86,24.04,0,0,1.005,12.29
105,2013,279,1900,26.79,24.06,0,0,1.012,12.29
105,2013,279,1906,26.72,24.05,0,0,1.012,12.29
105,2013,279,1912,26.65,24.04,0,0,1.012,12.29
105,2013,279,1918,26.56,24.03,0,0,1.008,12.29
105,2013,279,1924,26.47,23.85,0,0,.998,12.29
105,2013,279,1930,26.38,23.97,0,0,.985,12.29
105,2013,279,1936,26.28,24.04,0,0,.974,12.29
105,2013,279,1942,26.18,23.94,0,0,.964,12.29
105,2013,279,1948,26.09,23.92,0,0,.952,12.3
105,2013,279,1954,25.99,23.9,0,0,.941,12.3
105,2013,279,2000,25.9,23.79,0,0,.928,12.3
105,2013,279,2006,25.82,23.73,0,0,.917,12.3
105,2013,279,2012,25.73,23.76,0,0,.907,12.3
105,2013,279,2018,25.65,23.63,0,0,.898,12.3
105,2013,279,2024,25.56,23.6,0,0,.885,12.3
105,2013,279,2030,25.47,23.56,0,0,.872,12.3
105,2013,279,2036,25.39,23.48,0,0,.859,12.3
105,2013,279,2042,25.3,23.46,0,0,.846,12.3
105,2013,279,2048,25.22,23.34,0,0,.835,12.3
105,2013,279,2054,25.14,23.45,0,0,.821,12.3
105,2013,279,2100,25.06,23.42,0,0,.807,12.3
105,2013,279,2106,24.98,23.33,0,0,.792,12.3
105,2013,279,2112,24.91,23.34,0,0,.78,12.3
105,2013,279,2118,24.83,23.3,0,0,.768,12.3
105,2013,279,2124,24.76,23.13,0,0,.757,12.3
105,2013,279,2130,24.69,23.09,0,0,.744,12.3
105,2013,279,2136,24.62,23.11,0,0,.733,12.3
105,2013,279,2142,24.55,23.1,0,0,.72,12.3
105,2013,279,2148,24.48,23.05,0,0,.709,12.3
105,2013,279,2154,24.42,23.02,0,0,.698,12.3
105,2013,279,2200,24.35,23.04,0,0,.687,12.3
105,2013,279,2206,24.29,23.04,0,0,.677,12.3
105,2013,279,2212,24.23,23.04,0,0,.668,12.3
105,2013,279,2218,24.17,22.91,0,0,.66,12.3
105,2013,279,2224,24.11,22.99,0,0,.65,12.3
105,2013,279,2230,24.06,22.94,0,0,.642,12.3
105,2013,279,2236,24,22.88,0,0,.633,12.3
105,2013,279,2242,23.95,22.91,0,0,.625,12.3
105,2013,279,2248,23.9,22.87,0,0,.616,12.3
105,2013,279,2254,23.85,22.79,0,0,.609,12.3
105,2013,279,2300,23.8,22.69,0,0,.604,12.3
105,2013,279,2306,23.76,22.67,0,0,.596,12.3
105,2013,279,2312,23.71,22.66,0,0,.59,12.3
105,2013,279,2318,23.67,22.57,0,0,.585,12.3
105,2013,279,2324,23.62,22.5,0,0,.578,12.3
105,2013,279,2330,23.58,22.62,0,0,.573,12.3
105,2013,279,2336,23.54,22.64,0,0,.568,12.3
105,2013,279,2342,23.5,22.58,0,0,.563,12.3
105,2013,279,2348,23.47,22.59,0,0,.559,12.3
105,2013,279,2354,23.44,22.45,0,0,.554,12.3
105,2013,280,0,23.41,22.33,0,0,.55,12.3
105,2013,280,6,23.37,22.41,0,0,.546,12.3
105,2013,280,12,23.33,22.35,0,0,.541,12.3
105,2013,280,18,23.29,22.2,0,0,.538,12.3
105,2013,280,24,23.25,22.08,0,0,.534,12.3
105,2013,280,30,23.21,22.1,0,0,.53,12.3
105,2013,280,36,23.17,22,0,0,.526,12.3
105,2013,280,42,23.12,22.11,0,0,.523,12.3
105,2013,280,48,23.07,21.99,0,0,.52,12.3
105,2013,280,54,23.02,22.05,0,0,.517,12.3
105,2013,280,100,22.97,21.88,0,0,.513,12.3
105,2013,280,106,22.92,21.87,0,0,.51,12.3
105,2013,280,112,22.87,21.91,0,0,.508,12.3
105,2013,280,118,22.82,22.08,0,0,.506,12.3
105,2013,280,124,22.77,21.91,0,0,.502,12.3
105,2013,280,130,22.72,21.84,0,0,.5,12.3
105,2013,280,136,22.68,21.84,0,0,.497,12.3
105,2013,280,142,22.64,21.58,0,0,.494,12.3
105,2013,280,148,22.59,21.46,0,0,.492,12.3
105,2013,280,154,22.55,21.51,0,0,.49,12.3
105,2013,280,200,22.5,21.46,0,0,.487,12.3
105,2013,280,206,22.44,21.54,0,0,.485,12.3
105,2013,280,212,22.39,21.53,0,0,.482,12.3
105,2013,280,218,22.35,21.42,0,0,.479,12.3
105,2013,280,224,22.3,21.59,0,0,.477,12.3
105,2013,280,230,22.26,21.51,0,0,.475,12.3
105,2013,280,236,22.21,21.42,0,0,.474,12.3
105,2013,280,242,22.17,21.39,0,0,.474,12.3
105,2013,280,248,22.13,21.6,0,0,.472,12.3
105,2013,280,254,22.09,21.38,0,0,.471,12.3
105,2013,280,300,22.05,21.32,0,0,.472,12.3
105,2013,280,306,22.01,21.23,0,0,.472,12.3
105,2013,280,312,21.97,21.22,0,0,.471,12.3
105,2013,280,318,21.94,21.41,0,0,.472,12.3
105,2013,280,324,21.91,21.66,0,0,.475,12.3
105,2013,280,330,21.88,21.61,0,0,.481,12.3
105,2013,280,336,21.85,21.86,0,0,.49,12.3
105,2013,280,342,21.83,22.05,0,0,.502,12.3
105,2013,280,348,21.82,22.03,0,0,.518,12.3
105,2013,280,354,21.82,22.08,0,0,.539,12.3
105,2013,280,400,21.82,22.28,0,0,.562,12.3
105,2013,280,406,21.83,22.24,0,0,.591,12.3
105,2013,280,412,21.85,22.4,0,0,.625,12.3
105,2013,280,418,21.87,22.44,0,0,.663,12.3
105,2013,280,424,21.9,22.48,0,0,.702,12.3
105,2013,280,430,21.94,22.49,0,0,.748,12.3
105,2013,280,436,21.97,22.44,0,0,.796,12.3
105,2013,280,442,22.01,22.48,0,0,.85,12.3
105,2013,280,448,22.05,22.53,0,0,.909,12.3
105,2013,280,454,22.09,22.5,0,0,.966,12.3
105,2013,280,500,22.12,22.49,0,0,1.018,12.3
105,2013,280,506,22.16,22.45,0,0,1.066,12.3
105,2013,280,512,22.2,22.47,0,0,1.108,12.3
105,2013,280,518,22.23,22.54,0,0,1.143,12.3
105,2013,280,524,22.27,22.45,0,0,1.172,12.3
105,2013,280,530,22.3,22.55,0,0,1.196,12.3
105,2013,280,536,22.33,22.59,0,0,1.215,12.3
105,2013,280,542,22.35,22.5,0,0,1.229,12.3
105,2013,280,548,22.38,22.53,0,0,1.241,12.3
105,2013,280,554,22.41,22.47,0,0,1.251,12.3
105,2013,280,600,22.43,22.42,0,0,1.258,12.3
105,2013,280,606,22.45,22.33,0,0,1.262,12.3
105,2013,280,612,22.47,22.22,0,0,1.261,12.3
105,2013,280,618,22.48,22.34,0,0,1.264,12.3
105,2013,280,624,22.48,22.38,0,0,1.263,12.3
105,2013,280,630,22.48,22.33,0,0,1.261,12.3
105,2013,280,636,22.49,22.36,0,0,1.259,12.3
105,2013,280,642,22.49,22.42,0,0,1.257,12.3
105,2013,280,648,22.49,22.34,0,0,1.254,12.3
105,2013,280,654,22.49,22.32,0,0,1.253,12.3
105,2013,280,700,22.49,22.27,0,0,1.252,12.3
105,2013,280,706,22.49,22.29,0,0,1.251,12.3
105,2013,280,712,22.49,22.4,0,0,1.252,12.3
105,2013,280,718,22.49,22.5,0,0,1.253,12.3
105,2013,280,724,22.51,22.53,0,0,1.25,12.3
105,2013,280,730,22.51,22.59,0,0,1.245,12.3
105,2013,280,736,22.52,22.67,0,0,1.237,12.3
105,2013,280,742,22.54,22.72,0,0,1.23,12.3
105,2013,280,748,22.55,22.82,0,0,1.223,12.3
105,2013,280,754,22.58,22.91,0,0,1.213,12.3
105,2013,280,800,22.6,22.95,0,0,1.198,12.3
105,2013,280,806,22.63,22.94,0,0,1.179,12.3
105,2013,280,812,22.66,22.97,0,0,1.161,12.3
105,2013,280,818,22.69,23.04,0,0,1.142,12.3
105,2013,280,824,22.73,23.2,0,0,1.124,12.3
105,2013,280,830,22.77,23.26,0,0,1.106,12.3
105,2013,280,836,22.8,23.23,0,0,1.091,12.3
105,2013,280,842,22.84,23.24,0,0,1.075,12.3
105,2013,280,848,22.88,23.25,0,0,1.058,12.3
105,2013,280,854,22.93,23.23,0,0,1.039,12.3
105,2013,280,900,22.97,23.23,0,0,1.024,12.3
105,2013,280,906,23.01,23.29,0,0,1.007,12.3
105,2013,280,912,23.05,23.4,0,0,.99,12.3
105,2013,280,918,23.09,23.38,0,0,.974,12.3
105,2013,280,924,23.14,23.39,0,0,.959,12.3
105,2013,280,930,23.18,23.35,0,0,.943,12.3
105,2013,280,936,23.22,23.38,0,0,.927,12.3
105,2013,280,942,23.26,23.4,0,0,.913,12.3
105,2013,280,948,23.3,23.4,0,0,.894,12.3
105,2013,280,954,23.34,23.56,0,0,.876,12.3
105,2013,280,1000,23.38,23.76,0,0,.859,12.3
105,2013,280,1006,23.42,23.87,0,0,.843,12.3
105,2013,280,1012,23.46,24.18,0,0,.825,12.3
105,2013,280,1018,23.51,24.28,0,0,.809,12.3
105,2013,280,1024,23.56,24.42,0,0,.795,12.3
105,2013,280,1030,23.61,24.54,0,0,.779,12.3
105,2013,280,1036,23.67,24.77,0,0,.763,12.3
105,2013,280,1042,23.73,25.05,0,0,.751,12.3
105,2013,280,1048,23.8,25.55,0,0,.738,12.3
105,2013,280,1054,23.88,25.69,0,0,.725,12.3
105,2013,280,1100,23.98,26.12,0,0,.712,12.29
105,2013,280,1106,24.08,25.84,0,0,.699,12.29
105,2013,280,1112,24.2,25.84,0,0,.688,12.29
105,2013,280,1118,24.32,25.71,0,0,.678,12.29
105,2013,280,1124,24.44,25.66,0,0,.669,12.29
105,2013,280,1130,24.55,25.52,0,0,.66,12.29
105,2013,280,1136,24.64,25.67,0,0,.651,12.29
105,2013,280,1142,24.73,25.87,0,0,.642,12.29
105,2013,280,1148,24.82,25.77,0,0,.633,12.29
105,2013,280,1154,24.9,25.77,0,0,.625,12.29
105,2013,280,1200,24.98,26.13,0,0,.617,12.29
105,2013,280,1206,25.06,26.05,0,0,.609,12.29
105,2013,280,1212,25.14,25.94,0,0,.602,12.29
105,2013,280,1218,25.23,25.9,0,0,.594,12.29
105,2013,280,1224,25.31,25.83,0,0,.589,12.29
105,2013,280,1230,25.38,25.38,0,0,.582,12.29
105,2013,280,1236,25.45,25.32,0,0,.577,12.29
105,2013,280,1242,25.5,24.21,0,0,.571,12.29
105,2013,280,1248,25.53,21.51,0,0,.567,12.3
105,2013,280,1254,25.52,20.35,0,0,.564,12.3
105,2013,280,1300,25.45,19.55,0,0,.562,12.3
105,2013,280,1306,25.33,19.21,0,0,.562,12.3
105,2013,280,1312,25.16,18.97,0,0,.562,12.3
105,2013,280,1318,24.94,18.5,0,0,.561,12.3
105,2013,280,1324,24.7,18.62,0,0,.562,12.3
105,2013,280,1330,24.45,18.68,0,0,.562,12.3
105,2013,280,1336,24.2,18.92,0,0,.561,12.3
105,2013,280,1342,23.95,18.96,0,0,.56,12.3
105,2013,280,1348,23.71,19.06,0,0,.557,12.3
105,2013,280,1354,23.48,19.17,0,0,.553,12.3
105,2013,280,1400,23.28,19.43,0,0,.549,12.3
105,2013,280,1406,23.08,19.46,0,0,.547,12.3
105,2013,280,1412,22.9,19.35,0,0,.544,12.3
105,2013,280,1418,22.73,19.21,0,0,.541,12.3
105,2013,280,1424,22.58,19.4,0,0,.539,12.3
105,2013,280,1430,22.44,19.42,0,0,.537,12.3
105,2013,280,1436,22.3,19.26,0,0,.534,12.3
105,2013,280,1442,22.17,19.19,0,0,.533,12.3
105,2013,280,1448,22.05,19.27,0,0,.532,12.3
105,2013,280,1454,21.94,19.28,0,0,.532,12.3
105,2013,280,1500,21.83,19.32,0,0,.532,12.3
105,2013,280,1506,21.73,19.33,0,0,.532,12.3
105,2013,280,1512,21.63,19.38,0,0,.533,12.3
105,2013,280,1518,21.53,19.37,0,0,.538,12.3
105,2013,280,1524,21.44,19.52,0,0,.545,12.3
105,2013,280,1530,21.35,19.45,0,0,.552,12.3
105,2013,280,1536,21.28,19.37,0,0,.56,12.3
105,2013,280,1542,21.23,18.83,0,0,.569,12.3
105,2013,280,1548,21.17,17.28,0,0,.582,12.3
105,2013,280,1554,21.07,16.68,0,0,.594,12.3
105,2013,280,1600,20.93,16.52,0,0,.61,12.3
105,2013,280,1606,20.74,16.34,0,0,.632,12.3
105,2013,280,1612,20.54,16.21,0,0,.657,12.3
105,2013,280,1618,20.34,16.17,0,0,.686,12.3
105,2013,280,1624,20.14,16.14,0,0,.724,12.3
105,2013,280,1630,19.95,16.01,0,0,.769,12.3
105,2013,280,1636,19.76,16.11,0,0,.823,12.3
105,2013,280,1642,19.55,16.05,0,0,.893,12.3
105,2013,280,1648,19.35,16.13,0,0,.978,12.3
105,2013,280,1654,19.21,16.2,0,0,1.062,12.3
105,2013,280,1700,19.1,16.24,0,0,1.139,12.3
105,2013,280,1706,19.01,16.27,0,0,1.207,12.3
105,2013,280,1712,18.93,16.29,0,0,1.262,12.3
105,2013,280,1718,18.87,16.26,0,0,1.309,12.3
105,2013,280,1724,18.81,16.14,0,0,1.349,12.3
105,2013,280,1730,18.75,16.16,0,0,1.386,12.3
105,2013,280,1736,18.69,16.19,0,0,1.43,12.3
105,2013,280,1742,18.63,16.22,0,0,1.465,12.3
105,2013,280,1748,18.57,16.12,0,0,1.498,12.3
105,2013,280,1754,18.51,16.26,0,0,1.532,12.3
105,2013,280,1800,18.45,16.24,0,0,1.546,12.3
105,2013,280,1806,18.39,16.23,0,0,1.563,12.3
105,2013,280,1812,18.34,16.3,0,0,1.566,12.3
105,2013,280,1818,18.28,16.3,0,0,1.567,12.3
105,2013,280,1824,18.22,16.14,0,0,1.559,12.3
105,2013,280,1830,18.17,16.19,0,0,1.535,12.3
105,2013,280,1836,18.11,16.22,0,0,1.516,12.3
105,2013,280,1842,18.06,16.16,0,0,1.503,12.3
105,2013,280,1848,18,16.13,0,0,1.484,12.3
105,2013,280,1854,17.95,16.04,0,0,1.469,12.3
105,2013,280,1900,17.9,16.13,0,0,1.451,12.3
105,2013,280,1906,17.85,16.25,0,0,1.445,12.3
105,2013,280,1912,17.8,16.28,0,0,1.442,12.3
105,2013,280,1918,17.75,16.26,0,0,1.454,12.3
105,2013,280,1924,17.7,16.21,0,0,1.479,12.3
105,2013,280,1930,17.65,16.15,0,0,1.521,12.3
105,2013,280,1936,17.61,16.14,0,0,1.565,12.3
105,2013,280,1942,17.57,16.1,0,0,1.597,12.3
105,2013,280,1948,17.53,16.21,0,0,1.616,12.3
105,2013,280,1954,17.49,16.2,0,0,1.611,12.3
105,2013,280,2000,17.45,16.17,0,0,1.592,12.3
105,2013,280,2006,17.41,16.18,0,0,1.558,12.3
105,2013,280,2012,17.38,16.17,0,0,1.519,12.3
105,2013,280,2018,17.34,16.13,0,0,1.473,12.3
105,2013,280,2024,17.31,16.24,0,0,1.428,12.3
105,2013,280,2030,17.28,16.36,0,0,1.383,12.3
105,2013,280,2036,17.25,16.28,0,0,1.336,12.3
105,2013,280,2042,17.22,16.11,0,0,1.299,12.3
105,2013,280,2048,17.19,16.07,0,0,1.257,12.3
105,2013,280,2054,17.16,16.01,0,0,1.219,12.3
105,2013,280,2100,17.13,15.99,0,0,1.182,12.3
105,2013,280,2106,17.1,15.79,0,0,1.148,12.3
105,2013,280,2112,17.07,15.82,0,0,1.121,12.3
105,2013,280,2118,17.03,15.64,0,0,1.097,12.3
105,2013,280,2124,16.99,15.44,0,0,1.079,12.3
105,2013,280,2130,16.95,15.28,0,0,1.063,12.3
105,2013,280,2136,16.9,15.13,0,0,1.052,12.3
105,2013,280,2142,16.84,15.11,0,0,1.043,12.3
105,2013,280,2148,16.78,14.94,0,0,1.032,12.3
105,2013,280,2154,16.71,14.83,0,0,1.015,12.3
105,2013,280,2200,16.63,14.75,0,0,.995,12.3
105,2013,280,2206,16.56,14.64,0,0,.975,12.3
105,2013,280,2212,16.47,14.55,0,0,.953,12.3
105,2013,280,2218,16.39,14.42,0,0,.932,12.3
105,2013,280,2224,16.3,14.37,0,0,.909,12.3
105,2013,280,2230,16.2,14.3,0,0,.885,12.3
105,2013,280,2236,16.11,14.26,0,0,.862,12.3
105,2013,280,2242,16.01,14.12,0,0,.842,12.3
105,2013,280,2248,15.9,14.03,0,0,.822,12.3
105,2013,280,2254,15.8,13.97,0,0,.803,12.3
105,2013,280,2300,15.7,13.96,0,0,.785,12.3
105,2013,280,2306,15.61,13.88,0,0,.771,12.3
105,2013,280,2312,15.5,13.78,0,0,.755,12.3
105,2013,280,2318,15.4,13.66,0,0,.741,12.3
105,2013,280,2324,15.29,13.56,0,0,.728,12.3
105,2013,280,2330,15.18,13.44,0,0,.714,12.3
105,2013,280,2336,15.07,13.4,0,0,.702,12.3
105,2013,280,2342,14.96,13.35,0,0,.69,12.3
105,2013,280,2348,14.85,13.2,0,0,.68,12.3
105,2013,280,2354,14.75,13.15,0,0,.67,12.3
105,2013,281,0,14.64,13.15,0,0,.661,12.3
105,2013,281,6,14.53,13.02,0,0,.65,12.3
105,2013,281,12,14.42,13.04,0,0,.644,12.3
105,2013,281,18,14.31,12.96,0,0,.634,12.3
105,2013,281,24,14.21,12.71,0,0,.624,12.3
105,2013,281,30,14.11,12.63,0,0,.616,12.3
105,2013,281,36,14.01,12.65,0,0,.609,12.3
105,2013,281,42,13.92,12.54,0,0,.602,12.31
105,2013,281,48,13.82,12.49,0,0,.595,12.31
105,2013,281,54,13.73,12.38,0,0,.589,12.31
105,2013,281,100,13.63,12.23,0,0,.584,12.31
105,2013,281,106,13.54,12.02,0,0,.577,12.31
105,2013,281,112,13.45,11.96,0,0,.571,12.31
105,2013,281,118,13.35,11.85,0,0,.566,12.31
105,2013,281,124,13.26,11.98,0,0,.562,12.31
105,2013,281,130,13.16,12.02,0,0,.558,12.31
105,2013,281,136,13.06,11.92,0,0,.554,12.31
105,2013,281,142,12.97,11.82,0,0,.549,12.3
105,2013,281,148,12.87,11.62,0,0,.545,12.31
105,2013,281,154,12.78,11.5,0,0,.54,12.31
105,2013,281,200,12.68,11.41,0,0,.536,12.31
105,2013,281,206,12.59,11.32,0,0,.534,12.31
105,2013,281,212,12.5,11.29,0,0,.53,12.31
105,2013,281,218,12.4,11.29,0,0,.525,12.31
105,2013,281,224,12.3,11.29,0,0,.521,12.31
105,2013,281,230,12.2,11.11,0,0,.519,12.31
105,2013,281,236,12.1,11.02,0,0,.518,12.31
105,2013,281,242,12,11.02,0,0,.513,12.31
105,2013,281,248,11.91,11.04,0,0,.51,12.31
105,2013,281,254,11.81,11.06,0,0,.507,12.31
105,2013,281,300,11.73,11.13,0,0,.506,12.31
105,2013,281,306,11.64,11.11,0,0,.503,12.31
105,2013,281,312,11.56,11.18,0,0,.5,12.31
105,2013,281,318,11.48,11.02,0,0,.499,12.31
105,2013,281,324,11.41,10.96,0,0,.496,12.31
105,2013,281,330,11.34,10.98,0,0,.494,12.31
105,2013,281,336,11.28,10.94,0,0,.492,12.31
105,2013,281,342,11.21,10.91,0,0,.49,12.31
105,2013,281,348,11.15,10.9,0,0,.486,12.31
105,2013,281,354,11.1,11,0,0,.485,12.31
105,2013,281,400,11.05,10.93,0,0,.484,12.31
105,2013,281,406,11,10.97,0,0,.481,12.31
105,2013,281,412,10.95,10.91,0,0,.479,12.31
105,2013,281,418,10.9,10.92,0,0,.478,12.31
105,2013,281,424,10.85,10.8,0,0,.474,12.31
105,2013,281,430,10.81,10.7,0,0,.474,12.31
105,2013,281,436,10.76,10.74,0,0,.472,12.31
105,2013,281,442,10.72,10.8,0,0,.471,12.31
105,2013,281,448,10.67,10.71,0,0,.469,12.31
105,2013,281,454,10.63,10.64,0,0,.467,12.31
105,2013,281,500,10.59,10.58,0,0,.466,12.31
105,2013,281,506,10.55,10.62,0,0,.464,12.31
105,2013,281,512,10.5,10.59,0,0,.463,12.31
105,2013,281,518,10.47,10.51,0,0,.462,12.31
105,2013,281,524,10.43,10.51,0,0,.462,12.31
105,2013,281,530,10.39,10.47,0,0,.46,12.31
105,2013,281,536,10.36,10.49,0,0,.459,12.31
105,2013,281,542,10.33,10.47,0,0,.456,12.31
105,2013,281,548,10.29,10.14,0,0,.456,12.31
105,2013,281,554,10.26,10.08,0,0,.456,12.31
105,2013,281,600,10.23,9.96,0,0,.453,12.31
105,2013,281,606,10.19,9.81,0,0,.452,12.31
105,2013,281,612,10.16,9.98,0,0,.451,12.31
105,2013,281,618,10.12,9.86,0,0,.45,12.31
105,2013,281,624,10.08,9.8,0,0,.449,12.31
105,2013,281,630,10.04,9.67,0,0,.448,12.31
105,2013,281,636,9.99,9.62,0,0,.447,12.31
105,2013,281,642,9.95,9.63,0,0,.446,12.31
105,2013,281,648,9.9,9.63,0,0,.444,12.31
105,2013,281,654,9.86,9.63,0,0,.444,12.31
105,2013,281,700,9.81,9.57,0,0,.443,12.31
105,2013,281,706,9.76,9.84,0,0,.441,12.31
105,2013,281,712,9.72,9.78,0,0,.44,12.31
105,2013,281,718,9.68,9.7,0,0,.439,12.31
105,2013,281,724,9.64,9.72,0,0,.438,12.31
105,2013,281,730,9.6,9.86,0,0,.437,12.31
105,2013,281,736,9.56,9.98,0,0,.435,12.31
105,2013,281,742,9.53,10.08,0,0,.434,12.31
105,2013,281,748,9.5,10.13,0,0,.435,12.31
105,2013,281,754,9.48,10.21,0,0,.433,12.31
105,2013,281,800,9.46,10.42,0,0,.432,12.31
105,2013,281,806,9.45,10.53,0,0,.43,12.31
105,2013,281,812,9.45,10.67,0,0,.43,12.31
105,2013,281,818,9.45,10.86,0,0,.429,12.31
105,2013,281,824,9.46,11.06,0,0,.428,12.31
105,2013,281,830,9.48,11.18,0,0,.428,12.31
105,2013,281,836,9.51,11.4,0,0,.426,12.31
105,2013,281,842,9.55,11.57,0,0,.426,12.31
105,2013,281,848,9.6,11.73,0,0,.423,12.31
105,2013,281,854,9.66,11.88,0,0,.423,12.31
105,2013,281,900,9.73,11.98,0,0,.422,12.31
105,2013,281,906,9.8,12.19,0,0,.422,12.31
105,2013,281,912,9.87,12.37,0,0,.42,12.31
105,2013,281,918,9.96,12.3,0,0,.42,12.31
105,2013,281,924,10.04,12.37,0,0,.419,12.31
105,2013,281,930,10.14,12.78,0,0,.417,12.31
105,2013,281,936,10.24,13.36,0,0,.417,12.31
105,2013,281,942,10.35,14.04,0,0,.415,12.31
105,2013,281,948,10.48,14.93,0,0,.415,12.31
105,2013,281,954,10.63,15.22,0,0,.414,12.31
105,2013,281,1000,10.8,15.94,0,0,.412,12.31
105,2013,281,1006,11.01,16.08,0,0,.411,12.31
105,2013,281,1012,11.25,16.44,0,0,.41,12.31
105,2013,281,1018,11.51,16.24,0,0,.409,12.3
105,2013,281,1024,11.77,15.81,0,0,.408,12.3
105,2013,281,1030,12.02,15.84,0,0,.407,12.31
105,2013,281,1036,12.26,15.95,0,0,.406,12.31
105,2013,281,1042,12.48,16.33,0,0,.406,12.31
105,2013,281,1048,12.7,16.36,0,0,.404,12.31
105,2013,281,1054,12.91,16.47,0,0,.403,12.31
105,2013,281,1100,13.1,16.55,0,0,.401,12.31
105,2013,281,1106,13.29,16.35,0,0,.401,12.31
105,2013,281,1112,13.47,16.59,0,0,.401,12.3
105,2013,281,1118,13.64,16.7,0,0,.401,12.3
105,2013,281,1124,13.81,16.76,0,0,.398,12.3
105,2013,281,1130,13.96,17.16,0,0,.398,12.3
105,2013,281,1136,14.11,17.49,0,0,.398,12.3
105,2013,281,1142,14.26,17.52,0,0,.397,12.3
105,2013,281,1148,14.43,17.57,0,0,.396,12.3
105,2013,281,1154,14.64,18.2,0,0,.395,12.3
105,2013,281,1200,14.9,18.41,0,0,.394,12.3
105,2013,281,1206,15.19,17.95,0,0,.393,12.3
105,2013,281,1212,15.48,17.5,0,0,.393,12.3
105,2013,281,1218,15.74,17.88,0,0,.392,12.3
105,2013,281,1224,15.99,17.53,0,0,.392,12.3
105,2013,281,1230,16.22,17.45,0,0,.391,12.3
105,2013,281,1236,16.42,17.7,0,0,.391,12.3
105,2013,281,1242,16.6,18.05,0,0,.39,12.3
105,2013,281,1248,16.78,18.17,0,0,.39,12.3
105,2013,281,1254,16.96,18.27,0,0,.389,12.3
105,2013,281,1300,17.13,18.44,0,0,.388,12.3
105,2013,281,1306,17.3,18.82,0,0,.387,12.3
105,2013,281,1312,17.47,18.86,0,0,.386,12.3
105,2013,281,1318,17.64,18.57,0,0,.385,12.3
105,2013,281,1324,17.8,18.43,0,0,.385,12.3
105,2013,281,1330,17.94,18.25,0,0,.385,12.3
105,2013,281,1336,18.05,18.37,0,0,.385,12.3
105,2013,281,1342,18.16,18.5,0,0,.384,12.3
105,2013,281,1348,18.25,18.65,0,0,.383,12.3
105,2013,281,1354,18.35,18.68,0,0,.382,12.3
105,2013,281,1400,18.43,18.88,0,0,.381,12.3
105,2013,281,1406,18.52,18.91,0,0,.381,12.3
105,2013,281,1412,18.6,18.67,0,0,.381,12.3
105,2013,281,1418,18.69,18.59,0,0,.38,12.3
105,2013,281,1424,18.76,18.24,0,0,.379,12.3
105,2013,281,1430,18.82,18.25,0,0,.378,12.3
105,2013,281,1436,18.86,18.25,0,0,.378,12.3
105,2013,281,1442,18.89,18.36,0,0,.378,12.3
105,2013,281,1448,18.92,18.58,0,0,.376,12.3
105,2013,281,1454,18.96,18.78,0,0,.376,12.3
105,2013,281,1500,19,18.73,0,0,.376,12.3
105,2013,281,1506,19.05,18.77,0,0,.375,12.3
105,2013,281,1512,19.11,18.77,0,0,.375,12.3
105,2013,281,1518,19.16,18.59,0,0,.375,12.3
105,2013,281,1524,19.2,18.62,0,0,.372,12.3
105,2013,281,1530,19.24,18.68,0,0,.373,12.3
105,2013,281,1536,19.28,18.53,0,0,.373,12.3
105,2013,281,1542,19.31,18.67,0,0,.372,12.3
105,2013,281,1548,19.33,18.4,0,0,.372,12.3
105,2013,281,1554,19.35,18.43,0,0,.372,12.3
105,2013,281,1600,19.36,18.18,0,0,.371,12.3
105,2013,281,1606,19.37,18.22,0,0,.37,12.3
105,2013,281,1612,19.37,18.24,0,0,.37,12.3
105,2013,281,1618,19.36,18.02,0,0,.37,12.3
105,2013,281,1624,19.35,17.97,0,0,.368,12.3
105,2013,281,1630,19.34,18,0,0,.368,12.3
105,2013,281,1636,19.32,17.92,0,0,.367,12.3
105,2013,281,1642,19.3,17.76,0,0,.367,12.3
105,2013,281,1648,19.27,17.6,0,0,.366,12.3
105,2013,281,1654,19.24,17.46,0,0,.367,12.3
105,2013,281,1700,19.21,17.37,0,0,.366,12.3
105,2013,281,1706,19.17,17.3,0,0,.365,12.3
105,2013,281,1712,19.12,17.11,0,0,.365,12.3
105,2013,281,1718,19.07,17.02,0,0,.365,12.3
105,2013,281,1724,19.02,16.95,0,0,.364,12.3
105,2013,281,1730,18.96,16.84,0,0,.364,12.3
105,2013,281,1736,18.89,16.72,0,0,.364,12.3
105,2013,281,1742,18.83,16.59,0,0,.364,12.3
105,2013,281,1748,18.75,16.48,0,0,.363,12.3
105,2013,281,1754,18.68,16.43,0,0,.362,12.3
105,2013,281,1800,18.61,16.22,0,0,.362,12.3
105,2013,281,1806,18.53,16.04,0,0,.361,12.3
105,2013,281,1812,18.45,15.92,0,0,.361,12.3
105,2013,281,1818,18.36,15.86,0,0,.361,12.3
105,2013,281,1824,18.27,15.67,0,0,.361,12.3
105,2013,281,1830,18.18,15.62,0,0,.359,12.3
105,2013,281,1836,18.09,15.18,0,0,.359,12.3
105,2013,281,1842,18,14.61,0,0,.359,12.3
105,2013,281,1848,17.9,14.45,0,0,.359,12.3
105,2013,281,1854,17.8,14.24,0,0,.358,12.3
105,2013,281,1900,17.68,14.11,0,0,.357,12.3
105,2013,281,1906,17.57,13.96,0,0,.357,12.3
105,2013,281,1912,17.45,13.96,0,0,.356,12.3
105,2013,281,1918,17.34,13.79,0,0,.357,12.3
105,2013,281,1924,17.23,13.65,0,0,.356,12.3
105,2013,281,1930,17.11,13.66,0,0,.356,12.3
105,2013,281,1936,16.98,13.75,0,0,.356,12.3
105,2013,281,1942,16.86,13.51,0,0,.356,12.3
105,2013,281,1948,16.74,13.51,0,0,.355,12.3
105,2013,281,1954,16.64,13.5,0,0,.355,12.3
105,2013,281,2000,16.53,13.21,0,0,.355,12.3
105,2013,281,2006,16.43,13.38,0,0,.354,12.3
105,2013,281,2012,16.33,13.37,0,0,.354,12.3
105,2013,281,2018,16.24,13.36,0,0,.353,12.3
105,2013,281,2024,16.15,13.22,0,0,.353,12.3
105,2013,281,2030,16.06,13.33,0,0,.353,12.3
105,2013,281,2036,15.98,13.14,0,0,.353,12.3
105,2013,281,2042,15.89,13.05,0,0,.353,12.3
105,2013,281,2048,15.81,13,0,0,.352,12.3
105,2013,281,2054,15.74,12.88,0,0,.352,12.3
105,2013,281,2100,15.66,12.97,0,0,.351,12.3
105,2013,281,2106,15.6,12.95,0,0,.351,12.3
105,2013,281,2112,15.53,12.76,0,0,.351,12.3
105,2013,281,2118,15.47,12.63,0,0,.351,12.3
105,2013,281,2124,15.4,12.72,0,0,.351,12.3
105,2013,281,2130,15.33,12.65,0,0,.351,12.3
105,2013,281,2136,15.26,12.74,0,0,.351,12.31
105,2013,281,2142,15.2,12.74,0,0,.351,12.31
105,2013,281,2148,15.15,12.6,0,0,.351,12.31
105,2013,281,2154,15.1,12.61,0,0,.351,12.31
105,2013,281,2200,15.05,12.6,0,0,.351,12.31
105,2013,281,2206,15,12.68,0,0,.351,12.31
105,2013,281,2212,14.96,12.65,0,0,.351,12.31
105,2013,281,2218,14.92,12.64,0,0,.351,12.31
105,2013,281,2224,14.88,12.66,0,0,.351,12.31
105,2013,281,2230,14.84,12.57,0,0,.351,12.31
105,2013,281,2236,14.8,12.65,0,0,.351,12.31
105,2013,281,2242,14.76,12.67,0,0,.351,12.31
105,2013,281,2248,14.72,12.6,0,0,.351,12.3
105,2013,281,2254,14.7,12.61,0,0,.351,12.31
105,2013,281,2300,14.67,12.52,0,0,.351,12.3
105,2013,281,2306,14.64,12.48,0,0,.351,12.3
105,2013,281,2312,14.6,12.54,0,0,.351,12.3
105,2013,281,2318,14.57,12.5,0,0,.351,12.3
105,2013,281,2324,14.54,12.54,0,0,.35,12.3
105,2013,281,2330,14.52,12.55,0,0,.351,12.3
105,2013,281,2336,14.5,12.44,0,0,.351,12.3
105,2013,281,2342,14.48,12.55,0,0,.351,12.3
105,2013,281,2348,14.46,13.01,0,0,.351,12.3
105,2013,281,2354,14.46,12.7,0,0,.351,12.3
105,2013,282,0,14.45,14.1,0,0,.351,12.3
105,2013,282,6,14.48,14.66,0,0,.351,12.31
105,2013,282,12,14.55,15.13,0,0,.351,12.3
105,2013,282,18,14.65,15.37,0,0,.351,12.3
105,2013,282,24,14.76,15.38,0,0,.351,12.3
105,2013,282,30,14.89,15.33,0,0,.35,12.3
105,2013,282,36,15.01,15.33,0,0,.351,12.3
105,2013,282,42,15.13,15.67,0,0,.351,12.31
105,2013,282,48,15.25,15.46,0,0,.351,12.31
105,2013,282,54,15.35,15.87,0,0,.351,12.31
105,2013,282,100,15.46,15.65,0,0,.351,12.31
105,2013,282,106,15.57,15.55,0,0,.351,12.31
105,2013,282,112,15.67,15.72,0,0,.351,12.31
105,2013,282,118,15.76,15.72,0,0,.35,12.3
105,2013,282,124,15.85,15.78,0,0,.351,12.3
105,2013,282,130,15.93,15.6,0,0,.35,12.3
105,2013,282,136,16.01,15.93,0,0,.35,12.3
105,2013,282,142,16.08,15.9,0,0,.35,12.3
105,2013,282,148,16.14,15.93,0,0,.35,12.3
105,2013,282,154,16.2,15.96,0,0,.35,12.3
105,2013,282,200,16.27,15.91,0,0,.35,12.3
105,2013,282,206,16.32,16.01,0,0,.349,12.3
105,2013,282,212,16.38,15.94,0,0,.348,12.3
105,2013,282,218,16.44,16.1,0,0,.348,12.3
105,2013,282,224,16.49,15.97,0,0,.348,12.3
105,2013,282,230,16.54,16.15,0,0,.347,12.3
105,2013,282,236,16.58,16.07,0,0,.346,12.3
105,2013,282,242,16.62,16.03,0,0,.346,12.3
105,2013,282,248,16.66,15.99,0,0,.346,12.3
105,2013,282,254,16.69,15.95,0,0,.346,12.3
105,2013,282,300,16.72,15.94,0,0,.345,12.3
105,2013,282,306,16.75,15.91,0,0,.345,12.3
105,2013,282,312,16.77,15.93,0,0,.345,12.3
105,2013,282,318,16.79,15.92,0,0,.345,12.3
105,2013,282,324,16.81,15.93,0,0,.345,12.3
105,2013,282,330,16.83,15.89,0,0,.345,12.31
105,2013,282,336,16.85,15.75,0,0,.345,12.3
105,2013,282,342,16.86,15.71,0,0,.345,12.31
105,2013,282,348,16.87,15.45,0,0,.345,12.31
105,2013,282,354,16.86,15.62,0,0,.344,12.3
105,2013,282,400,16.86,15.64,0,0,.343,12.3
105,2013,282,406,16.86,15.58,0,0,.343,12.3
105,2013,282,412,16.85,15.56,0,0,.343,12.3
105,2013,282,418,16.85,15.57,0,0,.343,12.3
105,2013,282,424,16.85,15.65,0,0,.343,12.3
105,2013,282,430,16.84,15.59,0,0,.343,12.3
105,2013,282,436,16.84,15.5,0,0,.343,12.3
105,2013,282,442,16.84,15.55,0,0,.342,12.3
105,2013,282,448,16.84,15.66,0,0,.341,12.3
105,2013,282,454,16.85,15.61,0,0,.342,12.3
105,2013,282,500,16.85,15.48,0,0,.341,12.3
105,2013,282,506,16.85,15.47,0,0,.341,12.3
105,2013,282,512,16.85,15.57,0,0,.341,12.3
105,2013,282,518,16.85,15.52,0,0,.341,12.3
105,2013,282,524,16.85,15.7,0,0,.34,12.3
105,2013,282,530,16.85,15.57,0,0,.34,12.3
105,2013,282,536,16.86,15.56,0,0,.34,12.3
105,2013,282,542,16.86,15.5,0,0,.34,12.31
105,2013,282,548,16.86,15.47,0,0,.34,12.3
105,2013,282,554,16.86,15.35,0,0,.34,12.31
105,2013,282,600,16.85,15.37,0,0,.339,12.3
105,2013,282,606,16.84,15.26,0,0,.339,12.3
105,2013,282,612,16.83,15.34,0,0,.339,12.3
105,2013,282,618,16.81,15.25,0,0,.339,12.3
105,2013,282,624,16.8,15.16,0,0,.339,12.3
105,2013,282,630,16.78,15.19,0,0,.338,12.3
105,2013,282,636,16.76,15.18,0,0,.338,12.3
105,2013,282,642,16.74,15.08,0,0,.337,12.3
105,2013,282,648,16.72,15.06,0,0,.337,12.3
105,2013,282,654,16.69,15.1,0,0,.337,12.3
105,2013,282,700,16.67,15.05,0,0,.337,12.3
105,2013,282,706,16.66,15.13,0,0,.337,12.3
105,2013,282,712,16.64,15.11,0,0,.337,12.3
105,2013,282,718,16.63,15.25,0,0,.337,12.3
105,2013,282,724,16.62,15.23,0,0,.337,12.3
105,2013,282,730,16.61,15.24,0,0,.336,12.3
105,2013,282,736,16.61,15.27,0,0,.336,12.3
105,2013,282,742,16.61,15.23,0,0,.336,12.3
105,2013,282,748,16.61,15.17,0,0,.336,12.3
105,2013,282,754,16.61,15.26,0,0,.336,12.3
105,2013,282,800,16.61,15.23,0,0,.336,12.31
105,2013,282,806,16.62,15.17,0,0,.336,12.3
105,2013,282,812,16.62,15.11,0,0,.336,12.3
105,2013,282,818,16.61,15.13,0,0,.336,12.3
105,2013,282,824,16.61,15.22,0,0,.337,12.3
105,2013,282,830,16.61,15.25,0,0,.336,12.3
105,2013,282,836,16.61,15.27,0,0,.337,12.3
105,2013,282,842,16.61,15.37,0,0,.336,12.31
105,2013,282,848,16.61,15.49,0,0,.336,12.3
105,2013,282,854,16.63,15.53,0,0,.336,12.3
105,2013,282,900,16.65,15.57,0,0,.336,12.3
105,2013,282,906,16.67,15.64,0,0,.336,12.3
105,2013,282,912,16.69,15.62,0,0,.336,12.3
105,2013,282,918,16.71,15.7,0,0,.336,12.3
105,2013,282,924,16.74,15.75,0,0,.336,12.3
105,2013,282,930,16.76,15.83,0,0,.336,12.31
105,2013,282,936,16.79,15.94,0,0,.336,12.3
105,2013,282,942,16.82,15.95,0,0,.336,12.3
105,2013,282,948,16.86,15.93,0,0,.336,12.3
105,2013,282,954,16.89,15.95,0,0,.336,12.3
105,2013,282,1000,16.91,15.97,0,0,.336,12.3
105,2013,282,1006,16.94,16.03,0,0,.337,12.3
105,2013,282,1012,16.97,16.12,0,0,.336,12.3
105,2013,282,1018,17,16.16,0,0,.337,12.3
105,2013,282,1024,17.02,16.22,0,0,.337,12.3
105,2013,282,1030,17.05,16.31,0,0,.337,12.3
105,2013,282,1036,17.09,16.35,0,0,.337,12.3
105,2013,282,1042,17.12,16.33,0,0,.339,12.3
105,2013,282,1048,17.16,16.29,0,0,.34,12.31
105,2013,282,1054,17.19,16.45,0,0,.341,12.3
105,2013,282,1100,17.23,16.46,0,0,.341,12.3
105,2013,282,1106,17.27,16.5,0,0,.343,12.3
105,2013,282,1112,17.31,16.51,0,0,.343,12.3
105,2013,282,1118,17.35,16.55,0,0,.345,12.3
105,2013,282,1124,17.39,16.57,0,0,.345,12.3
105,2013,282,1130,17.42,16.55,0,0,.345,12.3
105,2013,282,1136,17.46,16.55,0,0,.346,12.3
105,2013,282,1142,17.49,16.47,0,0,.347,12.3
105,2013,282,1148,17.52,16.45,0,0,.348,12.3
105,2013,282,1154,17.55,16.46,0,0,.348,12.3
105,2013,282,1200,17.57,16.37,0,0,.348,12.3
105,2013,282,1206,17.59,16.37,0,0,.349,12.3
105,2013,282,1212,17.6,16.4,0,0,.35,12.3
105,2013,282,1218,17.61,16.4,0,0,.35,12.3
105,2013,282,1224,17.62,16.53,0,0,.35,12.3
105,2013,282,1230,17.64,16.45,0,0,.35,12.3
105,2013,282,1236,17.65,16.56,0,0,.35,12.3
105,2013,282,1242,17.67,16.56,0,0,.35,12.3
105,2013,282,1248,17.69,16.5,0,0,.35,12.3