,14.56,14.55,0,0,.692,12.31
105,2013,283,1306,14.58,14.52,0,0,.684,12.31
105,2013,283,1312,14.61,14.51,0,0,.677,12.31
105,2013,283,1318,14.63,14.56,0,0,.667,12.31
105,2013,283,1324,14.65,14.58,0,0,.661,12.31
105,2013,283,1330,14.67,14.61,0,0,.651,12.31
105,2013,283,1336,14.69,14.73,0,0,.643,12.31
105,2013,283,1342,14.71,14.71,0,0,.636,12.31
105,2013,283,1348,14.73,14.69,0,0,.625,12.31
105,2013,283,1354,14.75,14.72,0,0,.62,12.31
105,2013,283,1400,14.77,14.74,0,0,.611,12.31
105,2013,283,1406,14.8,14.77,0,0,.604,12.31
105,2013,283,1412,14.82,14.88,0,0,.599,12.31
105,2013,283,1418,14.84,14.93,0,0,.593,12.31
105,2013,283,1424,14.86,15,0,0,.586,12.31
105,2013,283,1430,14.88,15.03,0,0,.58,12.31
105,2013,283,1436,14.91,15.03,0,0,.575,12.31
105,2013,283,1442,14.94,15.03,0,0,.571,12.31
105,2013,283,1448,14.96,15.02,0,0,.565,12.31
105,2013,283,1454,14.99,15.03,0,0,.561,12.31
105,2013,283,1500,15.01,15.04,0,0,.556,12.31
105,2013,283,1506,15.04,15.04,0,0,.553,12.31
105,2013,283,1512,15.06,15.04,0,0,.55,12.31
105,2013,283,1518,15.08,15.06,0,0,.544,12.31
105,2013,283,1524,15.1,15.09,0,0,.541,12.31
105,2013,283,1530,15.11,15.11,0,0,.538,12.31
105,2013,283,1536,15.13,15.13,0,0,.534,12.31
105,2013,283,1542,15.15,15.19,0,0,.53,12.31
105,2013,283,1548,15.16,15.23,0,0,.527,12.31
105,2013,283,1554,15.18,15.18,0,0,.526,12.31
105,2013,283,1600,15.19,15.21,0,0,.524,12.31
105,2013,283,1606,15.21,15.24,0,0,.521,12.31
105,2013,283,1612,15.23,15.22,0,0,.517,12.31
105,2013,283,1618,15.24,15.17,0,0,.515,12.31
105,2013,283,1624,15.26,15.15,0,0,.514,12.31
105,2013,283,1630,15.28,15.12,0,0,.51,12.31
105,2013,283,1636,15.29,15.16,0,0,.508,12.31
105,2013,283,1642,15.3,15.17,0,0,.506,12.31
105,2013,283,1648,15.31,15.16,0,0,.503,12.31
105,2013,283,1654,15.32,15.16,0,0,.5,12.31
105,2013,283,1700,15.32,15.21,0,0,.499,12.31
105,2013,283,1706,15.33,15.2,0,0,.496,12.31
105,2013,283,1712,15.34,15.2,0,0,.495,12.31
105,2013,283,1718,15.35,15.19,0,0,.491,12.31
105,2013,283,1724,15.36,15.19,0,0,.49,12.31
105,2013,283,1730,15.38,15.2,0,0,.487,12.31
105,2013,283,1736,15.43,15.21,0,0,.485,12.31
105,2013,283,1742,15.49,15.23,0,0,.483,12.31
105,2013,283,1748,15.56,15.26,0,0,.481,12.31
105,2013,283,1754,15.64,15.3,0,0,.48,12.31
105,2013,283,1800,15.73,15.3,0,0,.479,12.31
105,2013,283,1806,15.81,15.26,0,0,.476,12.3
105,2013,283,1812,15.89,15.18,0,0,.475,12.3
105,2013,283,1818,15.96,15.09,0,0,.474,12.3
105,2013,283,1824,16.01,15.02,0,0,.473,12.3
105,2013,283,1830,16.06,14.97,0,0,.474,12.31
105,2013,283,1836,16.1,14.95,0,0,.474,12.31
105,2013,283,1842,16.13,14.94,0,0,.473,12.31
105,2013,283,1848,16.15,14.9,0,0,.473,12.31
105,2013,283,1854,16.17,14.85,0,0,.474,12.31
105,2013,283,1900,16.18,14.83,0,0,.477,12.31
105,2013,283,1906,16.19,14.8,0,0,.484,12.31
105,2013,283,1912,16.2,14.82,0,0,.494,12.31
105,2013,283,1918,16.2,14.83,0,0,.506,12.31
105,2013,283,1924,16.2,14.82,0,0,.525,12.31
105,2013,283,1930,16.2,14.83,0,0,.546,12.31
105,2013,283,1936,16.2,14.83,0,0,.576,12.31
105,2013,283,1942,16.21,14.85,0,0,.609,12.31
105,2013,283,1948,16.21,14.85,0,0,.646,12.31
105,2013,283,1954,16.21,14.88,0,0,.685,12.31
105,2013,283,2000,16.21,14.86,0,0,.727,12.31
105,2013,283,2006,16.21,14.84,0,0,.77,12.31
105,2013,283,2012,16.22,14.83,0,0,.818,12.31
105,2013,283,2018,16.2,14.78,0,0,.867,12.31
105,2013,283,2024,16.17,14.76,0,0,.924,12.31
105,2013,283,2030,16.14,14.73,0,0,.974,12.31
105,2013,283,2036,16.11,14.73,0,0,1.023,12.31
105,2013,283,2042,16.1,14.75,0,0,1.067,12.31
105,2013,283,2048,16.07,14.77,0,0,1.111,12.31
105,2013,283,2054,16.05,14.78,0,0,1.148,12.31
105,2013,283,2100,16.03,14.76,0,0,1.178,12.31
105,2013,283,2106,16,14.73,0,0,1.199,12.31
105,2013,283,2112,15.97,14.69,0,0,1.211,12.31
105,2013,283,2118,15.94,14.68,0,0,1.22,12.31
105,2013,283,2124,15.91,14.69,0,0,1.221,12.31
105,2013,283,2130,15.87,14.69,0,0,1.225,12.31
105,2013,283,2136,15.84,14.69,0,0,1.223,12.31
105,2013,283,2142,15.8,14.71,0,0,1.212,12.31
105,2013,283,2148,15.76,14.72,0,0,1.197,12.31
105,2013,283,2154,15.73,14.71,0,0,1.187,12.31
105,2013,283,2200,15.69,14.72,0,0,1.188,12.31
105,2013,283,2206,15.66,14.74,0,0,1.188,12.31
105,2013,283,2212,15.63,14.77,0,0,1.184,12.31
105,2013,283,2218,15.6,14.78,0,0,1.19,12.31
105,2013,283,2224,15.57,14.78,0,0,1.19,12.31
105,2013,283,2230,15.55,14.81,0,0,1.188,12.31
105,2013,283,2236,15.53,14.83,0,0,1.189,12.31
105,2013,283,2242,15.5,14.84,0,0,1.184,12.31
105,2013,283,2248,15.48,14.86,0,0,1.179,12.31
105,2013,283,2254,15.46,14.85,0,0,1.17,12.31
105,2013,283,2300,15.45,14.89,0,0,1.165,12.31
105,2013,283,2306,15.43,14.86,0,0,1.159,12.31
105,2013,283,2312,15.42,14.9,0,0,1.149,12.31
105,2013,283,2318,15.41,14.91,0,0,1.137,12.31
105,2013,283,2324,15.4,14.92,0,0,1.124,12.31
105,2013,283,2330,15.39,14.93,0,0,1.112,12.31
105,2013,283,2336,15.38,14.95,0,0,1.095,12.31
105,2013,283,2342,15.37,14.96,0,0,1.08,12.31
105,2013,283,2348,15.37,14.99,0,0,1.063,12.31
105,2013,283,2354,15.36,14.97,0,0,1.049,12.31
105,2013,284,0,15.36,15,0,0,1.032,12.31
105,2013,284,6,15.36,14.99,0,0,1.018,12.31
105,2013,284,12,15.36,14.98,0,0,1,12.31
105,2013,284,18,15.35,14.95,0,0,.984,12.31
105,2013,284,24,15.34,14.93,0,0,.961,12.31
105,2013,284,30,15.34,14.98,0,0,.946,12.31
105,2013,284,36,15.34,15.03,0,0,.929,12.31
105,2013,284,42,15.34,15.02,0,0,.91,12.31
105,2013,284,48,15.34,15.04,0,0,.894,12.31
105,2013,284,54,15.34,15.04,0,0,.874,12.31
105,2013,284,100,15.34,15.06,0,0,.86,12.31
105,2013,284,106,15.35,15.07,0,0,.844,12.31
105,2013,284,112,15.36,15.09,0,0,.83,12.31
105,2013,284,118,15.36,15.12,0,0,.814,12.31
105,2013,284,124,15.36,15.12,0,0,.802,12.31
105,2013,284,130,15.37,15.15,0,0,.788,12.31
105,2013,284,136,15.38,15.21,0,0,.775,12.31
105,2013,284,142,15.38,15.21,0,0,.764,12.31
105,2013,284,148,15.39,15.22,0,0,.748,12.31
105,2013,284,154,15.4,15.2,0,0,.741,12.31
105,2013,284,200,15.41,15.23,0,0,.729,12.31
105,2013,284,206,15.42,15.25,0,0,.716,12.31
105,2013,284,212,15.43,15.24,0,0,.705,12.31
105,2013,284,218,15.44,15.25,0,0,.695,12.31
105,2013,284,224,15.45,15.27,0,0,.687,12.31
105,2013,284,230,15.46,15.26,0,0,.677,12.31
105,2013,284,236,15.47,15.29,0,0,.668,12.31
105,2013,284,242,15.47,15.31,0,0,.66,12.31
105,2013,284,248,15.48,15.34,0,0,.652,12.31
105,2013,284,254,15.49,15.36,0,0,.643,12.31
105,2013,284,300,15.5,15.38,0,0,.637,12.31
105,2013,284,306,15.51,15.38,0,0,.627,12.31
105,2013,284,312,15.52,15.4,0,0,.62,12.31
105,2013,284,318,15.54,15.42,0,0,.612,12.31
105,2013,284,324,15.54,15.47,0,0,.606,12.31
105,2013,284,330,15.55,15.43,0,0,.599,12.31
105,2013,284,336,15.56,15.45,0,0,.594,12.31
105,2013,284,342,15.58,15.46,0,0,.588,12.31
105,2013,284,348,15.59,15.43,0,0,.584,12.31
105,2013,284,354,15.6,15.43,0,0,.576,12.31
105,2013,284,400,15.61,15.44,0,0,.571,12.31
105,2013,284,406,15.62,15.45,0,0,.567,12.31
105,2013,284,412,15.63,15.44,0,0,.562,12.31
105,2013,284,418,15.64,15.41,0,0,.557,12.31
105,2013,284,424,15.65,15.39,0,0,.554,12.3
105,2013,284,430,15.66,15.38,0,0,.551,12.31
105,2013,284,436,15.66,15.36,0,0,.547,12.3
105,2013,284,442,15.67,15.36,0,0,.543,12.3
105,2013,284,448,15.67,15.36,0,0,.538,12.31
105,2013,284,454,15.67,15.34,0,0,.535,12.31
105,2013,284,500,15.68,15.34,0,0,.532,12.3
105,2013,284,506,15.68,15.34,0,0,.528,12.3
105,2013,284,512,15.68,15.31,0,0,.525,12.3
105,2013,284,518,15.68,15.31,0,0,.522,12.3
105,2013,284,524,15.68,15.24,0,0,.522,12.31
105,2013,284,530,15.68,15.21,0,0,.523,12.31
105,2013,284,536,15.68,15.24,0,0,.522,12.31
105,2013,284,542,15.68,15.21,0,0,.522,12.3
105,2013,284,548,15.67,15.22,0,0,.521,12.31
105,2013,284,554,15.67,15.18,0,0,.516,12.3
105,2013,284,600,15.67,15.18,0,0,.518,12.31
105,2013,284,606,15.66,15.16,0,0,.518,12.31
105,2013,284,612,15.66,15.17,0,0,.518,12.31
105,2013,284,618,15.66,15.16,0,0,.518,12.3
105,2013,284,624,15.65,15.15,0,0,.517,12.3
105,2013,284,630,15.65,15.16,0,0,.518,12.3
105,2013,284,636,15.64,15.12,0,0,.518,12.31
105,2013,284,642,15.63,15.13,0,0,.515,12.31
105,2013,284,648,15.62,15.11,0,0,.514,12.31
105,2013,284,654,15.62,15.14,0,0,.512,12.31
105,2013,284,700,15.61,15.1,0,0,.508,12.31
105,2013,284,706,15.6,15.1,0,0,.506,12.31
105,2013,284,712,15.6,15.11,0,0,.505,12.31
105,2013,284,718,15.59,15.13,0,0,.503,12.31
105,2013,284,724,15.58,15.14,0,0,.501,12.31
105,2013,284,730,15.58,15.16,0,0,.499,12.31
105,2013,284,736,15.57,15.24,0,0,.499,12.31
105,2013,284,742,15.56,15.31,0,0,.5,12.31
105,2013,284,748,15.56,15.38,0,0,.497,12.31
105,2013,284,754,15.56,15.45,0,0,.495,12.31
105,2013,284,800,15.57,15.48,0,0,.492,12.31
105,2013,284,806,15.58,15.55,0,0,.491,12.31
105,2013,284,812,15.59,15.61,0,0,.49,12.31
105,2013,284,818,15.6,15.65,0,0,.486,12.31
105,2013,284,824,15.62,15.81,0,0,.485,12.31
105,2013,284,830,15.64,15.83,0,0,.484,12.31
105,2013,284,836,15.66,15.86,0,0,.482,12.3
105,2013,284,842,15.69,15.9,0,0,.48,12.3
105,2013,284,848,15.71,15.98,0,0,.478,12.3
105,2013,284,854,15.74,16.07,0,0,.476,12.3
105,2013,284,900,15.78,16.13,0,0,.476,12.3
105,2013,284,906,15.81,16.16,0,0,.474,12.3
105,2013,284,912,15.84,16.3,0,0,.472,12.3
105,2013,284,918,15.88,16.45,0,0,.471,12.3
105,2013,284,924,15.92,16.58,0,0,.47,12.3
105,2013,284,930,15.96,16.61,0,0,.471,12.3
105,2013,284,936,16.01,16.72,0,0,.468,12.3
105,2013,284,942,16.06,16.76,0,0,.468,12.3
105,2013,284,948,16.11,16.71,0,0,.468,12.3
105,2013,284,954,16.17,16.67,0,0,.466,12.3
105,2013,284,1000,16.22,16.71,0,0,.467,12.3
105,2013,284,1006,16.27,16.69,0,0,.467,12.3
105,2013,284,1012,16.32,16.72,0,0,.467,12.3
105,2013,284,1018,16.36,16.83,0,0,.466,12.3
105,2013,284,1024,16.4,16.96,0,0,.467,12.3
105,2013,284,1030,16.45,16.99,0,0,.467,12.3
105,2013,284,1036,16.5,16.96,0,0,.466,12.3
105,2013,284,1042,16.54,17.04,0,0,.466,12.3
105,2013,284,1048,16.59,17.01,0,0,.465,12.3
105,2013,284,1054,16.64,16.89,0,0,.466,12.3
105,2013,284,1100,16.68,16.83,0,0,.464,12.3
105,2013,284,1106,16.72,16.74,0,0,.464,12.3
105,2013,284,1112,16.75,16.79,0,0,.465,12.3
105,2013,284,1118,16.78,16.78,0,0,.464,12.3
105,2013,284,1124,16.8,16.76,0,0,.464,12.3
105,2013,284,1130,16.82,16.83,0,0,.463,12.3
105,2013,284,1136,16.84,16.88,0,0,.463,12.3
105,2013,284,1142,16.86,16.87,0,0,.464,12.3
105,2013,284,1148,16.88,16.92,0,0,.465,12.3
105,2013,284,1154,16.9,16.92,0,0,.464,12.3
105,2013,284,1200,16.92,17.11,0,0,.464,12.3
105,2013,284,1206,16.94,16.98,0,0,.464,12.3
105,2013,284,1212,16.97,16.91,0,0,.465,12.3
105,2013,284,1218,17,17,0,0,.464,12.3
105,2013,284,1224,17.02,17.21,0,0,.464,12.3
105,2013,284,1230,17.05,17.22,0,0,.464,12.3
105,2013,284,1236,17.1,17.22,0,0,.464,12.3
105,2013,284,1242,17.17,17.25,0,0,.464,12.3
105,2013,284,1248,17.26,17.33,0,0,.464,12.3
105,2013,284,1254,17.35,17.25,0,0,.466,12.3
105,2013,284,1300,17.45,17.32,0,0,.464,12.3
105,2013,284,1306,17.56,17.33,0,0,.464,12.3
105,2013,284,1312,17.65,17.27,0,0,.466,12.3
105,2013,284,1318,17.74,17.25,0,0,.466,12.3
105,2013,284,1324,17.82,17.29,0,0,.463,12.3
105,2013,284,1330,17.9,17.29,0,0,.465,12.3
105,2013,284,1336,17.97,17.32,0,0,.464,12.3
105,2013,284,1342,18.04,17.4,0,0,.464,12.3
105,2013,284,1348,18.11,17.43,0,0,.465,12.3
105,2013,284,1354,18.17,17.59,0,0,.465,12.3
105,2013,284,1400,18.23,17.59,0,0,.464,12.3
105,2013,284,1406,18.28,17.53,0,0,.465,12.3
105,2013,284,1412,18.34,17.56,0,0,.464,12.3
105,2013,284,1418,18.38,17.55,0,0,.464,12.3
105,2013,284,1424,18.43,17.52,0,0,.463,12.3
105,2013,284,1430,18.47,17.54,0,0,.464,12.3
105,2013,284,1436,18.51,17.65,0,0,.464,12.3
105,2013,284,1442,18.55,17.6,0,0,.465,12.3
105,2013,284,1448,18.59,17.61,0,0,.463,12.3
105,2013,284,1454,18.62,17.61,0,0,.463,12.3
105,2013,284,1500,18.65,17.53,0,0,.464,12.3
105,2013,284,1506,18.67,17.51,0,0,.462,12.3
105,2013,284,1512,18.69,17.58,0,0,.459,12.3
105,2013,284,1518,18.7,17.55,0,0,.46,12.3
105,2013,284,1524,18.72,17.51,0,0,.46,12.3
105,2013,284,1530,18.73,17.51,0,0,.458,12.3
105,2013,284,1536,18.74,17.51,0,0,.456,12.3
105,2013,284,1542,18.75,17.56,0,0,.456,12.3
105,2013,284,1548,18.76,17.61,0,0,.456,12.3
105,2013,284,1554,18.77,17.63,0,0,.454,12.3
105,2013,284,1600,18.79,17.67,0,0,.454,12.3
105,2013,284,1606,18.8,17.68,0,0,.452,12.3
105,2013,284,1612,18.81,17.79,0,0,.451,12.3
105,2013,284,1618,18.83,17.78,0,0,.449,12.3
105,2013,284,1624,18.85,17.84,0,0,.45,12.3
105,2013,284,1630,18.87,17.95,0,0,.448,12.3
105,2013,284,1636,18.89,17.93,0,0,.446,12.3
105,2013,284,1642,18.91,17.95,0,0,.446,12.3
105,2013,284,1648,18.93,17.91,0,0,.446,12.3
105,2013,284,1654,18.95,17.85,0,0,.445,12.3
105,2013,284,1700,18.97,17.78,0,0,.444,12.3
105,2013,284,1706,18.98,17.74,0,0,.443,12.3
105,2013,284,1712,18.98,17.73,0,0,.44,12.3
105,2013,284,1718,18.98,17.74,0,0,.44,12.3
105,2013,284,1724,18.98,17.67,0,0,.44,12.3
105,2013,284,1730,18.98,17.66,0,0,.438,12.3
105,2013,284,1736,18.97,17.7,0,0,.437,12.3
105,2013,284,1742,18.97,17.66,0,0,.435,12.3
105,2013,284,1748,18.96,17.65,0,0,.434,12.3
105,2013,284,1754,18.95,17.65,0,0,.433,12.3
105,2013,284,1800,18.95,17.6,0,0,.433,12.3
105,2013,284,1806,18.95,17.59,0,0,.433,12.3
105,2013,284,1812,18.94,17.56,0,0,.432,12.3
105,2013,284,1818,18.93,17.55,0,0,.43,12.3
105,2013,284,1824,18.93,17.57,0,0,.431,12.3
105,2013,284,1830,18.92,17.49,0,0,.429,12.3
105,2013,284,1836,18.91,17.4,0,0,.43,12.3
105,2013,284,1842,18.89,17.06,0,0,.434,12.3
105,2013,284,1848,18.87,17.03,0,0,.444,12.3
105,2013,284,1854,18.85,17.07,0,0,.455,12.3
105,2013,284,1900,18.82,17.03,0,0,.468,12.3
105,2013,284,1906,18.8,17.13,0,0,.472,12.3
105,2013,284,1912,18.78,17.14,0,0,.475,12.3
105,2013,284,1918,18.76,17.23,0,0,.475,12.3
105,2013,284,1924,18.74,17.28,0,0,.476,12.3
105,2013,284,1930,18.73,17.2,0,0,.474,12.3
105,2013,284,1936,18.72,17.29,0,0,.476,12.3
105,2013,284,1942,18.71,17.27,0,0,.476,12.3
105,2013,284,1948,18.7,17.28,0,0,.477,12.3
105,2013,284,1954,18.69,17.27,0,0,.479,12.3
105,2013,284,2000,18.69,17.34,0,0,.481,12.3
105,2013,284,2006,18.69,17.4,0,0,.483,12.3
105,2013,284,2012,18.69,17.35,0,0,.485,12.3
105,2013,284,2018,18.69,17.25,0,0,.489,12.3
105,2013,284,2024,18.68,17.33,0,0,.498,12.3
105,2013,284,2030,18.68,17.3,0,0,.502,12.3
105,2013,284,2036,18.68,17.27,0,0,.5,12.3
105,2013,284,2042,18.67,17.47,0,0,.502,12.3
105,2013,284,2048,18.67,17.35,0,0,.501,12.3
105,2013,284,2054,18.67,17.45,0,0,.501,12.3
105,2013,284,2100,18.67,17.5,0,0,.503,12.3
105,2013,284,2106,18.68,17.46,0,0,.505,12.3
105,2013,284,2112,18.69,17.46,0,0,.513,12.3
105,2013,284,2118,18.69,17.45,0,0,.523,12.3
105,2013,284,2124,18.69,17.53,0,0,.532,12.3
105,2013,284,2130,18.7,17.58,0,0,.544,12.3
105,2013,284,2136,18.71,17.61,0,0,.557,12.3
105,2013,284,2142,18.71,17.59,0,0,.573,12.3
105,2013,284,2148,18.72,17.69,0,0,.593,12.3
105,2013,284,2154,18.73,17.62,0,0,.616,12.3
105,2013,284,2200,18.73,17.5,0,0,.645,12.3
105,2013,284,2206,18.75,17.56,0,0,.675,12.3
105,2013,284,2212,18.75,17.54,0,0,.708,12.3
105,2013,284,2218,18.76,17.5,0,0,.746,12.3
105,2013,284,2224,18.74,17.52,0,0,.787,12.3
105,2013,284,2230,18.71,17.53,0,0,.83,12.3
105,2013,284,2236,18.66,17.52,0,0,.875,12.3
105,2013,284,2242,18.61,17.68,0,0,.926,12.3
105,2013,284,2248,18.57,17.74,0,0,.969,12.3
105,2013,284,2254,18.54,17.67,0,0,1,12.3
105,2013,284,2300,18.51,17.62,0,0,1.015,12.3
105,2013,284,2306,18.49,17.77,0,0,1.02,12.3
105,2013,284,2312,18.47,17.69,0,0,1.019,12.3
105,2013,284,2318,18.45,17.72,0,0,1.02,12.3
105,2013,284,2324,18.43,17.64,0,0,1.015,12.3
105,2013,284,2330,18.41,17.76,0,0,1.014,12.3
105,2013,284,2336,18.39,17.57,0,0,1.007,12.3
105,2013,284,2342,18.37,17.61,0,0,1.005,12.3
105,2013,284,2348,18.35,17.79,0,0,1.008,12.3
105,2013,284,2354,18.32,17.75,0,0,1.007,12.3
105,2013,285,0,18.3,17.48,0,0,1.001,12.3
105,2013,285,6,18.27,17.64,0,0,1.011,12.3
105,2013,285,12,18.25,17.72,0,0,1.019,12.3
105,2013,285,18,18.22,17.68,0,0,1.024,12.3
105,2013,285,24,18.2,17.69,0,0,1.025,12.3
105,2013,285,30,18.17,17.62,0,0,1.024,12.3
105,2013,285,36,18.15,17.66,0,0,1.023,12.3
105,2013,285,42,18.13,17.53,0,0,1.01,12.3
105,2013,285,48,18.1,17.65,0,0,1,12.3
105,2013,285,54,18.08,17.65,0,0,.986,12.3
105,2013,285,100,18.06,17.31,0,0,.976,12.3
105,2013,285,106,18.04,17.34,0,0,.962,12.3
105,2013,285,112,18.02,17.34,0,0,.948,12.3
105,2013,285,118,17.99,17.43,0,0,.934,12.3
105,2013,285,124,17.97,17.68,0,0,.922,12.3
105,2013,285,130,17.94,17.6,0,0,.908,12.3
105,2013,285,136,17.92,17.56,0,0,.893,12.3
105,2013,285,142,17.89,17.38,0,0,.876,12.3
105,2013,285,148,17.86,17.55,0,0,.864,12.3
105,2013,285,154,17.84,17.46,0,0,.849,12.3
105,2013,285,200,17.82,17.37,0,0,.837,12.3
105,2013,285,206,17.79,17.38,0,0,.825,12.3
105,2013,285,212,17.77,17.59,0,0,.818,12.3
105,2013,285,218,17.75,17.56,0,0,.809,12.3
105,2013,285,224,17.73,17.5,0,0,.8,12.3
105,2013,285,230,17.71,17.44,0,0,.79,12.3
105,2013,285,236,17.69,17.29,0,0,.778,12.3
105,2013,285,242,17.67,17.43,0,0,.771,12.3
105,2013,285,248,17.65,17.48,0,0,.761,12.3
105,2013,285,254,17.64,17.5,0,0,.75,12.3
105,2013,285,300,17.62,17.54,0,0,.74,12.3
105,2013,285,306,17.61,17.6,0,0,.731,12.3
105,2013,285,312,17.59,17.67,0,0,.722,12.3
105,2013,285,318,17.58,17.68,0,0,.711,12.3
105,2013,285,324,17.56,17.74,0,0,.703,12.3
105,2013,285,330,17.55,17.65,0,0,.691,12.3
105,2013,285,336,17.54,17.77,0,0,.682,12.3
105,2013,285,342,17.53,17.65,0,0,.673,12.3
105,2013,285,348,17.51,17.58,0,0,.666,12.3
105,2013,285,354,17.5,17.31,0,0,.655,12.3
105,2013,285,400,17.49,17.4,0,0,.648,12.3
105,2013,285,406,17.47,17.56,0,0,.643,12.3
105,2013,285,412,17.46,17.37,0,0,.633,12.3
105,2013,285,418,17.44,17.36,0,0,.625,12.3
105,2013,285,424,17.42,17.25,0,0,.617,12.3
105,2013,285,430,17.41,17.45,0,0,.612,12.3
105,2013,285,436,17.39,17.16,0,0,.603,12.3
105,2013,285,442,17.37,17.12,0,0,.597,12.3
105,2013,285,448,17.36,17.46,0,0,.595,12.3
105,2013,285,454,17.34,17.21,0,0,.586,12.3
105,2013,285,500,17.32,17.15,0,0,.583,12.3
105,2013,285,506,17.3,17.1,0,0,.583,12.3
105,2013,285,512,17.29,16.97,0,0,.583,12.3
105,2013,285,518,17.27,17.17,0,0,.583,12.3
105,2013,285,524,17.25,17.12,0,0,.577,12.3
105,2013,285,530,17.23,17.17,0,0,.573,12.3
105,2013,285,536,17.22,16.9,0,0,.567,12.3
105,2013,285,542,17.2,17.26,0,0,.565,12.3
105,2013,285,548,17.18,17.22,0,0,.56,12.3
105,2013,285,554,17.17,17.12,0,0,.556,12.3
105,2013,285,600,17.15,16.96,0,0,.552,12.3
105,2013,285,606,17.14,17.11,0,0,.549,12.3
105,2013,285,612,17.12,16.97,0,0,.545,12.3
105,2013,285,618,17.1,16.95,0,0,.542,12.3
105,2013,285,624,17.09,16.78,0,0,.538,12.3
105,2013,285,630,17.07,16.77,0,0,.535,12.3
105,2013,285,636,17.06,16.78,0,0,.531,12.3
105,2013,285,642,17.04,16.8,0,0,.529,12.3
105,2013,285,648,17.02,16.72,0,0,.525,12.3
105,2013,285,654,17.01,16.84,0,0,.523,12.3
105,2013,285,700,16.99,16.57,0,0,.518,12.3
105,2013,285,706,16.98,16.53,0,0,.518,12.3
105,2013,285,712,16.96,16.65,0,0,.517,12.3
105,2013,285,718,16.94,16.52,0,0,.514,12.3
105,2013,285,724,16.93,16.43,0,0,.511,12.3
105,2013,285,730,16.91,16.5,0,0,.51,12.3
105,2013,285,736,16.89,16.33,0,0,.506,12.3
105,2013,285,742,16.87,16.44,0,0,.506,12.3
105,2013,285,748,16.84,16.57,0,0,.505,12.3
105,2013,285,754,16.82,16.82,0,0,.504,12.3
105,2013,285,800,16.8,16.72,0,0,.501,12.3
105,2013,285,806,16.78,16.51,0,0,.498,12.3
105,2013,285,812,16.76,16.73,0,0,.499,12.3
105,2013,285,818,16.74,16.8,0,0,.498,12.3
105,2013,285,824,16.73,16.71,0,0,.497,12.3
105,2013,285,830,16.72,16.84,0,0,.497,12.3
105,2013,285,836,16.71,16.72,0,0,.497,12.3
105,2013,285,842,16.7,16.51,0,0,.494,12.3
105,2013,285,848,16.69,16.33,0,0,.494,12.3
105,2013,285,854,16.68,16.26,0,0,.493,12.3
105,2013,285,900,16.67,16.33,0,0,.494,12.3
105,2013,285,906,16.66,16.2,0,0,.493,12.3
105,2013,285,912,16.64,16.31,0,0,.494,12.3
105,2013,285,918,16.63,16.28,0,0,.495,12.3
105,2013,285,924,16.61,16.37,0,0,.499,12.3
105,2013,285,930,16.59,16.37,0,0,.505,12.3
105,2013,285,936,16.57,16.28,0,0,.512,12.3
105,2013,285,942,16.56,16.18,0,0,.52,12.3
105,2013,285,948,16.54,16.08,0,0,.531,12.3
105,2013,285,954,16.53,16.06,0,0,.544,12.3
105,2013,285,1000,16.52,16.22,0,0,.558,12.3
105,2013,285,1006,16.51,16.38,0,0,.574,12.3
105,2013,285,1012,16.5,16.45,0,0,.591,12.3
105,2013,285,1018,16.5,16.58,0,0,.612,12.3
105,2013,285,1024,16.5,16.75,0,0,.637,12.3
105,2013,285,1030,16.51,16.69,0,0,.659,12.3
105,2013,285,1036,16.51,16.76,0,0,.684,12.3
105,2013,285,1042,16.53,16.75,0,0,.712,12.3
105,2013,285,1048,16.54,16.75,0,0,.742,12.3
105,2013,285,1054,16.56,16.38,0,0,.766,12.3
105,2013,285,1100,16.57,16.14,0,0,.791,12.3
105,2013,285,1106,16.58,16.09,0,0,.809,12.3
105,2013,285,1112,16.58,16.18,0,0,.824,12.3
105,2013,285,1118,16.58,16.16,0,0,.831,12.3
105,2013,285,1124,16.58,16.21,0,0,.834,12.3
105,2013,285,1130,16.58,16.32,0,0,.833,12.3
105,2013,285,1136,16.58,16.22,0,0,.832,12.3
105,2013,285,1142,16.59,16.4,0,0,.832,12.3
105,2013,285,1148,16.6,16.6,0,0,.831,12.3
105,2013,285,1154,16.61,16.8,0,0,.831,12.3
105,2013,285,1200,16.63,16.82,0,0,.829,12.3
105,2013,285,1206,16.66,17.02,0,0,.828,12.3
105,2013,285,1212,16.7,16.97,0,0,.82,12.3
105,2013,285,1218,16.75,16.98,0,0,.812,12.3
105,2013,285,1224,16.79,16.72,0,0,.801,12.3
105,2013,285,1230,16.84,16.77,0,0,.793,12.3
105,2013,285,1236,16.87,16.78,0,0,.781,12.3
105,2013,285,1242,16.91,16.7,0,0,.771,12.3
105,2013,285,1248,16.94,16.96,0,0,.763,12.3
105,2013,285,1254,16.97,17,0,0,.753,12.3
105,2013,285,1300,17,17.14,0,0,.745,12.3
105,2013,285,1306,17.04,17.38,0,0,.739,12.3
105,2013,285,1312,17.07,17.45,0,0,.733,12.3
105,2013,285,1318,17.12,17.51,0,0,.73,12.3
105,2013,285,1324,17.16,17.71,0,0,.724,12.3
105,2013,285,1330,17.21,17.75,0,0,.716,12.3
105,2013,285,1336,17.26,18.06,0,0,.712,12.3
105,2013,285,1342,17.32,18.19,0,0,.704,12.3
105,2013,285,1348,17.39,18.29,0,0,.697,12.3
105,2013,285,1354,17.45,18.53,0,0,.689,12.3
105,2013,285,1400,17.53,18.61,0,0,.68,12.3
105,2013,285,1406,17.6,18.66,0,0,.674,12.3
105,2013,285,1412,17.67,18.54,0,0,.667,12.3
105,2013,285,1418,17.73,18.55,0,0,.658,12.3
105,2013,285,1424,17.79,18.66,0,0,.651,12.3
105,2013,285,1430,17.85,18.77,0,0,.646,12.3
105,2013,285,1436,17.9,18.64,0,0,.638,12.3
105,2013,285,1442,17.95,18.4,0,0,.629,12.3
105,2013,285,1448,18,18.36,0,0,.623,12.3
105,2013,285,1454,18.03,18.19,0,0,.615,12.3
105,2013,285,1500,18.06,18.14,0,0,.608,12.3
105,2013,285,1506,18.08,18.46,0,0,.604,12.3
105,2013,285,1512,18.1,18.68,0,0,.598,12.3
105,2013,285,1518,18.11,18.87,0,0,.593,12.3
105,2013,285,1524,18.13,18.85,0,0,.588,12.3
105,2013,285,1530,18.15,18.32,0,0,.581,12.3
105,2013,285,1536,18.17,18.12,0,0,.577,12.3
105,2013,285,1542,18.18,17.75,0,0,.573,12.3
105,2013,285,1548,18.18,17.98,0,0,.569,12.3
105,2013,285,1554,18.17,18.33,0,0,.565,12.3
105,2013,285,1600,18.16,18.22,0,0,.561,12.3
105,2013,285,1606,18.15,17.98,0,0,.556,12.3
105,2013,285,1612,18.14,17.92,0,0,.552,12.3
105,2013,285,1618,18.13,17.93,0,0,.549,12.3
105,2013,285,1624,18.12,18.01,0,0,.545,12.3
105,2013,285,1630,18.11,17.89,0,0,.542,12.3
105,2013,285,1636,18.09,17.86,0,0,.54,12.3
105,2013,285,1642,18.08,17.77,0,0,.535,12.3
105,2013,285,1648,18.07,17.84,0,0,.533,12.3
105,2013,285,1654,18.05,17.93,0,0,.53,12.3
105,2013,285,1700,18.04,17.87,0,0,.526,12.3
105,2013,285,1706,18.02,17.71,0,0,.524,12.3
105,2013,285,1712,18.01,17.79,0,0,.521,12.3
105,2013,285,1718,18,17.72,0,0,.518,12.3
105,2013,285,1724,17.99,17.53,0,0,.515,12.3
105,2013,285,1730,17.98,17.7,0,0,.512,12.3
105,2013,285,1736,17.97,17.75,0,0,.51,12.3
105,2013,285,1742,17.96,17.54,0,0,.507,12.3
105,2013,285,1748,17.95,17.27,0,0,.507,12.3
105,2013,285,1754,17.94,17.24,0,0,.506,12.3
105,2013,285,1800,17.92,17,0,0,.505,12.3
105,2013,285,1806,17.9,17.11,0,0,.504,12.3
105,2013,285,1812,17.88,16.95,0,0,.501,12.3
105,2013,285,1818,17.85,17.08,0,0,.5,12.3
105,2013,285,1824,17.83,17,0,0,.5,12.3
105,2013,285,1830,17.81,17.05,0,0,.501,12.3
105,2013,285,1836,17.78,16.96,0,0,.497,12.3
105,2013,285,1842,17.76,17.4,0,0,.497,12.3
105,2013,285,1848,17.74,17.17,0,0,.494,12.3
105,2013,285,1854,17.71,17.59,0,0,.493,12.3
105,2013,285,1900,17.69,17.46,0,0,.492,12.3
105,2013,285,1906,17.66,17.17,0,0,.488,12.3
105,2013,285,1912,17.64,17.51,0,0,.486,12.3
105,2013,285,1918,17.62,17.63,0,0,.485,12.3
105,2013,285,1924,17.59,17.33,0,0,.483,12.3
105,2013,285,1930,17.57,17.44,0,0,.483,12.3
105,2013,285,1936,17.55,17.51,0,0,.482,12.3
105,2013,285,1942,17.53,17.53,0,0,.481,12.3
105,2013,285,1948,17.51,17.52,0,0,.481,12.3
105,2013,285,1954,17.49,17.55,0,0,.478,12.3
105,2013,285,2000,17.48,17.73,0,0,.477,12.3
105,2013,285,2006,17.47,17.61,0,0,.475,12.3
105,2013,285,2012,17.46,17.8,0,0,.474,12.3
105,2013,285,2018,17.45,17.67,0,0,.472,12.3
105,2013,285,2024,17.44,17.72,0,0,.471,12.3
105,2013,285,2030,17.44,17.46,0,0,.469,12.3
105,2013,285,2036,17.43,17.64,0,0,.47,12.3
105,2013,285,2042,17.43,17.47,0,0,.467,12.3
105,2013,285,2048,17.42,17.59,0,0,.468,12.3
105,2013,285,2054,17.41,17.52,0,0,.467,12.3
105,2013,285,2100,17.41,17.57,0,0,.467,12.3
105,2013,285,2106,17.4,17.48,0,0,.467,12.3
105,2013,285,2112,17.39,17.46,0,0,.467,12.3
105,2013,285,2118,17.39,17.75,0,0,.468,12.3
105,2013,285,2124,17.38,18.02,0,0,.47,12.3
105,2013,285,2130,17.37,18.07,0,0,.472,12.3
105,2013,285,2136,17.37,17.67,0,0,.476,12.3
105,2013,285,2142,17.36,18.05,0,0,.485,12.3
105,2013,285,2148,17.35,17.83,0,0,.494,12.3
105,2013,285,2154,17.34,17.87,0,0,.506,12.3
105,2013,285,2200,17.33,17.75,0,0,.523,12.3
105,2013,285,2206,17.33,17.89,0,0,.545,12.3
105,2013,285,2212,17.32,17.59,0,0,.568,12.3
105,2013,285,2218,17.31,17.9,0,0,.6,12.3
105,2013,285,2224,17.31,18.14,0,0,.641,12.3
105,2013,285,2230,17.3,18.05,0,0,.683,12.3
105,2013,285,2236,17.28,17.77,0,0,.729,12.3
105,2013,285,2242,17.27,17.69,0,0,.778,12.3
105,2013,285,2248,17.26,18.08,0,0,.834,12.3
105,2013,285,2254,17.24,17.65,0,0,.889,12.3
105,2013,285,2300,17.23,17.56,0,0,.946,12.3
105,2013,285,2306,17.21,17.76,0,0,.996,12.3
105,2013,285,2312,17.19,17.68,0,0,1.034,12.3
105,2013,285,2318,17.18,17.67,0,0,1.066,12.3
105,2013,285,2324,17.16,17.53,0,0,1.092,12.3
105,2013,285,2330,17.14,17.62,0,0,1.114,12.3
105,2013,285,2336,17.12,17.61,0,0,1.132,12.3
105,2013,285,2342,17.1,17.22,0,0,1.135,12.3
105,2013,285,2348,17.09,17.26,0,0,1.136,12.3
105,2013,285,2354,17.07,17.27,0,0,1.136,12.3
105,2013,286,0,17.05,17.45,0,0,1.142,12.3
105,2013,286,6,17.04,17.54,0,0,1.149,12.3
105,2013,286,12,17.03,17.35,0,0,1.152,12.3
105,2013,286,18,17.01,17.37,0,0,1.156,12.3
105,2013,286,24,17,17.55,0,0,1.163,12.3
105,2013,286,30,16.99,17.44,0,0,1.165,12.3
105,2013,286,36,16.97,17.52,0,0,1.166,12.3
105,2013,286,42,16.96,17.66,0,0,1.167,12.3
105,2013,286,48,16.95,17.42,0,0,1.16,12.3
105,2013,286,54,16.94,17.68,0,0,1.152,12.3
105,2013,286,100,16.93,17.57,0,0,1.138,12.3
105,2013,286,106,16.92,17.75,0,0,1.129,12.3
105,2013,286,112,16.91,17.85,0,0,1.12,12.3
105,2013,286,118,16.9,17.75,0,0,1.11,12.3
105,2013,286,124,16.9,17.91,0,0,1.101,12.3
105,2013,286,130,16.89,17.77,0,0,1.088,12.3
105,2013,286,136,16.89,18.03,0,0,1.075,12.3
105,2013,286,142,16.88,18.03,0,0,1.06,12.3
105,2013,286,148,16.88,17.9,0,0,1.044,12.3
105,2013,286,154,16.88,18.02,0,0,1.029,12.3
105,2013,286,200,16.87,18.02,0,0,1.014,12.3
105,2013,286,206,16.87,18.02,0,0,.998,12.3
105,2013,286,212,16.87,17.98,0,0,.982,12.3
105,2013,286,218,16.87,17.94,0,0,.968,12.3
105,2013,286,224,16.87,17.77,0,0,.953,12.3
105,2013,286,230,16.87,17.93,0,0,.942,12.3
105,2013,286,236,16.87,18.15,0,0,.93,12.3
105,2013,286,242,16.87,18.42,0,0,.92,12.3
105,2013,286,248,16.87,18.28,0,0,.909,12.3
105,2013,286,254,16.88,18.12,0,0,.893,12.3
105,2013,286,300,16.88,18.24,0,0,.88,12.3
105,2013,286,306,16.88,18.13,0,0,.866,12.3
105,2013,286,312,16.88,18.15,0,0,.853,12.3
105,2013,286,318,16.88,18.02,0,0,.839,12.3
105,2013,286,324,16.89,17.97,0,0,.826,12.3
105,2013,286,330,16.89,18.16,0,0,.815,12.3
105,2013,286,336,16.89,18.23,0,0,.802,12.3
105,2013,286,342,16.89,18.29,0,0,.791,12.3
105,2013,286,348,16.89,18.01,0,0,.778,12.3
105,2013,286,354,16.89,18.13,0,0,.769,12.3
105,2013,286,400,16.89,18.06,0,0,.758,12.3
105,2013,286,406,16.89,18.05,0,0,.747,12.3
105,2013,286,412,16.88,18.1,0,0,.737,12.3
105,2013,286,418,16.88,17.94,0,0,.726,12.3
105,2013,286,424,16.88,18.02,0,0,.715,12.3
105,2013,286,430,16.87,18.24,0,0,.707,12.3
105,2013,286,436,16.87,18.06,0,0,.697,12.3
105,2013,286,442,16.86,18.16,0,0,.689,12.3
105,2013,286,448,16.86,18.13,0,0,.68,12.3
105,2013,286,454,16.85,18.05,0,0,.671,12.3
105,2013,286,500,16.84,17.73,0,0,.661,12.3
105,2013,286,506,16.83,18.01,0,0,.656,12.3
105,2013,286,512,16.81,17.63,0,0,.646,12.3
105,2013,286,518,16.8,17.55,0,0,.638,12.3
105,2013,286,524,16.78,17.69,0,0,.632,12.3
105,2013,286,530,16.76,17.88,0,0,.626,12.3
105,2013,286,536,16.74,17.53,0,0,.617,12.3
105,2013,286,542,16.71,17.3,0,0,.609,12.3
105,2013,286,548,16.69,17.55,0,0,.605,12.3
105,2013,286,554,16.66,17.73,0,0,.601,12.3
105,2013,286,600,16.64,17.5,0,0,.594,12.3
105,2013,286,606,16.61,17.42,0,0,.589,12.3
105,2013,286,612,16.58,16.9,0,0,.58,12.3
105,2013,286,618,16.55,17.21,0,0,.578,12.3
105,2013,286,624,16.52,17.17,0,0,.572,12.3
105,2013,286,630,16.48,17.14,0,0,.568,12.3
105,2013,286,636,16.45,17.23,0,0,.565,12.3
105,2013,286,642,16.42,16.9,0,0,.559,12.3
105,2013,286,648,16.39,17.1,0,0,.557,12.3
105,2013,286,654,16.36,16.98,0,0,.552,12.3
105,2013,286,700,16.33,17.04,0,0,.549,12.3
105,2013,286,706,16.3,16.94,0,0,.546,12.3
105,2013,286,712,16.27,16.8,0,0,.542,12.3
105,2013,286,718,16.24,16.93,0,0,.539,12.3
105,2013,286,724,16.22,16.75,0,0,.535,12.3
105,2013,286,730,16.19,16.82,0,0,.532,12.3
105,2013,286,736,16.17,16.66,0,0,.529,12.3
105,2013,286,742,16.15,16.75,0,0,.527,12.3
105,2013,286,748,16.12,16.9,0,0,.525,12.3
105,2013,286,754,16.1,16.62,0,0,.52,12.3
105,2013,286,800,16.08,16.65,0,0,.518,12.3
105,2013,286,806,16.06,16.66,0,0,.516,12.3
105,2013,286,812,16.04,16.88,0,0,.515,12.3
105,2013,286,818,16.03,16.88,0,0,.513,12.3
105,2013,286,824,16.01,16.79,0,0,.509,12.3
105,2013,286,830,16,16.75,0,0,.507,12.3
105,2013,286,836,15.98,16.63,0,0,.505,12.3
105,2013,286,842,15.96,16.86,0,0,.504,12.3
105,2013,286,848,15.95,16.87,0,0,.502,12.3
105,2013,286,854,15.94,16.7,0,0,.5,12.3
105,2013,286,900,15.93,16.75,0,0,.499,12.3
105,2013,286,906,15.91,16.7,0,0,.497,12.3
105,2013,286,912,15.9,16.63,0,0,.495,12.3
105,2013,286,918,15.89,16.34,0,0,.491,12.3
105,2013,286,924,15.88,16.59,0,0,.491,12.3
105,2013,286,930,15.87,16.54,0,0,.49,12.3
105,2013,286,936,15.86,16.55,0,0,.49,12.3
105,2013,286,942,15.85,16.4,0,0,.489,12.3
105,2013,286,948,15.83,16.38,0,0,.489,12.3
105,2013,286,954,15.82,16.33,0,0,.489,12.3
105,2013,286,1000,15.82,16.48,0,0,.49,12.3
105,2013,286,1006,15.81,16.28,0,0,.488,12.3
105,2013,286,1012,15.8,16.56,0,0,.493,12.3
105,2013,286,1018,15.8,16.65,0,0,.499,12.3
105,2013,286,1024,15.79,16.49,0,0,.507,12.3
105,2013,286,1030,15.79,16.63,0,0,.521,12.3
105,2013,286,1036,15.79,16.65,0,0,.537,12.3
105,2013,286,1042,15.79,16.61,0,0,.555,12.3
105,2013,286,1048,15.79,16.51,0,0,.575,12.3
105,2013,286,1054,15.79,16.58,0,0,.599,12.3
105,2013,286,1100,15.79,16.5,0,0,.623,12.3
105,2013,286,1106,15.8,16.5,0,0,.65,12.3
105,2013,286,1112,15.8,16.54,0,0,.674,12.3
105,2013,286,1118,15.8,16.36,0,0,.698,12.3
105,2013,286,1124,15.81,16.49,0,0,.724,12.3
105,2013,286,1130,15.81,16.54,0,0,.748,12.3
105,2013,286,1136,15.82,16.74,0,0,.772,12.3
105,2013,286,1142,15.82,16.64,0,0,.796,12.3
105,2013,286,1148,15.83,16.62,0,0,.821,12.3
105,2013,286,1154,15.85,16.97,0,0,.848,12.3
105,2013,286,1200,15.87,16.95,0,0,.872,12.3
105,2013,286,1206,15.89,16.8,0,0,.899,12.3
105,2013,286,1212,15.92,16.01,0,0,.923,12.3
105,2013,286,1218,15.95,16.02,0,0,.945,12.3
105,2013,286,1224,15.99,16.31,0,0,.961,12.3
105,2013,286,1230,16.03,16.58,0,0,.974,12.3
105,2013,286,1236,16.08,16.62,0,0,.983,12.3
105,2013,286,1242,16.13,17.09,0,0,.998,12.3
105,2013,286,1248,16.19,17.02,0,0,1.006,12.3
105,2013,286,1254,16.25,17.12,0,0,1.012,12.3
105,2013,286,1300,16.3,17.19,0,0,1.012,12.3
105,2013,286,1306,16.36,17.31,0,0,1.012,12.3
105,2013,286,1312,16.42,17.6,0,0,1.009,12.3
105,2013,286,1318,16.47,17.73,0,0,.997,12.3
105,2013,286,1324,16.53,17.68,0,0,.984,12.3
105,2013,286,1330,16.59,17.7,0,0,.97,12.3
105,2013,286,1336,16.65,17.59,0,0,.956,12.3
105,2013,286,1342,16.71,17.69,0,0,.946,12.3
105,2013,286,1348,16.77,17.73,0,0,.934,12.3
105,2013,286,1354,16.82,17.89,0,0,.923,12.3
105,2013,286,1400,16.87,17.74,0,0,.909,12.3
105,2013,286,1406,16.92,17.89,0,0,.903,12.3
105,2013,286,1412,16.96,17.97,0,0,.892,12.3
105,2013,286,1418,17,17.69,0,0,.878,12.3
105,2013,286,1424,17.04,17.8,0,0,.868,12.3
105,2013,286,1430,17.08,17.95,0,0,.857,12.3
105,2013,286,1436,17.12,18.05,0,0,.844,12.3
105,2013,286,1442,17.16,18.22,0,0,.832,12.3
105,2013,286,1448,17.2,18.51,0,0,.821,12.3
105,2013,286,1454,17.25,18.42,0,0,.807,12.3
105,2013,286,1500,17.3,18.29,0,0,.796,12.3
105,2013,286,1506,17.35,18.3,0,0,.783,12.3
105,2013,286,1512,17.4,18.54,0,0,.775,12.3
105,2013,286,1518,17.44,18.43,0,0,.764,12.3
105,2013,286,1524,17.49,18.27,0,0,.752,12.3
105,2013,286,1530,17.53,18.22,0,0,.742,12.3
105,2013,286,1536,17.57,18.16,0,0,.731,12.3
105,2013,286,1542,17.6,18.13,0,0,.719,12.3
105,2013,286,1548,17.63,18.33,0,0,.71,12.3
105,2013,286,1554,17.66,18.49,0,0,.701,12.3
105,2013,286,1600,17.68,18.43,0,0,.69,12.3
105,2013,286,1606,17.71,18.54,0,0,.681,12.3
105,2013,286,1612,17.76,18.71,0,0,.675,12.3
105,2013,286,1618,17.85,18.72,0,0,.666,12.3
105,2013,286,1624,17.95,18.81,0,0,.659,12.3
105,2013,286,1630,18.07,18.7,0,0,.649,12.3
105,2013,286,1636,18.19,18.75,0,0,.644,12.3
105,2013,286,1642,18.31,18.57,0,0,.636,12.3
105,2013,286,1648,18.42,18.63,0,0,.628,12.3
105,2013,286,1654,18.51,18.59,0,0,.622,12.3
105,2013,286,1700,18.6,18.48,0,0,.616,12.3
105,2013,286,1706,18.67,18.32,0,0,.61,12.3
105,2013,286,1712,18.72,18.26,0,0,.604,12.3
105,2013,286,1718,18.76,18.14,0,0,.596,12.3
105,2013,286,1724,18.79,18.2,0,0,.593,12.3
105,2013,286,1730,18.8,18.09,0,0,.587,12.3
105,2013,286,1736,18.82,17.78,0,0,.579,12.3
105,2013,286,1742,18.82,17.83,0,0,.576,12.3
105,2013,286,1748,18.82,17.21,0,0,.572,12.3
105,2013,286,1754,18.81,17.29,0,0,.569,12.3
105,2013,286,1800,18.79,17.31,0,0,.563,12.3
105,2013,286,1806,18.77,16.93,0,0,.559,12.3
105,2013,286,1812,18.74,16.83,0,0,.556,12.3
105,2013,286,1818,18.69,16.71,0,0,.552,12.3
105,2013,286,1824,18.63,16.53,0,0,.55,12.3
105,2013,286,1830,18.55,16.28,0,0,.545,12.3
105,2013,286,1836,18.47,16.33,0,0,.543,12.3
105,2013,286,1842,18.38,16.32,0,0,.539,12.3
105,2013,286,1848,18.3,16.37,0,0,.536,12.3
105,2013,286,1854,18.22,16.5,0,0,.533,12.3
105,2013,286,1900,18.16,16.48,0,0,.53,12.3
105,2013,286,1906,18.1,16.58,0,0,.526,12.3
105,2013,286,1912,18.05,16.62,0,0,.524,12.3
105,2013,286,1918,18.01,16.66,0,0,.52,12.3
105,2013,286,1924,17.98,16.64,0,0,.519,12.3
105,2013,286,1930,17.95,16.58,0,0,.516,12.3
105,2013,286,1936,17.93,16.41,0,0,.512,12.3
105,2013,286,1942,17.9,16.25,0,0,.509,12.3
105,2013,286,1948,17.87,16.27,0,0,.507,12.3
105,2013,286,1954,17.83,16.35,0,0,.508,12.3
105,2013,286,2000,17.79,16.14,0,0,.504,12.3
105,2013,286,2006,17.75,16,0,0,.501,12.3
105,2013,286,2012,17.7,15.99,0,0,.5,12.3
105,2013,286,2018,17.66,16.11,0,0,.498,12.3
105,2013,286,2024,17.62,16.27,0,0,.497,12.3
105,2013,286,2030,17.59,16.27,0,0,.496,12.3
105,2013,286,2036,17.56,16.02,0,0,.492,12.3
105,2013,286,2042,17.53,15.99,0,0,.49,12.3
105,2013,286,2048,17.5,16.25,0,0,.49,12.3
105,2013,286,2054,17.47,15.85,0,0,.487,12.3
105,2013,286,2100,17.45,15.74,0,0,.487,12.3
105,2013,286,2106,17.42,15.83,0,0,.487,12.3
105,2013,286,2112,17.4,15.64,0,0,.487,12.3
105,2013,286,2118,17.37,15.6,0,0,.487,12.3
105,2013,286,2124,17.34,15.61,0,0,.489,12.3
105,2013,286,2130,17.3,15.27,0,0,.486,12.3
105,2013,286,2136,17.25,15.29,0,0,.488,12.3
105,2013,286,2142,17.2,15.31,0,0,.493,12.3
105,2013,286,2148,17.15,15.22,0,0,.502,12.3
105,2013,286,2154,17.11,15.21,0,0,.513,12.3
105,2013,286,2200,17.07,15.54,0,0,.529,12.3
105,2013,286,2206,17.03,15.44,0,0,.547,12.3
105,2013,286,2212,17.01,15.5,0,0,.572,12.3
105,2013,286,2218,16.98,15.52,0,0,.603,12.3
105,2013,286,2224,16.96,15.56,0,0,.642,12.3
105,2013,286,2230,16.95,15.27,0,0,.685,12.3
105,2013,286,2236,16.93,14.64,0,0,.734,12.3
105,2013,286,2242,16.91,14.92,0,0,.787,12.3
105,2013,286,2248,16.86,15.44,0,0,.845,12.3
105,2013,286,2254,16.8,15.29,0,0,.909,12.3
105,2013,286,2300,16.73,15.4,0,0,.977,12.3
105,2013,286,2306,16.69,15.25,0,0,1.038,12.3
105,2013,286,2312,16.65,15.11,0,0,1.093,12.3
105,2013,286,2318,16.61,15.12,0,0,1.145,12.3
105,2013,286,2324,16.57,15.08,0,0,1.191,12.3
105,2013,286,2330,16.53,14.96,0,0,1.229,12.3
105,2013,286,2336,16.48,14.69,0,0,1.26,12.3
105,2013,286,2342,16.43,14.97,0,0,1.293,12.3
105,2013,286,2348,16.38,15.01,0,0,1.317,12.3
105,2013,286,2354,16.32,15.18,0,0,1.34,12.3
105,2013,287,0,16.27,15.08,0,0,1.36,12.3
105,2013,287,6,16.21,15.2,0,0,1.387,12.3
105,2013,287,12,16.16,15.2,0,0,1.409,12.3
105,2013,287,18,16.11,15.22,0,0,1.428,12.3
105,2013,287,24,16.06,15.23,0,0,1.443,12.3
105,2013,287,30,16.01,15.19,0,0,1.454,12.3
105,2013,287,36,15.97,15.04,0,0,1.456,12.3
105,2013,287,42,15.93,15.04,0,0,1.454,12.3
105,2013,287,48,15.89,15.24,0,0,1.459,12.3
105,2013,287,54,15.85,15.2,0,0,1.459,12.3
105,2013,287,100,15.82,15.09,0,0,1.456,12.3
105,2013,287,106,15.78,15.04,0,0,1.448,12.3
105,2013,287,112,15.74,15.05,0,0,1.44,12.3
105,2013,287,118,15.71,14.98,0,0,1.431,12.3
105,2013,287,124,15.68,14.97,0,0,1.427,12.3
105,2013,287,130,15.65,14.79,0,0,1.419,12.3
105,2013,287,136,15.61,15,0,0,1.419,12.3
105,2013,287,142,15.58,14.65,0,0,1.407,12.3
105,2013,287,148,15.55,14.68,0,0,1.401,12.3
105,2013,287,154,15.51,14.53,0,0,1.389,12.3
105,2013,287,200,15.48,14.58,0,0,1.378,12.3
105,2013,287,206,15.45,14.6,0,0,1.366,12.3
105,2013,287,212,15.41,14.61,0,0,1.354,12.31
105,2013,287,218,15.38,14.55,0,0,1.342,12.31
105,2013,287,224,15.35,14.7,0,0,1.334,12.3
105,2013,287,230,15.32,14.52,0,0,1.322,12.3
105,2013,287,236,15.29,14.56,0,0,1.314,12.31
105,2013,287,242,15.26,14.69,0,0,1.302,12.3
105,2013,287,248,15.23,14.52,0,0,1.285,12.3
105,2013,287,254,15.21,14.64,0,0,1.275,12.3
105,2013,287,300,15.19,14.81,0,0,1.266,12.3
105,2013,287,306,15.17,14.67,0,0,1.252,12.3
105,2013,287,312,15.15,14.81,0,0,1.244,12.3
105,2013,287,318,15.14,14.65,0,0,1.232,12.3
105,2013,287,324,15.13,14.62,0,0,1.221,12.3
105,2013,287,330,15.11,14.71,0,0,1.206,12.3
105,2013,287,336,15.1,14.64,0,0,1.188,12.3
105,2013,287,342,15.09,14.46,0,0,1.164,12.3
105,2013,287,348,15.08,14.43,0,0,1.142,12.3
105,2013,287,354,15.06,14.31,0,0,1.122,12.3
105,2013,287,400,15.05,14.28,0,0,1.098,12.31
105,2013,287,406,15.03,14.13,0,0,1.072,12.3
105,2013,287,412,15.01,14.09,0,0,1.047,12.3
105,2013,287,418,14.99,14.15,0,0,1.025,12.3
105,2013,287,424,14.97,14.36,0,0,1.005,12.3
105,2013,287,430,14.95,14.12,0,0,.98,12.3
105,2013,287,436,14.92,13.98,0,0,.958,12.3
105,2013,287,442,14.9,13.94,0,0,.939,12.3
105,2013,287,448,14.87,14,0,0,.92,12.3
105,2013,287,454,14.85,14.17,0,0,.903,12.3
105,2013,287,500,14.82,14.06,0,0,.883,12.3
105,2013,287,506,14.8,13.96,0,0,.865,12.3
105,2013,287,512,14.77,13.97,0,0,.85,12.3
105,2013,287,518,14.74,14.16,0,0,.838,12.3
105,2013,287,524,14.72,14.19,0,0,.824,12.3
105,2013,287,530,14.69,14.16,0,0,.809,12.3
105,2013,287,536,14.67,14.07,0,0,.795,12.3
105,2013,287,542,14.64,13.94,0,0,.782,12.3
105,2013,287,548,14.62,14.18,0,0,.773,12.3
105,2013,287,554,14.59,14.05,0,0,.76,12.3
105,2013,287,600,14.57,14.07,0,0,.749,12.3
105,2013,287,606,14.55,14.07,0,0,.738,12.3
105,2013,287,612,14.53,14.14,0,0,.728,12.3
105,2013,287,618,14.51,14.21,0,0,.717,12.3
105,2013,287,624,14.49,14.2,0,0,.708,12.3
105,2013,287,630,14.47,14.06,0,0,.697,12.3
105,2013,287,636,14.45,14.04,0,0,.689,12.3
105,2013,287,642,14.44,14.19,0,0,.681,12.3
105,2013,287,648,14.42,13.87,0,0,.67,12.3
105,2013,287,654,14.41,13.96,0,0,.663,12.3
105,2013,287,700,14.39,14.07,0,0,.657,12.3
105,2013,287,706,14.38,14.12,0,0,.648,12.3
105,2013,287,712,14.37,14.08,0,0,.641,12.3
105,2013,287,718,14.35,14.08,0,0,.634,12.3
105,2013,287,724,14.34,13.91,0,0,.625,12.31
105,2013,287,730,14.33,14.11,0,0,.62,12.3
105,2013,287,736,14.32,14.07,0,0,.614,12.31
105,2013,287,742,14.31,14.02,0,0,.608,12.31
105,2013,287,748,14.3,13.84,0,0,.602,12.3
105,2013,287,754,14.29,14.05,0,0,.598,12.3
105,2013,287,800,14.27,14.33,0,0,.593,12.3
105,2013,287,806,14.26,14.74,0,0,.587,12.3
105,2013,287,812,14.26,15.66,0,0,.583,12.3
105,2013,287,818,14.26,16.05,0,0,.579,12.3
105,2013,287,824,14.29,16.36,0,0,.575,12.3
105,2013,287,830,14.33,16.95,0,0,.571,12.3
105,2013,287,836,14.39,17.03,0,0,.567,12.3
105,2013,287,842,14.48,17.33,0,0,.562,12.3
105,2013,287,848,14.58,17.68,0,0,.559,12.3
105,2013,287,854,14.69,17.88,0,0,.556,12.3
105,2013,287,900,14.83,17.56,0,0,.551,12.3
105,2013,287,906,14.97,18.15,0,0,.55,12.3
105,2013,287,912,15.13,17.39,0,0,.548,12.3
105,2013,287,918,15.29,17.26,0,0,.546,12.3
105,2013,287,924,15.44,17.71,0,0,.544,12.3
105,2013,287,930,15.59,17.36,0,0,.543,12.3
105,2013,287,936,15.73,18.38,0,0,.543,12.3
105,2013,287,942,15.87,18.83,0,0,.543,12.3
105,2013,287,948,16.02,19.1,0,0,.542,12.3
105,2013,287,954,16.19,19.01,0,0,.543,12.3
105,2013,287,1000,16.37,18.69,0,0,.543,12.3
105,2013,287,1006,16.55,19.22,0,0,.543,12.3
105,2013,287,1012,16.74,19.77,0,0,.544,12.3
105,2013,287,1018,16.93,19.26,0,0,.545,12.3
105,2013,287,1024,17.11,20.24,0,0,.549,12.3
105,2013,287,1030,17.3,19.27,0,0,.556,12.3
105,2013,287,1036,17.49,19.56,0,0,.565,12.3
105,2013,287,1042,17.68,19.19,0,0,.573,12.3
105,2013,287,1048,17.86,20.13,0,0,.585,12.3
105,2013,287,1054,18.02,20.81,0,0,.597,12.3
105,2013,287,1100,18.18,21.48,0,0,.612,12.3
105,2013,287,1106,18.36,21.11,0,0,.628,12.3
105,2013,287,1112,18.54,21.23,0,0,.644,12.3
105,2013,287,1118,18.73,21.53,0,0,.663,12.3
105,2013,287,1124,18.92,21,0,0,.679,12.3
105,2013,287,1130,19.1,21.51,0,0,.698,12.3
105,2013,287,1136,19.29,20.84,0,0,.72,12.3
105,2013,287,1142,19.46,21,0,0,.745,12.3
105,2013,287,1148,19.61,22.04,0,0,.769,12.3
105,2013,287,1154,19.76,22.33,0,0,.796,12.3
105,2013,287,1200,19.91,21.55,0,0,.817,12.3
105,2013,287,1206,20.07,21.87,0,0,.843,12.3
105,2013,287,1212,20.22,20.8,0,0,.866,12.3
105,2013,287,1218,20.34,21.92,0,0,.889,12.3
105,2013,287,1224,20.46,21.94,0,0,.91,12.3
105,2013,287,1230,20.58,22.43,0,0,.928,12.3
105,2013,287,1236,20.69,22.44,0,0,.943,12.3
105,2013,287,1242,20.81,21.46,0,0,.955,12.3
105,2013,287,1248,20.93,20.79,0,0,.968,12.3
105,2013,287,1254,21.03,21.85,0,0,.982,12.3
105,2013,287,1300,21.12,21.88,0,0,.997,12.3
105,2013,287,1306,21.21,21.73,0,0,1.005,12.3
105,2013,287,1312,21.3,21.32,0,0,1.012,12.3
105,2013,287,1318,21.37,22,0,0,1.012,12.3
105,2013,287,1324,21.44,21.31,0,0,1.013,12.3
105,2013,287,1330,21.49,22.53,0,0,1.013,12.3
105,2013,287,1336,21.54,22.34,0,0,1.009,12.3
105,2013,287,1342,21.6,20.88,0,0,1,12.3
105,2013,287,1348,21.64,21.95,0,0,.989,12.3
105,2013,287,1354,21.68,23.61,0,0,.979,12.3
105,2013,287,1400,21.73,22.11,0,0,.966,12.3
105,2013,287,1406,21.78,21.3,0,0,.954,12.3
105,2013,287,1412,21.83,22.09,0,0,.944,12.29
105,2013,287,1418,21.87,20.51,0,0,.932,12.3
105,2013,287,1424,21.9,21.44,0,0,.92,12.3
105,2013,287,1430,21.91,21.88,0,0,.911,12.3
105,2013,287,1436,21.92,21.98,0,0,.899,12.3
105,2013,287,1442,21.93,22.21,0,0,.888,12.3
105,2013,287,1448,21.95,21.12,0,0,.876,12.3
105,2013,287,1454,21.97,19.5,0,0,.866,12.3
105,2013,287,1500,21.98,19.31,0,0,.855,12.3
105,2013,287,1506,21.96,19.36,0,0,.843,12.3
105,2013,287,1512,21.91,19.16,0,0,.833,12.3
105,2013,287,1518,21.83,18.89,0,0,.821,12.3
105,2013,287,1524,21.73,18.8,0,0,.807,12.3
105,2013,287,1530,21.61,18.65,0,0,.794,12.3
105,2013,287,1536,21.48,18.66,0,0,.783,12.3
105,2013,287,1542,21.34,18.38,0,0,.771,12.3
105,2013,287,1548,21.2,18.23,0,0,.759,12.3
105,2013,287,1554,21.04,18.13,0,0,.748,12.3
105,2013,287,1600,20.88,18.08,0,0,.738,12.3
105,2013,287,1606,20.72,18.07,0,0,.727,12.3
105,2013,287,1612,20.57,18.03,0,0,.715,12.3
105,2013,287,1618,20.41,18.02,0,0,.705,12.3
105,2013,287,1624,20.25,18,0,0,.696,12.3
105,2013,287,1630,20.1,17.83,0,0,.686,12.3
105,2013,287,1636,19.94,17.83,0,0,.677,12.3
105,2013,287,1642,19.79,17.69,0,0,.668,12.3
105,2013,287,1648,19.65,17.6,0,0,.661,12.3
105,2013,287,1654,19.51,17.67,0,0,.652,12.3
105,2013,287,1700,19.37,17.6,0,0,.644,12.3
105,2013,287,1706,19.23,17.61,0,0,.636,12.3
105,2013,287,1712,19.1,17.43,0,0,.628,12.3
105,2013,287,1718,18.97,17.38,0,0,.621,12.3
105,2013,287,1724,18.86,17.35,0,0,.614,12.3
105,2013,287,1730,18.74,16.94,0,0,.607,12.3
105,2013,287,1736,18.62,16.56,0,0,.602,12.3
105,2013,287,1742,18.5,16.56,0,0,.596,12.3
105,2013,287,1748,18.38,16.28,0,0,.591,12.3
105,2013,287,1754,18.26,16.47,0,0,.588,12.3
105,2013,287,1800,18.15,16.28,0,0,.582,12.3
105,2013,287,1806,18.03,15.97,0,0,.576,12.3
105,2013,287,1812,17.92,15.8,0,0,.571,12.3
105,2013,287,1818,17.81,15.54,0,0,.566,12.3
105,2013,287,1824,17.69,15.38,0,0,.562,12.3
105,2013,287,1830,17.58,15.17,0,0,.558,12.3
105,2013,287,1836,17.46,15.29,0,0,.556,12.3
105,2013,287,1842,17.35,14.52,0,0,.553,12.3
105,2013,287,1848,17.23,14.7,0,0,.548,12.3
105,2013,287,1854,17.11,14.83,0,0,.545,12.3
105,2013,287,1900,16.98,14.63,0,0,.543,12.3
105,2013,287,1906,16.85,13.96,0,0,.539,12.3
105,2013,287,1912,16.72,13.5,0,0,.535,12.3
105,2013,287,1918,16.59,13.39,0,0,.533,12.3
105,2013,287,1924,16.46,13.48,0,0,.531,12.3
105,2013,287,1930,16.33,13.01,0,0,.526,12.3
105,2013,287,1936,16.19,12.84,0,0,.524,12.3
105,2013,287,1942,16.05,13.08,0,0,.522,12.3
105,2013,287,1948,15.92,12.79,0,0,.519,12.3
105,2013,287,1954,15.79,12.58,0,0,.518,12.3
105,2013,287,2000,15.65,12.37,0,0,.515,12.3
105,2013,287,2006,15.52,12.21,0,0,.511,12.3
105,2013,287,2012,15.38,12.35,0,0,.511,12.3
105,2013,287,2018,15.25,11.93,0,0,.507,12.3
105,2013,287,2024,15.11,11.96,0,0,.505,12.3
105,2013,287,2030,14.98,11.98,0,0,.504,12.3
105,2013,287,2036,14.86,11.78,0,0,.501,12.3
105,2013,287,2042,14.73,11.66,0,0,.5,12.3
105,2013,287,2048,14.6,11.41,0,0,.497,12.3
105,2013,287,2054,14.48,11.63,0,0,.497,12.3
105,2013,287,2100,14.36,11.25,0,0,.495,12.3
105,2013,287,2106,14.25,11.19,0,0,.493,12.3
105,2013,287,2112,14.13,11.15,0,0,.491,12.3
105,2013,287,2118,14.02,11.13,0,0,.49,12.3
105,2013,287,2124,13.9,11.11,0,0,.487,12.3
105,2013,287,2130,13.79,11,0,0,.485,12.3
105,2013,287,2136,13.67,10.9,0,0,.484,12.3
105,2013,287,2142,13.57,10.84,0,0,.483,12.3
105,2013,287,2148,13.46,10.94,0,0,.482,12.3
105,2013,287,2154,13.37,10.84,0,0,.479,12.3
105,2013,287,2200,13.27,10.9,0,0,.478,12.3
105,2013,287,2206,13.17,10.58,0,0,.476,12.3
105,2013,287,2212,13.07,10.8,0,0,.474,12.3
105,2013,287,2218,12.98,10.84,0,0,.474,12.3
105,2013,287,2224,12.89,11.28,0,0,.471,12.3
105,2013,287,2230,12.8,12.09,0,0,.471,12.3
105,2013,287,2236,12.71,11.96,0,0,.469,12.3
105,2013,287,2242,12.62,12.3,0,0,.468,12.3
105,2013,287,2248,12.53,12.24,0,0,.467,12.3
105,2013,287,2254,12.44,12.15,0,0,.467,12.3
105,2013,287,2300,12.36,12.17,0,0,.466,12.3
105,2013,287,2306,12.28,12.17,0,0,.464,12.3
105,2013,287,2312,12.21,11.87,0,0,.464,12.3
105,2013,287,2318,12.14,12.03,0,0,.463,12.3
105,2013,287,2324,12.07,12.08,0,0,.463,12.3
105,2013,287,2330,12,11.98,0,0,.463,12.31
105,2013,287,2336,11.93,12.11,0,0,.463,12.31
105,2013,287,2342,11.88,11.84,0,0,.463,12.31
105,2013,287,2348,11.82,11.46,0,0,.463,12.31
105,2013,287,2354,11.76,11.51,0,0,.463,12.31
105,2013,288,0,11.71,11.43,0,0,.464,12.31
105,2013,288,6,11.65,11.49,0,0,.464,12.31
105,2013,288,12,11.59,11.6,0,0,.469,12.31
105,2013,288,18,11.53,11.66,0,0,.479,12.31
105,2013,288,24,11.47,11.57,0,0,.491,12.31
105,2013,288,30,11.42,11.76,0,0,.51,12.3
105,2013,288,36,11.36,11.58,0,0,.533,12.3
105,2013,288,42,11.31,11.36,0,0,.561,12.3
105,2013,288,48,11.26,11.65,0,0,.594,12.3
105,2013,288,54,11.2,11.58,0,0,.632,12.3
105,2013,288,100,11.15,11.36,0,0,.673,12.3
105,2013,288,106,11.1,11.37,0,0,.714,12.31
105,2013,288,112,11.05,11.39,0,0,.758,12.31
105,2013,288,118,11.01,11.42,0,0,.805,12.31
105,2013,288,124,10.96,11.26,0,0,.852,12.31
105,2013,288,130,10.92,11.23,0,0,.899,12.31
105,2013,288,136,10.88,11.28,0,0,.944,12.31
105,2013,288,142,10.84,11.19,0,0,.982,12.31
105,2013,288,148,10.8,11.5,0,0,1.015,12.31
105,2013,288,154,10.76,11.22,0,0,1.035,12.31
105,2013,288,200,10.71,11.27,0,0,1.05,12.31
105,2013,288,206,10.68,11.02,0,0,1.058,12.31
105,2013,288,212,10.64,11.19,0,0,1.061,12.31
105,2013,288,218,10.6,11.27,0,0,1.061,12.31
105,2013,288,224,10.57,10.89,0,0,1.057,12.31
105,2013,288,230,10.54,11.15,0,0,1.05,12.31
105,2013,288,236,10.51,10.98,0,0,1.039,12.31
105,2013,288,242,10.48,10.85,0,0,1.028,12.31
105,2013,288,248,10.45,10.79,0,0,1.017,12.31
105,2013,288,254,10.42,10.9,0,0,1.007,12.31
105,2013,288,300,10.39,11.13,0,0,.998,12.31
105,2013,288,306,10.36,10.83,0,0,.984,12.31
105,2013,288,312,10.33,11.03,0,0,.973,12.31
105,2013,288,318,10.3,10.79,0,0,.959,12.31
105,2013,288,324,10.27,10.67,0,0,.947,12.31
105,2013,288,330,10.24,10.64,0,0,.933,12.31
105,2013,288,336,10.21,10.62,0,0,.919,12.31
105,2013,288,342,10.18,10.69,0,0,.907,12.31
105,2013,288,348,10.15,10.79,0,0,.891,12.31
105,2013,288,354,10.12,10.66,0,0,.875,12.31
105,2013,288,400,10.1,10.69,0,0,.861,12.31
105,2013,288,406,10.07,10.61,0,0,.846,12.31
105,2013,288,412,10.04,10.86,0,0,.833,12.31
105,2013,288,418,10.01,10.77,0,0,.819,12.31
105,2013,288,424,9.98,10.62,0,0,.805,12.31
105,2013,288,430,9.95,10.59,0,0,.793,12.31
105,2013,288,436,9.91,10.38,0,0,.779,12.31
105,2013,288,442,9.88,10.55,0,0,.768,12.31
105,2013,288,448,9.85,10.46,0,0,.756,12.31
105,2013,288,454,9.82,10.74,0,0,.746,12.31
105,2013,288,500,9.79,10.52,0,0,.734,12.3
105,2013,288,506,9.76,10.64,0,0,.724,12.31
105,2013,288,512,9.73,10.79,0,0,.714,12.31
105,2013,288,518,9.7,10.71,0,0,.704,12.31
105,2013,288,524,9.67,10.53,0,0,.695,12.31
105,2013,288,530,9.64,10.58,0,0,.687,12.31
105,2013,288,536,9.62,10.22,0,0,.677,12.31
105,2013,288,542,9.59,10.13,0,0,.67,12.31
105,2013,288,548,9.57,10.31,0,0,.663,12.31
105,2013,288,554,9.55,10.27,0,0,.655,12.31
105,2013,288,600,9.52,9.88,0,0,.648,12.31
105,2013,288,606,9.49,9.91,0,0,.64,12.31
105,2013,288,612,9.46,10.05,0,0,.633,12.31
105,2013,288,618,9.43,9.98,0,0,.626,12.31
105,2013,288,624,9.39,10.21,0,0,.619,12.31
105,2013,288,630,9.36,10.1,0,0,.613,12.31
105,2013,288,636,9.33,10.34,0,0,.607,12.31
105,2013,288,642,9.29,10.3,0,0,.602,12.31
105,2013,288,648,9.26,10.12,0,0,.595,12.31
105,2013,288,654,9.24,10.1,0,0,.591,12.31
105,2013,288,700,9.21,10.12,0,0,.586,12.31
105,2013,288,706,9.19,10.06,0,0,.581,12.31
105,2013,288,712,9.17,9.79,0,0,.576,12.31
105,2013,288,718,9.14,9.98,0,0,.572,12.31
105,2013,288,724,9.11,9.71,0,0,.568,12.31
105,2013,288,730,9.09,9.52,0,0,.564,12.31
105,2013,288,736,9.06,9.71,0,0,.56,12.31
105,2013,288,742,9.02,9.93,0,0,.557,12.31
105,2013,288,748,8.99,10.54,0,0,.553,12.31
105,2013,288,754,8.96,11.34,0,0,.55,12.31
105,2013,288,800,8.94,12.21,0,0,.547,12.31
105,2013,288,806,8.95,12.7,0,0,.544,12.31
105,2013,288,812,8.98,13.94,0,0,.54,12.31
105,2013,288,818,9.05,14.38,0,0,.538,12.3
105,2013,288,824,9.16,14.43,0,0,.534,12.3
105,2013,288,830,9.3,14.99,0,0,.533,12.3
105,2013,288,836,9.49,15.2,0,0,.529,12.3
105,2013,288,842,9.71,15.2,0,0,.526,12.3
105,2013,288,848,9.96,15.28,0,0,.524,12.3
105,2013,288,854,10.24,16.16,0,0,.52,12.3
105,2013,288,900,10.53,16.12,0,0,.516,12.3
105,2013,288,906,10.84,16.53,0,0,.516,12.3
105,2013,288,912,11.17,17.3,0,0,.513,12.3
105,2013,288,918,11.5,17.36,0,0,.51,12.3
105,2013,288,924,11.85,18.13,0,0,.509,12.3
105,2013,288,930,12.19,18.18,0,0,.506,12.3
105,2013,288,936,12.54,18.85,0,0,.504,12.3
105,2013,288,942,12.88,18.75,0,0,.501,12.3
105,2013,288,948,13.23,18.55,0,0,.498,12.3
105,2013,288,954,13.57,19.39,0,0,.497,12.3
105,2013,288,1000,13.89,19.95,0,0,.496,12.3
105,2013,288,1006,14.22,19.93,0,0,.494,12.3
105,2013,288,1012,14.53,19.46,0,0,.491,12.3
105,2013,288,1018,14.84,19.28,0,0,.489,12.3
105,2013,288,1024,15.12,20.6,0,0,.487,12.3
105,2013,288,1030,15.41,20.49,0,0,.486,12.3
105,2013,288,1036,15.69,20.75,0,0,.485,12.3
105,2013,288,1042,15.96,20.84,0,0,.482,12.3
105,2013,288,1048,16.24,21.19,0,0,.481,12.3
105,2013,288,1054,16.52,21.38,0,0,.478,12.3
105,2013,288,1100,16.79,21.24,0,0,.477,12.3
105,2013,288,1106,17.06,21.84,0,0,.475,12.3
105,2013,288,1112,17.32,22.44,0,0,.473,12.3
105,2013,288,1118,17.58,22.32,0,0,.471,12.3
105,2013,288,1124,17.84,22.72,0,0,.471,12.3
105,2013,288,1130,18.08,22.56,0,0,.47,12.3
105,2013,288,1136,18.31,22.46,0,0,.469,12.3
105,2013,288,1142,18.54,22.83,0,0,.467,12.3
105,2013,288,1148,18.77,22.98,0,0,.465,12.3
105,2013,288,1154,19,23.12,0,0,.465,12.3
105,2013,288,1200,19.24,23.74,0,0,.464,12.3
105,2013,288,1206,19.49,23.36,0,0,.463,12.3
105,2013,288,1212,19.72,23.75,0,0,.462,12.3
105,2013,288,1218,19.94,24.04,0,0,.46,12.3
105,2013,288,1224,20.16,24.17,0,0,.459,12.3
105,2013,288,1230,20.38,24.51,0,0,.458,12.29
105,2013,288,1236,20.59,24.52,0,0,.458,12.29
105,2013,288,1242,20.81,25.03,0,0,.457,12.29
105,2013,288,1248,21.02,25.41,0,0,.457,12.29
105,2013,288,1254,21.24,25.08,0,0,.457,12.29
105,2013,288,1300,21.44,25.01,0,0,.456,12.29
105,2013,288,1306,21.63,25.13,0,0,.456,12.29
105,2013,288,1312,21.81,25.38,0,0,.456,12.29
105,2013,288,1318,21.97,25.29,0,0,.455,12.29
105,2013,288,1324,22.12,25.5,0,0,.455,12.29
105,2013,288,1330,22.26,25.13,0,0,.456,12.29
105,2013,288,1336,22.39,25.11,0,0,.455,12.29
105,2013,288,1342,22.52,25.08,0,0,.455,12.29
105,2013,288,1348,22.64,25.17,0,0,.455,12.29
105,2013,288,1354,22.75,25.33,0,0,.455,12.29
105,2013,288,1400,22.86,25.05,0,0,.455,12.29
105,2013,288,1406,22.96,25.02,0,0,.456,12.29
105,2013,288,1412,23.04,24.92,0,0,.457,12.29
105,2013,288,1418,23.11,24.88,0,0,.457,12.29
105,2013,288,1424,23.18,24.99,0,0,.461,12.29
105,2013,288,1430,23.23,24.98,0,0,.467,12.29
105,2013,288,1436,23.28,24.61,0,0,.475,12.29
105,2013,288,1442,23.32,24.12,0,0,.485,12.29
105,2013,288,1448,23.34,23.52,0,0,.492,12.29
105,2013,288,1454,23.35,21.87,0,0,.502,12.29
105,2013,288,1500,23.33,20.88,0,0,.51,12.29
105,2013,288,1506,23.26,20.74,0,0,.519,12.3
105,2013,288,1512,23.15,20.76,0,0,.528,12.3
105,2013,288,1518,23.02,20.62,0,0,.533,12.3
105,2013,288,1524,22.89,20.18,0,0,.536,12.3
105,2013,288,1530,22.75,19.96,0,0,.539,12.3
105,2013,288,1536,22.6,19.33,0,0,.541,12.3
105,2013,288,1542,22.45,18.9,0,0,.54,12.3
105,2013,288,1548,22.3,19.39,0,0,.541,12.3
105,2013,288,1554,22.17,19.58,0,0,.541,12.3
105,2013,288,1600,22.05,19.99,0,0,.54,12.3
105,2013,288,1606,21.96,19.73,0,0,.54,12.3
105,2013,288,1612,21.87,19.86,0,0,.542,12.3
105,2013,288,1618,21.8,20.21,0,0,.541,12.3
105,2013,288,1624,21.75,20.52,0,0,.54,12.3
105,2013,288,1630,21.72,20.77,0,0,.539,12.3
105,2013,288,1636,21.69,19.9,0,0,.538,12.3
105,2013,288,1642,21.66,19.75,0,0,.537,12.3
105,2013,288,1648,21.62,19.2,0,0,.533,12.3
105,2013,288,1654,21.56,18.8,0,0,.532,12.3
105,2013,288,1700,21.5,19.38,0,0,.53,12.3
105,2013,288,1706,21.43,18.93,0,0,.528,12.3
105,2013,288,1712,21.37,18.8,0,0,.525,12.3
105,2013,288,1718,21.3,18.88,0,0,.522,12.3
105,2013,288,1724,21.24,19.17,0,0,.519,12.3
105,2013,288,1730,21.17,19.47,0,0,.518,12.3
105,2013,288,1736,21.11,18.87,0,0,.515,12.3
105,2013,288,1742,21.05,19.03,0,0,.514,12.3
105,2013,288,1748,20.98,18.22,0,0,.51,12.3
105,2013,288,1754,20.9,18.11,0,0,.509,12.3
105,2013,288,1800,20.81,17.79,0,0,.507,12.3
105,2013,288,1806,20.71,17.54,0,0,.505,12.3
105,2013,288,1812,20.61,17.4,0,0,.505,12.3
105,2013,288,1818,20.5,17.54,0,0,.502,12.3
105,2013,288,1824,20.4,17.58,0,0,.5,12.3
105,2013,288,1830,20.31,17.2,0,0,.498,12.3
105,2013,288,1836,20.22,17.75,0,0,.497,12.3
105,2013,288,1842,20.13,17.5,0,0,.494,12.3
105,2013,288,1848,20.04,17.15,0,0,.492,12.3
105,2013,288,1854,19.95,16.95,0,0,.49,12.3
105,2013,288,1900,19.85,17.01,0,0,.489,12.3
105,2013,288,1906,19.76,16.91,0,0,.486,12.3
105,2013,288,1912,19.66,16.39,0,0,.485,12.3
105,2013,288,1918,19.57,16.41,0,0,.484,12.3
105,2013,288,1924,19.49,16.2,0,0,.482,12.3
105,2013,288,1930,19.42,16.46,0,0,.48,12.3
105,2013,288,1936,19.35,16.47,0,0,.479,12.3
105,2013,288,1942,19.28,16.33,0,0,.478,12.3
105,2013,288,1948,19.22,16.21,0,0,.475,12.3
105,2013,288,1954,19.17,16.41,0,0,.474,12.3
105,2013,288,2000,19.13,16.6,0,0,.472,12.3
105,2013,288,2006,19.08,16.28,0,0,.472,12.3
105,2013,288,2012,19.04,16.33,0,0,.471,12.3
105,2013,288,2018,19,16.55,0,0,.468,12.3
105,2013,288,2024,18.95,16.61,0,0,.467,12.3
105,2013,288,2030,18.9,16.84,0,0,.465,12.3
105,2013,288,2036,18.85,16.73,0,0,.465,12.3
105,2013,288,2042,18.81,16.28,0,0,.464,12.3
105,2013,288,2048,18.76,16.03,0,0,.463,12.3
105,2013,288,2054,18.7,16.03,0,0,.461,12.3
105,2013,288,2100,18.63,15.99,0,0,.461,12.3
105,2013,288,2106,18.55,16.03,0,0,.46,12.3
105,2013,288,2112,18.47,15.81,0,0,.459,12.3
105,2013,288,2118,18.38,15.78,0,0,.458,12.3
105,2013,288,2124,18.3,15.87,0,0,.457,12.3
105,2013,288,2130,18.24,15.74,0,0,.456,12.3
105,2013,288,2136,18.18,15.74,0,0,.455,12.3
105,2013,288,2142,18.12,15.64,0,0,.453,12.3
105,2013,288,2148,18.08,15.99,0,0,.453,12.3
105,2013,288,2154,18.06,16.09,0,0,.452,12.3
105,2013,288,2200,18.04,15.58,0,0,.451,12.3
105,2013,288,2206,18.03,15.46,0,0,.45,12.3
105,2013,288,2212,18.03,15.71,0,0,.449,12.3
105,2013,288,2218,18.03,15.72,0,0,.447,12.3
105,2013,288,2224,18.02,15.72,0,0,.447,12.3
105,2013,288,2230,18.02,15.88,0,0,.446,12.3
105,2013,288,2236,18.03,16.21,0,0,.445,12.3
105,2013,288,2242,18.03,16.14,0,0,.444,12.3
105,2013,288,2248,18.04,15.8,0,0,.443,12.3
105,2013,288,2254,18.05,16.06,0,0,.443,12.3
105,2013,288,2300,18.05,16.52,0,0,.442,12.3
105,2013,288,2306,18.06,16.03,0,0,.44,12.3
105,2013,288,2312,18.07,15.77,0,0,.44,12.3
105,2013,288,2318,18.07,15.9,0,0,.438,12.3
105,2013,288,2324,18.08,16.4,0,0,.437,12.3
105,2013,288,2330,18.08,16.15,0,0,.437,12.3
105,2013,288,2336,18.08,16.22,0,0,.436,12.3
105,2013,288,2342,18.08,15.68,0,0,.435,12.3
105,2013,288,2348,18.08,15.84,0,0,.433,12.3
105,2013,288,2354,18.08,16.02,0,0,.433,12.3
105,2013,289,0,18.08,15.57,0,0,.433,12.3
105,2013,289,6,18.08,15.64,0,0,.432,12.3
105,2013,289,12,18.08,16,0,0,.431,12.3
105,2013,289,18,18.08,16.21,0,0,.431,12.3
105,2013,289,24,18.08,16.12,0,0,.429,12.3
105,2013,289,30,18.07,15.68,0,0,.429,12.3
105,2013,289,36,18.06,16.3,0,0,.428,12.3
105,2013,289,42,18.06,15.91,0,0,.428,12.3
105,2013,289,48,18.05,15.46,0,0,.428,12.3
105,2013,289,54,18.03,15.56,0,0,.427,12.3
105,2013,289,100,18.01,15.83,0,0,.427,12.3
105,2013,289,106,18,15.82,0,0,.425,12.3
105,2013,289,112,17.98,15.55,0,0,.426,12.3
105,2013,289,118,17.97,15.66,0,0,.426,12.3
105,2013,289,124,17.96,15.64,0,0,.427,12.3
105,2013,289,130,17.94,15.73,0,0,.426,12.3
105,2013,289,136,17.93,15.72,0,0,.425,12.3
105,2013,289,142,17.91,15.81,0,0,.427,12.3
105,2013,289,148,17.89,15.84,0,0,.427,12.3
105,2013,289,154,17.87,15.73,0,0,.426,12.3
105,2013,289,200,17.85,15.46,0,0,.429,12.3
105,2013,289,206,17.84,15.57,0,0,.437,12.3
105,2013,289,212,17.82,15.87,0,0,.45,12.3
105,2013,289,218,17.81,15.42,0,0,.467,12.3
105,2013,289,224,17.8,15.55,0,0,.491,12.3
105,2013,289,230,17.78,15.74,0,0,.522,12.3
105,2013,289,236,17.78,15.75,0,0,.554,12.3
105,2013,289,242,17.76,15.76,0,0,.589,12.3
105,2013,289,248,17.75,16.06,0,0,.628,12.3
105,2013,289,254,17.75,15.83,0,0,.663,12.3
105,2013,289,300,17.74,15.79,0,0,.698,12.3
105,2013,289,306,17.74,15.47,0,0,.733,12.3
105,2013,289,312,17.74,15.67,0,0,.763,12.3
105,2013,289,318,17.71,15.71,0,0,.788,12.3
105,2013,289,324,17.66,15.85,0,0,.81,12.3
105,2013,289,330,17.59,15.98,0,0,.829,12.3
105,2013,289,336,17.52,15.8,0,0,.839,12.3
105,2013,289,342,17.44,15.82,0,0,.844,12.3
105,2013,289,348,17.37,15.65,0,0,.841,12.3
105,2013,289,354,17.28,16.13,0,0,.841,12.3
105,2013,289,400,17.21,15.71,0,0,.844,12.3
105,2013,289,406,17.13,15.24,0,0,.84,12.3
105,2013,289,412,17.07,15.87,0,0,.835,12.3
105,2013,289,418,17.01,16.01,0,0,.826,12.3
105,2013,289,424,16.95,15.54,0,0,.818,12.3
105,2013,289,430,16.9,15.4,0,0,.808,12.3
105,2013,289,436,16.85,15.11,0,0,.8,12.3
105,2013,289,442,16.81,15.64,0,0,.791,12.3
105,2013,289,448,16.78,15.36,0,0,.782,12.3
105,2013,289,454,16.74,15.12,0,0,.772,12.3
105,2013,289,500,16.71,15.42,0,0,.765,12.3
105,2013,289,506,16.69,15.06,0,0,.753,12.3
105,2013,289,512,16.67,15.13,0,0,.744,12.3
105,2013,289,518,16.64,15.56,0,0,.734,12.3
105,2013,289,524,16.62,16.14,0,0,.726,12.3
105,2013,289,530,16.6,15.99,0,0,.715,12.3
105,2013,289,536,16.58,15.93,0,0,.705,12.3
105,2013,289,542,16.56,15.92,0,0,.695,12.3
105,2013,289,548,16.54,16.1,0,0,.687,12.3
105,2013,289,554,16.53,15.95,0,0,.677,12.3
105,2013,289,600,16.51,16.15,0,0,.67,12.3
105,2013,289,606,16.49,16.33,0,0,.662,12.3
105,2013,289,612,16.48,16.31,0,0,.654,12.3
105,2013,289,618,16.46,16.11,0,0,.646,12.3
105,2013,289,624,16.44,16.39,0,0,.638,12.3
105,2013,289,630,16.42,16.17,0,0,.631,12.3
105,2013,289,636,16.41,16.02,0,0,.624,12.3
105,2013,289,642,16.39,16.12,0,0,.617,12.3
105,2013,289,648,16.37,15.94,0,0,.61,12.3
105,2013,289,654,16.35,15.94,0,0,.604,12.3
105,2013,289,700,16.32,15.85,0,0,.599,12.3
105,2013,289,706,16.3,15.8,0,0,.594,12.3
105,2013,289,712,16.27,15.77,0,0,.589,12.3
105,2013,289,718,16.25,15.71,0,0,.584,12.3
105,2013,289,724,16.22,15.76,0,0,.578,12.3
105,2013,289,730,16.2,15.8,0,0,.573,12.3
105,2013,289,736,16.18,16.05,0,0,.569,12.3
105,2013,289,742,16.17,16.28,0,0,.565,12.3
105,2013,289,748,16.16,16.27,0,0,.561,12.3
105,2013,289,754,16.15,16.46,0,0,.557,12.3
105,2013,289,800,16.16,16.46,0,0,.552,12.3
105,2013,289,806,16.18,16.36,0,0,.549,12.3
105,2013,289,812,16.21,17.13,0,0,.545,12.3
105,2013,289,818,16.26,17.61,0,0,.543,12.3
105,2013,289,824,16.32,17.77,0,0,.539,12.3
105,2013,289,830,16.39,17.98,0,0,.536,12.3
105,2013,289,836,16.47,17.93,0,0,.534,12.3
105,2013,289,842,16.56,18.49,0,0,.53,12.3
105,2013,289,848,16.66,18.4,0,0,.527,12.3
105,2013,289,854,16.74,18.26,0,0,.526,12.3
105,2013,289,900,16.82,18.24,0,0,.523,12.3
105,2013,289,906,16.89,18.21,0,0,.52,12.3
105,2013,289,912,16.95,18.23,0,0,.516,12.3
105,2013,289,918,17.02,18.47,0,0,.514,12.3
105,2013,289,924,17.09,18.53,0,0,.512,12.3
105,2013,289,930,17.17,18.43,0,0,.509,12.3
105,2013,289,936,17.24,18.31,0,0,.507,12.3
105,2013,289,942,17.31,18.19,0,0,.506,12.3
105,2013,289,948,17.36,18.17,0,0,.502,12.3
105,2013,289,954,17.4,18.3,0,0,.5,12.3
105,2013,289,1000,17.45,18.42,0,0,.499,12.3
105,2013,289,1006,17.49,18.48,0,0,.497,12.3
105,2013,289,1012,17.54,18.94,0,0,.495,12.3
105,2013,289,1018,17.6,19.25,0,0,.494,12.3
105,2013,289,1024,17.67,19.53,0,0,.491,12.3
105,2013,289,1030,17.76,19.46,0,0,.49,12.3
105,2013,289,1036,17.84,19.67,0,0,.488,12.3
105,2013,289,1042,17.93,20.11,0,0,.485,12.3
105,2013,289,1048,18.03,19.85,0,0,.485,12.3
105,2013,289,1054,18.14,19.92,0,0,.483,12.3
105,2013,289,1100,18.24,19.7,0,0,.481,12.3
105,2013,289,1106,18.34,19.75,0,0,.479,12.3
105,2013,289,1112,18.43,19.53,0,0,.477,12.3
105,2013,289,1118,18.51,19.81,0,0,.476,12.3
105,2013,289,1124,18.6,20.83,0,0,.474,12.3
105,2013,289,1130,18.7,20.79,0,0,.471,12.3
105,2013,289,1136,18.81,20.56,0,0,.471,12.3
105,2013,289,1142,18.91,20.17,0,0,.469,12.3
105,2013,289,1148,19.01,20.27,0,0,.469,12.3
105,2013,289,1154,19.08,20.28,0,0,.467,12.3
105,2013,289,1200,19.15,20.18,0,0,.468,12.3
105,2013,289,1206,19.21,20.41,0,0,.465,12.3
105,2013,289,1212,19.27,20.46,0,0,.464,12.3
105,2013,289,1218,19.33,20.37,0,0,.462,12.3
105,2013,289,1224,19.38,20.35,0,0,.462,12.3
105,2013,289,1230,19.43,20.29,0,0,.461,12.3
105,2013,289,1236,19.47,20.32,0,0,.459,12.3
105,2013,289,1242,19.51,19.86,0,0,.459,12.3
105,2013,289,1248,19.54,19.8,0,0,.458,12.3
105,2013,289,1254,19.56,19.8,0,0,.457,12.3
105,2013,289,1300,19.56,19.93,0,0,.456,12.3
105,2013,289,1306,19.57,20.21,0,0,.456,12.3
105,2013,289,1312,19.59,19.84,0,0,.455,12.3
105,2013,289,1318,19.6,20.32,0,0,.455,12.3
105,2013,289,1324,19.62,20.51,0,0,.455,12.3
105,2013,289,1330,19.65,21.01,0,0,.455,12.3
105,2013,289,1336,19.69,20.99,0,0,.455,12.3
105,2013,289,1342,19.74,20.83,0,0,.454,12.3
105,2013,289,1348,19.8,21.14,0,0,.455,12.3
105,2013,289,1354,19.86,20.83,0,0,.455,12.3
105,2013,289,1400,19.91,20.71,0,0,.458,12.3
105,2013,289,1406,19.95,21.19,0,0,.467,12.3
105,2013,289,1412,20,21.69,0,0,.48,12.3
105,2013,289,1418,20.05,20.91,0,0,.495,12.3
105,2013,289,1424,20.1,20.85,0,0,.516,12.3
105,2013,289,1430,20.14,20.71,0,0,.54,12.3
105,2013,289,1436,20.17,20.56,0,0,.566,12.3
105,2013,289,1442,20.2,20.85,0,0,.597,12.3
105,2013,289,1448,20.22,20.97,0,0,.629,12.3
105,2013,289,1454,20.25,21.14,0,0,.66,12.3
105,2013,289,1500,20.28,21.25,0,0,.692,12.3
105,2013,289,1506,20.31,20.93,0,0,.725,12.3
105,2013,289,1512,20.34,20.72,0,0,.759,12.3
105,2013,289,1518,20.36,20.77,0,0,.79,12.3
105,2013,289,1524,20.38,20.49,0,0,.821,12.3
105,2013,289,1530,20.4,20.8,0,0,.846,12.3
105,2013,289,1536,20.42,20.87,0,0,.869,12.3
105,2013,289,1542,20.44,20.96,0,0,.885,12.3
105,2013,289,1548,20.46,20.81,0,0,.893,12.3
105,2013,289,1554,20.48,20.82,0,0,.894,12.3
105,2013,289,1600,20.5,20.4,0,0,.896,12.3
105,2013,289,1606,20.5,20.65,0,0,.894,12.3
105,2013,289,1612,20.5,20.59,0,0,.891,12.3
105,2013,289,1618,20.5,20.47,0,0,.881,12.3
105,2013,289,1624,20.5,20.42,0,0,.872,12.3
105,2013,289,1630,20.5,20.54,0,0,.863,12.3
105,2013,289,1636,20.49,20.24,0,0,.853,12.3
105,2013,289,1642,20.47,20.13,0,0,.844,12.3
105,2013,289,1648,20.44,20.09,0,0,.834,12.3
105,2013,289,1654,20.41,19.97,0,0,.824,12.3
105,2013,289,1700,20.37,20.01,0,0,.813,12.3
105,2013,289,1706,20.33,19.82,0,0,.802,12.3
105,2013,289,1712,20.28,19.86,0,0,.795,12.3
105,2013,289,1718,20.24,19.53,0,0,.783,12.3
105,2013,289,1724,20.19,19.32,0,0,.772,12.3
105,2013,289,1730,20.14,19.24,0,0,.761,12.3
105,2013,289,1736,20.09,19.15,0,0,.752,12.3
105,2013,289,1742,20.03,19.24,0,0,.74,12.3
105,2013,289,1748,19.97,19.11,0,0,.734,12.3
105,2013,289,1754,19.91,18.88,0,0,.721,12.3
105,2013,289,1800,19.84,18.76,0,0,.712,12.3
105,2013,289,1806,19.78,18.28,0,0,.702,12.3
105,2013,289,1812,19.72,18.06,0,0,.691,12.3
105,2013,289,1818,19.66,18.16,0,0,.682,12.3
105,2013,289,1824,19.59,18.48,0,0,.674,12.3
105,2013,289,1830,19.52,18.11,0,0,.666,12.3
105,2013,289,1836,19.45,17.74,0,0,.658,12.3
105,2013,289,1842,19.37,17.97,0,0,.651,12.3
105,2013,289,1848,19.3,17.51,0,0,.643,12.3
105,2013,289,1854,19.23,16.93,0,0,.635,12.3
105,2013,289,1900,19.16,17.79,0,0,.628,12.3
105,2013,289,1906,19.09,17.74,0,0,.621,12.3
105,2013,289,1912,19.02,17.81,0,0,.615,12.3
105,2013,289,1918,18.95,17.49,0,0,.608,12.3
105,2013,289,1924,18.88,17.14,0,0,.602,12.3
105,2013,289,1930,18.81,16.86,0,0,.597,12.3
105,2013,289,1936,18.74,16.24,0,0,.592,12.3
105,2013,289,1942,18.67,16.62,0,0,.587,12.3
105,2013,289,1948,18.59,16.52,0,0,.582,12.3
105,2013,289,1954,18.53,16.39,0,0,.577,12.3
105,2013,289,2000,18.45,15.89,0,0,.571,12.3
105,2013,289,2006,18.39,15.85,0,0,.568,12.3
105,2013,289,2012,18.33,16.61,0,0,.563,12.3
105,2013,289,2018,18.28,17.59,0,0,.56,12.3
105,2013,289,2024,18.22,17.73,0,0,.556,12.3
105,2013,289,2030,18.16,17.59,0,0,.553,12.3
105,2013,289,2036,18.11,17.64,0,0,.549,12.3
105,2013,289,2042,18.06,17.69,0,0,.546,12.3
105,2013,289,2048,18.02,17.63,0,0,.543,12.3
105,2013,289,2054,17.97,17.48,0,0,.54,12.3
105,2013,289,2100,17.93,17.54,0,0,.536,12.3
105,2013,289,2106,17.88,17.5,0,0,.534,12.3
105,2013,289,2112,17.84,17.6,0,0,.531,12.3
105,2013,289,2118,17.79,17.64,0,0,.528,12.3
105,2013,289,2124,17.75,17.41,0,0,.526,12.3
105,2013,289,2130,17.7,17.57,0,0,.523,12.3
105,2013,289,2136,17.64,17.21,0,0,.519,12.3
105,2013,289,2142,17.59,17.23,0,0,.517,12.3
105,2013,289,2148,17.54,17.29,0,0,.516,12.3
105,2013,289,2154,17.48,17.23,0,0,.513,12.3
105,2013,289,2200,17.42,17.16,0,0,.51,12.3
105,2013,289,2206,17.37,17.28,0,0,.508,12.3
105,2013,289,2212,17.33,17.23,0,0,.506,12.3
105,2013,289,2218,17.29,16.98,0,0,.504,12.3
105,2013,289,2224,17.23,17.14,0,0,.502,12.3
105,2013,289,2230,17.18,16.93,0,0,.501,12.3
105,2013,289,2236,17.12,16.72,0,0,.499,12.3
105,2013,289,2242,17.06,16.72,0,0,.497,12.3
105,2013,289,2248,17.01,16.7,0,0,.494,12.3
105,2013,289,2254,16.96,16.82,0,0,.493,12.3
105,2013,289,2300,16.91,16.94,0,0,.491,12.3
105,2013,289,2306,16.88,16.64,0,0,.489,12.3
105,2013,289,2312,16.84,16.69,0,0,.487,12.3
105,2013,289,2318,16.8,16.71,0,0,.486,12.3
105,2013,289,2324,16.76,16.75,0,0,.485,12.3
105,2013,289,2330,16.72,16.67,0,0,.483,12.3
105,2013,289,2336,16.68,16.39,0,0,.482,12.3
105,2013,289,2342,16.64,16.62,0,0,.481,12.3
105,2013,289,2348,16.61,16.48,0,0,.478,12.3
105,2013,289,2354,16.58,16.51,0,0,.477,12.3
105,2013,290,0,16.55,16.53,0,0,.476,12.3
105,2013,290,6,16.53,16.38,0,0,.475,12.3
105,2013,290,12,16.49,16.08,0,0,.473,12.3
105,2013,290,18,16.43,15.9,0,0,.473,12.3
105,2013,290,24,16.37,15.62,0,0,.47,12.3
105,2013,290,30,16.3,15.9,0,0,.469,12.3
105,2013,290,36,16.24,15.9,0,0,.468,12.3
105,2013,290,42,16.18,16.11,0,0,.467,12.3
105,2013,290,48,16.14,16.05,0,0,.466,12.3
105,2013,290,54,16.1,16.06,0,0,.465,12.3
105,2013,290,100,16.05,15.98,0,0,.464,12.3
105,2013,290,106,16.01,15.8,0,0,.463,12.3
105,2013,290,112,15.97,15.95,0,0,.462,12.3
105,2013,290,118,15.94,15.81,0,0,.46,12.3
105,2013,290,124,15.91,15.91,0,0,.461,12.3
105,2013,290,130,15.88,15.95,0,0,.461,12.3
105,2013,290,136,15.86,15.9,0,0,.462,12.3
105,2013,290,142,15.84,15.77,0,0,.462,12.3
105,2013,290,148,15.81,15.77,0,0,.462,12.3
105,2013,290,154,15.78,15.78,0,0,.461,12.3
105,2013,290,200,15.75,15.69,0,0,.461,12.3
105,2013,290,206,15.72,15.61,0,0,.461,12.3
105,2013,290,212,15.7,15.73,0,0,.463,12.3
105,2013,290,218,15.68,15.57,0,0,.473,12.3
105,2013,290,224,15.66,15.68,0,0,.486,12.3
105,2013,290,230,15.64,15.75,0,0,.503,12.3
105,2013,290,236,15.63,15.74,0,0,.526,12.3
105,2013,290,242,15.62,15.72,0,0,.554,12.3
105,2013,290,248,15.6,15.88,0,0,.586,12.3
105,2013,290,254,15.6,15.95,0,0,.621,12.3
105,2013,290,300,15.61,16.07,0,0,.66,12.3
105,2013,290,306,15.63,16.02,0,0,.696,12.3
105,2013,290,312,15.64,16,0,0,.737,12.3
105,2013,290,318,15.66,16.06,0,0,.776,12.3
105,2013,290,324,15.68,16.14,0,0,.816,12.3
105,2013,290,330,15.71,16.11,0,0,.853,12.3
105,2013,290,336,15.73,16.11,0,0,.888,12.3
105,2013,290,342,15.74,16.07,0,0,.921,12.3
105,2013,290,348,15.75,16.11,0,0,.947,12.3
105,2013,290,354,15.74,16.08,0,0,.966,12.3
105,2013,290,400,15.74,15.95,0,0,.981,12.3
105,2013,290,406,15.73,16.05,0,0,.993,12.3
105,2013,290,412,15.71,15.99,0,0,.996,12.3
105,2013,290,418,15.69,16.02,0,0,.998,12.3
105,2013,290,424,15.67,16.02,0,0,.997,12.3
105,2013,290,430,15.66,16,0,0,.992,12.3
105,2013,290,436,15.64,15.93,0,0,.981,12.3
105,2013,290,442,15.62,16.01,0,0,.971,12.3
105,2013,290,448,15.59,15.93,0,0,.955,12.3
105,2013,290,454,15.57,15.86,0,0,.943,12.3
105,2013,290,500,15.54,15.8,0,0,.928,12.3
105,2013,290,506,15.51,15.61,0,0,.915,12.3
105,2013,290,512,15.48,15.65,0,0,.902,12.3
105,2013,290,518,15.44,15.74,0,0,.886,12.3
105,2013,290,524,15.4,15.77,0,0,.871,12.3
105,2013,290,530,15.37,15.87,0,0,.858,12.3
105,2013,290,536,15.33,15.76,0,0,.843,12.3
105,2013,290,542,15.3,15.72,0,0,.833,12.3
105,2013,290,548,15.27,15.65,0,0,.82,12.3
105,2013,290,554,15.24,15.57,0,0,.808,12.3
105,2013,290,600,15.21,15.73,0,0,.796,12.3
105,2013,290,606,15.18,15.84,0,0,.785,12.3
105,2013,290,612,15.16,15.79,0,0,.773,12.3
105,2013,290,618,15.13,15.85,0,0,.763,12.3
105,2013,290,624,15.11,15.85,0,0,.752,12.3
105,2013,290,630,15.09,15.79,0,0,.74,12.3
105,2013,290,636,15.08,15.92,0,0,.73,12.3
105,2013,290,642,15.07,15.91,0,0,.719,12.3
105,2013,290,648,15.06,15.93,0,0,.709,12.3
105,2013,290,654,15.06,15.94,0,0,.699,12.3
105,2013,290,700,15.05,16.01,0,0,.69,12.3
105,2013,290,706,15.06,15.97,0,0,.681,12.3
105,2013,290,712,15.06,15.95,0,0,.673,12.3
105,2013,290,718,15.07,15.89,0,0,.665,12.3
105,2013,290,724,15.08,15.8,0,0,.657,12.3
105,2013,290,730,15.08,15.91,0,0,.651,12.3
105,2013,290,736,15.09,15.89,0,0,.643,12.3
105,2013,290,742,15.09,16.11,0,0,.635,12.3
105,2013,290,748,15.1,16.15,0,0,.628,12.3
105,2013,290,754,15.11,16.07,0,0,.622,12.3
105,2013,290,800,15.12,16.1,0,0,.615,12.3
105,2013,290,806,15.14,16.3,0,0,.609,12.3
105,2013,290,812,15.16,16.35,0,0,.603,12.3
105,2013,290,818,15.18,16.43,0,0,.597,12.3
105,2013,290,824,15.2,16.66,0,0,.592,12.3
105,2013,290,830,15.23,16.84,0,0,.587,12.3
105,2013,290,836,15.26,17,0,0,.583,12.3
105,2013,290,842,15.29,17,0,0,.577,12.3
105,2013,290,848,15.34,17.26,0,0,.573,12.3
105,2013,290,854,15.38,17.27,0,0,.568,12.3
105,2013,290,900,15.44,17.48,0,0,.564,12.3
105,2013,290,906,15.51,17.46,0,0,.561,12.3
105,2013,290,912,15.58,17.45,0,0,.557,12.3
105,2013,290,918,15.66,17.58,0,0,.554,12.3
105,2013,290,924,15.74,18.01,0,0,.55,12.3
105,2013,290,930,15.83,18.51,0,0,.548,12.3
105,2013,290,936,15.93,18.75,0,0,.544,12.3
105,2013,290,942,16.04,19.06,0,0,.541,12.3
105,2013,290,948,16.16,19.05,0,0,.537,12.3
105,2013,290,954,16.29,19.23,0,0,.535,12.3
105,2013,290,1000,16.43,18.91,0,0,.532,12.3
105,2013,290,1006,16.58,20.09,0,0,.528,12.3
105,2013,290,1012,16.74,20.5,0,0,.525,12.3
105,2013,290,1018,16.94,20.8,0,0,.522,12.3
105,2013,290,1024,17.15,21.19,0,0,.52,12.3
105,2013,290,1030,17.39,21.38,0,0,.518,12.3
105,2013,290,1036,17.63,21.8,0,0,.516,12.3
105,2013,290,1042,17.88,21.34,0,0,.514,12.3
105,2013,290,1048,18.12,21.44,0,0,.51,12.3
105,2013,290,1054,18.4,21.4,0,0,.509,12.3
105,2013,290,1100,18.76,22.12,0,0,.506,12.3
105,2013,290,1106,19.21,23.31,0,0,.505,12.29
105,2013,290,1112,19.75,23.48,0,0,.502,12.29
105,2013,290,1118,20.35,24.24,0,0,.502,12.29
105,2013,290,1124,21,24.21,0,0,.5,12.29
105,2013,290,1130,21.67,24.01,0,0,.499,12.29
105,2013,290,1136,22.34,24.72,0,0,.498,12.29
105,2013,290,1142,22.99,24.81,0,0,.496,12.29
105,2013,290,1148,23.62,25.18,0,0,.494,12.29
105,2013,290,1154,24.25,26.43,0,0,.492,12.29
105,2013,290,1200,24.86,26.28,0,0,.49,12.29
105,2013,290,1206,25.45,26.35,0,0,.487,12.29
105,2013,290,1212,26,26.63,0,0,.486,12.29
105,2013,290,1218,26.52,25.42,0,0,.482,12.29
105,2013,290,1224,27.01,25.93,0,0,.481,12.29
105,2013,290,1230,27.48,25.39,0,0,.479,12.29
105,2013,290,1236,27.96,25.83,0,0,.477,12.29
105,2013,290,1242,28.43,26.64,0,0,.477,12.29
105,2013,290,1248,28.89,26.36,0,0,.474,12.29
105,2013,290,1254,29.34,27.13,0,0,.474,12.29
105,2013,290,1300,29.78,26.12,0,0,.474,12.29
105,2013,290,1306,30.21,26.11,0,0,.474,12.29
105,2013,290,1312,30.62,25.17,0,0,.474,12.29
105,2013,290,1318,30.97,24.28,0,0,.473,12.29
105,2013,290,1324,31.27,25.45,0,0,.473,12.29
105,2013,290,1330,31.54,24.36,0,0,.474,12.29
105,2013,290,1336,31.8,23.67,0,0,.473,12.29
105,2013,290,1342,32.01,23.43,0,0,.475,12.29
105,2013,290,1348,32.2,23.56,0,0,.479,12.29
105,2013,290,1354,32.36,23.28,0,0,.491,12.29
105,2013,290,1400,32.47,23.17,0,0,.506,12.29
105,2013,290,1406,32.58,22.79,0,0,.53,12.29
105,2013,290,1412,32.67,21.91,0,0,.559,12.29
105,2013,290,1418,32.73,21.48,0,0,.595,12.29
105,2013,290,1424,32.76,21.21,0,0,.637,12.29
105,2013,290,1430,32.77,20.97,0,0,.68,12.29
105,2013,290,1436,32.76,21.3,0,0,.729,12.29
105,2013,290,1442,32.73,21.29,0,0,.782,12.29
105,2013,290,1448,32.63,21.33,0,0,.838,12.29
105,2013,290,1454,32.43,21.19,0,0,.893,12.29
105,2013,290,1500,32.14,21.57,0,0,.945,12.29
105,2013,290,1506,31.81,21.71,0,0,.991,12.29
105,2013,290,1512,31.47,21.81,0,0,1.03,12.29
105,2013,290,1518,31.12,21.81,0,0,1.063,12.29
105,2013,290,1524,30.77,21.82,0,0,1.092,12.29
105,2013,290,1530,30.43,21.81,0,0,1.12,12.29
105,2013,290,1536,30.09,21.66,0,0,1.147,12.29
105,2013,290,1542,29.77,21.62,0,0,1.175,12.29
105,2013,290,1548,29.45,21.63,0,0,1.201,12.29
105,2013,290,1554,29.14,21.61,0,0,1.228,12.29
105,2013,290,1600,28.83,21.37,0,0,1.252,12.29
105,2013,290,1606,28.54,21.26,0,0,1.272,12.29
105,2013,290,1612,28.24,21.37,0,0,1.289,12.29
105,2013,290,1618,27.96,21.46,0,0,1.302,12.29
105,2013,290,1624,27.68,21.29,0,0,1.304,12.29
105,2013,290,1630,27.4,21.31,0,0,1.302,12.29
105,2013,290,1636,27.14,21.39,0,0,1.295,12.29
105,2013,290,1642,26.88,21.67,0,0,1.283,12.29
105,2013,290,1648,26.64,21.79,0,0,1.267,12.3
105,2013,290,1654,26.41,21.58,0,0,1.247,12.29
105,2013,290,1700,26.2,21.53,0,0,1.229,12.29
105,2013,290,1706,25.99,21.34,0,0,1.206,12.29
105,2013,290,1712,25.79,21.1,0,0,1.184,12.3
105,2013,290,1718,25.6,21.01,0,0,1.162,12.3
105,2013,290,1724,25.42,21.11,0,0,1.141,12.3
105,2013,290,1730,25.24,20.7,0,0,1.121,12.3
105,2013,290,1736,25.06,20.62,0,0,1.105,12.3
105,2013,290,1742,24.89,20.76,0,0,1.092,12.3
105,2013,290,1748,24.73,20.58,0,0,1.077,12.3
105,2013,290,1754,24.56,20.62,0,0,1.067,12.3
105,2013,290,1800,24.4,20.46,0,0,1.055,12.29
105,2013,290,1806,24.24,20.36,0,0,1.047,12.3
105,2013,290,1812,24.09,20.51,0,0,1.04,12.3
105,2013,290,1818,23.95,20.28,0,0,1.03,12.3
105,2013,290,1824,23.81,20.1,0,0,1.019,12.3
105,2013,290,1830,23.66,19.76,0,0,1.007,12.29
105,2013,290,1836,23.51,19.81,0,0,.992,12.29
105,2013,290,1842,23.37,19.38,0,0,.975,12.3
105,2013,290,1848,23.22,19.13,0,0,.96,12.3
105,2013,290,1854,23.06,18.86,0,0,.943,12.3
105,2013,290,1900,22.89,18.89,0,0,.924,12.3
105,2013,290,1906,22.73,18.74,0,0,.906,12.3
105,2013,290,1912,22.57,18.56,0,0,.885,12.3
105,2013,290,1918,22.41,18.65,0,0,.864,12.3
105,2013,290,1924,22.26,18.35,0,0,.847,12.3
105,2013,290,1930,22.1,18.4,0,0,.829,12.3
105,2013,290,1936,21.95,18.28,0,0,.812,12.3
105,2013,290,1942,21.81,18,0,0,.796,12.3
105,2013,290,1948,21.68,17.81,0,0,.78,12.3
105,2013,290,1954,21.55,17.74,0,0,.768,12.3
105,2013,290,2000,21.42,17.8,0,0,.755,12.3
105,2013,290,2006,21.3,17.8,0,0,.742,12.3
105,2013,290,2012,21.18,17.93,0,0,.731,12.3
105,2013,290,2018,21.06,17.8,0,0,.719,12.3
105,2013,290,2024,20.96,17.81,0,0,.707,12.3
105,2013,290,2030,20.85,17.81,0,0,.698,12.3
105,2013,290,2036,20.75,17.77,0,0,.688,12.3
105,2013,290,2042,20.66,18.05,0,0,.678,12.3
105,2013,290,2048,20.57,18.11,0,0,.671,12.3
105,2013,290,2054,20.48,18.01,0,0,.663,12.3
105,2013,290,2100,20.41,18.14,0,0,.656,12.3
105,2013,290,2106,20.34,18.16,0,0,.647,12.3
105,2013,290,2112,20.28,18.73,0,0,.637,12.3
105,2013,290,2118,20.22,18.79,0,0,.63,12.3
105,2013,290,2124,20.16,18.7,0,0,.624,12.3
105,2013,290,2130,20.11,18.67,0,0,.618,12.3
105,2013,290,2136,20.06,18.81,0,0,.61,12.3
105,2013,290,2142,20.02,19.38,0,0,.605,12.3
105,2013,290,2148,19.98,19.04,0,0,.599,12.3
105,2013,290,2154,19.95,19.26,0,0,.593,12.3
105,2013,290,2200,19.92,19.22,0,0,.589,12.3
105,2013,290,2206,19.89,19.34,0,0,.584,12.3
105,2013,290,2212,19.87,19.66,0,0,.579,12.3
105,2013,290,2218,19.85,19.4,0,0,.574,12.3
105,2013,290,2224,19.84,19.62,0,0,.57,12.3
105,2013,290,2230,19.83,19.53,0,0,.567,12.3
105,2013,290,2236,19.81,19.3,0,0,.561,12.3
105,2013,290,2242,19.81,19.49,0,0,.558,12.3
105,2013,290,2248,19.8,19.53,0,0,.555,12.3
105,2013,290,2254,19.8,19.42,0,0,.55,12.3
105,2013,290,2300,19.79,19.32,0,0,.549,12.3
105,2013,290,2306,19.79,19.44,0,0,.545,12.3
105,2013,290,2312,19.78,19.34,0,0,.544,12.3
105,2013,290,2318,19.78,19.2,0,0,.54,12.3
105,2013,290,2324,19.77,19.05,0,0,.537,12.3
105,2013,290,2330,19.76,18.84,0,0,.534,12.3
105,2013,290,2336,19.74,18.7,0,0,.532,12.3
105,2013,290,2342,19.72,18.55,0,0,.529,12.3
105,2013,290,2348,19.69,18.53,0,0,.526,12.3
105,2013,290,2354,19.65,18.34,0,0,.522,12.3
105,2013,291,0,19.61,18.2,0,0,.521,12.3
105,2013,291,6,19.56,18.08,0,0,.518,12.3
105,2013,291,12,19.51,17.98,0,0,.516,12.3
105,2013,291,18,19.44,17.71,0,0,.514,12.3
105,2013,291,24,19.36,17.54,0,0,.512,12.3
105,2013,291,30,19.27,17.51,0,0,.511,12.3
105,2013,291,36,19.17,17.3,0,0,.507,12.3
105,2013,291,42,19.06,16.94,0,0,.507,12.3
105,2013,291,48,18.94,16.71,0,0,.505,12.3
105,2013,291,54,18.81,16.51,0,0,.503,12.3
105,2013,291,100,18.69,16.59,0,0,.502,12.3
105,2013,291,106,18.56,16.34,0,0,.5,12.3
105,2013,291,112,18.42,16.06,0,0,.499,12.3
105,2013,291,118,18.28,15.99,0,0,.497,12.3
105,2013,291,124,18.14,15.82,0,0,.495,12.3
105,2013,291,130,17.99,15.83,0,0,.494,12.3
105,2013,291,136,17.84,15.95,0,0,.492,12.3
105,2013,291,142,17.69,15.63,0,0,.49,12.3
105,2013,291,148,17.55,15.45,0,0,.488,12.3
105,2013,291,154,17.41,15.71,0,0,.486,12.3
105,2013,291,200,17.27,15.74,0,0,.485,12.3
105,2013,291,206,17.14,15.53,0,0,.484,12.3
105,2013,291,212,17.02,15.62,0,0,.482,12.3
105,2013,291,218,16.9,15.39,0,0,.483,12.3
105,2013,291,224,16.78,15.4,0,0,.48,12.3
105,2013,291,230,16.67,15.1,0,0,.479,12.3
105,2013,291,236,16.55,15.02,0,0,.478,12.3
105,2013,291,242,16.44,14.89,0,0,.479,12.3
105,2013,291,248,16.32,14.63,0,0,.479,12.3
105,2013,291,254,16.2,14.52,0,0,.479,12.3
105,2013,291,300,16.07,14.31,0,0,.479,12.3
105,2013,291,306,15.93,14.23,0,0,.479,12.3
105,2013,291,312,15.79,13.97,0,0,.481,12.3
105,2013,291,318,15.65,13.75,0,0,.486,12.3
105,2013,291,324,15.51,13.63,0,0,.493,12.3
105,2013,291,330,15.36,13.39,0,0,.502,12.3
105,2013,291,336,15.21,13.23,0,0,.509,12.3
105,2013,291,342,15.05,13.11,0,0,.517,12.3
105,2013,291,348,14.89,12.97,0,0,.525,12.31
105,2013,291,354,14.74,12.82,0,0,.535,12.3
105,2013,291,400,14.59,12.78,0,0,.543,12.3
105,2013,291,406,14.43,12.53,0,0,.551,12.3
105,2013,291,412,14.27,12.41,0,0,.56,12.3
105,2013,291,418,14.12,12.18,0,0,.569,12.3
105,2013,291,424,13.97,12.08,0,0,.58,12.3
105,2013,291,430,13.82,12.09,0,0,.592,12.3
105,2013,291,436,13.68,11.87,0,0,.603,12.3
105,2013,291,442,13.53,11.84,0,0,.619,12.3
105,2013,291,448,13.39,11.76,0,0,.633,12.31
105,2013,291,454,13.25,11.78,0,0,.645,12.31
105,2013,291,500,13.12,11.63,0,0,.656,12.31
105,2013,291,506,12.99,11.23,0,0,.661,12.3
105,2013,291,512,12.86,11.24,0,0,.662,12.3
105,2013,291,518,12.74,11.25,0,0,.662,12.3
105,2013,291,524,12.61,11.21,0,0,.662,12.31
105,2013,291,530,12.5,11.21,0,0,.662,12.31
105,2013,291,536,12.38,11.09,0,0,.66,12.31
105,2013,291,542,12.26,10.92,0,0,.655,12.31
105,2013,291,548,12.14,10.83,0,0,.649,12.31
105,2013,291,554,12.02,10.84,0,0,.642,12.31
105,2013,291,600,11.91,10.69,0,0,.635,12.31
105,2013,291,606,11.8,10.6,0,0,.63,12.31
105,2013,291,612,11.69,10.16,0,0,.623,12.31
105,2013,291,618,11.58,10.19,0,0,.619,12.31
105,2013,291,624,11.48,10.23,0,0,.613,12.31
105,2013,291,630,11.38,10.29,0,0,.608,12.31
105,2013,291,636,11.28,10.16,0,0,.603,12.31
105,2013,291,642,11.17,9.97,0,0,.597,12.31
105,2013,291,648,11.07,9.94,0,0,.593,12.31
105,2013,291,654,10.98,9.93,0,0,.589,12.31
105,2013,291,700,10.88,9.76,0,0,.584,12.31
105,2013,291,706,10.79,9.66,0,0,.579,12.31
105,2013,291,712,10.7,9.83,0,0,.575,12.31
105,2013,291,718,10.61,9.75,0,0,.571,12.31
105,2013,291,724,10.52,9.65,0,0,.568,12.31
105,2013,291,730,10.44,9.69,0,0,.564,12.31
105,2013,291,736,10.36,9.78,0,0,.561,12.31
105,2013,291,742,10.29,9.96,0,0,.557,12.31
105,2013,291,748,10.21,10.22,0,0,.553,12.31
105,2013,291,754,10.15,10.89,0,0,.549,12.31
105,2013,291,800,10.09,11.51,0,0,.547,12.31
105,2013,291,806,10.05,11.75,0,0,.544,12.31
105,2013,291,812,10.03,12.26,0,0,.541,12.31
105,2013,291,818,10.04,13.18,0,0,.539,12.31
105,2013,291,824,10.07,13.94,0,0,.535,12.31
105,2013,291,830,10.13,14.67,0,0,.533,12.31
105,2013,291,836,10.23,14.62,0,0,.53,12.3
105,2013,291,842,10.35,15.45,0,0,.528,12.3
105,2013,291,848,10.52,16.19,0,0,.525,12.3
105,2013,291,854,10.7,17.16,0,0,.522,12.3
105,2013,291,900,10.92,17.39,0,0,.52,12.3
105,2013,291,906,11.17,17.38,0,0,.517,12.3
105,2013,291,912,11.44,17.02,0,0,.517,12.3
105,2013,291,918,11.72,17.66,0,0,.513,12.3
105,2013,291,924,12.01,18.15,0,0,.511,12.3
105,2013,291,930,12.32,18.3,0,0,.508,12.3
105,2013,291,936,12.62,17.76,0,0,.506,12.3
105,2013,291,942,12.93,17.99,0,0,.504,12.3
105,2013,291,948,13.24,18.1,0,0,.503,12.3
105,2013,291,954,13.55,18.21,0,0,.5,12.3
105,2013,291,1000,13.86,17.88,0,0,.499,12.3
105,2013,291,1006,14.16,18.05,0,0,.497,12.3
105,2013,291,1012,14.45,18.72,0,0,.496,12.3
105,2013,291,1018,14.75,18.56,0,0,.494,12.3
105,2013,291,1024,15.03,19.35,0,0,.492,12.3
105,2013,291,1030,15.32,19.26,0,0,.491,12.3
105,2013,291,1036,15.61,19.29,0,0,.489,12.3
105,2013,291,1042,15.89,19.22,0,0,.487,12.3
105,2013,291,1048,16.16,19.67,0,0,.485,12.3
105,2013,291,1054,16.41,19.4,0,0,.484,12.3
105,2013,291,1100,16.65,19.58,0,0,.483,12.3
105,2013,291,1106,16.89,20.13,0,0,.481,12.3
105,2013,291,1112,17.12,20.02,0,0,.48,12.3
105,2013,291,1118,17.34,20.31,0,0,.478,12.3
105,2013,291,1124,17.56,20.12,0,0,.478,12.3
105,2013,291,1130,17.78,20.82,0,0,.476,12.3
105,2013,291,1136,17.98,19.97,0,0,.475,12.3
105,2013,291,1142,18.17,20.47,0,0,.474,12.3
105,2013,291,1148,18.35,20.52,0,0,.472,12.3
105,2013,291,1154,18.53,21.12,0,0,.469,12.3
105,2013,291,1200,18.69,20.87,0,0,.469,12.3
105,2013,291,1206,18.9,21.26,0,0,.468,12.3
105,2013,291,1212,19.19,21.26,0,0,.466,12.3
105,2013,291,1218,19.52,20.65,0,0,.467,12.3
105,2013,291,1224,19.9,21.32,0,0,.464,12.3
105,2013,291,1230,20.38,21.24,0,0,.464,12.3
105,2013,291,1236,20.93,21.5,0,0,.464,12.3
105,2013,291,1242,21.53,21.34,0,0,.465,12.3
105,2013,291,1248,22.14,21.97,0,0,.463,12.3
105,2013,291,1254,22.75,20.87,0,0,.462,12.3
105,2013,291,1300,23.36,22.5,0,0,.462,12.3
105,2013,291,1306,23.93,21.77,0,0,.46,12.3
105,2013,291,1312,24.48,21.91,0,0,.458,12.3
105,2013,291,1318,25,21.91,0,0,.457,12.3
105,2013,291,1324,25.5,21.18,0,0,.455,12.29
105,2013,291,1330,25.96,22.43,0,0,.454,12.29
105,2013,291,1336,26.4,21.49,0,0,.452,12.29
105,2013,291,1342,26.82,21.53,0,0,.452,12.29
105,2013,291,1348,27.18,20.89,0,0,.45,12.3
105,2013,291,1354,27.47,21.54,0,0,.45,12.3