105,2013,291,1400,27.46,21.66,0,0,.449,12.29
105,2013,291,1406,27.22,21.57,0,0,.449,12.29
105,2013,291,1412,27.42,21.77,0,0,.448,12.29
105,2013,291,1418,27.64,21.54,0,0,.448,12.3
105,2013,291,1424,27.88,21.99,0,0,.447,12.29
105,2013,291,1430,28.13,20.84,0,0,.444,12.29
105,2013,291,1436,28.38,20.99,0,0,.444,12.29
105,2013,291,1442,28.61,20.81,0,0,.444,12.29
105,2013,291,1448,28.83,19.3,0,0,.442,12.29
105,2013,291,1454,29.01,18.83,0,0,.442,12.3
105,2013,291,1500,29.14,18.29,0,0,.442,12.3
105,2013,291,1506,29.23,18.37,0,0,.443,12.3
105,2013,291,1512,29.26,17.94,0,0,.442,12.3
105,2013,291,1518,29.25,17.43,0,0,.44,12.3
105,2013,291,1524,29.19,17.4,0,0,.439,12.3
105,2013,291,1530,29.08,17.63,0,0,.44,12.3
105,2013,291,1536,28.95,17.49,0,0,.438,12.3
105,2013,291,1542,28.82,16.88,0,0,.437,12.3
105,2013,291,1548,28.7,16.9,0,0,.437,12.3
105,2013,291,1554,28.58,17.07,0,0,.437,12.3
105,2013,291,1600,28.47,16.84,0,0,.435,12.3
105,2013,291,1606,28.35,16.67,0,0,.435,12.3
105,2013,291,1612,28.24,16.42,0,0,.434,12.3
105,2013,291,1618,28.13,16.35,0,0,.434,12.3
105,2013,291,1624,28.03,16.33,0,0,.434,12.3
105,2013,291,1630,27.92,16.3,0,0,.432,12.3
105,2013,291,1636,27.83,16.16,0,0,.432,12.3
105,2013,291,1642,27.74,16.15,0,0,.432,12.3
105,2013,291,1648,27.64,16,0,0,.429,12.3
105,2013,291,1654,27.55,15.87,0,0,.431,12.3
105,2013,291,1700,27.46,16,0,0,.429,12.3
105,2013,291,1706,27.37,15.79,0,0,.429,12.3
105,2013,291,1712,27.28,15.81,0,0,.429,12.3
105,2013,291,1718,27.19,15.77,0,0,.427,12.3
105,2013,291,1724,27.11,15.76,0,0,.427,12.3
105,2013,291,1730,27.02,15.55,0,0,.426,12.3
105,2013,291,1736,26.93,15.52,0,0,.426,12.3
105,2013,291,1742,26.83,15.23,0,0,.425,12.3
105,2013,291,1748,26.74,15.12,0,0,.424,12.3
105,2013,291,1754,26.65,14.99,0,0,.424,12.3
105,2013,291,1800,26.57,14.83,0,0,.423,12.3
105,2013,291,1806,26.48,14.71,0,0,.422,12.3
105,2013,291,1812,26.39,14.6,0,0,.422,12.3
105,2013,291,1818,26.3,14.44,0,0,.422,12.3
105,2013,291,1824,26.21,14.12,0,0,.421,12.3
105,2013,291,1830,26.11,13.36,0,0,.422,12.3
105,2013,291,1836,26.01,13.23,0,0,.419,12.3
105,2013,291,1842,25.9,13.36,0,0,.42,12.3
105,2013,291,1848,25.79,12.85,0,0,.419,12.3
105,2013,291,1854,25.68,12.5,0,0,.418,12.3
105,2013,291,1900,25.57,13.02,0,0,.419,12.3
105,2013,291,1906,25.46,12.78,0,0,.418,12.3
105,2013,291,1912,25.36,12.32,0,0,.418,12.3
105,2013,291,1918,25.25,12.15,0,0,.416,12.3
105,2013,291,1924,25.14,12.33,0,0,.416,12.3
105,2013,291,1930,25.02,11.94,0,0,.417,12.3
105,2013,291,1936,24.91,11.79,0,0,.415,12.3
105,2013,291,1942,24.79,11.79,0,0,.414,12.3
105,2013,291,1948,24.68,11.78,0,0,.414,12.3
105,2013,291,1954,24.57,11.6,0,0,.414,12.3
105,2013,291,2000,24.47,11.4,0,0,.413,12.3
105,2013,291,2006,24.36,11.59,0,0,.413,12.3
105,2013,291,2012,24.26,11.53,0,0,.414,12.3
105,2013,291,2018,24.16,11.18,0,0,.412,12.3
105,2013,291,2024,24.05,11.04,0,0,.411,12.3
105,2013,291,2030,23.95,10.78,0,0,.412,12.3
105,2013,291,2036,23.85,10.78,0,0,.412,12.3
105,2013,291,2042,23.75,10.82,0,0,.41,12.3
105,2013,291,2048,23.65,10.92,0,0,.41,12.3
105,2013,291,2054,23.55,10.6,0,0,.41,12.3
105,2013,291,2100,23.45,10.43,0,0,.41,12.3
105,2013,291,2106,23.35,10.47,0,0,.41,12.3
105,2013,291,2112,23.25,10.58,0,0,.41,12.3
105,2013,291,2118,23.15,10.2,0,0,.41,12.3
105,2013,291,2124,23.05,10.24,0,0,.408,12.3
105,2013,291,2130,22.96,10.23,0,0,.408,12.3
105,2013,291,2136,22.87,10.29,0,0,.408,12.3
105,2013,291,2142,22.77,10.17,0,0,.407,12.3
105,2013,291,2148,22.67,10.21,0,0,.406,12.3
105,2013,291,2154,22.58,10.12,0,0,.406,12.3
105,2013,291,2200,22.48,10.28,0,0,.406,12.3
105,2013,291,2206,22.4,9.62,0,0,.405,12.3
105,2013,291,2212,22.31,9.8,0,0,.405,12.3
105,2013,291,2218,22.23,9.83,0,0,.405,12.3
105,2013,291,2224,22.15,9.66,0,0,.404,12.31
105,2013,291,2230,22.06,9.62,0,0,.403,12.31
105,2013,291,2236,21.98,9.59,0,0,.403,12.31
105,2013,291,2242,21.89,9.57,0,0,.403,12.3
105,2013,291,2248,21.81,9.28,0,0,.402,12.3
105,2013,291,2254,21.73,9.2,0,0,.401,12.3
105,2013,291,2300,21.65,9.12,0,0,.401,12.3
105,2013,291,2306,21.57,9.25,0,0,.401,12.3
105,2013,291,2312,21.5,9.3,0,0,.4,12.3
105,2013,291,2318,21.42,9.25,0,0,.4,12.3
105,2013,291,2324,21.35,8.98,0,0,.399,12.3
105,2013,291,2330,21.28,8.85,0,0,.399,12.3
105,2013,291,2336,21.2,8.95,0,0,.397,12.3
105,2013,291,2342,21.13,8.76,0,0,.396,12.3
105,2013,291,2348,21.06,8.84,0,0,.397,12.31
105,2013,291,2354,20.99,8.69,0,0,.396,12.31
105,2013,292,0,20.92,8.76,0,0,.395,12.31
105,2013,292,6,20.86,8.73,0,0,.395,12.31
105,2013,292,12,20.8,8.91,0,0,.395,12.31
105,2013,292,18,20.74,8.54,0,0,.394,12.31
105,2013,292,24,20.68,8.56,0,0,.394,12.31
105,2013,292,30,20.63,8.52,0,0,.392,12.31
105,2013,292,36,20.57,8.24,0,0,.392,12.31
105,2013,292,42,20.52,8.47,0,0,.392,12.31
105,2013,292,48,20.46,8.1,0,0,.392,12.31
105,2013,292,54,20.41,7.98,0,0,.392,12.31
105,2013,292,100,20.35,7.72,0,0,.389,12.31
105,2013,292,106,20.3,7.89,0,0,.39,12.31
105,2013,292,112,20.24,7.86,0,0,.39,12.31
105,2013,292,118,20.18,7.72,0,0,.39,12.31
105,2013,292,124,20.12,7.7,0,0,.389,12.31
105,2013,292,130,20.05,7.64,0,0,.389,12.31
105,2013,292,136,19.98,7.79,0,0,.389,12.31
105,2013,292,142,19.92,7.86,0,0,.389,12.31
105,2013,292,148,19.85,7.7,0,0,.388,12.31
105,2013,292,154,19.79,7.52,0,0,.387,12.31
105,2013,292,200,19.73,7.55,0,0,.386,12.31
105,2013,292,206,19.66,7.54,0,0,.387,12.31
105,2013,292,212,19.6,7.41,0,0,.386,12.31
105,2013,292,218,19.54,7.39,0,0,.385,12.31
105,2013,292,224,19.48,7.51,0,0,.384,12.31
105,2013,292,230,19.42,7.34,0,0,.383,12.31
105,2013,292,236,19.37,7.51,0,0,.383,12.31
105,2013,292,242,19.31,7.66,0,0,.383,12.31
105,2013,292,248,19.26,7.85,0,0,.383,12.31
105,2013,292,254,19.22,7.79,0,0,.382,12.31
105,2013,292,300,19.19,8,0,0,.383,12.31
105,2013,292,306,19.16,7.82,0,0,.383,12.31
105,2013,292,312,19.14,7.72,0,0,.382,12.31
105,2013,292,318,19.13,7.76,0,0,.381,12.31
105,2013,292,324,19.11,7.71,0,0,.381,12.31
105,2013,292,330,19.1,7.83,0,0,.381,12.31
105,2013,292,336,19.08,7.9,0,0,.381,12.31
105,2013,292,342,19.07,7.78,0,0,.38,12.31
105,2013,292,348,19.07,7.72,0,0,.379,12.31
105,2013,292,354,19.06,7.8,0,0,.379,12.31
105,2013,292,400,19.05,7.7,0,0,.378,12.31
105,2013,292,406,19.05,7.72,0,0,.378,12.31
105,2013,292,412,19.05,7.87,0,0,.378,12.31
105,2013,292,418,19.05,8.06,0,0,.378,12.31
105,2013,292,424,19.06,8.06,0,0,.377,12.31
105,2013,292,430,19.07,7.97,0,0,.377,12.31
105,2013,292,436,19.09,8.07,0,0,.377,12.31
105,2013,292,442,19.11,8.15,0,0,.375,12.31
105,2013,292,448,19.13,8.31,0,0,.376,12.31
105,2013,292,454,19.16,8.13,0,0,.375,12.31
105,2013,292,500,19.18,8.12,0,0,.375,12.31
105,2013,292,506,19.21,8.3,0,0,.375,12.31
105,2013,292,512,19.23,8.38,0,0,.374,12.31
105,2013,292,518,19.26,8.33,0,0,.375,12.31
105,2013,292,524,19.28,8.36,0,0,.374,12.31
105,2013,292,530,19.31,8.33,0,0,.373,12.31
105,2013,292,536,19.33,8.28,0,0,.374,12.31
105,2013,292,542,19.36,8.27,0,0,.373,12.31
105,2013,292,548,19.38,8.27,0,0,.372,12.31
105,2013,292,554,19.39,8.48,0,0,.372,12.31
105,2013,292,600,19.41,8.34,0,0,.372,12.31
105,2013,292,606,19.43,8.41,0,0,.372,12.31
105,2013,292,612,19.46,8.49,0,0,.372,12.31
105,2013,292,618,19.48,8.49,0,0,.37,12.31
105,2013,292,624,19.51,8.76,0,0,.371,12.31
105,2013,292,630,19.53,8.51,0,0,.369,12.31
105,2013,292,636,19.56,8.95,0,0,.37,12.31
105,2013,292,642,19.59,8.87,0,0,.369,12.31
105,2013,292,648,19.61,8.83,0,0,.369,12.31
105,2013,292,654,19.64,8.82,0,0,.369,12.31
105,2013,292,700,19.68,8.72,0,0,.369,12.31
105,2013,292,706,19.71,8.8,0,0,.368,12.31
105,2013,292,712,19.74,8.81,0,0,.368,12.31
105,2013,292,718,19.77,8.79,0,0,.367,12.31
105,2013,292,724,19.8,8.85,0,0,.368,12.31
105,2013,292,730,19.83,9.26,0,0,.368,12.31
105,2013,292,736,19.86,9.09,0,0,.367,12.31
105,2013,292,742,19.89,9.07,0,0,.367,12.31
105,2013,292,748,19.92,9.26,0,0,.367,12.31
105,2013,292,754,19.95,9.5,0,0,.367,12.3
105,2013,292,800,19.98,9.65,0,0,.366,12.3
105,2013,292,806,20.02,9.87,0,0,.366,12.3
105,2013,292,812,20.07,9.83,0,0,.365,12.3
105,2013,292,818,20.12,9.99,0,0,.364,12.3
105,2013,292,824,20.17,10.24,0,0,.365,12.3
105,2013,292,830,20.23,10.48,0,0,.365,12.3
105,2013,292,836,20.3,10.75,0,0,.364,12.3
105,2013,292,842,20.37,10.85,0,0,.364,12.3
105,2013,292,848,20.46,11.09,0,0,.364,12.3
105,2013,292,854,20.55,11.43,0,0,.364,12.3
105,2013,292,900,20.66,11.56,0,0,.364,12.3
105,2013,292,906,20.78,12.04,0,0,.364,12.3
105,2013,292,912,20.91,12.85,0,0,.363,12.3
105,2013,292,918,21.06,13.27,0,0,.363,12.3
105,2013,292,924,21.22,14.78,0,0,.362,12.3
105,2013,292,930,21.43,15.57,0,0,.363,12.3
105,2013,292,936,21.67,15.5,0,0,.361,12.3
105,2013,292,942,21.94,14.34,0,0,.361,12.3
105,2013,292,948,22.22,14.83,0,0,.361,12.3
105,2013,292,954,22.51,15.05,0,0,.361,12.3
105,2013,292,1000,22.79,14.81,0,0,.361,12.3
105,2013,292,1006,23.05,14.9,0,0,.36,12.3
105,2013,292,1012,23.29,15.41,0,0,.36,12.3
105,2013,292,1018,23.53,15.87,0,0,.36,12.3
105,2013,292,1024,23.76,16.27,0,0,.36,12.3
105,2013,292,1030,23.99,16.09,0,0,.359,12.3
105,2013,292,1036,24.22,16.36,0,0,.358,12.3
105,2013,292,1042,24.43,16.28,0,0,.357,12.3
105,2013,292,1048,24.63,16.26,0,0,.356,12.3
105,2013,292,1054,24.81,17.29,0,0,.356,12.3
105,2013,292,1100,24.99,18.4,0,0,.356,12.3
105,2013,292,1106,25.19,17.91,0,0,.356,12.3
105,2013,292,1112,25.4,17.76,0,0,.354,12.3
105,2013,292,1118,25.61,18.15,0,0,.354,12.3
105,2013,292,1124,25.82,18.4,0,0,.354,12.3
105,2013,292,1130,26.03,19.8,0,0,.353,12.3
105,2013,292,1136,26.24,19.96,0,0,.352,12.3
105,2013,292,1142,26.47,19.53,0,0,.353,12.3
105,2013,292,1148,26.72,18.26,0,0,.352,12.3
105,2013,292,1154,26.95,18.32,0,0,.352,12.3
105,2013,292,1200,27.16,17.94,0,0,.353,12.3
105,2013,292,1206,27.35,18.11,0,0,.352,12.3
105,2013,292,1212,27.52,18.48,0,0,.352,12.3
105,2013,292,1218,27.67,18.05,0,0,.352,12.3
105,2013,292,1224,27.8,17.89,0,0,.352,12.3
105,2013,292,1230,27.91,17.9,0,0,.353,12.3
105,2013,292,1236,28.02,17.39,0,0,.352,12.3
105,2013,292,1242,28.1,17.75,0,0,.351,12.3
105,2013,292,1248,28.18,17.74,0,0,.35,12.3
105,2013,292,1254,28.25,17.94,0,0,.351,12.3
105,2013,292,1300,28.3,17.78,0,0,.35,12.3
105,2013,292,1306,28.35,18.19,0,0,.35,12.3
105,2013,292,1312,28.42,18.02,0,0,.35,12.3
105,2013,292,1318,28.48,18.11,0,0,.35,12.3
105,2013,292,1324,28.54,17.96,0,0,.35,12.3
105,2013,292,1330,28.6,17.95,0,0,.35,12.3
105,2013,292,1336,28.65,17.87,0,0,.35,12.3
105,2013,292,1342,28.7,18.14,0,0,.35,12.3
105,2013,292,1348,28.75,17.9,0,0,.349,12.3
105,2013,292,1354,28.8,17.84,0,0,.349,12.3
105,2013,292,1400,28.83,18.21,0,0,.349,12.3
105,2013,292,1406,28.85,18.42,0,0,.349,12.3
105,2013,292,1412,28.87,18.27,0,0,.349,12.3
105,2013,292,1418,28.88,18.45,0,0,.348,12.3
105,2013,292,1424,28.9,18.46,0,0,.347,12.3
105,2013,292,1430,28.92,17.57,0,0,.347,12.3
105,2013,292,1436,28.93,17.64,0,0,.347,12.3
105,2013,292,1442,28.92,17.88,0,0,.348,12.3
105,2013,292,1448,28.91,17.58,0,0,.347,12.3
105,2013,292,1454,28.91,17.42,0,0,.347,12.3
105,2013,292,1500,28.9,17.48,0,0,.347,12.3
105,2013,292,1506,28.9,17.59,0,0,.346,12.3
105,2013,292,1512,28.9,17.79,0,0,.345,12.3
105,2013,292,1518,28.91,17.54,0,0,.345,12.3
105,2013,292,1524,28.92,17.76,0,0,.345,12.3
105,2013,292,1530,28.93,17.92,0,0,.345,12.3
105,2013,292,1536,28.94,17.38,0,0,.345,12.3
105,2013,292,1542,28.96,17.08,0,0,.345,12.3
105,2013,292,1548,28.96,17.4,0,0,.346,12.3
105,2013,292,1554,28.96,16.91,0,0,.345,12.3
105,2013,292,1600,28.95,16.54,0,0,.345,12.3
105,2013,292,1606,28.92,16.65,0,0,.345,12.3
105,2013,292,1612,28.88,16.37,0,0,.344,12.3
105,2013,292,1618,28.84,16.63,0,0,.345,12.3
105,2013,292,1624,28.8,16.52,0,0,.344,12.3
105,2013,292,1630,28.76,16.31,0,0,.344,12.3
105,2013,292,1636,28.71,16.33,0,0,.344,12.3
105,2013,292,1642,28.67,16.61,0,0,.344,12.3
105,2013,292,1648,28.63,15.95,0,0,.344,12.3
105,2013,292,1654,28.59,15.89,0,0,.344,12.3
105,2013,292,1700,28.55,16.42,0,0,.344,12.3
105,2013,292,1706,28.51,16.54,0,0,.343,12.3
105,2013,292,1712,28.47,16.57,0,0,.343,12.3
105,2013,292,1718,28.44,16.35,0,0,.342,12.3
105,2013,292,1724,28.4,15.97,0,0,.342,12.3
105,2013,292,1730,28.36,16.24,0,0,.342,12.3
105,2013,292,1736,28.32,15.82,0,0,.342,12.3
105,2013,292,1742,28.27,15.7,0,0,.341,12.3
105,2013,292,1748,28.22,15.88,0,0,.342,12.3
105,2013,292,1754,28.17,15.95,0,0,.342,12.3
105,2013,292,1800,28.12,15.92,0,0,.344,12.3
105,2013,292,1806,28.06,15.62,0,0,.343,12.3
105,2013,292,1812,28.02,15.55,0,0,.347,12.3
105,2013,292,1818,27.97,15.71,0,0,.353,12.3
105,2013,292,1824,27.92,15.4,0,0,.359,12.3
105,2013,292,1830,27.87,15.37,0,0,.371,12.3
105,2013,292,1836,27.82,15.39,0,0,.388,12.3
105,2013,292,1842,27.77,15.54,0,0,.407,12.3
105,2013,292,1848,27.72,15.53,0,0,.43,12.3
105,2013,292,1854,27.66,15.39,0,0,.451,12.3
105,2013,292,1900,27.6,15.31,0,0,.474,12.3
105,2013,292,1906,27.54,15.2,0,0,.495,12.3
105,2013,292,1912,27.48,15.27,0,0,.516,12.3
105,2013,292,1918,27.42,15.41,0,0,.537,12.3
105,2013,292,1924,27.36,15.46,0,0,.557,12.3
105,2013,292,1930,27.31,15.29,0,0,.574,12.3
105,2013,292,1936,27.27,15.67,0,0,.589,12.3
105,2013,292,1942,27.23,15.19,0,0,.596,12.3
105,2013,292,1948,27.19,14.98,0,0,.599,12.3
105,2013,292,1954,27.16,15.1,0,0,.6,12.3
105,2013,292,2000,27.12,15.24,0,0,.6,12.3
105,2013,292,2006,27.09,15.01,0,0,.6,12.3
105,2013,292,2012,27.05,15,0,0,.6,12.3
105,2013,292,2018,27.02,14.97,0,0,.599,12.3
105,2013,292,2024,26.99,14.89,0,0,.594,12.3
105,2013,292,2030,26.95,14.91,0,0,.591,12.3
105,2013,292,2036,26.91,14.93,0,0,.587,12.3
105,2013,292,2042,26.88,15.06,0,0,.582,12.3
105,2013,292,2048,26.84,14.92,0,0,.576,12.3
105,2013,292,2054,26.81,15.1,0,0,.573,12.3
105,2013,292,2100,26.79,15.1,0,0,.568,12.3
105,2013,292,2106,26.77,15.2,0,0,.565,12.3
105,2013,292,2112,26.76,15.31,0,0,.561,12.3
105,2013,292,2118,26.76,15.35,0,0,.558,12.3
105,2013,292,2124,26.76,15.24,0,0,.553,12.3
105,2013,292,2130,26.76,15.45,0,0,.55,12.3
105,2013,292,2136,26.76,15.75,0,0,.547,12.3
105,2013,292,2142,26.78,15.78,0,0,.543,12.3
105,2013,292,2148,26.79,15.87,0,0,.54,12.3
105,2013,292,2154,26.8,15.74,0,0,.537,12.3
105,2013,292,2200,26.81,15.58,0,0,.533,12.3
105,2013,292,2206,26.81,15.65,0,0,.53,12.3
105,2013,292,2212,26.82,15.74,0,0,.527,12.3
105,2013,292,2218,26.81,15.57,0,0,.524,12.3
105,2013,292,2224,26.81,15.17,0,0,.521,12.3
105,2013,292,2230,26.79,14.93,0,0,.519,12.3
105,2013,292,2236,26.76,14.62,0,0,.516,12.3
105,2013,292,2242,26.72,14.57,0,0,.515,12.3
105,2013,292,2248,26.66,14.63,0,0,.511,12.3
105,2013,292,2254,26.61,14.53,0,0,.509,12.3
105,2013,292,2300,26.55,14.34,0,0,.506,12.3
105,2013,292,2306,26.49,14.34,0,0,.505,12.3
105,2013,292,2312,26.44,14.21,0,0,.502,12.3
105,2013,292,2318,26.39,14.07,0,0,.502,12.3
105,2013,292,2324,26.33,13.87,0,0,.499,12.3
105,2013,292,2330,26.27,13.59,0,0,.496,12.3
105,2013,292,2336,26.19,13.53,0,0,.495,12.3
105,2013,292,2342,26.11,13.51,0,0,.492,12.3
105,2013,292,2348,26.01,13.36,0,0,.49,12.3
105,2013,292,2354,25.92,13.33,0,0,.489,12.3
105,2013,293,0,25.82,13.29,0,0,.487,12.3
105,2013,293,6,25.72,12.91,0,0,.485,12.3
105,2013,293,12,25.62,12.83,0,0,.484,12.3
105,2013,293,18,25.51,12.66,0,0,.482,12.3
105,2013,293,24,25.39,12.52,0,0,.48,12.3
105,2013,293,30,25.27,12.48,0,0,.478,12.3
105,2013,293,36,25.14,12.24,0,0,.477,12.3
105,2013,293,42,25.01,12.05,0,0,.474,12.3
105,2013,293,48,24.89,12.16,0,0,.474,12.3
105,2013,293,54,24.77,12.1,0,0,.472,12.3
105,2013,293,100,24.65,12.04,0,0,.471,12.3
105,2013,293,106,24.54,12.02,0,0,.469,12.3
105,2013,293,112,24.43,11.91,0,0,.467,12.3
105,2013,293,118,24.31,12.04,0,0,.466,12.3
105,2013,293,124,24.2,12.11,0,0,.466,12.3
105,2013,293,130,24.09,11.99,0,0,.465,12.3
105,2013,293,136,23.98,11.71,0,0,.463,12.3
105,2013,293,142,23.88,11.78,0,0,.462,12.3
105,2013,293,148,23.78,11.9,0,0,.462,12.3
105,2013,293,154,23.68,11.78,0,0,.46,12.3
105,2013,293,200,23.57,11.69,0,0,.46,12.3
105,2013,293,206,23.48,11.6,0,0,.459,12.3
105,2013,293,212,23.37,11.82,0,0,.457,12.3
105,2013,293,218,23.26,11.66,0,0,.458,12.3
105,2013,293,224,23.15,11.35,0,0,.457,12.3
105,2013,293,230,23.05,11.03,0,0,.455,12.3
105,2013,293,236,22.95,11.23,0,0,.454,12.31
105,2013,293,242,22.83,10.88,0,0,.454,12.31
105,2013,293,248,22.72,11.11,0,0,.454,12.31
105,2013,293,254,22.6,11.03,0,0,.452,12.31
105,2013,293,300,22.46,10.62,0,0,.451,12.31
105,2013,293,306,22.34,10.4,0,0,.449,12.31
105,2013,293,312,22.21,10.78,0,0,.449,12.31
105,2013,293,318,22.05,10.65,0,0,.448,12.31
105,2013,293,324,21.89,10.54,0,0,.447,12.31
105,2013,293,330,21.74,10.18,0,0,.447,12.31
105,2013,293,336,21.61,10.17,0,0,.445,12.31
105,2013,293,342,21.48,10.09,0,0,.444,12.31
105,2013,293,348,21.37,10.14,0,0,.443,12.31
105,2013,293,354,21.25,10.23,0,0,.442,12.31
105,2013,293,400,21.13,9.98,0,0,.441,12.31
105,2013,293,406,21.01,9.9,0,0,.44,12.31
105,2013,293,412,20.89,9.98,0,0,.439,12.31
105,2013,293,418,20.77,10.09,0,0,.439,12.31
105,2013,293,424,20.64,9.89,0,0,.437,12.31
105,2013,293,430,20.52,9.8,0,0,.435,12.31
105,2013,293,436,20.4,9.73,0,0,.435,12.31
105,2013,293,442,20.27,9.65,0,0,.434,12.31
105,2013,293,448,20.16,9.25,0,0,.433,12.31
105,2013,293,454,20.05,9.53,0,0,.433,12.31
105,2013,293,500,19.95,9.45,0,0,.432,12.31
105,2013,293,506,19.85,9.17,0,0,.43,12.31
105,2013,293,512,19.76,9.09,0,0,.43,12.31
105,2013,293,518,19.68,9.15,0,0,.431,12.31
105,2013,293,524,19.59,9.08,0,0,.429,12.31
105,2013,293,530,19.5,9.37,0,0,.428,12.31
105,2013,293,536,19.39,9.19,0,0,.427,12.31
105,2013,293,542,19.28,9.01,0,0,.427,12.31
105,2013,293,548,19.18,8.96,0,0,.426,12.31
105,2013,293,554,19.09,8.5,0,0,.426,12.31
105,2013,293,600,19.02,8.58,0,0,.425,12.31
105,2013,293,606,18.96,8.08,0,0,.423,12.31
105,2013,293,612,18.91,8.09,0,0,.422,12.31
105,2013,293,618,18.85,8.3,0,0,.422,12.31
105,2013,293,624,18.8,8.08,0,0,.421,12.31
105,2013,293,630,18.75,7.81,0,0,.421,12.31
105,2013,293,636,18.7,7.89,0,0,.42,12.31
105,2013,293,642,18.65,7.8,0,0,.419,12.31
105,2013,293,648,18.61,7.78,0,0,.419,12.31
105,2013,293,654,18.56,7.81,0,0,.418,12.31
105,2013,293,700,18.52,7.71,0,0,.417,12.31
105,2013,293,706,18.48,7.63,0,0,.417,12.31
105,2013,293,712,18.43,7.65,0,0,.417,12.31
105,2013,293,718,18.38,7.53,0,0,.416,12.31
105,2013,293,724,18.33,7.49,0,0,.416,12.31
105,2013,293,730,18.28,7.48,0,0,.414,12.31
105,2013,293,736,18.23,7.5,0,0,.414,12.31
105,2013,293,742,18.19,7.68,0,0,.412,12.31
105,2013,293,748,18.14,7.79,0,0,.412,12.31
105,2013,293,754,18.1,8.27,0,0,.412,12.31
105,2013,293,800,18.07,9.01,0,0,.411,12.31
105,2013,293,806,18.05,9.5,0,0,.411,12.31
105,2013,293,812,18.07,10.27,0,0,.41,12.31
105,2013,293,818,18.13,10.49,0,0,.409,12.31
105,2013,293,824,18.22,11.07,0,0,.409,12.31
105,2013,293,830,18.34,11.31,0,0,.408,12.31
105,2013,293,836,18.49,11.66,0,0,.408,12.31
105,2013,293,842,18.66,11.86,0,0,.408,12.31
105,2013,293,848,18.86,12.1,0,0,.406,12.31
105,2013,293,854,19.09,12.86,0,0,.406,12.31
105,2013,293,900,19.34,13.03,0,0,.405,12.31
105,2013,293,906,19.6,13,0,0,.403,12.31
105,2013,293,912,19.86,13.01,0,0,.404,12.31
105,2013,293,918,20.12,13.85,0,0,.403,12.31
105,2013,293,924,20.4,14.54,0,0,.403,12.3
105,2013,293,930,20.68,14.54,0,0,.402,12.3
105,2013,293,936,20.98,14.23,0,0,.401,12.3
105,2013,293,942,21.27,14.3,0,0,.402,12.3
105,2013,293,948,21.52,14.46,0,0,.402,12.3
105,2013,293,954,21.77,14.74,0,0,.401,12.3
105,2013,293,1000,22,14.9,0,0,.401,12.3
105,2013,293,1006,22.22,15.02,0,0,.4,12.3
105,2013,293,1012,22.45,15.12,0,0,.4,12.3
105,2013,293,1018,22.66,15.66,0,0,.4,12.3
105,2013,293,1024,22.84,15.64,0,0,.4,12.3
105,2013,293,1030,22.99,16.26,0,0,.398,12.3
105,2013,293,1036,23.15,16.46,0,0,.398,12.3
105,2013,293,1042,23.34,16.44,0,0,.397,12.3
105,2013,293,1048,23.55,17.01,0,0,.396,12.3
105,2013,293,1054,23.78,16.84,0,0,.396,12.3
105,2013,293,1100,24.02,17.01,0,0,.396,12.3
105,2013,293,1106,24.27,17.26,0,0,.394,12.3
105,2013,293,1112,24.52,17.42,0,0,.392,12.3
105,2013,293,1118,24.74,17.18,0,0,.392,12.3
105,2013,293,1124,24.94,17.86,0,0,.392,12.3
105,2013,293,1130,25.12,17.82,0,0,.391,12.3
105,2013,293,1136,25.27,18.45,0,0,.391,12.3
105,2013,293,1142,25.44,18.17,0,0,.389,12.3
105,2013,293,1148,25.62,17.9,0,0,.388,12.3
105,2013,293,1154,25.79,18.05,0,0,.388,12.3
105,2013,293,1200,25.94,18.32,0,0,.389,12.3
105,2013,293,1206,26.08,18.88,0,0,.388,12.3
105,2013,293,1212,26.25,18.56,0,0,.387,12.3
105,2013,293,1218,26.45,19.27,0,0,.387,12.3
105,2013,293,1224,26.68,19.37,0,0,.387,12.3
105,2013,293,1230,26.94,18.99,0,0,.386,12.3
105,2013,293,1236,27.19,19.26,0,0,.385,12.3
105,2013,293,1242,27.46,19.07,0,0,.385,12.3
105,2013,293,1248,27.69,20.09,0,0,.386,12.3
105,2013,293,1254,27.89,19.68,0,0,.383,12.3
105,2013,293,1300,28.1,20.34,0,0,.383,12.3
105,2013,293,1306,28.31,20.5,0,0,.383,12.3
105,2013,293,1312,28.51,20.32,0,0,.383,12.3
105,2013,293,1318,28.72,20.23,0,0,.382,12.3
105,2013,293,1324,28.92,20.18,0,0,.381,12.3
105,2013,293,1330,29.1,19.26,0,0,.382,12.3
105,2013,293,1336,29.26,19.53,0,0,.381,12.3
105,2013,293,1342,29.38,19.54,0,0,.38,12.3
105,2013,293,1348,29.46,19.42,0,0,.38,12.3
105,2013,293,1354,29.51,19.27,0,0,.38,12.3
105,2013,293,1400,29.53,19.73,0,0,.379,12.3
105,2013,293,1406,29.58,19.03,0,0,.378,12.3
105,2013,293,1412,29.65,19.71,0,0,.378,12.3
105,2013,293,1418,29.71,19.95,0,0,.377,12.3
105,2013,293,1424,29.78,19.68,0,0,.377,12.3
105,2013,293,1430,29.85,19.23,0,0,.376,12.3
105,2013,293,1436,29.92,19.97,0,0,.376,12.3
105,2013,293,1442,29.98,19.05,0,0,.375,12.29
105,2013,293,1448,30.03,18.03,0,0,.375,12.3
105,2013,293,1454,30.08,16.76,0,0,.374,12.3
105,2013,293,1500,30.09,16.64,0,0,.374,12.3
105,2013,293,1506,30.06,16.56,0,0,.375,12.3
105,2013,293,1512,29.99,15.71,0,0,.374,12.3
105,2013,293,1518,29.88,15.71,0,0,.374,12.3
105,2013,293,1524,29.74,15.54,0,0,.374,12.3
105,2013,293,1530,29.56,15.35,0,0,.375,12.3
105,2013,293,1536,29.38,15.15,0,0,.374,12.3
105,2013,293,1542,29.2,15.28,0,0,.375,12.3
105,2013,293,1548,28.99,15.24,0,0,.374,12.3
105,2013,293,1554,28.76,15.27,0,0,.373,12.3
105,2013,293,1600,28.55,15.04,0,0,.373,12.3
105,2013,293,1606,28.35,15.1,0,0,.372,12.3
105,2013,293,1612,28.15,14.9,0,0,.372,12.3
105,2013,293,1618,27.96,14.71,0,0,.372,12.3
105,2013,293,1624,27.78,14.55,0,0,.372,12.3
105,2013,293,1630,27.61,14.48,0,0,.372,12.3
105,2013,293,1636,27.44,14.42,0,0,.371,12.3
105,2013,293,1642,27.27,14.16,0,0,.371,12.3
105,2013,293,1648,27.12,14.02,0,0,.371,12.3
105,2013,293,1654,26.96,13.9,0,0,.371,12.3
105,2013,293,1700,26.81,14.12,0,0,.37,12.3
105,2013,293,1706,26.64,13.78,0,0,.369,12.3
105,2013,293,1712,26.49,13.69,0,0,.37,12.3
105,2013,293,1718,26.33,13.57,0,0,.369,12.3
105,2013,293,1724,26.19,13.84,0,0,.369,12.3
105,2013,293,1730,26.05,13.71,0,0,.369,12.3
105,2013,293,1736,25.91,13.59,0,0,.367,12.3
105,2013,293,1742,25.77,13.57,0,0,.367,12.3
105,2013,293,1748,25.63,13.5,0,0,.367,12.3
105,2013,293,1754,25.49,13.45,0,0,.367,12.3
105,2013,293,1800,25.36,12.93,0,0,.367,12.3
105,2013,293,1806,25.22,12.83,0,0,.366,12.3
105,2013,293,1812,25.09,12.07,0,0,.366,12.3
105,2013,293,1818,24.96,12.03,0,0,.366,12.3
105,2013,293,1824,24.84,12.07,0,0,.366,12.3
105,2013,293,1830,24.71,11.76,0,0,.366,12.3
105,2013,293,1836,24.59,11.02,0,0,.366,12.3
105,2013,293,1842,24.47,11.05,0,0,.365,12.3
105,2013,293,1848,24.33,10.96,0,0,.364,12.3
105,2013,293,1854,24.19,10.57,0,0,.364,12.3
105,2013,293,1900,24.05,10.43,0,0,.365,12.3
105,2013,293,1906,23.89,10.57,0,0,.365,12.3
105,2013,293,1912,23.74,10.33,0,0,.365,12.3
105,2013,293,1918,23.58,10.1,0,0,.365,12.3
105,2013,293,1924,23.42,9.82,0,0,.364,12.3
105,2013,293,1930,23.26,9.73,0,0,.365,12.3
105,2013,293,1936,23.09,9.57,0,0,.364,12.3
105,2013,293,1942,22.93,9.12,0,0,.364,12.3
105,2013,293,1948,22.78,8.81,0,0,.364,12.3
105,2013,293,1954,22.62,8.99,0,0,.364,12.3
105,2013,293,2000,22.47,9.02,0,0,.364,12.3
105,2013,293,2006,22.31,8.43,0,0,.363,12.3
105,2013,293,2012,22.16,8.18,0,0,.363,12.3
105,2013,293,2018,22.02,8.1,0,0,.364,12.3
105,2013,293,2024,21.88,8.34,0,0,.363,12.31
105,2013,293,2030,21.74,8.33,0,0,.363,12.31
105,2013,293,2036,21.59,8.05,0,0,.363,12.31
105,2013,293,2042,21.46,7.62,0,0,.361,12.31
105,2013,293,2048,21.32,7.47,0,0,.361,12.31
105,2013,293,2054,21.2,7.88,0,0,.361,12.31
105,2013,293,2100,21.06,7.68,0,0,.361,12.31
105,2013,293,2106,20.93,7.55,0,0,.36,12.31
105,2013,293,2112,20.81,7.21,0,0,.358,12.31
105,2013,293,2118,20.68,7.29,0,0,.358,12.31
105,2013,293,2124,20.57,7.09,0,0,.358,12.31
105,2013,293,2130,20.46,7.15,0,0,.357,12.31
105,2013,293,2136,20.35,7.16,0,0,.357,12.31
105,2013,293,2142,20.24,6.948,0,0,.357,12.31
105,2013,293,2148,20.14,7.11,0,0,.357,12.31
105,2013,293,2154,20.03,6.736,0,0,.356,12.31
105,2013,293,2200,19.93,6.91,0,0,.356,12.31
105,2013,293,2206,19.83,6.89,0,0,.356,12.31
105,2013,293,2212,19.73,6.488,0,0,.356,12.31
105,2013,293,2218,19.64,6.512,0,0,.356,12.31
105,2013,293,2224,19.54,6.559,0,0,.355,12.31
105,2013,293,2230,19.44,6.482,0,0,.355,12.31
105,2013,293,2236,19.35,6.415,0,0,.355,12.31
105,2013,293,2242,19.25,6.417,0,0,.355,12.31
105,2013,293,2248,19.16,6.298,0,0,.354,12.31
105,2013,293,2254,19.08,5.976,0,0,.354,12.31
105,2013,293,2300,19,5.97,0,0,.354,12.31
105,2013,293,2306,18.93,6.032,0,0,.353,12.31
105,2013,293,2312,18.85,6.411,0,0,.353,12.31
105,2013,293,2318,18.78,6.605,0,0,.353,12.31
105,2013,293,2324,18.71,6.429,0,0,.353,12.31
105,2013,293,2330,18.65,6.579,0,0,.353,12.31
105,2013,293,2336,18.59,6.558,0,0,.353,12.31
105,2013,293,2342,18.53,6.47,0,0,.353,12.31
105,2013,293,2348,18.48,6.176,0,0,.353,12.31
105,2013,293,2354,18.43,6.169,0,0,.352,12.31
105,2013,294,0,18.38,6.091,0,0,.351,12.31
105,2013,294,6,18.33,5.879,0,0,.351,12.31
105,2013,294,12,18.28,6,0,0,.35,12.31
105,2013,294,18,18.23,5.733,0,0,.35,12.31
105,2013,294,24,18.18,5.669,0,0,.351,12.31
105,2013,294,30,18.13,6.079,0,0,.351,12.31
105,2013,294,36,18.08,5.94,0,0,.35,12.31
105,2013,294,42,18.03,5.863,0,0,.35,12.31
105,2013,294,48,17.98,5.723,0,0,.35,12.31
105,2013,294,54,17.93,5.824,0,0,.35,12.31
105,2013,294,100,17.89,6.021,0,0,.35,12.31
105,2013,294,106,17.84,6.103,0,0,.35,12.31
105,2013,294,112,17.8,6.537,0,0,.349,12.31
105,2013,294,118,17.76,6.226,0,0,.348,12.31
105,2013,294,124,17.72,6.211,0,0,.348,12.31
105,2013,294,130,17.69,5.719,0,0,.348,12.31
105,2013,294,136,17.65,5.6,0,0,.348,12.31
105,2013,294,142,17.62,5.561,0,0,.347,12.31
105,2013,294,148,17.59,5.997,0,0,.348,12.31
105,2013,294,154,17.56,6.339,0,0,.347,12.31
105,2013,294,200,17.53,5.953,0,0,.346,12.31
105,2013,294,206,17.5,5.797,0,0,.347,12.31
105,2013,294,212,17.47,5.856,0,0,.346,12.31
105,2013,294,218,17.45,5.76,0,0,.346,12.31
105,2013,294,224,17.42,5.701,0,0,.346,12.31
105,2013,294,230,17.4,5.437,0,0,.346,12.31
105,2013,294,236,17.38,5.496,0,0,.346,12.31
105,2013,294,242,17.35,5.474,0,0,.346,12.31
105,2013,294,248,17.33,5.225,0,0,.345,12.31
105,2013,294,254,17.3,5.222,0,0,.345,12.31
105,2013,294,300,17.27,4.993,0,0,.345,12.31
105,2013,294,306,17.24,5.26,0,0,.345,12.31
105,2013,294,312,17.21,5.751,0,0,.345,12.31
105,2013,294,318,17.17,5.614,0,0,.345,12.31
105,2013,294,324,17.14,5.226,0,0,.345,12.31
105,2013,294,330,17.11,5.161,0,0,.345,12.31
105,2013,294,336,17.07,5.213,0,0,.345,12.31
105,2013,294,342,17.04,5.547,0,0,.345,12.31
105,2013,294,348,17.01,6.015,0,0,.344,12.31
105,2013,294,354,16.98,6.049,0,0,.344,12.31
105,2013,294,400,16.96,5.699,0,0,.342,12.31
105,2013,294,406,16.93,5.251,0,0,.343,12.31
105,2013,294,412,16.9,5.381,0,0,.343,12.31
105,2013,294,418,16.88,5.359,0,0,.343,12.31
105,2013,294,424,16.85,5.418,0,0,.342,12.31
105,2013,294,430,16.82,5.076,0,0,.343,12.31
105,2013,294,436,16.79,4.763,0,0,.342,12.31
105,2013,294,442,16.75,4.983,0,0,.343,12.31
105,2013,294,448,16.72,4.803,0,0,.343,12.31
105,2013,294,454,16.68,4.661,0,0,.342,12.31
105,2013,294,500,16.65,4.912,0,0,.342,12.31
105,2013,294,506,16.61,5.58,0,0,.341,12.31
105,2013,294,512,16.57,5.374,0,0,.342,12.31
105,2013,294,518,16.53,5.457,0,0,.341,12.31
105,2013,294,524,16.5,5.183,0,0,.342,12.31
105,2013,294,530,16.48,4.729,0,0,.341,12.31
105,2013,294,536,16.46,5.564,0,0,.341,12.31
105,2013,294,542,16.45,5.369,0,0,.341,12.31
105,2013,294,548,16.43,5.158,0,0,.342,12.31
105,2013,294,554,16.41,4.776,0,0,.341,12.31
105,2013,294,600,16.39,4.612,0,0,.341,12.31
105,2013,294,606,16.36,4.455,0,0,.341,12.31
105,2013,294,612,16.33,4.653,0,0,.34,12.31
105,2013,294,618,16.3,4.666,0,0,.34,12.31
105,2013,294,624,16.27,4.668,0,0,.34,12.31
105,2013,294,630,16.24,4.444,0,0,.34,12.31
105,2013,294,636,16.2,4.778,0,0,.339,12.31
105,2013,294,642,16.17,5.015,0,0,.339,12.31
105,2013,294,648,16.14,4.723,0,0,.34,12.31
105,2013,294,654,16.11,4.253,0,0,.339,12.31
105,2013,294,700,16.08,4.336,0,0,.339,12.31
105,2013,294,706,16.04,4.651,0,0,.339,12.31
105,2013,294,712,16.01,4.707,0,0,.339,12.31
105,2013,294,718,15.97,4.349,0,0,.339,12.31
105,2013,294,724,15.94,4.31,0,0,.339,12.31
105,2013,294,730,15.9,4.854,0,0,.339,12.31
105,2013,294,736,15.86,4.613,0,0,.337,12.31
105,2013,294,742,15.82,4.721,0,0,.338,12.31
105,2013,294,748,15.78,4.758,0,0,.337,12.31
105,2013,294,754,15.75,5.138,0,0,.337,12.31
105,2013,294,800,15.73,6.153,0,0,.337,12.31
105,2013,294,806,15.73,7.19,0,0,.337,12.31
105,2013,294,812,15.76,8.01,0,0,.337,12.31
105,2013,294,818,15.83,8.7,0,0,.337,12.31
105,2013,294,824,15.94,9.21,0,0,.336,12.31
105,2013,294,830,16.08,10.66,0,0,.336,12.31
105,2013,294,836,16.27,11.34,0,0,.336,12.31
105,2013,294,842,16.5,11.8,0,0,.336,12.31
105,2013,294,848,16.77,12.38,0,0,.336,12.31
105,2013,294,854,17.06,12.85,0,0,.336,12.31
105,2013,294,900,17.38,13.25,0,0,.334,12.31
105,2013,294,906,17.74,14.12,0,0,.334,12.31
105,2013,294,912,18.11,14.47,0,0,.334,12.31
105,2013,294,918,18.49,14.9,0,0,.334,12.31
105,2013,294,924,18.89,13.84,0,0,.334,12.3
105,2013,294,930,19.3,15.05,0,0,.333,12.3
105,2013,294,936,19.73,15.66,0,0,.332,12.3
105,2013,294,942,20.17,16.53,0,0,.333,12.3
105,2013,294,948,20.63,16.65,0,0,.332,12.3
105,2013,294,954,21.1,17.44,0,0,.332,12.3
105,2013,294,1000,21.59,18.63,0,0,.333,12.3
105,2013,294,1006,22.08,18.18,0,0,.333,12.3
105,2013,294,1012,22.57,18.62,0,0,.333,12.3
105,2013,294,1018,23.06,19.28,0,0,.334,12.3
105,2013,294,1024,23.56,19.21,0,0,.334,12.3
105,2013,294,1030,24.04,19.27,0,0,.333,12.3
105,2013,294,1036,24.52,19.85,0,0,.331,12.3
105,2013,294,1042,25,19.54,0,0,.331,12.3
105,2013,294,1048,25.47,18.71,0,0,.331,12.3
105,2013,294,1054,25.91,20.19,0,0,.33,12.3
105,2013,294,1100,26.35,20.13,0,0,.329,12.3
105,2013,294,1106,26.76,21.27,0,0,.329,12.3
105,2013,294,1112,27.17,20.94,0,0,.328,12.3
105,2013,294,1118,27.57,21.16,0,0,.329,12.3
105,2013,294,1124,27.95,20.51,0,0,.328,12.3
105,2013,294,1130,28.32,20.53,0,0,.328,12.3
105,2013,294,1136,28.67,22.12,0,0,.328,12.29
105,2013,294,1142,29,21.45,0,0,.328,12.29
105,2013,294,1148,29.33,22.56,0,0,.328,12.29
105,2013,294,1154,29.63,22.03,0,0,.328,12.29
105,2013,294,1200,29.92,21.57,0,0,.327,12.29
105,2013,294,1206,30.18,22.07,0,0,.328,12.3
105,2013,294,1212,30.41,22.8,0,0,.327,12.3
105,2013,294,1218,30.65,22.16,0,0,.327,12.29
105,2013,294,1224,30.87,22.22,0,0,.325,12.3
105,2013,294,1230,31.06,22.84,0,0,.325,12.3
105,2013,294,1236,31.27,22.89,0,0,.325,12.3
105,2013,294,1242,31.45,21.95,0,0,.325,12.29
105,2013,294,1248,31.62,22.25,0,0,.326,12.3
105,2013,294,1254,31.77,22.04,0,0,.326,12.3
105,2013,294,1300,31.92,22.27,0,0,.324,12.3
105,2013,294,1306,32.05,22.37,0,0,.325,12.3
105,2013,294,1312,32.18,21.62,0,0,.324,12.3
105,2013,294,1318,32.28,22.06,0,0,.324,12.3
105,2013,294,1324,32.36,22.43,0,0,.324,12.3
105,2013,294,1330,32.43,22.12,0,0,.325,12.29
105,2013,294,1336,32.49,22.04,0,0,.325,12.29
105,2013,294,1342,32.54,21.81,0,0,.324,12.3
105,2013,294,1348,32.59,21.74,0,0,.324,12.3
105,2013,294,1354,32.62,22.07,0,0,.324,12.3
105,2013,294,1400,32.65,21.97,0,0,.324,12.3
105,2013,294,1406,32.67,22.33,0,0,.324,12.3
105,2013,294,1412,32.68,22.24,0,0,.322,12.29
105,2013,294,1418,32.68,21.79,0,0,.322,12.29
105,2013,294,1424,32.67,22.34,0,0,.322,12.29
105,2013,294,1430,32.68,21.31,0,0,.322,12.29
105,2013,294,1436,32.68,21.81,0,0,.322,12.3
105,2013,294,1442,32.7,21.35,0,0,.322,12.3
105,2013,294,1448,32.71,20.04,0,0,.322,12.3
105,2013,294,1454,32.7,19.33,0,0,.322,12.3
105,2013,294,1500,32.68,18.89,0,0,.322,12.3
105,2013,294,1506,32.61,18.4,0,0,.322,12.3
105,2013,294,1512,32.5,18.3,0,0,.323,12.3
105,2013,294,1518,32.35,17.68,0,0,.322,12.3
105,2013,294,1524,32.18,17.5,0,0,.322,12.3
105,2013,294,1530,31.99,17.39,0,0,.322,12.3
105,2013,294,1536,31.77,17.42,0,0,.322,12.3
105,2013,294,1542,31.52,17.39,0,0,.322,12.3
105,2013,294,1548,31.27,17.46,0,0,.322,12.3
105,2013,294,1554,31.03,17.36,0,0,.322,12.3
105,2013,294,1600,30.79,17.22,0,0,.323,12.3
105,2013,294,1606,30.57,17.21,0,0,.322,12.3
105,2013,294,1612,30.36,17,0,0,.323,12.3
105,2013,294,1618,30.16,16.92,0,0,.322,12.3
105,2013,294,1624,29.95,16.82,0,0,.322,12.3
105,2013,294,1630,29.75,16.68,0,0,.322,12.3
105,2013,294,1636,29.55,16.68,0,0,.322,12.3
105,2013,294,1642,29.35,16.55,0,0,.322,12.3
105,2013,294,1648,29.16,16.23,0,0,.322,12.3
105,2013,294,1654,28.99,16.23,0,0,.322,12.3
105,2013,294,1700,28.8,16.21,0,0,.321,12.3
105,2013,294,1706,28.59,16.21,0,0,.321,12.3
105,2013,294,1712,28.39,16.02,0,0,.321,12.3
105,2013,294,1718,28.21,15.99,0,0,.321,12.3
105,2013,294,1724,28.03,15.64,0,0,.321,12.3
105,2013,294,1730,27.86,15.46,0,0,.32,12.3
105,2013,294,1736,27.71,15.58,0,0,.32,12.3
105,2013,294,1742,27.58,15.56,0,0,.32,12.3
105,2013,294,1748,27.45,15.64,0,0,.32,12.3
105,2013,294,1754,27.31,15.15,0,0,.32,12.3
105,2013,294,1800,27.18,15.04,0,0,.321,12.3
105,2013,294,1806,27.07,14.71,0,0,.32,12.3
105,2013,294,1812,26.96,14.49,0,0,.32,12.3
105,2013,294,1818,26.86,14.14,0,0,.32,12.3
105,2013,294,1824,26.75,14.13,0,0,.32,12.3
105,2013,294,1830,26.64,14.02,0,0,.32,12.3
105,2013,294,1836,26.52,13.48,0,0,.32,12.3
105,2013,294,1842,26.39,13.21,0,0,.32,12.3
105,2013,294,1848,26.26,13.14,0,0,.32,12.3
105,2013,294,1854,26.13,13.21,0,0,.32,12.3
105,2013,294,1900,25.99,12.99,0,0,.32,12.3
105,2013,294,1906,25.85,12.65,0,0,.32,12.3
105,2013,294,1912,25.7,12.41,0,0,.319,12.3
105,2013,294,1918,25.55,12.27,0,0,.319,12.3
105,2013,294,1924,25.39,12.26,0,0,.319,12.3
105,2013,294,1930,25.24,12.23,0,0,.319,12.3
105,2013,294,1936,25.1,12.07,0,0,.319,12.3
105,2013,294,1942,24.95,12.17,0,0,.319,12.3
105,2013,294,1948,24.8,12.01,0,0,.319,12.3
105,2013,294,1954,24.66,12.02,0,0,.319,12.3
105,2013,294,2000,24.53,12.08,0,0,.319,12.3
105,2013,294,2006,24.4,11.67,0,0,.319,12.3
105,2013,294,2012,24.29,11.91,0,0,.319,12.3
105,2013,294,2018,24.17,11.91,0,0,.319,12.3
105,2013,294,2024,24.06,12,0,0,.318,12.3
105,2013,294,2030,23.95,12.03,0,0,.318,12.3
105,2013,294,2036,23.85,11.79,0,0,.318,12.3
105,2013,294,2042,23.75,11.75,0,0,.318,12.3
105,2013,294,2048,23.66,11.74,0,0,.318,12.3
105,2013,294,2054,23.57,11.7,0,0,.318,12.3
105,2013,294,2100,23.49,11.71,0,0,.319,12.3
105,2013,294,2106,23.4,11.72,0,0,.319,12.3
105,2013,294,2112,23.32,11.6,0,0,.319,12.3
105,2013,294,2118,23.25,11.49,0,0,.319,12.3
105,2013,294,2124,23.18,11.58,0,0,.319,12.3
105,2013,294,2130,23.12,11.11,0,0,.319,12.3
105,2013,294,2136,23.06,11.42,0,0,.319,12.3
105,2013,294,2142,23,11.29,0,0,.319,12.3
105,2013,294,2148,22.94,11.33,0,0,.319,12.3
105,2013,294,2154,22.88,11.36,0,0,.32,12.3
105,2013,294,2200,22.82,11.37,0,0,.319,12.3
105,2013,294,2206,22.77,11.25,0,0,.32,12.3
105,2013,294,2212,22.71,11.04,0,0,.32,12.3
105,2013,294,2218,22.66,10.76,0,0,.319,12.3
105,2013,294,2224,22.6,10.49,0,0,.319,12.3
105,2013,294,2230,22.55,10.56,0,0,.32,12.3
105,2013,294,2236,22.5,9.86,0,0,.32,12.3
105,2013,294,2242,22.45,10.05,0,0,.32,12.3
105,2013,294,2248,22.39,10.21,0,0,.319,12.3
105,2013,294,2254,22.34,10.31,0,0,.319,12.3
105,2013,294,2300,22.29,10.32,0,0,.32,12.3
105,2013,294,2306,22.25,10.25,0,0,.32,12.3
105,2013,294,2312,22.21,10.47,0,0,.32,12.3
105,2013,294,2318,22.17,10.45,0,0,.319,12.3
105,2013,294,2324,22.13,10.59,0,0,.32,12.3
105,2013,294,2330,22.1,10.83,0,0,.32,12.3
105,2013,294,2336,22.07,10.58,0,0,.319,12.3
105,2013,294,2342,22.04,10.42,0,0,.32,12.3
105,2013,294,2348,22.01,10.4,0,0,.32,12.3
105,2013,294,2354,21.99,10.27,0,0,.319,12.31
105,2013,295,0,21.96,10.38,0,0,.319,12.31
105,2013,295,6,21.93,10.45,0,0,.32,12.31
105,2013,295,12,21.91,10.61,0,0,.319,12.31
105,2013,295,18,21.88,10.26,0,0,.319,12.31
105,2013,295,24,21.86,10.51,0,0,.32,12.3
105,2013,295,30,21.84,10.97,0,0,.32,12.3
105,2013,295,36,21.82,10.94,0,0,.32,12.3
105,2013,295,42,21.8,10.42,0,0,.32,12.3
105,2013,295,48,21.79,10.36,0,0,.32,12.3
105,2013,295,54,21.77,10.36,0,0,.32,12.3
105,2013,295,100,21.76,10.18,0,0,.32,12.3
105,2013,295,106,21.75,10.27,0,0,.32,12.3
105,2013,295,112,21.73,10.07,0,0,.319,12.3
105,2013,295,118,21.71,10.07,0,0,.319,12.3
105,2013,295,124,21.69,10.07,0,0,.319,12.3
105,2013,295,130,21.67,10.16,0,0,.319,12.3
105,2013,295,136,21.64,9.94,0,0,.318,12.3
105,2013,295,142,21.62,9.94,0,0,.318,12.3
105,2013,295,148,21.6,10.07,0,0,.318,12.3
105,2013,295,154,21.58,10.19,0,0,.318,12.3
105,2013,295,200,21.56,10.15,0,0,.318,12.3
105,2013,295,206,21.54,9.89,0,0,.317,12.3
105,2013,295,212,21.53,9.78,0,0,.318,12.3
105,2013,295,218,21.5,9.43,0,0,.318,12.3
105,2013,295,224,21.48,9.71,0,0,.317,12.3
105,2013,295,230,21.45,9.69,0,0,.317,12.3
105,2013,295,236,21.41,9.42,0,0,.317,12.3
105,2013,295,242,21.38,9.43,0,0,.317,12.3
105,2013,295,248,21.34,9.2,0,0,.317,12.3
105,2013,295,254,21.3,9.41,0,0,.317,12.3
105,2013,295,300,21.26,9.54,0,0,.316,12.3
105,2013,295,306,21.22,9.41,0,0,.317,12.3
105,2013,295,312,21.19,9.47,0,0,.316,12.3
105,2013,295,318,21.16,9.64,0,0,.316,12.3
105,2013,295,324,21.13,10.03,0,0,.316,12.3
105,2013,295,330,21.11,9.85,0,0,.316,12.3
105,2013,295,336,21.09,9.6,0,0,.316,12.3
105,2013,295,342,21.08,9.5,0,0,.316,12.3
105,2013,295,348,21.06,9.57,0,0,.315,12.3
105,2013,295,354,21.05,9.69,0,0,.316,12.3
105,2013,295,400,21.04,9.96,0,0,.316,12.3
105,2013,295,406,21.03,9.87,0,0,.316,12.3
105,2013,295,412,21.02,9.94,0,0,.315,12.31
105,2013,295,418,21.01,9.68,0,0,.315,12.3
105,2013,295,424,21,9.79,0,0,.315,12.3
105,2013,295,430,20.99,9.45,0,0,.315,12.3
105,2013,295,436,20.97,9.25,0,0,.316,12.3
105,2013,295,442,20.95,8.94,0,0,.315,12.3
105,2013,295,448,20.93,8.71,0,0,.315,12.31
105,2013,295,454,20.89,9.17,0,0,.315,12.31
105,2013,295,500,20.86,9.19,0,0,.313,12.31
105,2013,295,506,20.82,9.12,0,0,.313,12.31
105,2013,295,512,20.78,9.16,0,0,.313,12.31
105,2013,295,518,20.75,9.31,0,0,.313,12.31
105,2013,295,524,20.71,9.43,0,0,.313,12.31
105,2013,295,530,20.69,9.54,0,0,.312,12.3
105,2013,295,536,20.67,9.57,0,0,.313,12.31
105,2013,295,542,20.65,9.48,0,0,.313,12.31
105,2013,295,548,20.64,9.17,0,0,.313,12.31
105,2013,295,554,20.62,9.35,0,0,.313,12.31
105,2013,295,600,20.6,9.31,0,0,.313,12.31
105,2013,295,606,20.57,8.6,0,0,.312,12.31
105,2013,295,612,20.54,8.88,0,0,.313,12.31
105,2013,295,618,20.51,9.11,0,0,.313,12.31
105,2013,295,624,20.47,8.99,0,0,.312,12.31
105,2013,295,630,20.44,8.9,0,0,.312,12.31
105,2013,295,636,20.4,8.56,0,0,.312,12.31
105,2013,295,642,20.36,8.78,0,0,.311,12.31
105,2013,295,648,20.31,8.63,0,0,.312,12.31
105,2013,295,654,20.27,7.8,0,0,.312,12.31
105,2013,295,700,20.22,8.19,0,0,.312,12.31
105,2013,295,706,20.16,8.25,0,0,.312,12.31
105,2013,295,712,20.1,8.32,0,0,.311,12.31
105,2013,295,718,20.04,7.88,0,0,.311,12.31
105,2013,295,724,19.98,7.45,0,0,.311,12.31
105,2013,295,730,19.91,7.4,0,0,.311,12.31
105,2013,295,736,19.85,7.74,0,0,.311,12.31
105,2013,295,742,19.78,7.9,0,0,.31,12.31
105,2013,295,748,19.72,7.59,0,0,.31,12.31
105,2013,295,754,19.65,7.76,0,0,.31,12.31
105,2013,295,800,19.59,7.79,0,0,.31,12.31
105,2013,295,806,19.54,8.58,0,0,.309,12.31
105,2013,295,812,19.5,9.67,0,0,.309,12.31
105,2013,295,818,19.49,9.96,0,0,.309,12.31
105,2013,295,824,19.51,10.83,0,0,.309,12.31
105,2013,295,830,19.56,12.02,0,0,.309,12.31
105,2013,295,836,19.65,13.13,0,0,.308,12.31
105,2013,295,842,19.79,13.62,0,0,.309,12.3
105,2013,295,848,19.98,14.39,0,0,.309,12.3
105,2013,295,854,20.2,14.96,0,0,.309,12.3
105,2013,295,900,20.47,15.03,0,0,.309,12.3
105,2013,295,906,20.78,15.75,0,0,.309,12.3
105,2013,295,912,21.12,15.98,0,0,.309,12.3
105,2013,295,918,21.47,16.77,0,0,.31,12.3
105,2013,295,924,21.85,17.51,0,0,.311,12.3
105,2013,295,930,22.24,16.22,0,0,.31,12.3
105,2013,295,936,22.65,17.61,0,0,.309,12.3
105,2013,295,942,23.05,17.44,0,0,.308,12.3
105,2013,295,948,23.47,17.78,0,0,.308,12.3
105,2013,295,954,23.89,18.27,0,0,.308,12.3
105,2013,295,1000,24.31,19.18,0,0,.306,12.3
105,2013,295,1006,24.73,18.65,0,0,.306,12.3
105,2013,295,1012,25.15,19.61,0,0,.305,12.3
105,2013,295,1018,25.56,19.29,0,0,.305,12.3
105,2013,295,1024,25.97,20.29,0,0,.304,12.3
105,2013,295,1030,26.38,20.72,0,0,.304,12.3
105,2013,295,1036,26.77,20.93,0,0,.303,12.3
105,2013,295,1042,27.17,20.05,0,0,.303,12.3
105,2013,295,1048,27.56,19.9,0,0,.303,12.3
105,2013,295,1054,27.92,20.51,0,0,.303,12.3
105,2013,295,1100,28.24,19.79,0,0,.304,12.3
105,2013,295,1106,28.55,19.2,0,0,.303,12.3
105,2013,295,1112,28.81,18.87,0,0,.303,12.29
105,2013,295,1118,29.05,19.98,0,0,.303,12.3
105,2013,295,1124,29.26,21.63,0,0,.303,12.29
105,2013,295,1130,29.47,21.36,0,0,.301,12.29
105,2013,295,1136,29.68,20.71,0,0,.301,12.29
105,2013,295,1142,29.9,21.22,0,0,.302,12.29
105,2013,295,1148,30.11,20.36,0,0,.302,12.29
105,2013,295,1154,30.3,19.98,0,0,.303,12.29
105,2013,295,1200,30.49,20.02,0,0,.303,12.29
105,2013,295,1206,30.65,19.68,0,0,.302,12.29
105,2013,295,1212,30.77,18.91,0,0,.302,12.29
105,2013,295,1218,30.87,18.97,0,0,.303,12.3
105,2013,295,1224,30.96,18.81,0,0,.302,12.3
105,2013,295,1230,31.02,18.97,0,0,.302,12.3
105,2013,295,1236,31.05,19.27,0,0,.303,12.3
105,2013,295,1242,31.09,18.97,0,0,.303,12.29
105,2013,295,1248,31.12,18.65,0,0,.302,12.29
105,2013,295,1254,31.14,18.45,0,0,.303,12.3
105,2013,295,1300,31.16,18.15,0,0,.302,12.3
105,2013,295,1306,31.14,17.7,0,0,.302,12.3
105,2013,295,1312,31.1,17.6,0,0,.303,12.3
105,2013,295,1318,31.05,17.56,0,0,.302,12.3
105,2013,295,1324,30.98,17.71,0,0,.303,12.3
105,2013,295,1330,30.91,18.49,0,0,.303,12.3
105,2013,295,1336,30.84,20.32,0,0,.302,12.3
105,2013,295,1342,30.8,20.49,0,0,.302,12.29
105,2013,295,1348,30.78,20.24,0,0,.301,12.3
105,2013,295,1354,30.78,21.47,0,0,.3,12.29
105,2013,295,1400,30.81,21.68,0,0,.3,12.29
105,2013,295,1406,30.85,21,0,0,.3,12.29
105,2013,295,1412,30.87,20.73,0,0,.3,12.3
105,2013,295,1418,30.89,20.39,0,0,.3,12.29
105,2013,295,1424,30.9,19.93,0,0,.3,12.3
105,2013,295,1430,30.91,19.56,0,0,.3,12.3
105,2013,295,1436,30.89,19.3,0,0,.3,12.3
105,2013,295,1442,30.83,18.91,0,0,.3,12.3
105,2013,295,1448,30.77,19.03,0,0,.3,12.3
105,2013,295,1454,30.7,18.75,0,0,.3,12.3
105,2013,295,1500,30.62,18.54,0,0,.3,12.3
105,2013,295,1506,30.56,18.61,0,0,.3,12.3
105,2013,295,1512,30.5,18.73,0,0,.3,12.3
105,2013,295,1518,30.43,18.52,0,0,.3,12.3
105,2013,295,1524,30.34,18.6,0,0,.3,12.3
105,2013,295,1530,30.27,18.8,0,0,.3,12.3
105,2013,295,1536,30.21,18.6,0,0,.3,12.3
105,2013,295,1542,30.15,18.35,0,0,.3,12.3
105,2013,295,1548,30.1,18.01,0,0,.3,12.3
105,2013,295,1554,30.05,18.14,0,0,.3,12.3
105,2013,295,1600,30,18.11,0,0,.3,12.3
105,2013,295,1606,29.96,18.05,0,0,.3,12.3
105,2013,295,1612,29.91,17.98,0,0,.3,12.3
105,2013,295,1618,29.87,17.93,0,0,.3,12.3
105,2013,295,1624,29.84,17.65,0,0,.3,12.3
105,2013,295,1630,29.81,17.83,0,0,.3,12.3
105,2013,295,1636,29.78,17.78,0,0,.299,12.3
105,2013,295,1642,29.75,17.82,0,0,.3,12.3
105,2013,295,1648,29.72,17.81,0,0,.3,12.3
105,2013,295,1654,29.69,17.5,0,0,.299,12.3
105,2013,295,1700,29.63,16.81,0,0,.3,12.3
105,2013,295,1706,29.55,16.56,0,0,.3,12.3
105,2013,295,1712,29.46,16.26,0,0,.299,12.3
105,2013,295,1718,29.36,16.01,0,0,.298,12.3
105,2013,295,1724,29.24,15.86,0,0,.299,12.3
105,2013,295,1730,29.11,15.53,0,0,.299,12.3
105,2013,295,1736,28.97,15.37,0,0,.298,12.3
105,2013,295,1742,28.83,15.2,0,0,.298,12.3
105,2013,295,1748,28.69,15.05,0,0,.298,12.3
105,2013,295,1754,28.56,15.05,0,0,.298,12.3
105,2013,295,1800,28.41,14.78,0,0,.298,12.3
105,2013,295,1806,28.27,14.64,0,0,.298,12.3
105,2013,295,1812,28.12,14.44,0,0,.298,12.3
105,2013,295,1818,27.97,14.32,0,0,.298,12.3
105,2013,295,1824,27.82,14.26,0,0,.298,12.3
105,2013,295,1830,27.67,13.87,0,0,.298,12.3
105,2013,295,1836,27.52,13.63,0,0,.298,12.3
105,2013,295,1842,27.35,13.51,0,0,.298,12.3
105,2013,295,1848,27.18,12.71,0,0,.298,12.3
105,2013,295,1854,27.01,12.41,0,0,.298,12.3
105,2013,295,1900,26.84,12.17,0,0,.298,12.3
105,2013,295,1906,26.65,12.55,0,0,.298,12.3
105,2013,295,1912,26.46,12.62,0,0,.298,12.3
105,2013,295,1918,26.28,12.63,0,0,.299,12.3
105,2013,295,1924,26.11,12.21,0,0,.298,12.3
105,2013,295,1930,25.95,12.06,0,0,.298,12.3
105,2013,295,1936,25.8,12.17,0,0,.299,12.3
105,2013,295,1942,25.66,12.28,0,0,.299,12.3
105,2013,295,1948,25.51,11.95,0,0,.3,12.3
105,2013,295,1954,25.37,11.95,0,0,.3,12.3
105,2013,295,2000,25.23,11.9,0,0,.299,12.3
105,2013,295,2006,25.09,11.43,0,0,.298,12.3
105,2013,295,2012,24.95,10.92,0,0,.298,12.3
105,2013,295,2018,24.8,11.26,0,0,.298,12.3
105,2013,295,2024,24.66,11,0,0,.299,12.3
105,2013,295,2030,24.52,11.01,0,0,.298,12.3
105,2013,295,2036,24.38,10.81,0,0,.298,12.3
105,2013,295,2042,24.24,11.08,0,0,.298,12.3
105,2013,295,2048,24.1,11.48,0,0,.298,12.3
105,2013,295,2054,23.97,11.75,0,0,.298,12.3
105,2013,295,2100,23.84,11.68,0,0,.298,12.3
105,2013,295,2106,23.73,11.41,0,0,.298,12.3
105,2013,295,2112,23.63,10.93,0,0,.298,12.3
105,2013,295,2118,23.52,10.33,0,0,.298,12.3
105,2013,295,2124,23.42,10.75,0,0,.298,12.3
105,2013,295,2130,23.31,11.24,0,0,.299,12.3
105,2013,295,2136,23.22,11.31,0,0,.299,12.3
105,2013,295,2142,23.14,11.26,0,0,.3,12.3
105,2013,295,2148,23.07,11.16,0,0,.3,12.3
105,2013,295,2154,23.01,10.94,0,0,.3,12.3
105,2013,295,2200,22.97,11.03,0,0,.3,12.3
105,2013,295,2206,22.93,11.15,0,0,.3,12.3
105,2013,295,2212,22.9,11,0,0,.3,12.3
105,2013,295,2218,22.89,11.1,0,0,.3,12.3
105,2013,295,2224,22.87,11.11,0,0,.3,12.3
105,2013,295,2230,22.86,11.22,0,0,.3,12.3
105,2013,295,2236,22.85,11.32,0,0,.3,12.3
105,2013,295,2242,22.84,11.32,0,0,.3,12.3
105,2013,295,2248,22.84,11.45,0,0,.3,12.3
105,2013,295,2254,22.83,11.6,0,0,.299,12.3
105,2013,295,2300,22.83,11.54,0,0,.298,12.3
105,2013,295,2306,22.84,11.28,0,0,.298,12.3
105,2013,295,2312,22.84,11.31,0,0,.299,12.3
105,2013,295,2318,22.85,11.3,0,0,.298,12.3
105,2013,295,2324,22.84,11.38,0,0,.298,12.3
105,2013,295,2330,22.84,11.48,0,0,.298,12.3
105,2013,295,2336,22.84,11.55,0,0,.298,12.3
105,2013,295,2342,22.84,11.6,0,0,.298,12.3
105,2013,295,2348,22.84,11.52,0,0,.298,12.3
105,2013,295,2354,22.85,11.53,0,0,.298,12.3
105,2013,296,0,22.86,11.61,0,0,.298,12.3
105,2013,296,6,22.87,11.54,0,0,.298,12.3
105,2013,296,12,22.87,11.5,0,0,.298,12.3
105,2013,296,18,22.88,11.65,0,0,.298,12.3
105,2013,296,24,22.89,11.58,0,0,.297,12.3
105,2013,296,30,22.89,11.48,0,0,.298,12.3
105,2013,296,36,22.91,11.51,0,0,.297,12.3
105,2013,296,42,22.92,11.45,0,0,.297,12.3
105,2013,296,48,22.93,11.43,0,0,.297,12.3
105,2013,296,54,22.94,11.42,0,0,.297,12.3
105,2013,296,100,22.96,11.18,0,0,.297,12.3
105,2013,296,106,22.97,11.02,0,0,.297,12.3
105,2013,296,112,22.97,10.84,0,0,.297,12.3
105,2013,296,118,22.96,10.95,0,0,.297,12.3
105,2013,296,124,22.94,11.01,0,0,.297,12.3
105,2013,296,130,22.91,11.16,0,0,.297,12.31
105,2013,296,136,22.89,11.11,0,0,.297,12.31
105,2013,296,142,22.86,11.11,0,0,.297,12.31
105,2013,296,148,22.83,11.13,0,0,.297,12.3
105,2013,296,154,22.8,11.04,0,0,.297,12.3
105,2013,296,200,22.78,11.15,0,0,.297,12.3
105,2013,296,206,22.76,10.7,0,0,.297,12.3
105,2013,296,212,22.74,9.94,0,0,.297,12.3
105,2013,296,218,22.71,9.46,0,0,.297,12.3
105,2013,296,224,22.66,9.41,0,0,.297,12.31
105,2013,296,230,22.61,8.91,0,0,.297,12.31
105,2013,296,236,22.54,9.07,0,0,.297,12.31
105,2013,296,242,22.47,9.22,0,0,.297,12.31
105,2013,296,248,22.39,9.28,0,0,.297,12.31
105,2013,296,254,22.32,9.21,0,0,.297,12.31
105,2013,296,300,22.25,8.62,0,0,.297,12.31
105,2013,296,306,22.18,8.68,0,0,.297,12.31
105,2013,296,312,22.1,8.79,0,0,.297,12.31
105,2013,296,318,22.02,9.05,0,0,.297,12.31
105,2013,296,324,21.94,8.71,0,0,.297,12.31
105,2013,296,330,21.87,8.67,0,0,.297,12.31
105,2013,296,336,21.8,8.56,0,0,.297,12.31
105,2013,296,342,21.73,8.49,0,0,.297,12.31
105,2013,296,348,21.66,8.59,0,0,.297,12.31
105,2013,296,354,21.59,8.51,0,0,.297,12.31
105,2013,296,400,21.52,8.1,0,0,.297,12.31
105,2013,296,406,21.46,8.05,0,0,.297,12.31
105,2013,296,412,21.39,8.03,0,0,.297,12.31
105,2013,296,418,21.33,8.05,0,0,.297,12.31
105,2013,296,424,21.26,8.03,0,0,.296,12.31
105,2013,296,430,21.18,7.93,0,0,.296,12.31
105,2013,296,436,21.1,7.86,0,0,.296,12.31
105,2013,296,442,21.02,7.8,0,0,.296,12.31
105,2013,296,448,20.94,7.74,0,0,.296,12.31
105,2013,296,454,20.87,7.94,0,0,.296,12.31
105,2013,296,500,20.79,8.1,0,0,.295,12.31
105,2013,296,506,20.72,7.99,0,0,.296,12.31
105,2013,296,512,20.66,8.11,0,0,.296,12.31
105,2013,296,518,20.6,8.08,0,0,.295,12.31
105,2013,296,524,20.54,8.09,0,0,.295,12.31
105,2013,296,530,20.49,7.95,0,0,.295,12.31
105,2013,296,536,20.43,7.85,0,0,.295,12.31
105,2013,296,542,20.38,7.78,0,0,.295,12.31
105,2013,296,548,20.33,7.83,0,0,.295,12.31
105,2013,296,554,20.28,7.85,0,0,.295,12.31
105,2013,296,600,20.22,7.88,0,0,.295,12.31
105,2013,296,606,20.17,7.9,0,0,.295,12.31
105,2013,296,612,20.12,8.01,0,0,.295,12.31
105,2013,296,618,20.07,8.3,0,0,.295,12.31
105,2013,296,624,20.03,8.01,0,0,.295,12.31
105,2013,296,630,19.99,7.79,0,0,.294,12.31
105,2013,296,636,19.95,7.84,0,0,.295,12.31
105,2013,296,642,19.91,7.97,0,0,.295,12.31
105,2013,296,648,19.88,7.85,0,0,.295,12.31
105,2013,296,654,19.84,7.67,0,0,.294,12.31
105,2013,296,700,19.81,7.78,0,0,.295,12.31
105,2013,296,706,19.78,7.74,0,0,.295,12.31
105,2013,296,712,19.75,7.83,0,0,.295,12.31
105,2013,296,718,19.72,7.68,0,0,.295,12.31
105,2013,296,724,19.69,7.9,0,0,.294,12.31
105,2013,296,730,19.66,7.98,0,0,.295,12.31
105,2013,296,736,19.64,7.93,0,0,.294,12.31
105,2013,296,742,19.61,7.77,0,0,.295,12.31
105,2013,296,748,19.59,7.78,0,0,.295,12.31
105,2013,296,754,19.57,7.88,0,0,.296,12.31
105,2013,296,800,19.55,8.11,0,0,.296,12.31
105,2013,296,806,19.53,8.13,0,0,.296,12.31
105,2013,296,812,19.52,7.92,0,0,.296,12.31
105,2013,296,818,19.51,7.93,0,0,.296,12.31
105,2013,296,824,19.5,7.91,0,0,.295,12.31
105,2013,296,830,19.5,8.25,0,0,.296,12.31
105,2013,296,836,19.5,8.37,0,0,.295,12.31
105,2013,296,842,19.5,8.33,0,0,.296,12.31
105,2013,296,848,19.52,8.39,0,0,.295,12.31
105,2013,296,854,19.54,8.79,0,0,.296,12.31
105,2013,296,900,19.57,8.52,0,0,.295,12.31
105,2013,296,906,19.6,8.51,0,0,.295,12.31
105,2013,296,912,19.64,8.58,0,0,.296,12.31
105,2013,296,918,19.7,8.7,0,0,.295,12.31
105,2013,296,924,19.76,8.74,0,0,.296,12.31
105,2013,296,930,19.82,8.87,0,0,.296,12.31
105,2013,296,936,19.89,8.99,0,0,.296,12.31
105,2013,296,942,19.96,8.82,0,0,.296,12.31
105,2013,296,948,20.03,9.04,0,0,.296,12.31
105,2013,296,954,20.1,9.49,0,0,.296,12.31
105,2013,296,1000,20.18,9.41,0,0,.296,12.31
105,2013,296,1006,20.26,9.74,0,0,.296,12.31
105,2013,296,1012,20.35,9.91,0,0,.297,12.31
105,2013,296,1018,20.45,9.98,0,0,.297,12.31
105,2013,296,1024,20.55,10.46,0,0,.296,12.31
105,2013,296,1030,20.65,10.94,0,0,.297,12.31
105,2013,296,1036,20.76,10.74,0,0,.297,12.31
105,2013,296,1042,20.88,10.57,0,0,.297,12.31
105,2013,296,1048,21,10.56,0,0,.297,12.31
105,2013,296,1054,21.11,10.61,0,0,.297,12.31
105,2013,296,1100,21.22,10.51,0,0,.298,12.31
105,2013,296,1106,21.32,12.85,0,0,.297,12.31
105,2013,296,1112,21.42,13.92,0,0,.298,12.3
105,2013,296,1118,21.56,14.45,0,0,.298,12.3
105,2013,296,1124,21.74,13.47,0,0,.298,12.3
105,2013,296,1130,21.95,12.04,0,0,.299,12.3
105,2013,296,1136,22.14,12.3,0,0,.298,12.31
105,2013,296,1142,22.32,12.43,0,0,.299,12.3
105,2013,296,1148,22.48,11.89,0,0,.298,12.31
105,2013,296,1154,22.61,11.78,0,0,.299,12.31
105,2013,296,1200,22.71,12.02,0,0,.299,12.3
105,2013,296,1206,22.8,12.15,0,0,.298,12.3
105,2013,296,1212,22.89,12.22,0,0,.299,12.3
105,2013,296,1218,22.97,12.27,0,0,.298,12.3
105,2013,296,1224,23.04,12.39,0,0,.298,12.3
105,2013,296,1230,23.11,12.66,0,0,.298,12.3
105,2013,296,1236,23.18,13.31,0,0,.298,12.3
105,2013,296,1242,23.27,12.79,0,0,.298,12.3
105,2013,296,1248,23.36,12.56,0,0,.298,12.3
105,2013,296,1254,23.45,12.64,0,0,.297,12.3
105,2013,296,1300,23.53,12.98,0,0,.297,12.3
105,2013,296,1306,23.59,13.09,0,0,.297,12.3
105,2013,296,1312,23.66,13.54,0,0,.297,12.3
105,2013,296,1318,23.72,14.13,0,0,.297,12.3
105,2013,296,1324,23.77,14.61,0,0,.297,12.3
105,2013,296,1330,23.82,15.29,0,0,.297,12.3
105,2013,296,1336,23.88,14.67,0,0,.297,12.3
105,2013,296,1342,23.92,14.34,0,0,.296,12.3
105,2013,296,1348,24,14.15,0,0,.296,12.3
105,2013,296,1354,24.1,13.63,0,0,.296,12.3
105,2013,296,1400,24.17,13.56,0,0,.296,12.3
105,2013,296,1406,24.22,13.71,0,0,.296,12.3
105,2013,296,1412,24.29,14.04,0,0,.296,12.3
105,2013,296,1418,24.35,14.47,0,0,.296,12.3
105,2013,296,1424,24.42,14.14,0,0,.296,12.3
105,2013,296,1430,24.48,14.55,0,0,.296,12.3
105,2013,296,1436,24.55,15.61,0,0,.295,12.3
105,2013,296,1442,24.61,14.89,0,0,.296,12.3
105,2013,296,1448,24.65,14.22,0,0,.296,12.3
105,2013,296,1454,24.68,13.91,0,0,.296,12.3
105,2013,296,1500,24.71,13.89,0,0,.296,12.3
105,2013,296,1506,24.71,13.94,0,0,.296,12.3
105,2013,296,1512,24.71,14.02,0,0,.296,12.3
105,2013,296,1518,24.71,13.8,0,0,.296,12.3
105,2013,296,1524,24.68,13.65,0,0,.296,12.3
105,2013,296,1530,24.63,13.64,0,0,.296,12.3
105,2013,296,1536,24.59,13.81,0,0,.297,12.3
105,2013,296,1542,24.58,14.21,0,0,.296,12.3
105,2013,296,1548,24.59,14.32,0,0,.296,12.3
105,2013,296,1554,24.56,14.08,0,0,.296,12.3
105,2013,296,1600,24.51,13.88,0,0,.296,12.3
105,2013,296,1606,24.49,13.92,0,0,.296,12.3
105,2013,296,1612,24.46,13.67,0,0,.295,12.3
105,2013,296,1618,24.43,13.66,0,0,.296,12.3
105,2013,296,1624,24.42,13.63,0,0,.297,12.3
105,2013,296,1630,24.42,13.48,0,0,.296,12.3
105,2013,296,1636,24.44,13.23,0,0,.296,12.3
105,2013,296,1642,24.45,13.34,0,0,.297,12.3
105,2013,296,1648,24.46,13.43,0,0,.296,12.3
105,2013,296,1654,24.47,13.33,0,0,.297,12.3
105,2013,296,1700,24.45,12.84,0,0,.296,12.3
105,2013,296,1706,24.43,12.37,0,0,.296,12.3
105,2013,296,1712,24.41,12.14,0,0,.297,12.3
105,2013,296,1718,24.36,11.97,0,0,.296,12.3
105,2013,296,1724,24.3,11.77,0,0,.296,12.3
105,2013,296,1730,24.22,11.5,0,0,.296,12.3
105,2013,296,1736,24.13,11.32,0,0,.296,12.3
105,2013,296,1742,24.01,11.23,0,0,.296,12.31
105,2013,296,1748,23.89,11.22,0,0,.296,12.31
105,2013,296,1754,23.75,11.1,0,0,.297,12.31
105,2013,296,1800,23.61,11.01,0,0,.297,12.31
105,2013,296,1806,23.46,10.86,0,0,.297,12.31
105,2013,296,1812,23.31,10.75,0,0,.297,12.31
105,2013,296,1818,23.17,10.6,0,0,.298,12.31
105,2013,296,1824,23.04,10.54,0,0,.298,12.31
105,2013,296,1830,22.92,10.32,0,0,.298,12.31
105,2013,296,1836,22.81,10.13,0,0,.298,12.31
105,2013,296,1842,22.71,9.98,0,0,.298,12.31
105,2013,296,1848,22.61,10.01,0,0,.298,12.31
105,2013,296,1854,22.51,9.93,0,0,.298,12.31
105,2013,296,1900,22.4,9.87,0,0,.298,12.31
105,2013,296,1906,22.31,9.81,0,0,.298,12.31
105,2013,296,1912,22.22,9.78,0,0,.298,12.31
105,2013,296,1918,22.13,9.71,0,0,.298,12.31
105,2013,296,1924,22.04,9.46,0,0,.298,12.31
105,2013,296,1930,21.95,9.29,0,0,.298,12.31
105,2013,296,1936,21.86,9.02,0,0,.298,12.31
105,2013,296,1942,21.76,8.88,0,0,.298,12.31
105,2013,296,1948,21.66,8.66,0,0,.298,12.31
105,2013,296,1954,21.55,8.46,0,0,.298,12.31
105,2013,296,2000,21.43,8.41,0,0,.298,12.31
105,2013,296,2006,21.31,8.29,0,0,.297,12.31
105,2013,296,2012,21.19,7.95,0,0,.298,12.31
105,2013,296,2018,21.05,7.89,0,0,.297,12.31
105,2013,296,2024,20.92,7.93,0,0,.297,12.31
105,2013,296,2030,20.78,7.89,0,0,.296,12.31
105,2013,296,2036,20.64,7.9,0,0,.296,12.31
105,2013,296,2042,20.5,7.83,0,0,.296,12.31
105,2013,296,2048,20.36,7.73,0,0,.296,12.31
105,2013,296,2054,20.23,7.67,0,0,.296,12.31
105,2013,296,2100,20.09,7.43,0,0,.296,12.31
105,2013,296,2106,19.96,7.56,0,0,.295,12.31
105,2013,296,2112,19.83,7.54,0,0,.295,12.31
105,2013,296,2118,19.71,7.26,0,0,.295,12.31
105,2013,296,2124,19.6,7.09,0,0,.295,12.31
105,2013,296,2130,19.5,6.994,0,0,.295,12.31
105,2013,296,2136,19.39,7.01,0,0,.295,12.31
105,2013,296,2142,19.29,6.925,0,0,.295,12.31
105,2013,296,2148,19.19,6.748,0,0,.294,12.31
105,2013,296,2154,19.09,6.641,0,0,.295,12.31
105,2013,296,2200,18.99,6.374,0,0,.295,12.31
105,2013,296,2206,18.89,6.515,0,0,.295,12.31
105,2013,296,2212,18.79,6.589,0,0,.295,12.31
105,2013,296,2218,18.69,6.576,0,0,.295,12.31
105,2013,296,2224,18.6,6.645,0,0,.295,12.31
105,2013,296,2230,18.51,6.578,0,0,.295,12.31
105,2013,296,2236,18.42,6.405,0,0,.295,12.31
105,2013,296,2242,18.33,6.477,0,0,.294,12.31
105,2013,296,2248,18.25,6.332,0,0,.294,12.31
105,2013,296,2254,18.17,6.313,0,0,.295,12.31
105,2013,296,2300,18.1,6.102,0,0,.294,12.31
105,2013,296,2306,18.03,6.343,0,0,.294,12.31
105,2013,296,2312,17.96,6.388,0,0,.294,12.31
105,2013,296,2318,17.89,6.372,0,0,.294,12.31
105,2013,296,2324,17.82,6.233,0,0,.294,12.31
105,2013,296,2330,17.76,6.057,0,0,.295,12.31
105,2013,296,2336,17.7,5.985,0,0,.294,12.31
105,2013,296,2342,17.65,5.942,0,0,.294,12.31
105,2013,296,2348,17.6,5.845,0,0,.294,12.31
105,2013,296,2354,17.55,5.579,0,0,.294,12.31
105,2013,297,0,17.5,5.617,0,0,.294,12.31
105,2013,297,6,17.45,5.666,0,0,.294,12.31
105,2013,297,12,17.4,5.867,0,0,.294,12.31
105,2013,297,18,17.35,5.433,0,0,.294,12.31
105,2013,297,24,17.29,5.491,0,0,.294,12.31
105,2013,297,30,17.24,5.463,0,0,.294,12.31
105,2013,297,36,17.19,5.562,0,0,.294,12.31
105,2013,297,42,17.13,5.522,0,0,.294,12.31
105,2013,297,48,17.07,5.485,0,0,.294,12.31
105,2013,297,54,17.02,5.576,0,0,.294,12.31
105,2013,297,100,16.97,5.404,0,0,.294,12.31
105,2013,297,106,16.92,5.253,0,0,.294,12.31
105,2013,297,112,16.87,5.231,0,0,.294,12.31
105,2013,297,118,16.82,5.325,0,0,.294,12.31
105,2013,297,124,16.77,5.322,0,0,.294,12.31
105,2013,297,130,16.72,5.197,0,0,.294,12.31
105,2013,297,136,16.67,5.289,0,0,.294,12.31
105,2013,297,142,16.62,5.232,0,0,.293,12.31
105,2013,297,148,16.56,5.245,0,0,.294,12.31
105,2013,297,154,16.51,5.078,0,0,.293,12.31
105,2013,297,200,16.46,4.886,0,0,.293,12.31
105,2013,297,206,16.41,4.854,0,0,.293,12.31
105,2013,297,212,16.36,4.792,0,0,.293,12.31
105,2013,297,218,16.31,4.905,0,0,.293,12.31
105,2013,297,224,16.26,4.883,0,0,.293,12.31
105,2013,297,230,16.21,4.814,0,0,.293,12.31
105,2013,297,236,16.16,4.747,0,0,.292,12.31
105,2013,297,242,16.11,4.548,0,0,.292,12.31
105,2013,297,248,16.06,4.408,0,0,.292,12.31
105,2013,297,254,16.01,4.595,0,0,.292,12.31
105,2013,297,300,15.96,4.489,0,0,.292,12.31
105,2013,297,306,15.91,4.495,0,0,.292,12.31
105,2013,297,312,15.86,4.291,0,0,.292,12.31
105,2013,297,318,15.81,4.396,0,0,.292,12.31
105,2013,297,324,15.77,4.206,0,0,.293,12.31
105,2013,297,330,15.72,4.098,0,0,.292,12.31
105,2013,297,336,15.67,4.295,0,0,.292,12.31
105,2013,297,342,15.62,4.267,0,0,.292,12.31
105,2013,297,348,15.57,4.218,0,0,.293,12.31
105,2013,297,354,15.52,4.087,0,0,.292,12.31
105,2013,297,400,15.46,3.961,0,0,.292,12.31
105,2013,297,406,15.41,3.833,0,0,.292,12.31
105,2013,297,412,15.36,3.851,0,0,.291,12.31
105,2013,297,418,15.31,3.757,0,0,.291,12.31
105,2013,297,424,15.26,3.804,0,0,.291,12.31
105,2013,297,430,15.21,3.779,0,0,.291,12.31
105,2013,297,436,15.16,3.58,0,0,.29,12.31
105,2013,297,442,15.1,3.651,0,0,.29,12.31
105,2013,297,448,15.05,3.433,0,0,.29,12.31
105,2013,297,454,14.99,3.42,0,0,.29,12.31
105,2013,297,500,14.93,3.687,0,0,.29,12.31
105,2013,297,506,14.87,3.661,0,0,.29,12.31
105,2013,297,512,14.81,3.531,0,0,.291,12.31
105,2013,297,518,14.75,3.493,0,0,.29,12.31
105,2013,297,524,14.69,3.221,0,0,.29,12.31
105,2013,297,530,14.63,3.002,0,0,.29,12.31
105,2013,297,536,14.57,3.069,0,0,.29,12.31
105,2013,297,542,14.52,3.232,0,0,.29,12.31
105,2013,297,548,14.46,3.526,0,0,.29,12.31
105,2013,297,554,14.4,3.495,0,0,.29,12.31
105,2013,297,600,14.35,3.439,0,0,.29,12.31
105,2013,297,606,14.29,3.39,0,0,.29,12.31
105,2013,297,612,14.23,3.303,0,0,.29,12.31
105,2013,297,618,14.17,3.24,0,0,.29,12.31
105,2013,297,624,14.11,3.285,0,0,.29,12.31
105,2013,297,630,14.04,3.094,0,0,.289,12.31
105,2013,297,636,13.98,3.036,0,0,.29,12.31
105,2013,297,642,13.92,2.815,0,0,.29,12.31
105,2013,297,648,13.86,2.544,0,0,.29,12.31
105,2013,297,654,13.81,2.825,0,0,.289,12.31
105,2013,297,700,13.76,2.874,0,0,.29,12.31
105,2013,297,706,13.72,3.074,0,0,.288,12.31
105,2013,297,712,13.67,3.155,0,0,.288,12.31
105,2013,297,718,13.63,3.036,0,0,.288,12.31
105,2013,297,724,13.58,2.934,0,0,.288,12.31
105,2013,297,730,13.53,2.937,0,0,.288,12.31
105,2013,297,736,13.49,2.451,0,0,.288,12.31
105,2013,297,742,13.44,2.559,0,0,.288,12.31
105,2013,297,748,13.4,2.258,0,0,.288,12.31
105,2013,297,754,13.36,2.039,0,0,.288,12.31
105,2013,297,800,13.32,2.887,0,0,.288,12.31
105,2013,297,806,13.29,4.072,0,0,.288,12.31
105,2013,297,812,13.27,5.233,0,0,.287,12.31
105,2013,297,818,13.29,5.552,0,0,.287,12.31
105,2013,297,824,13.36,6.449,0,0,.287,12.31
105,2013,297,830,13.47,6.528,0,0,.288,12.31
105,2013,297,836,13.62,7.58,0,0,.287,12.31
105,2013,297,842,13.81,8.56,0,0,.287,12.31
105,2013,297,848,14.04,8.54,0,0,.287,12.31
105,2013,297,854,14.3,8.8,0,0,.287,12.31
105,2013,297,900,14.6,9.24,0,0,.287,12.31
105,2013,297,906,14.91,9.56,0,0,.287,12.31
105,2013,297,912,15.24,9.74,0,0,.287,12.31
105,2013,297,918,15.59,10.68,0,0,.287,12.31
105,2013,297,924,15.96,10.46,0,0,.287,12.31
105,2013,297,930,16.33,10.66,0,0,.287,12.31
105,2013,297,936,16.71,10.94,0,0,.286,12.31
105,2013,297,942,17.08,11.87,0,0,.286,12.31
105,2013,297,948,17.45,11.66,0,0,.285,12.31
105,2013,297,954,17.82,11.42,0,0,.285,12.31
105,2013,297,1000,18.19,12.63,0,0,.285,12.31
105,2013,297,1006,18.55,12.92,0,0,.285,12.31
105,2013,297,1012,18.92,12.63,0,0,.285,12.31
105,2013,297,1018,19.28,13.15,0,0,.285,12.31
105,2013,297,1024,19.65,12.73,0,0,.285,12.31
105,2013,297,1030,19.98,12.42,0,0,.285,12.31
105,2013,297,1036,20.28,13,0,0,.285,12.31
105,2013,297,1042,20.58,13.13,0,0,.284,12.3
105,2013,297,1048,20.86,13.27,0,0,.284,12.31
105,2013,297,1054,21.12,13.45,0,0,.285,12.31
105,2013,297,1100,21.35,13.21,0,0,.285,12.31
105,2013,297,1106,21.55,13.51,0,0,.286,12.31
105,2013,297,1112,21.7,14.24,0,0,.286,12.31
105,2013,297,1118,21.88,14.31,0,0,.286,12.3
105,2013,297,1124,22.08,14.2,0,0,.286,12.3
105,2013,297,1130,22.28,14.28,0,0,.286,12.3
105,2013,297,1136,22.49,14.46,0,0,.285,12.3